0 0.0
1 0.4767758548259735
2 0.8482051491737366
3 0.5550984740257263
4 0.5164002180099487
5 0.4999789297580719
6 0.6541632413864136
7 0.6823649406433105
8 1.0803720951080322
9 0.36528366804122925
10 0.6881012916564941
11 0.7587776184082031
12 0.8245344161987305
13 0.6111022233963013
14 1.3594970703125
15 1.2654458284378052
16 1.0694230794906616
17 0.9571270942687988
18 0.9055910706520081
19 1.2538725137710571
20 1.3999284505844116
21 1.2379530668258667
22 0.8920926451683044
23 0.8990145325660706
24 0.529817521572113
25 1.1721689701080322
26 0.7722510695457458
27 0.9615898728370667
28 1.210089087486267
29 0.9080038070678711
30 1.3146740198135376
31 1.216747522354126
32 1.1286168098449707
33 1.2568823099136353
34 1.0014979839324951
35 1.7345114946365356
36 1.176212191581726
37 1.4066625833511353
38 1.3638073205947876
39 1.328350305557251
40 0.7940291166305542
41 1.2728276252746582
42 1.2970303297042847
43 1.8133419752120972
44 1.4279195070266724
45 1.5424447059631348
46 1.5213649272918701
47 1.981188178062439
48 1.936518669128418
49 1.3290729522705078
50 1.5922995805740356
51 1.355700969696045
52 1.3844640254974365
53 1.3469618558883667
54 1.1976137161254883
55 1.1307038068771362
56 1.3356863260269165
57 1.1770710945129395
58 0.7953872680664063
59 0.7631677985191345
60 0.6288372874259949
61 1.1727302074432373
62 1.4926047325134277
63 1.1587257385253906
64 0.9210084080696106
65 1.4798532724380493
66 1.3340318202972412
67 1.0172467231750488
68 1.1130340099334717
69 1.0627691745758057
70 1.1658518314361572
71 1.0505679845809937
72 1.2227039337158203
73 0.7297071814537048
74 1.2858130931854248
75 1.3610306978225708
76 1.2095919847488403
77 1.396401286125183
78 1.3465702533721924
79 1.5321074724197388
80 1.7577539682388306
81 1.286008358001709
82 1.6919511556625366
83 1.6082793474197388
84 1.4172885417938232
85 1.2147670984268188
86 1.597187876701355
87 1.749584436416626
88 1.3629059791564941
89 1.6071950197219849
90 1.6103419065475464
91 1.6307073831558228
92 1.9327718019485474
93 1.5703709125518799
94 1.7096219062805176
95 1.481134057044983
96 2.117769479751587
97 2.3986244201660156
98 1.9218966960906982
99 1.6302168369293213
100 1.749206304550171
101 2.151273012161255
102 1.8632447719573975
103 2.161609172821045
104 2.0609915256500244
105 2.1731629371643066
106 1.7295899391174316
107 1.6946712732315063
108 2.1580164432525635
109 2.2780375480651855
110 1.9036781787872314
111 1.3741375207901
112 1.604719638824463
113 1.7032766342163086
114 1.7982972860336304
115 1.5817755460739136
116 1.6934174299240112
117 1.358642339706421
118 1.2986786365509033
119 1.6282331943511963
120 2.024095058441162
121 1.9196133613586426
122 1.3705543279647827
123 0.6855899691581726
124 0.8355721235275269
125 1.4055832624435425
126 1.5385668277740479
127 1.3940259218215942
128 1.9063934087753296
129 2.0043044090270996
130 1.6518818140029907
131 0.9579335451126099
132 1.3352751731872559
133 1.2803373336791992
134 1.2090109586715698
135 1.547317624092102
136 1.405516505241394
137 1.6579351425170898
138 1.6600351333618164
139 1.0747357606887817
140 1.5258805751800537
141 1.9236483573913574
142 1.9087731838226318
143 1.7781258821487427
144 1.6896471977233887
145 1.577867031097412
146 1.8814328908920288
147 1.7292096614837646
148 1.2126730680465698
149 1.3944942951202393
150 1.2790201902389526
151 1.639975905418396
152 1.6411058902740479
153 1.4387669563293457
154 1.523561716079712
155 2.2501771450042725
156 1.760863184928894
157 1.446785807609558
158 1.4442217350006104
159 1.6608684062957764
160 1.580931305885315
161 1.3869060277938843
162 1.7488114833831787
163 1.3687832355499268
164 1.152699589729309
165 0.9805595874786377
166 1.0438499450683594
167 1.113685131072998
168 1.1681352853775024
169 1.6669920682907104
170 1.4081472158432007
171 1.312239646911621
172 1.3690354824066162
173 1.8968650102615356
174 1.2933474779129028
175 0.8654524087905884
176 1.0761064291000366
177 1.3046478033065796
178 1.3562586307525635
179 1.1349514722824097
180 1.1951717138290405
181 1.416872501373291
182 1.1435569524765015
183 1.2212291955947876
184 1.3210320472717285
185 1.0009664297103882
186 0.6160441040992737
187 0.9457847476005554
188 1.2799855470657349
189 1.9007492065429688
190 1.8417705297470093
191 1.5189614295959473
192 2.24019193649292
193 2.3133535385131836
194 2.0771291255950928
195 2.482858896255493
196 2.2895166873931885
197 1.8402155637741089
198 1.8715561628341675
199 1.8335814476013184
200 2.016697406768799
201 2.043898820877075
202 1.4708276987075806
203 1.3327357769012451
204 1.2041614055633545
205 1.6061358451843262
206 1.3896642923355103
207 1.433497667312622
208 1.2557673454284668
209 0.9076565504074097
210 1.4614403247833252
211 0.8054686784744263
212 1.3720664978027344
213 0.7491710782051086
214 0.86509770154953
215 0.753447949886322
216 0.7466901540756226
217 1.3970850706100464
218 1.008763313293457
219 0.7303262948989868
220 1.2442286014556885
221 1.717761754989624
222 1.438468098640442
223 1.3059306144714355
224 1.3023509979248047
225 1.7155832052230835
226 1.7749018669128418
227 1.7073885202407837
228 1.9798693656921387
229 1.6489412784576416
230 2.1329128742218018
231 1.2894748449325562
232 1.5362904071807861
233 1.075162410736084
234 1.2030912637710571
235 1.2619318962097168
236 0.6210246682167053
237 0.8385201096534729
238 0.8437325358390808
239 0.7258835434913635
240 0.23439553380012512
241 0.6943735480308533
242 0.9592339396476746
243 1.0394556522369385
244 1.1321698427200317
245 1.4845176935195923
246 1.1308053731918335
247 0.8899272680282593
248 1.2181403636932373
249 0.8383471369743347
250 0.775222659111023
251 0.7311851382255554
252 0.9843138456344604
253 0.8494748473167419
254 1.0482980012893677
255 0.6354861259460449
256 0.8639430403709412
257 0.8272863030433655
258 1.0729471445083618
259 0.934177041053772
260 0.9590354561805725
261 1.0647586584091187
262 0.8695067763328552
263 1.5867365598678589
264 1.2778058052062988
265 1.1432874202728271
266 0.6923036575317383
267 1.2359951734542847
268 0.8160581588745117
269 0.7409884929656982
270 0.7592522501945496
271 0.8307467103004456
272 0.9371601939201355
273 0.7537636160850525
274 1.1683062314987183
275 1.1224151849746704
276 0.7097426056861877
277 0.6375295519828796
278 0.6489729285240173
279 0.8051718473434448
280 0.658164381980896
281 0.5624294281005859
282 0.5314752459526062
283 0.36281701922416687
284 0.5286896824836731
285 0.7323033213615417
286 0.5991893410682678
287 0.640894889831543
288 0.5337011814117432
289 0.6026706099510193
290 0.38416552543640137
291 0.5423262119293213
292 0.7013616561889648
293 0.9625070095062256
294 1.0258510112762451
295 0.796353280544281
296 0.8473936915397644
297 0.8008766770362854
298 0.832775354385376
299 1.0833979845046997
300 0.6037893891334534
301 0.5021516680717468
302 0.5889744162559509
303 1.084833025932312
304 0.7717413902282715
305 0.818597137928009
306 1.0053726434707642
307 0.9072274565696716
308 1.1304287910461426
309 0.7640933394432068
310 0.8051036596298218
311 0.755495548248291
312 1.1104313135147095
313 1.2934813499450684
314 1.1607558727264404
315 1.2511953115463257
316 1.362735629081726
317 1.2692465782165527
318 0.7795036435127258
319 0.7827786803245544
320 0.5323390364646912
321 0.6532530188560486
322 0.8926904797554016
323 0.7849202752113342
324 0.8463408350944519
325 0.6478001475334167
326 0.8349904417991638
327 0.871500551700592
328 0.9345710277557373
329 1.1301170587539673
330 0.46892815828323364
331 0.9267647862434387
332 0.7627655863761902
333 0.76102215051651
334 0.7543178200721741
335 0.987639307975769
336 0.9761850833892822
337 0.784074068069458
338 0.7812669277191162
339 0.5878380537033081
340 0.522878885269165
341 0.45804363489151
342 0.474879652261734
343 0.6540157794952393
344 0.4909743070602417
345 0.634325385093689
346 0.5129837989807129
347 0.882152795791626
348 0.5402176380157471
349 0.5240802764892578
350 0.274404376745224
351 0.2141389101743698
352 0.47426554560661316
353 0.15576593577861786
354 0.31252267956733704
355 0.8005216121673584
356 0.4089483320713043
357 0.5444454550743103
358 0.6670536994934082
359 0.570661723613739
360 0.7316893339157104
361 0.9565391540527344
362 0.6186389327049255
363 0.7191973924636841
364 0.6236347556114197
365 0.27379322052001953
366 0.5972626209259033
367 0.9816590547561646
368 0.8578723669052124
369 1.0314576625823975
370 0.6446623802185059
371 0.8737737536430359
372 1.2501882314682007
373 1.2225568294525146
374 0.737228512763977
375 1.3195126056671143
376 0.4087241590023041
377 0.5283153057098389
378 0.3143836259841919
379 0.5437909364700317
380 0.31067028641700745
381 0.5705310702323914
382 0.8584144711494446
383 0.6173261404037476
384 0.37893882393836975
385 0.5481778979301453
386 0.5578399300575256
387 0.7917771935462952
388 0.48266637325286865
389 0.9072480201721191
390 0.6790071725845337
391 0.5639315247535706
392 0.768278956413269
393 0.5818475484848022
394 0.7967493534088135
395 0.7297454476356506
396 1.1480344533920288
397 0.5636270642280579
398 0.9120059013366699
399 0.7284979820251465
400 0.5093513131141663
401 0.5000770092010498
402 0.5253056883811951
403 0.7736774682998657
404 0.6669913530349731
405 0.8182662129402161
406 0.6558469533920288
407 1.078469157218933
408 0.5990422964096069
409 1.0342284440994263
410 1.3827718496322632
411 0.7026112675666809
412 0.9019832611083984
413 1.1179090738296509
414 0.47986337542533875
415 0.7714077234268188
416 0.5498360395431519
417 0.5198380947113037
418 0.6132764220237732
419 0.33567172288894653
420 0.41370663046836853
421 0.8061733245849609
422 0.7516472339630127
423 0.8998992443084717
424 0.5589650273323059
425 0.9033722877502441
426 1.160788893699646
427 1.1061137914657593
428 0.8842803239822388
429 1.7079745531082153
430 1.314906120300293
431 1.492546558380127
432 1.777778148651123
433 1.1986439228057861
434 1.2244079113006592
435 1.6720942258834839
436 1.6606403589248657
437 1.70479416847229
438 0.8674117922782898
439 1.2069634199142456
440 1.4400957822799683
441 1.4356155395507813
442 1.0922282934188843
443 1.011073112487793
444 1.5583631992340088
445 1.6006089448928833
446 1.2975213527679443
447 1.026749610900879
448 1.567766547203064
449 1.05411696434021
450 1.3532048463821411
451 1.256122350692749
452 1.3925167322158813
453 1.4532935619354248
454 1.3674148321151733
455 1.4140602350234985
456 1.243521809577942
457 1.1594895124435425
458 1.0523228645324707
459 0.9693308472633362
460 0.8653508424758911
461 1.15154230594635
462 1.1345795392990112
463 1.2816858291625977
464 0.9474114179611206
465 1.481249213218689
466 1.27918541431427
467 1.2515710592269897
468 1.2591532468795776
469 1.2551188468933105
470 1.1158835887908936
471 0.7667849063873291
472 0.9360578060150146
473 1.7293308973312378
474 1.9278844594955444
475 2.121547222137451
476 1.7561030387878418
477 1.4066400527954102
478 2.029822826385498
479 1.840384840965271
480 1.6517657041549683
481 1.3969308137893677
482 1.5142844915390015
483 1.4196522235870361
484 1.286826729774475
485 1.5758270025253296
486 1.3614580631256104
487 1.6132901906967163
488 1.3395473957061768
489 1.2965788841247559
490 1.0950483083724976
491 1.0056957006454468
492 0.873637855052948
493 1.2837107181549072
494 1.229830026626587
495 1.2747410535812378
496 1.2516276836395264
497 1.3011420965194702
498 1.1294835805892944
499 0.8625484704971313
500 0.8693045377731323
501 1.548479676246643
502 0.7532453536987305
503 1.1650481224060059
504 1.7573883533477783
505 1.8928183317184448
506 0.921154797077179
507 0.9794121384620667
508 1.2373403310775757
509 0.7542388439178467
510 0.6764495968818665
511 0.8939870595932007
512 0.8067806363105774
513 0.8907106518745422
514 0.9341539740562439
515 0.9204548001289368
516 0.8358520269393921
517 1.0440447330474854
518 1.6355749368667603
519 2.0334627628326416
520 1.7698520421981812
521 1.6005759239196777
522 1.7403484582901
523 1.729926586151123
524 1.5136685371398926
525 1.5100374221801758
526 1.3881025314331055
527 2.049771308898926
528 1.4823780059814453
529 1.977279543876648
530 1.9792733192443848
531 1.6700924634933472
532 1.6508680582046509
533 1.4791308641433716
534 1.3966872692108154
535 1.8973312377929688
536 1.4555474519729614
537 1.912536859512329
538 1.8008626699447632
539 1.8412888050079346
540 1.179963231086731
541 2.183549642562866
542 2.0256760120391846
543 1.4970026016235352
544 1.5329225063323975
545 1.430811882019043
546 1.6949917078018188
547 1.376914143562317
548 1.044920802116394
549 1.0428270101547241
550 1.1972978115081787
551 1.3414510488510132
552 1.3211946487426758
553 1.2708226442337036
554 1.0423805713653564
555 1.2967071533203125
556 1.4311575889587402
557 1.2632447481155396
558 1.0650138854980469
559 1.0686700344085693
560 1.6833055019378662
561 1.3290596008300781
562 1.2101867198944092
563 1.5281261205673218
564 1.4096438884735107
565 1.086668610572815
566 0.9487606287002563
567 1.0211248397827148
568 1.7023800611495972
569 1.2479934692382813
570 1.1548963785171509
571 1.149126648902893
572 1.0702834129333496
573 1.4441176652908325
574 1.0334372520446777
575 0.9950769543647766
576 0.9080652594566345
577 0.8649324178695679
578 1.0919146537780762
579 0.9727643728256226
580 1.002073049545288
581 0.9966798424720764
582 1.149982213973999
583 1.3958603143692017
584 1.5208989381790161
585 1.264495611190796
586 1.0354751348495483
587 1.2204058170318604
588 1.4940913915634155
589 1.1308977603912354
590 1.3010754585266113
591 1.2481799125671387
592 1.327216386795044
593 1.8077462911605835
594 1.730717658996582
595 2.5127110481262207
596 1.831372618675232
597 1.8227120637893677
598 1.602213978767395
599 1.8743417263031006
600 1.7872097492218018
601 1.9340789318084717
602 1.9137790203094482
603 2.3718008995056152
604 1.8987385034561157
605 1.8414931297302246
606 2.086772918701172
607 1.32398521900177
608 1.4910173416137695
609 1.0883418321609497
610 1.2897871732711792
611 1.4824047088623047
612 1.490851640701294
613 1.427222728729248
614 1.368311882019043
615 1.2037127017974854
616 1.1397384405136108
617 1.5558890104293823
618 1.515155553817749
619 1.3316129446029663
620 1.4663366079330444
621 1.7473013401031494
622 1.3127261400222778
623 1.2011866569519043
624 1.2954699993133545
625 0.7847957015037537
626 0.913602888584137
627 1.1475520133972168
628 0.9903056621551514
629 0.9732086658477783
630 0.9323435425758362
631 1.0886415243148804
632 1.361536979675293
633 1.3235877752304077
634 1.2453289031982422
635 1.525604486465454
636 1.1375436782836914
637 1.3502312898635864
638 1.5523271560668945
639 1.166008710861206
640 1.420087218284607
641 1.9203054904937744
642 2.064692258834839
643 1.4496690034866333
644 1.3864558935165405
645 1.114101529121399
646 1.6259528398513794
647 1.241654872894287
648 1.2760581970214844
649 1.3100868463516235
650 2.276318311691284
651 1.9332982301712036
652 1.4604389667510986
653 1.4488394260406494
654 1.6539510488510132
655 1.6922906637191772
656 1.388850450515747
657 1.764487624168396
658 1.7455828189849854
659 1.5409711599349976
660 1.4940876960754395
661 1.6148983240127563
662 1.6163603067398071
663 1.5214711427688599
664 2.086398124694824
665 2.043621063232422
666 1.8068732023239136
667 1.8970712423324585
668 1.8621430397033691
669 1.8759528398513794
670 1.7505906820297241
671 1.5962857007980347
672 1.7526295185089111
673 1.4573841094970703
674 1.8682714700698853
675 1.5360362529754639
676 1.4002703428268433
677 1.5887823104858398
678 1.3794454336166382
679 1.4502508640289307
680 1.5354945659637451
681 1.450253963470459
682 1.0842936038970947
683 1.5416646003723145
684 1.578465223312378
685 1.8434861898422241
686 1.1793831586837769
687 1.894433856010437
688 1.4719802141189575
689 1.147246241569519
690 1.1994212865829468
691 0.9787188768386841
692 1.6254215240478516
693 1.252577543258667
694 1.7532742023468018
695 1.564711332321167
696 1.6763315200805664
697 1.3605540990829468
698 1.7506095170974731
699 2.026860237121582
700 1.7981617450714111
701 1.9543108940124512
702 1.930601716041565
703 1.770403265953064
704 1.3911725282669067
705 1.4734748601913452
706 1.813814401626587
707 1.9279838800430298
708 1.858077049255371
709 1.9411280155181885
710 2.289095401763916
711 2.182802677154541
712 1.9966071844100952
713 1.8824284076690674
714 1.8836778402328491
715 1.8989202976226807
716 1.6150472164154053
717 1.7442090511322021
718 1.9506926536560059
719 1.5448393821716309
720 1.7842968702316284
721 1.6077630519866943
722 1.4995464086532593
723 1.8002653121948242
724 1.536555290222168
725 1.777099847793579
726 1.6584932804107666
727 1.4145809412002563
728 1.8182997703552246
729 1.9001315832138062
730 1.7538528442382813
731 2.0390796661376953
732 2.054572582244873
733 2.1137659549713135
734 1.821433424949646
735 1.7837820053100586
736 1.8647000789642334
737 2.093780755996704
738 1.7009934186935425
739 2.292026996612549
740 2.0508275032043457
741 2.1768505573272705
742 2.1100692749023438
743 2.057861089706421
744 1.8575471639633179
745 1.9219235181808472
746 1.6122119426727295
747 1.6696950197219849
748 1.732780933380127
749 2.0577659606933594
750 2.0618326663970947
751 1.7033642530441284
752 1.8857746124267578
753 2.3050005435943604
754 1.9245476722717285
755 2.059342384338379
756 2.181922197341919
757 1.9382129907608032
758 1.3945001363754272
759 1.9662210941314697
760 1.544537901878357
761 1.1038167476654053
762 1.5281286239624023
763 1.937309741973877
764 1.2653063535690308
765 1.1541332006454468
766 0.97929847240448
767 0.7216925024986267
768 0.6657552719116211
769 0.5761988162994385
770 0.9198543429374695
771 0.5725597143173218
772 0.9071623682975769
773 1.1075857877731323
774 0.778145968914032
775 0.9780356287956238
776 0.9149528741836548
777 0.8426631093025208
778 1.13731849193573
779 0.6958851218223572
780 1.1872072219848633
781 0.9740989804267883
782 1.1416174173355103
783 1.0436800718307495
784 1.1578013896942139
785 1.399086356163025
786 0.9210785031318665
787 1.6584197282791138
788 1.6200910806655884
789 1.7564789056777954
790 1.945438027381897
791 2.235295057296753
792 1.933612585067749
793 1.8199114799499512
794 2.0206267833709717
795 1.8972094058990479
796 1.8076438903808594
797 1.6080814599990845
798 1.824363112449646
799 2.348634719848633
800 2.170135259628296
801 2.578655242919922
802 2.7332725524902344
803 2.248936176300049
804 2.260047435760498
805 2.0101423263549805
806 1.949663519859314
807 2.4177699089050293
808 1.9842114448547363
809 1.9990450143814087
810 2.380809783935547
811 2.139979124069214
812 1.8729270696640015
813 1.6196433305740356
814 1.5968066453933716
815 1.6534472703933716
816 1.3241963386535645
817 2.038010597229004
818 2.077786922454834
819 1.972724437713623
820 1.8776836395263672
821 2.0110154151916504
822 2.7612438201904297
823 2.2048704624176025
824 2.261350393295288
825 1.088763952255249
826 1.0090287923812866
827 1.3314242362976074
828 1.3414397239685059
829 1.430194616317749
830 1.090937852859497
831 0.9260196685791016
832 1.4796608686447144
833 1.3017005920410156
834 1.2863184213638306
835 1.3412209749221802
836 1.1767181158065796
837 1.032590627670288
838 1.3816055059432983
839 1.0509623289108276
840 0.7374113202095032
841 1.0131902694702148
842 0.806379497051239
843 1.0408912897109985
844 1.0485138893127441
845 0.7291119694709778
846 1.309173822402954
847 1.0322182178497314
848 1.2232935428619385
849 1.2209752798080444
850 1.0079025030136108
851 0.9155782461166382
852 1.151545763015747
853 0.6568713188171387
854 1.360663652420044
855 1.3736844062805176
856 1.3256220817565918
857 0.9582290649414063
858 1.3251508474349976
859 0.7147532105445862
860 1.1170623302459717
861 0.6715303063392639
862 0.6969137191772461
863 0.6772094964981079
864 0.6059679985046387
865 0.7351663112640381
866 0.9724289178848267
867 1.091579794883728
868 0.9103944301605225
869 0.66825932264328
870 0.9116021990776062
871 0.5125957131385803
872 0.9151638150215149
873 0.5793191194534302
874 0.509294867515564
875 0.49388477206230164
876 0.7712145447731018
877 0.7046821713447571
878 1.0481783151626587
879 0.6638771295547485
880 0.6119888424873352
881 0.812055230140686
882 0.6530256271362305
883 0.994385302066803
884 0.8442023992538452
885 0.8912774920463562
886 0.7002828121185303
887 0.8533451557159424
888 0.9672525525093079
889 0.9251263737678528
890 0.8778309226036072
891 0.9568110108375549
892 0.9969622492790222
893 0.9818020462989807
894 1.305195927619934
895 0.5925158262252808
896 0.7470162510871887
897 0.7530193328857422
898 0.7473872900009155
899 0.8164360523223877
900 0.5862698554992676
901 1.0181235074996948
902 0.4166254997253418
903 0.8330430388450623
904 1.0626723766326904
905 0.9875302314758301
906 0.7064012885093689
907 0.9123918414115906
908 0.4224007725715637
909 0.5292426347732544
910 0.6220433712005615
911 0.6218748688697815
912 1.0565060377120972
913 0.5874635577201843
914 0.7888729572296143
915 1.32407546043396
916 0.7870075702667236
917 0.950284481048584
918 1.3093944787979126
919 0.8925119042396545
920 0.8050480484962463
921 1.2347530126571655
922 1.0777184963226318
923 1.1502702236175537
924 1.5778405666351318
925 1.641003131866455
926 1.3479857444763184
927 1.529792308807373
928 1.061070203781128
929 1.1827267408370972
930 0.9019519090652466
931 0.7084739804267883
932 1.3936446905136108
933 1.2697499990463257
934 1.0044550895690918
935 1.1298279762268066
936 0.7223759889602661
937 0.6941352486610413
938 0.7637147903442383
939 0.7982169985771179
940 0.8886712193489075
941 0.644487738609314
942 1.1881346702575684
943 0.9575099349021912
944 1.0246001482009888
945 0.6675991415977478
946 1.2166774272918701
947 1.0139352083206177
948 0.8766270875930786
949 1.0484730005264282
950 0.6429736018180847
951 0.6039022207260132
952 1.5245355367660522
953 1.194008469581604
954 1.2845932245254517
955 0.9095777869224548
956 1.112072229385376
957 1.2940850257873535
958 0.9758123755455017
959 1.196197748184204
960 1.4038053750991821
961 0.8116902709007263
962 0.8386595249176025
963 0.763766884803772
964 0.6882480978965759
965 1.1976888179779053
966 1.6178803443908691
967 1.278869390487671
968 0.9847004413604736
969 1.080717921257019
970 1.1007704734802246
971 1.1503525972366333
972 1.2843194007873535
973 1.2291656732559204
974 1.0642374753952026
975 1.388192057609558
976 1.0320007801055908
977 1.527686595916748
978 1.420554757118225
979 1.6308051347732544
980 1.0905734300613403
981 1.370539903640747
982 1.1074906587600708
983 1.1818820238113403
984 1.3624513149261475
985 1.1816353797912598
986 1.2517454624176025
987 1.3416955471038818
988 1.2355663776397705
989 1.0748361349105835
990 1.432482123374939
991 1.2181940078735352
992 1.1784560680389404
993 1.4501261711120605
994 1.633946418762207
995 1.609391689300537
996 1.4668923616409302
997 1.6647359132766724
998 1.6100490093231201
999 1.6869139671325684
1000 1.319825530052185
1001 1.3944255113601685
1002 1.6956241130828857
1003 1.2211852073669434
1004 1.433377742767334
1005 0.9975378513336182
1006 1.2865923643112183
1007 0.996670126914978
1008 1.2167744636535645
1009 1.257257103919983
1010 0.9238541722297668
1011 1.1601029634475708
1012 1.416546106338501
1013 1.4257512092590332
1014 1.0731444358825684
1015 0.8564462661743164
1016 1.1302025318145752
1017 1.0356264114379883
1018 0.9191144704818726
1019 1.0222229957580566
1020 0.6375210881233215
1021 0.9586248993873596
1022 0.8148301243782043
1023 0.8508608341217041
1024 0.9976404309272766
1025 1.3494563102722168
1026 1.2905337810516357
1027 1.022871732711792
1028 0.8654718995094299
1029 0.9166247248649597
1030 1.1874974966049194
1031 0.8644960522651672
1032 1.2893298864364624
1033 0.7946497797966003
1034 0.8626238703727722
1035 1.1951388120651245
1036 1.3122378587722778
1037 1.3304288387298584
1038 1.401535987854004
1039 1.0779497623443604
1040 1.2524462938308716
1041 1.2040587663650513
1042 1.5854597091674805
1043 1.2753715515136719
1044 1.0950920581817627
1045 1.4010084867477417
1046 1.5087847709655762
1047 1.3159924745559692
1048 1.1667983531951904
1049 1.2745929956436157
1050 1.0659191608428955
1051 0.9629263877868652
1052 1.0189290046691895
1053 1.1560969352722168
1054 0.865414559841156
1055 0.8221299648284912
1056 1.2251574993133545
1057 1.2684581279754639
1058 0.8692455887794495
1059 1.2583253383636475
1060 1.2139045000076294
1061 1.547216534614563
1062 1.8014854192733765
1063 2.1512739658355713
1064 1.6252105236053467
1065 0.6160042881965637
1066 0.927101731300354
1067 0.9191855788230896
1068 1.124092698097229
1069 1.4170794486999512
1070 0.951385498046875
1071 0.8016918301582336
1072 0.6938916444778442
1073 0.7465846538543701
1074 0.613092839717865
1075 0.7278945446014404
1076 0.9034759998321533
1077 0.9860543012619019
1078 1.0462915897369385
1079 0.9105510115623474
1080 1.0294795036315918
1081 0.795128583908081
1082 1.0274602174758911
1083 0.8911205530166626
1084 1.318995475769043
1085 1.055415153503418
1086 1.2333682775497437
1087 0.8594512939453125
1088 0.8734740614891052
1089 0.8489511609077454
1090 1.0424184799194336
1091 0.8960501551628113
1092 0.9226850271224976
1093 1.1451416015625
1094 0.8967491984367371
1095 0.8876556158065796
1096 0.9818409085273743
1097 0.8192090392112732
1098 0.9544118642807007
1099 1.2333227396011353
1100 0.716746985912323
1101 0.9793403744697571
1102 0.6556326150894165
1103 0.6432486176490784
1104 1.460146188735962
1105 0.852103054523468
1106 1.2010973691940308
1107 1.0307185649871826
1108 1.0996501445770264
1109 1.2848360538482666
1110 1.0923694372177124
1111 1.186260461807251
1112 1.265924334526062
1113 1.9277026653289795
1114 1.5553878545761108
1115 1.408069372177124
1116 1.4745880365371704
1117 1.3920906782150269
1118 1.242417335510254
1119 1.6715857982635498
1120 1.4115334749221802
1121 1.7612746953964233
1122 1.574464201927185
1123 1.56744384765625
1124 1.5273545980453491
1125 1.6751959323883057
1126 1.249830961227417
1127 1.404830813407898
1128 1.668168067932129
1129 1.7844690084457397
1130 1.2931712865829468
1131 1.1043425798416138
1132 1.393370270729065
1133 0.7310953736305237
1134 1.1388951539993286
1135 1.198210597038269
1136 1.1076076030731201
1137 1.0817818641662598
1138 1.0808600187301636
1139 0.6566433906555176
1140 0.8351888656616211
1141 0.9329204559326172
1142 0.9953440427780151
1143 1.004866123199463
1144 0.8392157554626465
1145 1.1740654706954956
1146 1.0999882221221924
1147 1.0360726118087769
1148 1.3315181732177734
1149 1.77492356300354
1150 1.5945378541946411
1151 1.3801242113113403
1152 1.3321775197982788
1153 1.9046823978424072
1154 1.4631940126419067
1155 1.4020506143569946
1156 0.9522702097892761
1157 0.81849604845047
1158 0.9613935351371765
1159 0.8630063533782959
1160 1.0054863691329956
1161 1.078771710395813
1162 1.1199398040771484
1163 0.9313344955444336
1164 1.3618394136428833
1165 1.4623091220855713
1166 1.5577845573425293
1167 1.7822847366333008
1168 1.5604546070098877
1169 1.3403209447860718
1170 1.16037917137146
1171 1.2899352312088013
1172 1.3272364139556885
1173 1.3111060857772827
1174 0.9898309111595154
1175 1.1232328414916992
1176 1.358566164970398
1177 1.1671761274337769
1178 1.4360014200210571
1179 1.4174206256866455
1180 1.606138825416565
1181 1.427735686302185
1182 1.5259828567504883
1183 1.50188148021698
1184 1.3139957189559937
1185 1.638442873954773
1186 1.8822376728057861
1187 0.762269914150238
1188 1.0254149436950684
1189 0.8427278995513916
1190 0.9255409836769104
1191 1.3226923942565918
1192 1.25847589969635
1193 1.6407390832901
1194 1.1859264373779297
1195 1.0875674486160278
1196 1.470033884048462
1197 1.0608595609664917
1198 1.0889054536819458
1199 1.1431692838668823
1200 1.2207379341125488
1201 1.0259289741516113
1202 0.9643439650535583
1203 1.168234944343567
1204 1.0215330123901367
1205 1.189666986465454
1206 2.004279851913452
1207 1.1127150058746338
1208 0.9126514196395874
1209 0.7125963568687439
1210 1.0251916646957397
1211 0.9096698760986328
1212 0.6215989589691162
1213 0.9146504402160645
1214 0.6122875809669495
1215 0.7706011533737183
1216 0.8715429902076721
1217 1.1187326908111572
1218 0.9722062945365906
1219 1.0041242837905884
1220 0.9668171405792236
1221 1.0676392316818237
1222 1.0610872507095337
1223 1.061253547668457
1224 1.225308895111084
1225 0.9243748784065247
1226 0.9614083170890808
1227 1.1732059717178345
1228 0.9045998454093933
1229 0.8091712594032288
1230 0.8850210905075073
1231 0.9021754860877991
1232 0.8969287872314453
1233 0.6043578386306763
1234 0.5998820066452026
1235 0.6944975256919861
1236 0.7493844032287598
1237 0.6942763328552246
1238 0.6603090167045593
1239 0.5119653940200806
1240 0.7730935215950012
1241 0.6321243047714233
1242 0.6220584511756897
1243 0.5237815380096436
1244 0.5377148985862732
1245 0.5702152252197266
1246 0.5574126243591309
1247 0.7153996229171753
1248 0.8045798540115356
1249 0.6976491212844849
1250 0.4033340811729431
1251 0.8911024332046509
1252 0.7792607545852661
1253 0.507095217704773
1254 0.5531537532806396
1255 0.4803318977355957
1256 0.6811551451683044
1257 1.0472235679626465
1258 0.9470326900482178
1259 0.8383258581161499
1260 0.4752259850502014
1261 0.7274782657623291
1262 0.7606273889541626
1263 1.0426894426345825
1264 0.6833045482635498
1265 0.9391915798187256
1266 1.032425880432129
1267 0.8837399482727051
1268 0.5694767832756042
1269 0.9242634177207947
1270 0.9055044054985046
1271 0.9743686318397522
1272 0.8725121021270752
1273 0.9852685332298279
1274 0.9416334629058838
1275 0.6764361262321472
1276 0.6596208214759827
1277 0.6648543477058411
1278 0.7343261241912842
1279 0.8814193606376648
1280 0.5460371375083923
1281 0.7091391086578369
1282 0.5595181584358215
1283 0.6078819632530212
1284 0.8341090083122253
1285 1.0885181427001953
1286 0.8757216930389404
1287 0.8363388180732727
1288 0.7198945879936218
1289 0.7005729079246521
1290 0.6397237181663513
1291 0.5681231617927551
1292 1.143027424812317
1293 1.0658588409423828
1294 0.733490526676178
1295 0.8192712664604187
1296 1.069767713546753
1297 0.9956474900245667
1298 1.0224076509475708
1299 1.325968623161316
1300 1.110363245010376
1301 0.8030123710632324
1302 1.1698274612426758
1303 0.9139572381973267
1304 0.7667760848999023
1305 0.7500541806221008
1306 0.8362751007080078
1307 0.8603469133377075
1308 0.8235489130020142
1309 0.6406901478767395
1310 0.4947361648082733
1311 1.4089562892913818
1312 0.5435681343078613
1313 0.7341019511222839
1314 0.5867278575897217
1315 0.8238043785095215
1316 0.6951760649681091
1317 0.6731748580932617
1318 0.8621666431427002
1319 0.8555135726928711
1320 0.9396175742149353
1321 0.6237006187438965
1322 0.7677220106124878
1323 0.9339278936386108
1324 0.7801244854927063
1325 1.2632099390029907
1326 0.7166795134544373
1327 0.7953018546104431
1328 1.1476929187774658
1329 0.9228742122650146
1330 1.1675482988357544
1331 1.2569875717163086
1332 1.0499482154846191
1333 0.7666077613830566
1334 0.8665404319763184
1335 1.2161006927490234
1336 1.6225804090499878
1337 1.33158278465271
1338 0.8569795489311218
1339 1.1698545217514038
1340 0.9322447776794434
1341 1.0975531339645386
1342 1.0390822887420654
1343 0.9485211968421936
1344 1.0961644649505615
1345 0.7066970467567444
1346 1.0366227626800537
1347 0.8843239545822144
1348 0.6749235987663269
1349 1.0936660766601563
1350 0.9384835958480835
1351 1.1267703771591187
1352 0.6487219333648682
1353 0.9883499145507813
1354 0.846270740032196
1355 0.8728439807891846
1356 0.7757181525230408
1357 0.5935025215148926
1358 0.5889991521835327
1359 0.9296549558639526
1360 1.052777647972107
1361 0.945793867111206
1362 0.6725720763206482
1363 0.7553942799568176
1364 0.9413040280342102
1365 1.2626678943634033
1366 1.0757166147232056
1367 1.02471923828125
1368 0.6031426191329956
1369 1.013554334640503
1370 0.871013879776001
1371 1.1477593183517456
1372 1.035101294517517
1373 0.7718716859817505
1374 0.8061275482177734
1375 0.76030433177948
1376 0.773918628692627
1377 0.7977101802825928
1378 1.2435171604156494
1379 0.8292790055274963
1380 0.8368980288505554
1381 1.0656431913375854
1382 0.75455641746521
1383 0.872443437576294
1384 0.8289030194282532
1385 0.8772894740104675
1386 0.691695511341095
1387 0.6314728856086731
1388 0.4724907875061035
1389 0.6231330037117004
1390 0.7461811900138855
1391 0.6593945026397705
1392 0.4585171639919281
1393 0.7599009275436401
1394 0.5166329145431519
1395 0.6955620646476746
1396 0.7767665386199951
1397 0.5728760361671448
1398 1.365769386291504
1399 1.2307008504867554
1400 1.2292671203613281
1401 1.6515705585479736
1402 1.1969358921051025
1403 1.102868676185608
1404 0.8617971539497375
1405 0.9509806632995605
1406 1.5444802045822144
1407 1.2803455591201782
1408 1.4173228740692139
1409 1.5203639268875122
1410 1.8309481143951416
1411 1.7347240447998047
1412 1.0794020891189575
1413 1.056220293045044
1414 0.8540526628494263
1415 1.3466135263442993
1416 1.169997215270996
1417 0.9066342711448669
1418 0.5320728421211243
1419 0.5309085249900818
1420 1.1329783201217651
1421 0.8528308868408203
1422 0.7024878263473511
1423 0.9423059821128845
1424 0.9667309522628784
1425 1.1493287086486816
1426 1.4553030729293823
1427 1.6810284852981567
1428 1.8616409301757813
1429 1.5774130821228027
1430 1.030269980430603
1431 0.8496647477149963
1432 1.1233818531036377
1433 0.866591215133667
1434 1.1081799268722534
1435 1.32699716091156
1436 0.8666800856590271
1437 1.1120866537094116
1438 1.318069577217102
1439 1.5433865785598755
1440 1.2138209342956543
1441 1.1462169885635376
1442 1.9920626878738403
1443 1.23851478099823
1444 1.4115806818008423
1445 1.0572503805160522
1446 0.807966947555542
1447 0.9395711421966553
1448 0.757779598236084
1449 1.3117705583572388
1450 0.7465137839317322
1451 1.2064260244369507
1452 0.8723914623260498
1453 1.1881577968597412
1454 1.3445721864700317
1455 1.0018699169158936
1456 0.7578399181365967
1457 0.8190619349479675
1458 0.8235118985176086
1459 0.8245745897293091
1460 0.9485026001930237
1461 1.1914235353469849
1462 0.8683643937110901
1463 0.7742787599563599
1464 1.4810214042663574
1465 1.2870550155639648
1466 1.1161689758300781
1467 1.143965482711792
1468 1.385256052017212
1469 0.7708297967910767
1470 0.900698184967041
1471 0.8803058862686157
1472 0.45440375804901123
1473 0.6691182851791382
1474 1.1717480421066284
1475 0.9383566975593567
1476 0.772750198841095
1477 0.5139749050140381
1478 0.9868252873420715
1479 0.6704208254814148
1480 0.6110414862632751
1481 0.774503767490387
1482 0.7069660425186157
1483 0.7232028245925903
1484 0.9288790822029114
1485 1.026731014251709
1486 0.6641978621482849
1487 1.4147446155548096
1488 0.8155032992362976
1489 0.828984260559082
1490 0.6080814003944397
1491 0.9020533561706543
1492 0.9023879766464233
1493 1.1203471422195435
1494 1.1858118772506714
1495 0.9018306732177734
1496 0.8049898743629456
1497 0.6940048336982727
1498 0.38607826828956604
1499 0.6807888150215149
1500 0.5928468704223633
1501 0.5260435938835144
1502 0.5476529002189636
1503 0.40826454758644104
1504 0.75263512134552
1505 0.8493269681930542
1506 0.7685093283653259
1507 0.9368926882743835
1508 0.7601161003112793
1509 0.779663622379303
1510 0.9672610759735107
1511 0.3854239583015442
1512 0.8444236516952515
1513 0.7016181945800781
1514 0.8102841973304749
1515 1.0318835973739624
1516 0.4580506384372711
1517 0.574637770652771
1518 0.7014355063438416
1519 0.9572283029556274
1520 0.5534136891365051
1521 0.936250627040863
1522 0.7473044395446777
1523 0.7304382920265198
1524 0.9429609775543213
1525 0.7668615579605103
1526 0.95951247215271
1527 0.768282949924469
1528 0.528896152973175
1529 0.888694167137146
1530 0.8363013863563538
1531 0.9372267723083496
1532 1.4232155084609985
1533 1.3155595064163208
1534 1.3464174270629883
1535 1.5497746467590332
1536 1.141649842262268
1537 1.193428874015808
1538 1.1275259256362915
1539 1.2422900199890137
1540 1.2833123207092285
1541 1.1855610609054565
1542 1.3974159955978394
1543 1.1784274578094482
1544 1.035859227180481
1545 1.2742658853530884
1546 1.309462070465088
1547 1.15608811378479
1548 0.9921301603317261
1549 0.8510132431983948
1550 1.131686806678772
1551 1.193724513053894
1552 1.2288296222686768
1553 1.4708280563354492
1554 1.8441628217697144
1555 0.8225868940353394
1556 1.1672924757003784
1557 1.708387851715088
1558 1.6678199768066406
1559 1.3544114828109741
1560 1.0665916204452515
1561 1.1248562335968018
1562 1.514769434928894
1563 1.6793568134307861
1564 1.4381381273269653
1565 0.9082739949226379
1566 0.9862215518951416
1567 0.9451949000358582
1568 1.1801083087921143
1569 1.6689037084579468
1570 0.9162314534187317
1571 0.9867430925369263
1572 1.2447148561477661
1573 1.0094366073608398
1574 0.9036068320274353
1575 1.4363213777542114
1576 0.9583924412727356
1577 0.8506942391395569
1578 0.606540858745575
1579 0.9531019330024719
1580 1.0291496515274048
1581 0.9129383563995361
1582 0.9962562322616577
1583 0.47365236282348633
1584 0.7784222364425659
1585 0.7889663577079773
1586 0.8632313013076782
1587 0.7801195383071899
1588 0.7166409492492676
1589 1.0167144536972046
1590 0.8727972507476807
1591 0.5369551777839661
1592 0.7984074950218201
1593 0.6250495910644531
1594 0.8965060114860535
1595 0.7003855109214783
1596 0.7266991138458252
1597 0.568878173828125
1598 0.6501320004463196
1599 0.5866073369979858
1600 0.7900465726852417
1601 0.6105496883392334
1602 1.0178378820419312
1603 0.7521758079528809
1604 0.5091270208358765
1605 0.24533434212207794
1606 0.6060759425163269
1607 0.43628910183906555
1608 0.5215912461280823
1609 0.9153462052345276
1610 1.1306266784667969
1611 0.8301476836204529
1612 0.9594204425811768
1613 0.7783947587013245
1614 0.7567436099052429
1615 0.6312556266784668
1616 0.8667298555374146
1617 0.7127306461334229
1618 0.4304608404636383
1619 0.5832730531692505
1620 0.47277992963790894
1621 0.9058652520179749
1622 0.9303048849105835
1623 0.7680181860923767
1624 1.1432493925094604
1625 1.0175505876541138
1626 1.0007240772247314
1627 0.6949374675750732
1628 0.7409622669219971
1629 0.7541606426239014
1630 0.620250403881073
1631 0.7929668426513672
1632 0.7319692373275757
1633 0.7524459362030029
1634 0.9706761240959167
1635 1.2505995035171509
1636 0.5712752342224121
1637 0.6270526051521301
1638 0.7214787006378174
1639 0.9771135449409485
1640 0.7331273555755615
1641 1.176470398902893
1642 0.8216937184333801
1643 0.8499423861503601
1644 0.6794695258140564
1645 0.8472185730934143
1646 1.0931718349456787
1647 0.7795471549034119
1648 0.6325637698173523
1649 1.0043798685073853
1650 0.7713425755500793
1651 0.9778360724449158
1652 1.0350114107131958
1653 0.6134201884269714
1654 1.0443589687347412
1655 0.6333027482032776
1656 1.017750859260559
1657 1.120952844619751
1658 0.8892431259155273
1659 1.12361741065979
1660 0.9101406931877136
1661 1.0314570665359497
1662 0.6789318919181824
1663 0.7320734262466431
1664 0.8430624604225159
1665 0.9093224406242371
1666 0.7884037494659424
1667 0.7879760265350342
1668 1.276782512664795
1669 0.7369187474250793
1670 0.9714679718017578
1671 1.039576530456543
1672 0.9038429260253906
1673 0.5419922471046448
1674 0.29900452494621277
1675 0.47668156027793884
1676 0.5032346844673157
1677 1.2271448373794556
1678 0.9123346209526062
1679 0.46401578187942505
1680 0.7054462432861328
1681 0.7564473152160645
1682 0.8862934112548828
1683 0.694841742515564
1684 0.46573972702026367
1685 0.860481858253479
1686 0.8656091094017029
1687 0.5889056324958801
1688 0.5151980519294739
1689 1.0743839740753174
1690 0.4384114742279053
1691 0.6311939358711243
1692 0.6985697150230408
1693 0.9618808031082153
1694 1.1979676485061646
1695 0.8180656433105469
1696 0.9446175694465637
1697 0.561555802822113
1698 0.6330629587173462
1699 1.1590689420700073
1700 0.8228515982627869
1701 0.77789705991745
1702 1.0814390182495117
1703 0.9900537133216858
1704 0.97409987449646
1705 0.7581939697265625
1706 1.1341828107833862
1707 0.9616326689720154
1708 1.1360927820205688
1709 0.8486492037773132
1710 1.4430972337722778
1711 0.8072587251663208
1712 1.1235729455947876
1713 1.255635142326355
1714 1.4108691215515137
1715 1.3383742570877075
1716 1.2202295064926147
1717 0.7823098301887512
1718 1.1669970750808716
1719 1.301334023475647
1720 1.3385440111160278
1721 1.5082528591156006
1722 1.2676104307174683
1723 1.240443468093872
1724 1.164612054824829
1725 1.5074084997177124
1726 0.8621152639389038
1727 0.7229305505752563
1728 0.991165280342102
1729 0.6838718056678772
1730 0.9287634491920471
1731 0.8173209428787231
1732 1.2596468925476074
1733 0.9886186122894287
1734 0.8173927068710327
1735 0.9061590433120728
1736 0.9200671911239624
1737 0.9731290340423584
1738 1.166195034980774
1739 1.0708987712860107
1740 1.1634405851364136
1741 0.5427671670913696
1742 0.8520786762237549
1743 1.4495666027069092
1744 0.753455400466919
1745 0.8990022540092468
1746 1.0021367073059082
1747 0.9741067886352539
1748 0.9156579971313477
1749 0.9539288878440857
1750 0.760502815246582
1751 0.7041422724723816
1752 0.8306451439857483
1753 0.6008643507957458
1754 0.8324607610702515
1755 1.2788578271865845
1756 1.2710150480270386
1757 0.9470676183700562
1758 1.213301658630371
1759 0.8961372971534729
1760 0.7740757465362549
1761 0.9239433407783508
1762 0.5124239921569824
1763 1.453284502029419
1764 0.8887638449668884
1765 1.039984107017517
1766 1.3151767253875732
1767 0.6363237500190735
1768 1.404786229133606
1769 1.2496492862701416
1770 1.5145235061645508
1771 1.052019476890564
1772 0.9867905378341675
1773 0.6495174765586853
1774 0.8913701772689819
1775 0.6953570246696472
1776 0.5166243314743042
1777 1.1513315439224243
1778 0.7780106663703918
1779 0.8249690532684326
1780 1.1921920776367188
1781 1.0864732265472412
1782 0.5773840546607971
1783 0.7610778212547302
1784 0.6258570551872253
1785 1.239201545715332
1786 1.1745778322219849
1787 1.0913985967636108
1788 1.0263530015945435
1789 0.8818235993385315
1790 1.3481565713882446
1791 0.9786628484725952
1792 0.8307714462280273
1793 1.324138879776001
1794 0.9329701662063599
1795 1.091033697128296
1796 0.7952091693878174
1797 0.942990779876709
1798 1.0064858198165894
1799 0.8664032220840454
1800 0.9997619986534119
1801 0.8943815231323242
1802 0.8958980441093445
1803 0.772660493850708
1804 1.002826452255249
1805 1.1278678178787231
1806 1.0264947414398193
1807 1.0279618501663208
1808 0.9982374906539917
1809 0.7901118397712708
1810 0.9802126288414001
1811 1.1944371461868286
1812 0.9980425238609314
1813 0.9512168765068054
1814 0.7497695088386536
1815 0.7219103574752808
1816 0.9636257886886597
1817 0.9369510412216187
1818 0.9769484996795654
1819 1.0553804636001587
1820 0.5015727877616882
1821 0.5906907916069031
1822 0.606870710849762
1823 0.872784435749054
1824 1.1850050687789917
1825 0.6007000803947449
1826 0.5159133672714233
1827 0.5959984660148621
1828 0.7749862670898438
1829 0.7587592601776123
1830 0.7283802628517151
1831 0.8794646263122559
1832 0.9104766845703125
1833 0.9376370310783386
1834 0.7014877796173096
1835 1.1989576816558838
1836 1.0556492805480957
1837 0.9408470988273621
1838 1.1040531396865845
1839 1.2113615274429321
1840 0.9637839794158936
1841 1.096224308013916
1842 1.4594063758850098
1843 0.854192316532135
1844 0.8264731168746948
1845 0.6603986024856567
1846 0.6938031315803528
1847 0.4911688268184662
1848 0.6813129186630249
1849 0.7379277944564819
1850 0.7109670639038086
1851 1.0122007131576538
1852 0.9695043563842773
1853 0.9402669668197632
1854 1.178792953491211
1855 0.8370689749717712
1856 0.9970478415489197
1857 0.8816059827804565
1858 1.2658661603927612
1859 0.5845487713813782
1860 1.163180947303772
1861 1.0805137157440186
1862 0.8150675892829895
1863 0.761290967464447
1864 0.6764193773269653
1865 1.1160603761672974
1866 0.6856129765510559
1867 1.1344835758209229
1868 0.8864395022392273
1869 0.8043661713600159
1870 1.1274937391281128
1871 0.7789488434791565
1872 1.4587080478668213
1873 1.3327971696853638
1874 1.4597941637039185
1875 1.0762977600097656
1876 1.3229063749313354
1877 0.9959343671798706
1878 1.1395066976547241
1879 1.423415184020996
1880 1.7231855392456055
1881 1.376423716545105
1882 0.8656566739082336
1883 1.2783362865447998
1884 1.3486825227737427
1885 1.0013930797576904
1886 0.984521210193634
1887 1.1763088703155518
1888 1.10724675655365
1889 1.5555201768875122
1890 1.3261356353759766
1891 1.5780655145645142
1892 1.3280948400497437
1893 1.4561052322387695
1894 0.8835127949714661
1895 1.0127043724060059
1896 1.229788899421692
1897 1.7497730255126953
1898 2.084139108657837
1899 1.1041408777236938
1900 2.016216993331909
1901 1.5066993236541748
1902 1.4966979026794434
1903 1.1208065748214722
1904 1.6047264337539673
1905 1.4174526929855347
1906 1.2456903457641602
1907 1.3836489915847778
1908 1.6192501783370972
1909 1.4124342203140259
1910 1.3507025241851807
1911 1.2359774112701416
1912 1.4727721214294434
1913 1.4779645204544067
1914 1.2628464698791504
1915 0.8352847695350647
1916 0.835612952709198
1917 1.5025169849395752
1918 1.5300387144088745
1919 1.9624178409576416
1920 1.6118451356887817
1921 1.4191220998764038
1922 1.1109873056411743
1923 1.1876403093338013
1924 1.4314446449279785
1925 1.8001129627227783
1926 1.5484205484390259
1927 1.1521787643432617
1928 1.2596181631088257
1929 1.4298454523086548
1930 2.064016342163086
1931 1.341800570487976
1932 0.9256561398506165
1933 1.176613450050354
1934 1.093127727508545
1935 0.7905934453010559
1936 1.4191561937332153
1937 1.6828393936157227
1938 1.5051801204681396
1939 1.413478970527649
1940 1.3298215866088867
1941 0.9590878486633301
1942 0.6392418146133423
1943 0.9537778496742249
1944 0.8378601670265198
1945 1.3102099895477295
1946 0.9230901002883911
1947 0.8105201125144958
1948 0.8677597045898438
1949 0.8094602823257446
1950 1.0837701559066772
1951 1.5274380445480347
1952 0.8150539994239807
1953 0.5913569927215576
1954 0.9591188430786133
1955 1.3036952018737793
1956 0.8138014674186707
1957 0.8332332968711853
1958 1.1160489320755005
1959 0.8449611067771912
1960 0.9641767740249634
1961 1.2980173826217651
1962 0.789016604423523
1963 1.3096380233764648
1964 1.0538527965545654
1965 1.1308237314224243
1966 1.1180200576782227
1967 1.4022501707077026
1968 1.599125623703003
1969 1.7034119367599487
1970 1.4875872135162354
1971 1.604934573173523
1972 1.0708662271499634
1973 1.4244940280914307
1974 1.8845140933990479
1975 1.4755586385726929
1976 1.2329682111740112
1977 1.336564064025879
1978 1.292155385017395
1979 0.7074000835418701
1980 1.2271943092346191
1981 1.6440138816833496
1982 1.5014896392822266
1983 1.1297186613082886
1984 1.2882106304168701
1985 1.2076867818832397
1986 1.385932207107544
1987 1.278257966041565
1988 1.0706769227981567
1989 1.0787804126739502
1990 1.1902490854263306
1991 0.976966142654419
1992 0.8572952151298523
1993 1.0141710042953491
1994 1.030377984046936
1995 1.653181791305542
1996 1.1092218160629272
1997 0.8197826743125916
1998 0.5499910116195679
1999 1.3657851219177246
