0 0.0
1 0.41819432377815247
2 0.4519977867603302
3 0.2627491056919098
4 0.4726719856262207
5 0.6417087912559509
6 0.66399747133255
7 1.2924796342849731
8 1.220672369003296
9 1.4888581037521362
10 0.9550894498825073
11 0.7538427710533142
12 0.8949368596076965
13 0.7575640082359314
14 0.685093104839325
15 0.991163969039917
16 1.0487116575241089
17 1.0000371932983398
18 1.0513650178909302
19 1.1907292604446411
20 1.7650269269943237
21 1.3452218770980835
22 1.4566940069198608
23 1.6607311964035034
24 1.221235752105713
25 0.9770563244819641
26 0.6827422976493835
27 0.6788171529769897
28 0.8726290464401245
29 0.8557637929916382
30 0.6402192115783691
31 0.8833698034286499
32 1.1312494277954102
33 1.1170847415924072
34 0.49248582124710083
35 0.6872623562812805
36 0.554737389087677
37 0.6411380767822266
38 0.6684980988502502
39 0.6767990589141846
40 0.3791240453720093
41 0.6695635914802551
42 0.7517022490501404
43 0.663929283618927
44 0.5181723833084106
45 0.9405068159103394
46 0.8648870587348938
47 0.8284359574317932
48 1.1014721393585205
49 1.2625668048858643
50 0.7595466375350952
51 0.932705819606781
52 0.5874364972114563
53 0.6550136208534241
54 0.5617792010307312
55 0.8200119137763977
56 0.8267251253128052
57 1.2801285982131958
58 1.2192401885986328
59 0.948561429977417
60 1.1572060585021973
61 0.8846145272254944
62 1.3631707429885864
63 1.3997611999511719
64 1.1788549423217773
65 1.1899195909500122
66 1.4120234251022339
67 1.1608827114105225
68 0.9113398194313049
69 0.962801456451416
70 0.840271532535553
71 0.9463663697242737
72 1.5058642625808716
73 1.0905793905258179
74 1.4908497333526611
75 1.1817915439605713
76 1.2672346830368042
77 1.007442593574524
78 0.9306188225746155
79 0.6829904317855835
80 1.1353363990783691
81 1.5671969652175903
82 1.5905853509902954
83 1.0041143894195557
84 1.2961938381195068
85 0.8550969362258911
86 1.038388729095459
87 1.4182487726211548
88 1.1718500852584839
89 1.0661559104919434
90 0.8322060704231262
91 0.872390866279602
92 0.8017034530639648
93 0.9252590537071228
94 0.8015934824943542
95 0.62482750415802
96 1.459350824356079
97 1.3806185722351074
98 1.177011251449585
99 0.7890251278877258
100 1.0386316776275635
101 1.5184797048568726
102 1.28116774559021
103 1.2615289688110352
104 0.9703157544136047
105 1.3623144626617432
106 1.0273897647857666
107 1.3069372177124023
108 1.1857507228851318
109 1.333882451057434
110 0.8700128793716431
111 1.4088815450668335
112 0.9490222334861755
113 1.1366543769836426
114 0.9417144060134888
115 0.7866887450218201
116 0.8139559626579285
117 0.7598204612731934
118 1.1275792121887207
119 1.1200547218322754
120 1.3416203260421753
121 1.6344964504241943
122 1.46953547000885
123 1.3865740299224854
124 1.3359098434448242
125 1.0431400537490845
126 0.8769421577453613
127 0.8461686968803406
128 1.3633310794830322
129 1.2664949893951416
130 0.9905568957328796
131 0.7224137783050537
132 0.48383578658103943
133 0.5961048007011414
134 0.725013017654419
135 0.655752420425415
136 0.6255427002906799
137 0.9194397330284119
138 0.6917098760604858
139 1.0444549322128296
140 0.8808250427246094
141 0.698151171207428
142 0.6498146057128906
143 0.8614458441734314
144 0.678379476070404
145 0.8395873308181763
146 1.0462310314178467
147 0.6648363471031189
148 0.5913296937942505
149 0.7612571716308594
150 0.836783230304718
151 0.9347112774848938
152 0.6061128377914429
153 0.6633820533752441
154 0.7054371237754822
155 0.6529642939567566
156 0.6495141386985779
157 0.7874690890312195
158 0.7650154232978821
159 0.9318348169326782
160 0.531154453754425
161 0.7856279015541077
162 0.6760858297348022
163 0.6747651100158691
164 0.5457916855812073
165 1.3486745357513428
166 1.1906275749206543
167 1.1900681257247925
168 1.135929822921753
169 1.2093942165374756
170 0.6995492577552795
171 0.9283254742622375
172 0.7263733148574829
173 0.7528466582298279
174 0.8759238123893738
175 0.6074211597442627
176 0.5496100187301636
177 1.0491487979888916
178 0.9720045328140259
179 1.111861228942871
180 0.7243326902389526
181 0.8885083794593811
182 0.8551811575889587
183 1.4937398433685303
184 1.6133720874786377
185 1.4325215816497803
186 1.0603644847869873
187 0.8897209763526917
188 0.6644251346588135
189 0.8126086592674255
190 0.9787103533744812
191 1.0387376546859741
192 0.8395472764968872
193 0.8300740122795105
194 0.8338794708251953
195 0.8528276085853577
196 0.9092115759849548
197 1.123721718788147
198 1.2498559951782227
199 0.8821333646774292
200 0.595310628414154
201 0.5098937153816223
202 0.6928856372833252
203 0.8387953042984009
204 0.8375738859176636
205 0.9209770560264587
206 0.8572747111320496
207 0.8606882691383362
208 0.617462158203125
209 0.7003422975540161
210 0.9642742276191711
211 0.7272531390190125
212 0.6745871305465698
213 0.6790762543678284
214 0.7312405109405518
215 0.724145770072937
216 0.6432812809944153
217 0.5115794539451599
218 1.1896045207977295
219 0.6826703548431396
220 0.8058673739433289
221 0.8224729895591736
222 0.8615248203277588
223 0.7734842896461487
224 0.7332091927528381
225 0.8818991184234619
226 0.9532691240310669
227 0.8696734309196472
228 0.6640521287918091
229 0.8726286888122559
230 0.984342098236084
231 0.5541144609451294
232 0.675514280796051
233 0.8520329594612122
234 0.6028673052787781
235 0.8851712346076965
236 0.4914865493774414
237 0.8662222027778625
238 0.5772742629051208
239 0.8868400454521179
240 1.0171380043029785
241 0.46680769324302673
242 0.6388580203056335
243 0.44025394320487976
244 0.6689491868019104
245 0.5434618592262268
246 0.4831269383430481
247 0.5138214826583862
248 0.5601107478141785
249 0.8160876035690308
250 1.123119831085205
251 0.7734069228172302
252 0.8895522952079773
253 0.6314886212348938
254 0.6371785998344421
255 0.63706374168396
256 0.8910885453224182
257 0.820081353187561
258 0.8550060391426086
259 0.7578392624855042
260 0.8531574606895447
261 0.787476658821106
262 0.6058719158172607
263 0.35407477617263794
264 0.717686116695404
265 0.6688106060028076
266 1.0061763525009155
267 0.4999247193336487
268 0.6979169249534607
269 0.8428037166595459
270 0.6806686520576477
271 0.6518879532814026
272 0.7425821423530579
273 0.7644451260566711
274 0.5281376242637634
275 0.5372056365013123
276 0.6588621735572815
277 0.7048925161361694
278 0.7732070684432983
279 0.7740586400032043
280 0.8559498190879822
281 0.9788088202476501
282 1.0845481157302856
283 0.8509605526924133
284 0.7712233066558838
285 0.6930999755859375
286 0.7304632663726807
287 0.6933528184890747
288 0.678368330001831
289 0.616552472114563
290 0.8834301233291626
291 0.703949511051178
292 0.5859896540641785
293 0.5063547492027283
294 0.5316210985183716
295 0.7578996419906616
296 0.41130658984184265
297 0.5942057967185974
298 0.6987948417663574
299 0.8712866306304932
300 0.6606525182723999
301 0.6549111008644104
302 0.5441393256187439
303 0.7564946413040161
304 0.4867795407772064
305 0.6243578195571899
306 0.7202381491661072
307 0.4871838092803955
308 0.7855543494224548
309 0.9986855983734131
310 0.8199252486228943
311 0.5280567407608032
312 0.9955991506576538
313 0.9084849953651428
314 0.8528589010238647
315 1.0544096231460571
316 1.1061311960220337
317 1.2864534854888916
318 1.1252214908599854
319 1.05520498752594
320 1.180415153503418
321 0.6157046556472778
322 0.6904014348983765
323 1.2961983680725098
324 1.3795108795166016
325 1.892459511756897
326 1.2308332920074463
327 1.2498807907104492
328 1.7771588563919067
329 1.4727894067764282
330 1.8148959875106812
331 0.7738778591156006
332 0.45611098408699036
333 0.8188772797584534
334 0.8574984669685364
335 0.8436552882194519
336 1.2625291347503662
337 1.3548976182937622
338 1.2114299535751343
339 1.3184819221496582
340 1.7923429012298584
341 1.2954061031341553
342 1.1433689594268799
343 1.76462984085083
344 1.4135727882385254
345 0.7624025344848633
346 1.1001832485198975
347 0.9876882433891296
348 0.7118963599205017
349 0.868388831615448
350 0.8619785904884338
351 1.2115979194641113
352 1.3913209438323975
353 1.5692261457443237
354 1.4813364744186401
355 1.4502923488616943
356 1.366154432296753
357 1.382682204246521
358 1.5312505960464478
359 1.147965669631958
360 1.5590558052062988
361 1.0511674880981445
362 1.073999285697937
363 1.2439630031585693
364 1.5842095613479614
365 1.301391839981079
366 1.0268515348434448
367 0.8803774118423462
368 1.0480154752731323
369 0.8695828914642334
370 0.8933654427528381
371 0.589345395565033
372 0.7679497003555298
373 0.6884042620658875
374 0.7173608541488647
375 0.7648963928222656
376 0.8191919326782227
377 0.9093703627586365
378 0.8886611461639404
379 0.8049907088279724
380 0.7800945043563843
381 0.8284220099449158
382 0.6734153032302856
383 0.8661705255508423
384 0.6595625877380371
385 0.9575803875923157
386 1.034868836402893
387 1.455453872680664
388 1.1314836740493774
389 0.9767572283744812
390 1.1809369325637817
391 1.3243991136550903
392 1.2898473739624023
393 1.4192899465560913
394 1.393908143043518
395 1.112060785293579
396 0.8081130385398865
397 0.5053511261940002
398 0.6987228989601135
399 1.0498253107070923
400 0.837881863117218
401 0.9565399885177612
402 1.4670042991638184
403 1.9400815963745117
404 1.3666410446166992
405 1.4405686855316162
406 0.9233412742614746
407 1.228056788444519
408 1.3796727657318115
409 1.0644176006317139
410 1.4766206741333008
411 2.0336878299713135
412 1.1371045112609863
413 1.451904296875
414 1.6441411972045898
415 1.8277738094329834
416 2.067230224609375
417 1.9714235067367554
418 1.8929730653762817
419 2.188131093978882
420 1.8830281496047974
421 1.6304757595062256
422 1.892198085784912
423 1.8300342559814453
424 2.09393572807312
425 1.8241671323776245
426 1.607161045074463
427 1.7923427820205688
428 1.7465054988861084
429 1.9070584774017334
430 1.7965575456619263
431 1.6096856594085693
432 1.5942058563232422
433 1.5453187227249146
434 1.8604575395584106
435 1.822483777999878
436 1.8207870721817017
437 1.957081913948059
438 1.474666714668274
439 1.7052466869354248
440 2.1319849491119385
441 1.6106348037719727
442 1.7263623476028442
443 2.1764492988586426
444 2.036543130874634
445 1.6515413522720337
446 1.5947904586791992
447 1.8333649635314941
448 2.361964702606201
449 2.1019864082336426
450 1.7867933511734009
451 1.48451828956604
452 1.4040110111236572
453 1.6326789855957031
454 1.4887033700942993
455 1.6263335943222046
456 2.2146589756011963
457 2.0858519077301025
458 2.105128049850464
459 2.0289089679718018
460 2.0355794429779053
461 1.9316633939743042
462 1.9542521238327026
463 2.454730272293091
464 1.6861432790756226
465 2.0231211185455322
466 1.9265238046646118
467 2.5270276069641113
468 2.259705066680908
469 2.089703321456909
470 2.08180570602417
471 1.9904992580413818
472 1.5535451173782349
473 2.070484161376953
474 2.0582478046417236
475 1.847753882408142
476 1.7406623363494873
477 2.473464250564575
478 2.257500648498535
479 2.111605644226074
480 2.1973676681518555
481 2.1587588787078857
482 1.9066647291183472
483 2.0327980518341064
484 2.1650490760803223
485 2.1659388542175293
486 1.5366239547729492
487 0.9492267966270447
488 0.6683622002601624
489 0.9152422547340393
490 0.7918297052383423
491 1.0540169477462769
492 1.2685259580612183
493 1.367582082748413
494 0.939703106880188
495 0.9552700519561768
496 1.1694133281707764
497 0.9366564154624939
498 1.2938424348831177
499 1.5441069602966309
500 1.3290438652038574
501 1.7848074436187744
502 1.4632081985473633
503 1.5921911001205444
504 1.2578333616256714
505 0.9641258716583252
506 1.5591658353805542
507 1.1530482769012451
508 1.1496199369430542
509 1.389814853668213
510 1.085893154144287
511 1.5156545639038086
512 1.5129934549331665
513 0.9876876473426819
514 0.9335242509841919
515 1.1355499029159546
516 0.8167160153388977
517 0.9413512349128723
518 0.5920476913452148
519 0.59030681848526
520 1.1312079429626465
521 0.5742363929748535
522 1.0471584796905518
523 1.5713838338851929
524 1.4739824533462524
525 1.8619177341461182
526 1.4448763132095337
527 1.5173922777175903
528 0.8746366500854492
529 1.051503300666809
530 1.7700399160385132
531 1.146428108215332
532 1.0163559913635254
533 0.8084432482719421
534 0.5804004073143005
535 0.5290178656578064
536 0.5983263254165649
537 0.5550015568733215
538 0.8637956380844116
539 0.885719358921051
540 0.8368362784385681
541 1.2371786832809448
542 1.4498255252838135
543 1.2369004487991333
544 0.8753668665885925
545 0.7122375965118408
546 0.7311971187591553
547 0.7385783195495605
548 0.7742457389831543
549 1.25203275680542
550 1.0366226434707642
551 0.8646532893180847
552 0.6459929347038269
553 1.3642098903656006
554 1.0753101110458374
555 0.9866671562194824
556 1.1593053340911865
557 1.166365385055542
558 1.0179909467697144
559 1.0229572057724
560 1.1283565759658813
561 0.9611257314682007
562 1.0822535753250122
563 0.7592817544937134
564 0.6290047764778137
565 0.9760685563087463
566 0.7214182615280151
567 0.803693413734436
568 0.9131741523742676
569 0.7786039710044861
570 1.1305348873138428
571 1.083769679069519
572 1.065378189086914
573 1.3789746761322021
574 0.6563822031021118
575 0.671087384223938
576 0.5993131995201111
577 0.9898223876953125
578 0.5596224069595337
579 0.9167019128799438
580 0.9314366579055786
581 1.0756453275680542
582 1.5320297479629517
583 1.8327672481536865
584 1.421448826789856
585 1.4752947092056274
586 1.5479332208633423
587 0.9621883034706116
588 1.2331072092056274
589 1.6620053052902222
590 1.20192551612854
591 1.1369645595550537
592 0.9982607364654541
593 0.9064363241195679
594 1.0085532665252686
595 1.61944580078125
596 1.784678339958191
597 1.153822898864746
598 1.5972543954849243
599 0.9131638407707214
600 0.9625844955444336
601 1.0683393478393555
602 0.8983315229415894
603 1.7757508754730225
604 1.1682934761047363
605 1.1489763259887695
606 0.9879831075668335
607 1.0479114055633545
608 1.2911999225616455
609 1.3860234022140503
610 1.0078725814819336
611 1.7115994691848755
612 1.337127685546875
613 1.0440545082092285
614 1.2366150617599487
615 1.0023279190063477
616 1.1214004755020142
617 0.715321958065033
618 0.5346947908401489
619 0.559202253818512
620 0.41517582535743713
621 0.2801843285560608
622 0.6461408138275146
623 0.7151575684547424
624 1.199021816253662
625 0.9595404267311096
626 0.8515768647193909
627 1.1891392469406128
628 0.7199779748916626
629 0.7231791019439697
630 0.5278919339179993
631 0.5857638716697693
632 0.7959224581718445
633 0.7116089463233948
634 0.6638887524604797
635 0.6842452883720398
636 0.493394136428833
637 1.0030888319015503
638 0.7633811235427856
639 0.6191835403442383
640 0.6264669299125671
641 0.43610242009162903
642 0.7309274077415466
643 0.9199720621109009
644 0.5896753072738647
645 0.4260188639163971
646 0.9899569153785706
647 1.1912672519683838
648 1.5487709045410156
649 1.7676388025283813
650 1.975442886352539
651 1.9128824472427368
652 2.5461442470550537
653 2.439208984375
654 2.3875348567962646
655 2.0242600440979004
656 1.91856050491333
657 1.9989540576934814
658 1.9739621877670288
659 1.850496530532837
660 0.8246532082557678
661 0.5936944484710693
662 0.7975255250930786
663 0.9472101926803589
664 0.7679725885391235
665 1.1458548307418823
666 1.1333651542663574
667 0.9581183791160583
668 1.0264256000518799
669 1.3917547464370728
670 1.5505844354629517
671 2.1614043712615967
672 1.860840916633606
673 1.908642053604126
674 1.9029170274734497
675 1.3219975233078003
676 1.5016790628433228
677 1.0803475379943848
678 0.9765552282333374
679 0.8873557448387146
680 1.719660758972168
681 0.9515570998191833
682 0.7412668466567993
683 0.5668606758117676
684 0.6460713744163513
685 0.8836622834205627
686 0.6458073258399963
687 0.5191587805747986
688 0.7836076021194458
689 0.7140398621559143
690 0.7183821201324463
691 0.775776207447052
692 0.6911831498146057
693 0.4474474787712097
694 0.686251163482666
695 0.893545389175415
696 0.8267940878868103
697 0.9280735850334167
698 0.846868097782135
699 0.6839748024940491
700 0.8441983461380005
701 0.879919171333313
702 1.0137882232666016
703 0.9731544256210327
704 1.0044376850128174
705 0.8809880018234253
706 1.220893383026123
707 1.2084749937057495
708 1.2046291828155518
709 1.6968106031417847
710 1.7054626941680908
711 1.1216661930084229
712 1.798221230506897
713 1.900640606880188
714 1.264965534210205
715 1.777422547340393
716 1.3530287742614746
717 1.1087690591812134
718 1.9491231441497803
719 2.0520429611206055
720 1.7749168872833252
721 1.3372553586959839
722 2.075951099395752
723 2.2541959285736084
724 1.4140357971191406
725 1.2167179584503174
726 1.1481207609176636
727 1.5018329620361328
728 1.6186752319335938
729 1.6964572668075562
730 1.785508155822754
731 1.7934045791625977
732 1.552278995513916
733 1.258870005607605
734 1.9696599245071411
735 1.9131276607513428
736 1.6487157344818115
737 1.659385085105896
738 1.224753975868225
739 1.9092038869857788
740 1.9807630777359009
741 2.151371955871582
742 2.002659797668457
743 2.218301296234131
744 2.3454415798187256
745 1.5962071418762207
746 2.192622184753418
747 1.7309452295303345
748 2.0793988704681396
749 2.4416894912719727
750 2.5865612030029297
751 1.7988935708999634
752 1.9157309532165527
753 1.9975146055221558
754 1.5962055921554565
755 2.2347304821014404
756 2.3123464584350586
757 2.49357008934021
758 1.971922516822815
759 2.2372169494628906
760 1.9985308647155762
761 1.717437982559204
762 1.8528494834899902
763 1.9203451871871948
764 1.7193739414215088
765 1.8538436889648438
766 1.9619097709655762
767 1.5898839235305786
768 1.3941317796707153
769 1.5633518695831299
770 1.715869665145874
771 1.8057771921157837
772 1.4987703561782837
773 2.190772533416748
774 1.9478580951690674
775 1.8128987550735474
776 1.9350829124450684
777 1.8456447124481201
778 1.5927419662475586
779 1.6456830501556396
780 1.819580078125
781 1.1955630779266357
782 1.5850220918655396
783 1.0833163261413574
784 0.9359453916549683
785 1.2834056615829468
786 1.7731959819793701
787 2.371744394302368
788 1.6855193376541138
789 1.576093316078186
790 1.3545790910720825
791 0.9966428875923157
792 1.4881478548049927
793 1.7868778705596924
794 1.6528500318527222
795 1.942531704902649
796 1.856882095336914
797 2.1620795726776123
798 1.541711688041687
799 2.1571576595306396
800 1.7274662256240845
801 1.8564066886901855
802 1.387211561203003
803 1.767606496810913
804 1.6513301134109497
805 1.619305968284607
806 1.212650179862976
807 1.0551429986953735
808 1.3317315578460693
809 1.1582621335983276
810 1.2189218997955322
811 1.5179626941680908
812 1.2477294206619263
813 1.695765733718872
814 2.1016626358032227
815 2.2599284648895264
816 2.056509256362915
817 1.9249978065490723
818 2.295203924179077
819 2.016299247741699
820 1.912475347518921
821 2.1731529235839844
822 2.093923807144165
823 1.9639756679534912
824 2.0428178310394287
825 2.069091558456421
826 1.2013458013534546
827 1.098926067352295
828 1.4504032135009766
829 1.685434103012085
830 2.133463144302368
831 2.2816529273986816
832 1.8605877161026
833 1.6512045860290527
834 1.2735737562179565
835 1.6072911024093628
836 1.9675654172897339
837 1.9070807695388794
838 1.7894551753997803
839 2.1377835273742676
840 2.0727710723876953
841 2.160935163497925
842 2.1286911964416504
843 2.0101945400238037
844 2.3122687339782715
845 1.933160424232483
846 1.4545316696166992
847 1.232558012008667
848 0.8803430795669556
849 0.8815585374832153
850 0.7363541722297668
851 0.6931915283203125
852 1.0043329000473022
853 1.0947778224945068
854 1.277418851852417
855 1.2791173458099365
856 1.3409031629562378
857 1.5824720859527588
858 1.3689032793045044
859 1.4646081924438477
860 1.299307107925415
861 1.2402808666229248
862 1.2672611474990845
863 1.1945308446884155
864 1.1038018465042114
865 1.309609055519104
866 0.9459832906723022
867 1.1737457513809204
868 0.8791725039482117
869 1.3570709228515625
870 1.302129864692688
871 1.2009401321411133
872 0.7221198678016663
873 0.7725611925125122
874 1.070428490638733
875 1.000168800354004
876 1.0314439535140991
877 0.5878139138221741
878 0.9582038521766663
879 0.8798822164535522
880 1.0427716970443726
881 0.7455796003341675
882 0.7622246742248535
883 0.8763824701309204
884 1.0285673141479492
885 0.9959473013877869
886 0.8901373744010925
887 0.9031272530555725
888 1.1255661249160767
889 0.9822298884391785
890 1.1512738466262817
891 0.9710252285003662
892 0.7829118371009827
893 0.8848114609718323
894 0.9897806644439697
895 1.0542100667953491
896 0.845104455947876
897 0.8877876400947571
898 0.8053627014160156
899 0.7487233281135559
900 1.1714401245117188
901 0.3771061599254608
902 0.8979217410087585
903 0.8534748554229736
904 0.677578330039978
905 0.72518390417099
906 0.7164430022239685
907 0.6892409324645996
908 0.9966208934783936
909 0.482166588306427
910 0.570311427116394
911 0.5603022575378418
912 0.6849545240402222
913 0.9477230906486511
914 0.5444057583808899
915 0.6869274973869324
916 0.7202777862548828
917 0.8781998753547668
918 1.0703791379928589
919 0.8937721848487854
920 0.8259430527687073
921 1.1382895708084106
922 1.2605550289154053
923 0.6207615733146667
924 0.8491821885108948
925 0.7356125116348267
926 0.758978009223938
927 0.8356127738952637
928 0.6483507752418518
929 0.5184640288352966
930 0.5306550860404968
931 0.6530286073684692
932 0.41711828112602234
933 0.9048011898994446
934 0.6507795453071594
935 0.7361777424812317
936 0.6791732311248779
937 0.7831243276596069
938 0.6483514308929443
939 0.6677886247634888
940 0.8701815009117126
941 0.5994190573692322
942 0.7547005414962769
943 0.6396237015724182
944 1.1234239339828491
945 0.6906805634498596
946 0.7306221723556519
947 0.3701363801956177
948 0.5738824605941772
949 0.5201544761657715
950 0.9743378758430481
951 0.8829996585845947
952 0.8750689625740051
953 0.6163533329963684
954 0.9142436981201172
955 0.7699369788169861
956 0.5129055380821228
957 0.9882446527481079
958 0.7485660314559937
959 1.0493489503860474
960 0.62434983253479
961 0.8782035112380981
962 0.864188551902771
963 1.0706787109375
964 0.9328298568725586
965 0.7149075269699097
966 1.000940203666687
967 1.3324946165084839
968 1.1693686246871948
969 1.12429678440094
970 0.8936154246330261
971 1.3935378789901733
972 1.4271410703659058
973 1.136002779006958
974 1.622972011566162
975 1.5332615375518799
976 1.3843257427215576
977 1.3980729579925537
978 1.281806230545044
979 1.5091907978057861
980 0.8045432567596436
981 0.6784915924072266
982 1.1144951581954956
983 0.77049320936203
984 1.3951342105865479
985 1.3177653551101685
986 1.3198504447937012
987 1.0032070875167847
988 1.4164716005325317
989 1.6292251348495483
990 1.5786006450653076
991 1.314652681350708
992 1.4803333282470703
993 1.2345662117004395
994 0.9520711302757263
995 1.0083342790603638
996 1.2875289916992188
997 1.5067510604858398
998 0.920434296131134
999 1.1482253074645996
1000 1.8964440822601318
1001 1.6828720569610596
1002 1.478744626045227
1003 1.2678968906402588
1004 1.5564336776733398
1005 1.1650428771972656
1006 1.2216858863830566
1007 0.6971529126167297
1008 0.8234758377075195
1009 0.6362102627754211
1010 1.0807002782821655
1011 1.3324908018112183
1012 0.9260788559913635
1013 0.672855019569397
1014 0.8580055832862854
1015 1.4697144031524658
1016 1.344022512435913
1017 1.521278738975525
1018 1.5913134813308716
1019 1.5277010202407837
1020 1.7398478984832764
1021 1.4607822895050049
1022 1.455042839050293
1023 1.0496090650558472
1024 0.9339947700500488
1025 1.1214772462844849
1026 1.3442275524139404
1027 1.24077308177948
1028 1.1034168004989624
1029 1.1501219272613525
1030 1.3077276945114136
1031 1.2129184007644653
1032 1.293362021446228
1033 0.8896926045417786
1034 1.0352624654769897
1035 0.9705736637115479
1036 1.1558510065078735
1037 1.273708462715149
1038 1.6334258317947388
1039 1.741532325744629
1040 1.2556045055389404
1041 1.6755415201187134
1042 1.2473162412643433
1043 1.4990787506103516
1044 1.522412896156311
1045 1.3145729303359985
1046 1.520692229270935
1047 1.5172958374023438
1048 1.860840916633606
1049 1.5744463205337524
1050 1.6674761772155762
1051 1.9266778230667114
1052 2.0418007373809814
1053 1.745780110359192
1054 2.122720241546631
1055 2.027902364730835
1056 1.2852572202682495
1057 1.7798006534576416
1058 1.9141968488693237
1059 1.967437982559204
1060 2.1783339977264404
1061 2.2243564128875732
1062 2.2502665519714355
1063 1.8576194047927856
1064 1.2707947492599487
1065 1.1928114891052246
1066 1.3163514137268066
1067 1.3653717041015625
1068 1.3033490180969238
1069 1.5510138273239136
1070 1.3988425731658936
1071 0.9155966639518738
1072 0.8651175498962402
1073 1.1534994840621948
1074 0.7781904935836792
1075 0.8445078730583191
1076 1.0072468519210815
1077 1.3540931940078735
1078 0.91828453540802
1079 0.45277953147888184
1080 1.0320264101028442
1081 0.8352866172790527
1082 0.9800817370414734
1083 1.4019604921340942
1084 1.0940650701522827
1085 0.5586807727813721
1086 0.516338050365448
1087 0.8974021673202515
1088 1.3517184257507324
1089 0.44473132491111755
1090 1.1518303155899048
1091 0.5783454775810242
1092 0.6952847838401794
1093 0.796493649482727
1094 0.7493219971656799
1095 0.7148802876472473
1096 0.8977723121643066
1097 1.0139756202697754
1098 0.8785933256149292
1099 0.9777572751045227
1100 1.0191792249679565
1101 1.5878092050552368
1102 1.2514604330062866
1103 1.3147921562194824
1104 1.2808432579040527
1105 0.8315224051475525
1106 1.0902912616729736
1107 0.7736295461654663
1108 1.0480549335479736
1109 1.0637154579162598
1110 1.4813860654830933
1111 0.948955237865448
1112 1.2358193397521973
1113 1.501292109489441
1114 1.667906403541565
1115 1.5588324069976807
1116 1.3618721961975098
1117 1.2729932069778442
1118 1.6881103515625
1119 1.5728541612625122
1120 1.5997267961502075
1121 1.174432396888733
1122 1.3119521141052246
1123 1.3441448211669922
1124 1.1946260929107666
1125 1.1202460527420044
1126 1.5736888647079468
1127 1.3018754720687866
1128 1.5307872295379639
1129 1.7398556470870972
1130 1.4333478212356567
1131 1.8417319059371948
1132 1.2092034816741943
1133 1.2670072317123413
1134 1.3676644563674927
1135 1.1493682861328125
1136 1.6832672357559204
1137 1.1057274341583252
1138 1.1971720457077026
1139 1.6064984798431396
1140 1.492376446723938
1141 1.7549138069152832
1142 1.7211047410964966
1143 1.9304474592208862
1144 1.364263892173767
1145 1.3018356561660767
1146 1.352571725845337
1147 1.6412291526794434
1148 1.4214823246002197
1149 1.2258919477462769
1150 1.4090385437011719
1151 1.2654224634170532
1152 1.0162056684494019
1153 1.0792371034622192
1154 1.2570101022720337
1155 1.2950547933578491
1156 1.735743522644043
1157 1.9454336166381836
1158 1.987949252128601
1159 1.9738284349441528
1160 2.0445339679718018
1161 1.6324248313903809
1162 1.9737277030944824
1163 1.798519492149353
1164 1.4682226181030273
1165 1.5943577289581299
1166 1.414886474609375
1167 1.062071442604065
1168 1.507597804069519
1169 1.560782551765442
1170 1.5655893087387085
1171 1.6987894773483276
1172 1.2362765073776245
1173 0.8632163405418396
1174 1.1910059452056885
1175 1.5738043785095215
1176 1.5127897262573242
1177 1.4147233963012695
1178 1.191028356552124
1179 1.112135887145996
1180 1.0659260749816895
1181 0.9170550107955933
1182 1.3254445791244507
1183 1.593403935432434
1184 1.6308974027633667
1185 1.8192695379257202
1186 1.524817705154419
1187 1.488052487373352
1188 1.3745605945587158
1189 1.6940972805023193
1190 1.3259378671646118
1191 1.2602102756500244
1192 1.3274331092834473
1193 1.538741111755371
1194 1.2084836959838867
1195 1.6208348274230957
1196 1.872086524963379
1197 1.5126692056655884
1198 1.181990623474121
1199 1.537576675415039
1200 1.3696101903915405
1201 1.0835338830947876
1202 1.8363194465637207
1203 1.3134734630584717
1204 1.1636921167373657
1205 1.1363146305084229
1206 1.4090044498443604
1207 1.1777186393737793
1208 1.4143774509429932
1209 1.5286223888397217
1210 1.603043556213379
1211 1.8267629146575928
1212 1.6814428567886353
1213 1.5601831674575806
1214 1.644209861755371
1215 1.8075326681137085
1216 1.571420669555664
1217 1.337197184562683
1218 0.9145711660385132
1219 1.3634212017059326
1220 1.5092847347259521
1221 1.3853936195373535
1222 1.188544511795044
1223 1.679645299911499
1224 1.6835110187530518
1225 1.7607170343399048
1226 1.4033682346343994
1227 1.6449916362762451
1228 1.5652786493301392
1229 1.8088438510894775
1230 1.4832040071487427
1231 1.4629271030426025
1232 1.670167326927185
1233 2.1822683811187744
1234 1.9898508787155151
1235 1.396083116531372
1236 1.5579184293746948
1237 1.8902785778045654
1238 1.869556188583374
1239 1.763782262802124
1240 1.814672827720642
1241 1.605205774307251
1242 2.0095198154449463
1243 1.852475881576538
1244 1.8216480016708374
1245 1.5752456188201904
1246 1.4402438402175903
1247 2.200169801712036
1248 1.638676643371582
1249 1.705619215965271
1250 1.5048370361328125
1251 1.3670121431350708
1252 1.4484899044036865
1253 1.532889723777771
1254 1.8328306674957275
1255 1.9752719402313232
1256 1.589608907699585
1257 1.7835332155227661
1258 1.810422420501709
1259 1.783611536026001
1260 2.07527232170105
1261 2.383335828781128
1262 2.3157315254211426
1263 2.0558669567108154
1264 1.8239142894744873
1265 2.0175743103027344
1266 1.5293787717819214
1267 1.8504360914230347
1268 1.6474502086639404
1269 1.7688065767288208
1270 1.8751384019851685
1271 1.885481834411621
1272 1.719984769821167
1273 1.9467055797576904
1274 1.8804742097854614
1275 1.859045147895813
1276 1.3388874530792236
1277 1.6833454370498657
1278 1.5344926118850708
1279 1.5242260694503784
1280 1.855122447013855
1281 1.8850297927856445
1282 1.5071830749511719
1283 1.6881786584854126
1284 2.045922040939331
1285 1.8953181505203247
1286 1.9131137132644653
1287 1.9576008319854736
1288 1.5691914558410645
1289 1.8184317350387573
1290 1.655243158340454
1291 1.6582990884780884
1292 2.325740337371826
1293 1.681520938873291
1294 1.1218894720077515
1295 1.3674609661102295
1296 1.4005519151687622
1297 2.1932947635650635
1298 1.977401614189148
1299 1.4594883918762207
1300 1.6126489639282227
1301 1.6126168966293335
1302 1.728063941001892
1303 1.8731069564819336
1304 1.262417197227478
1305 1.3667603731155396
1306 1.5483866930007935
1307 1.656990647315979
1308 2.02323317527771
1309 1.9435551166534424
1310 1.141135334968567
1311 1.2213877439498901
1312 1.4691334962844849
1313 1.6392089128494263
1314 1.6625109910964966
1315 1.570486307144165
1316 1.9863924980163574
1317 1.8954379558563232
1318 1.777133584022522
1319 1.7478277683258057
1320 1.4742838144302368
1321 1.5476293563842773
1322 1.5843528509140015
1323 1.1355949640274048
1324 1.4069561958312988
1325 1.3050482273101807
1326 1.454109787940979
1327 1.0489648580551147
1328 1.1881271600723267
1329 1.503429651260376
1330 1.1359524726867676
1331 1.5159493684768677
1332 1.4066537618637085
1333 0.608694314956665
1334 1.6330422163009644
1335 1.3519448041915894
1336 1.3442054986953735
1337 1.1106983423233032
1338 0.9599329233169556
1339 0.9099522233009338
1340 0.975939929485321
1341 1.21894109249115
1342 1.2669051885604858
1343 0.9955904483795166
1344 1.1452125310897827
1345 1.078191876411438
1346 0.8891592025756836
1347 1.2867058515548706
1348 1.3668469190597534
1349 1.0348459482192993
1350 1.1432493925094604
1351 1.3860690593719482
1352 0.903091549873352
1353 1.2921866178512573
1354 1.4327754974365234
1355 1.264138102531433
1356 1.197418212890625
1357 1.4615321159362793
1358 1.3330700397491455
1359 1.3602617979049683
1360 1.4742493629455566
1361 1.2090471982955933
1362 1.3593723773956299
1363 1.0293315649032593
1364 0.7641249895095825
1365 1.28256094455719
1366 1.1763399839401245
1367 1.23384690284729
1368 1.258225679397583
1369 1.0333524942398071
1370 1.079026460647583
1371 1.2075142860412598
1372 1.352607250213623
1373 1.197848916053772
1374 1.0598622560501099
1375 1.2019977569580078
1376 1.287950873374939
1377 1.375308632850647
1378 2.1183371543884277
1379 1.2255923748016357
1380 1.3709660768508911
1381 1.1853924989700317
1382 1.1263678073883057
1383 1.0081716775894165
1384 1.3217717409133911
1385 1.211609125137329
1386 1.2538015842437744
1387 1.219006896018982
1388 0.7439022660255432
1389 1.3528999090194702
1390 1.3408862352371216
1391 1.2691501379013062
1392 0.8950062990188599
1393 1.0006600618362427
1394 1.466304063796997
1395 0.7631824016571045
1396 0.9576205015182495
1397 0.806133508682251
1398 0.9031580686569214
1399 1.0959194898605347
1400 1.0938897132873535
1401 1.19834566116333
1402 1.3199224472045898
1403 1.3439319133758545
1404 1.3568085432052612
1405 1.0948448181152344
1406 1.2527039051055908
1407 1.2839902639389038
1408 1.4860516786575317
1409 1.833559513092041
1410 1.4378626346588135
1411 1.5843172073364258
1412 1.7471251487731934
1413 1.1574679613113403
1414 0.9166855216026306
1415 1.5169811248779297
1416 2.048142671585083
1417 1.5491658449172974
1418 1.981410264968872
1419 1.4574295282363892
1420 1.6235580444335938
1421 1.6442266702651978
1422 1.4579113721847534
1423 1.2630020380020142
1424 1.592748999595642
1425 1.529262661933899
1426 1.5904450416564941
1427 1.4561562538146973
1428 1.1630111932754517
1429 1.0730059146881104
1430 1.384341835975647
1431 1.2497564554214478
1432 1.1899685859680176
1433 1.5223047733306885
1434 1.3620561361312866
1435 1.2190274000167847
1436 1.4540133476257324
1437 0.982235312461853
1438 1.3584493398666382
1439 1.1694409847259521
1440 0.969325065612793
1441 1.1843301057815552
1442 0.8623459935188293
1443 1.0568491220474243
1444 1.1513644456863403
1445 1.1122632026672363
1446 1.2655647993087769
1447 1.2914096117019653
1448 1.5537196397781372
1449 1.681060791015625
1450 1.8646478652954102
1451 1.4153653383255005
1452 1.6408236026763916
1453 1.218755841255188
1454 1.6719610691070557
1455 1.392674446105957
1456 1.427984356880188
1457 1.0973469018936157
1458 0.8394894003868103
1459 1.316388487815857
1460 1.6483135223388672
1461 1.3895082473754883
1462 1.0669224262237549
1463 1.0227844715118408
1464 1.2847224473953247
1465 0.7798597812652588
1466 0.7402725219726563
1467 0.8931093811988831
1468 0.748013973236084
1469 0.8033170700073242
1470 0.8004054427146912
1471 0.8188178539276123
1472 0.9311382174491882
1473 1.2089056968688965
1474 0.9857068061828613
1475 1.1406316757202148
1476 0.8996545672416687
1477 1.1934956312179565
1478 1.0255520343780518
1479 1.039612889289856
1480 1.1904666423797607
1481 0.974330723285675
1482 0.8639182448387146
1483 1.0523794889450073
1484 1.096073031425476
1485 1.2127019166946411
1486 1.2244930267333984
1487 1.0972594022750854
1488 1.0304304361343384
1489 1.127600073814392
1490 0.9415732622146606
1491 1.1174511909484863
1492 0.8621745109558105
1493 1.1789145469665527
1494 1.0781577825546265
1495 0.8657948970794678
1496 1.0051178932189941
1497 0.9949111938476563
1498 0.4457615613937378
1499 1.058355450630188
1500 0.9718161821365356
1501 1.0291109085083008
1502 0.4825267195701599
1503 1.446547031402588
1504 1.1183686256408691
1505 0.7373257279396057
1506 0.9776136875152588
1507 1.0062764883041382
1508 1.0390828847885132
1509 1.0034948587417603
1510 1.143777847290039
1511 1.1108968257904053
1512 0.9323278069496155
1513 1.2525417804718018
1514 0.8767581582069397
1515 1.0298123359680176
1516 0.9600513577461243
1517 1.1832082271575928
1518 1.5095727443695068
1519 0.7866320610046387
1520 0.7972029447555542
1521 0.873600423336029
1522 1.329689860343933
1523 1.1554745435714722
1524 1.30332612991333
1525 1.5024075508117676
1526 1.3782542943954468
1527 1.3077380657196045
1528 0.8008715510368347
1529 1.3024982213974
1530 1.1684355735778809
1531 1.1370000839233398
1532 0.7944780588150024
1533 1.1684308052062988
1534 1.0903356075286865
1535 1.3846427202224731
1536 1.3538187742233276
1537 1.3867807388305664
1538 1.1623060703277588
1539 1.1009628772735596
1540 1.1903836727142334
1541 1.2160604000091553
1542 1.1968492269515991
1543 1.2768198251724243
1544 0.8867081999778748
1545 1.3574204444885254
1546 0.61020827293396
1547 1.0760481357574463
1548 0.7373135089874268
1549 0.8436355590820313
1550 0.8878440260887146
1551 1.1053329706192017
1552 1.1226319074630737
1553 1.0906416177749634
1554 0.8370687961578369
1555 0.8369283676147461
1556 1.107029676437378
1557 0.9207850098609924
1558 1.0850979089736938
1559 1.221803069114685
1560 0.7477929592132568
1561 0.942472517490387
1562 0.9071271419525146
1563 1.0589104890823364
1564 0.9236322641372681
1565 0.6375827789306641
1566 0.7520805597305298
1567 1.023298740386963
1568 0.9631638526916504
1569 1.0216295719146729
1570 0.9630600214004517
1571 0.7923829555511475
1572 0.7558535933494568
1573 1.2317782640457153
1574 1.2707772254943848
1575 1.0420464277267456
1576 1.0095579624176025
1577 1.4829010963439941
1578 1.0046608448028564
1579 0.8100363612174988
1580 1.165808916091919
1581 1.1091445684432983
1582 1.1865156888961792
1583 1.1892518997192383
1584 1.0772100687026978
1585 1.2299001216888428
1586 0.9753495454788208
1587 1.1449908018112183
1588 1.0913901329040527
1589 1.2209281921386719
1590 0.9479615688323975
1591 1.2753562927246094
1592 0.8137466311454773
1593 0.985408365726471
1594 1.0569380521774292
1595 1.0604944229125977
1596 0.9042454361915588
1597 0.9228370189666748
1598 0.8350090980529785
1599 0.6892445683479309
1600 1.1474369764328003
1601 1.0351980924606323
1602 0.9932544827461243
1603 1.0160619020462036
1604 1.2048096656799316
1605 1.1371816396713257
1606 0.995416522026062
1607 0.8773436546325684
1608 0.9634385108947754
1609 1.2422010898590088
1610 1.3374710083007813
1611 0.968252420425415
1612 1.184079885482788
1613 1.0149362087249756
1614 0.9909286499023438
1615 1.0786616802215576
1616 0.39989373087882996
1617 0.7904335856437683
1618 1.269290804862976
1619 0.8054737448692322
1620 1.2479373216629028
1621 0.8856622576713562
1622 1.0163966417312622
1623 0.7994515895843506
1624 0.806710422039032
1625 1.2240041494369507
1626 1.2696471214294434
1627 0.8092079758644104
1628 0.6558215022087097
1629 1.1256791353225708
1630 1.2479827404022217
1631 1.0535284280776978
1632 1.5260502099990845
1633 1.6503058671951294
1634 1.078518271446228
1635 1.2446850538253784
1636 1.5497204065322876
1637 0.5265522003173828
1638 0.781550943851471
1639 1.0295945405960083
1640 0.7914145588874817
1641 0.9295831322669983
1642 1.008885383605957
1643 1.0670015811920166
1644 0.8449126482009888
1645 1.0045324563980103
1646 1.1730170249938965
1647 0.777239978313446
1648 1.1718965768814087
1649 0.901589572429657
1650 0.992111325263977
1651 0.8002413511276245
1652 0.9943988919258118
1653 0.8415022492408752
1654 0.8023993372917175
1655 1.4308316707611084
1656 1.317926049232483
1657 1.707875370979309
1658 1.2432641983032227
1659 1.1545968055725098
1660 1.0771360397338867
1661 1.1830723285675049
1662 1.32260262966156
1663 0.8543263673782349
1664 0.9994894862174988
1665 1.312907099723816
1666 0.9623723030090332
1667 1.0711129903793335
1668 0.9543319344520569
1669 1.0773991346359253
1670 1.2929658889770508
1671 1.4179348945617676
1672 1.144411563873291
1673 1.3410526514053345
1674 1.4349480867385864
1675 1.5170987844467163
1676 0.9236648678779602
1677 1.185268759727478
1678 1.0974924564361572
1679 1.0836820602416992
1680 0.7196897268295288
1681 1.1529451608657837
1682 0.8675212860107422
1683 0.8031682372093201
1684 0.6400787830352783
1685 0.8409245610237122
1686 0.9137407541275024
1687 0.8111187815666199
1688 0.8528649806976318
1689 0.7672856450080872
1690 1.2903963327407837
1691 1.1688400506973267
1692 1.0531301498413086
1693 0.982150137424469
1694 0.8414663076400757
1695 0.628000020980835
1696 0.8967769742012024
1697 0.8466551303863525
1698 0.8105589151382446
1699 0.7825679779052734
1700 0.6982652544975281
1701 1.3494822978973389
1702 1.3455512523651123
1703 1.53873610496521
1704 1.3383898735046387
1705 0.8482567667961121
1706 0.8746671676635742
1707 1.0782219171524048
1708 0.9304618239402771
1709 1.1341586112976074
1710 1.0826308727264404
1711 1.1904606819152832
1712 1.5336304903030396
1713 1.1216555833816528
1714 1.5323566198349
1715 1.342383623123169
1716 1.297257661819458
1717 1.0624052286148071
1718 1.396816611289978
1719 0.987214207649231
1720 1.0655264854431152
1721 0.9908497929573059
1722 1.0177949666976929
1723 1.0953792333602905
1724 0.8184038996696472
1725 0.877811074256897
1726 0.8800885081291199
1727 0.8739176392555237
1728 0.9070498943328857
1729 1.0683462619781494
1730 0.9381350874900818
1731 0.9000639915466309
1732 0.9674075245857239
1733 0.9267272353172302
1734 0.99089515209198
1735 0.9464299082756042
1736 0.9467200636863708
1737 0.9238101243972778
1738 1.0711525678634644
1739 0.9270849227905273
1740 0.7603864073753357
1741 1.178785800933838
1742 0.8776534199714661
1743 1.0267127752304077
1744 0.9129937291145325
1745 1.4104104042053223
1746 0.9672383666038513
1747 1.1521745920181274
1748 0.8181790113449097
1749 0.5855761766433716
1750 1.2253508567810059
1751 1.5180283784866333
1752 1.3271682262420654
1753 1.2574517726898193
1754 1.1122452020645142
1755 0.8452951908111572
1756 1.5363125801086426
1757 1.1892125606536865
1758 1.178589940071106
1759 0.632241427898407
1760 1.0184742212295532
1761 0.869145393371582
1762 0.6815316081047058
1763 0.8405119776725769
1764 0.49808818101882935
1765 0.7405901551246643
1766 0.6718572378158569
1767 0.9663121700286865
1768 0.6619965434074402
1769 0.5885219573974609
1770 0.9642184376716614
1771 0.6510969400405884
1772 0.6789197325706482
1773 0.7088629007339478
1774 0.9804847836494446
1775 0.9435368180274963
1776 1.1685079336166382
1777 0.9261592626571655
1778 1.29652738571167
1779 1.5376707315444946
1780 1.0773450136184692
1781 1.0101431608200073
1782 1.5832654237747192
1783 1.1637712717056274
1784 1.6358312368392944
1785 1.081545352935791
1786 0.9850775003433228
1787 1.0333346128463745
1788 1.238250732421875
1789 1.3807731866836548
1790 1.4093693494796753
1791 1.0149694681167603
1792 1.4472556114196777
1793 1.0725812911987305
1794 0.9338344931602478
1795 1.0402166843414307
1796 0.9795569181442261
1797 1.1355592012405396
1798 1.2781661748886108
1799 0.9038236737251282
1800 0.7502797842025757
1801 1.0564699172973633
1802 0.9913641214370728
1803 1.1256707906723022
1804 1.2109147310256958
1805 0.939811646938324
1806 1.0073189735412598
1807 0.8927279114723206
1808 0.8502405881881714
1809 1.1485533714294434
1810 1.0672857761383057
1811 1.1284246444702148
1812 0.9319747686386108
1813 0.9555387496948242
1814 0.9145926833152771
1815 0.8061240911483765
1816 1.249283790588379
1817 1.1481907367706299
1818 1.297202229499817
1819 1.3543576002120972
1820 0.9291640520095825
1821 1.33708655834198
1822 1.483323097229004
1823 1.6947288513183594
1824 1.7088158130645752
1825 1.2404530048370361
1826 1.6515555381774902
1827 1.073490858078003
1828 1.093252182006836
1829 1.3346470594406128
1830 1.4548803567886353
1831 1.2200020551681519
1832 1.4196943044662476
1833 1.452233910560608
1834 1.5378634929656982
1835 1.0976675748825073
1836 0.9018270373344421
1837 0.9813551902770996
1838 1.0026576519012451
1839 1.6040300130844116
1840 1.4586985111236572
1841 1.2459700107574463
1842 1.0022177696228027
1843 0.8782902956008911
1844 0.9462416768074036
1845 1.236966609954834
1846 1.2004146575927734
1847 1.289258599281311
1848 0.9681990146636963
1849 1.5592609643936157
1850 1.3209850788116455
1851 0.9640375375747681
1852 1.0950945615768433
1853 1.0778050422668457
1854 1.0500844717025757
1855 0.8650856614112854
1856 0.9967214465141296
1857 1.0866484642028809
1858 1.094355821609497
1859 1.5064120292663574
1860 1.429197907447815
1861 0.9079383015632629
1862 0.9748016595840454
1863 0.7095327377319336
1864 1.1087924242019653
1865 0.8785740733146667
1866 0.8531096577644348
1867 1.0031909942626953
1868 1.0538461208343506
1869 0.7582938075065613
1870 0.944805383682251
1871 1.3232319355010986
1872 1.2690707445144653
1873 1.4049628973007202
1874 1.237345576286316
1875 1.3100095987319946
1876 1.2739938497543335
1877 1.200317144393921
1878 1.250239372253418
1879 1.2538288831710815
1880 1.3799105882644653
1881 1.3479028940200806
1882 1.284496545791626
1883 1.3218282461166382
1884 1.2880533933639526
1885 1.1425529718399048
1886 1.3207350969314575
1887 1.0908644199371338
1888 1.0137763023376465
1889 1.297640323638916
1890 1.3913949728012085
1891 1.721752405166626
1892 1.2012361288070679
1893 1.6124391555786133
1894 1.3598103523254395
1895 1.9160822629928589
1896 1.8952562808990479
1897 1.5069167613983154
1898 1.4793205261230469
1899 1.0678545236587524
1900 0.9181681871414185
1901 0.9584298133850098
1902 0.8174313902854919
1903 1.0289247035980225
1904 0.9887263178825378
1905 1.2583752870559692
1906 1.0344266891479492
1907 0.8813281655311584
1908 1.1503559350967407
1909 0.9952182173728943
1910 0.8557475805282593
1911 0.9708803296089172
1912 0.9445553421974182
1913 0.922073483467102
1914 1.134456992149353
1915 1.1002249717712402
1916 0.6645321249961853
1917 0.9883022904396057
1918 0.8844218254089355
1919 0.8640151619911194
1920 1.1712523698806763
1921 1.0296045541763306
1922 0.8768311738967896
1923 1.0492088794708252
1924 1.383345127105713
1925 1.0190258026123047
1926 1.1182845830917358
1927 1.3106162548065186
1928 1.2753734588623047
1929 1.2464396953582764
1930 1.1672686338424683
1931 0.9280968904495239
1932 0.8544260263442993
1933 0.9792661070823669
1934 1.125200629234314
1935 0.8841289281845093
1936 0.8569210171699524
1937 1.2880237102508545
1938 1.1110385656356812
1939 1.1369963884353638
1940 1.0471429824829102
1941 1.070104718208313
1942 1.1648738384246826
1943 1.237058401107788
1944 1.0872118473052979
1945 0.9350287318229675
1946 1.0680829286575317
1947 1.087232232093811
1948 0.7949204444885254
1949 0.9569455981254578
1950 0.980712354183197
1951 1.388921856880188
1952 1.3421039581298828
1953 0.773077130317688
1954 0.9950172305107117
1955 0.9789467453956604
1956 0.9588575959205627
1957 0.716364324092865
1958 1.1786671876907349
1959 0.8741816878318787
1960 0.9207617044448853
1961 1.2019720077514648
1962 1.1970019340515137
1963 1.0375936031341553
1964 1.2446627616882324
1965 1.7588282823562622
1966 1.6937154531478882
1967 1.4924089908599854
1968 1.5179369449615479
1969 1.6494675874710083
1970 1.7028251886367798
1971 1.7382246255874634
1972 1.2607280015945435
1973 1.0400956869125366
1974 1.3630667924880981
1975 1.6411410570144653
1976 1.4731396436691284
1977 1.1618812084197998
1978 1.2185890674591064
1979 1.2163676023483276
1980 1.2442301511764526
1981 1.1164158582687378
1982 1.488322138786316
1983 1.2688342332839966
1984 1.314652442932129
1985 1.2045042514801025
1986 1.0851762294769287
1987 1.5439305305480957
1988 1.2641538381576538
1989 1.3494999408721924
1990 1.2455401420593262
1991 1.2716333866119385
1992 1.5858122110366821
1993 1.4082608222961426
1994 1.2690980434417725
1995 1.0108098983764648
1996 1.448643445968628
1997 1.400047779083252
1998 1.6163480281829834
1999 1.2765610218048096
