0 0.0
1 1.0632344484329224
2 0.8408603072166443
3 1.0586951971054077
4 0.6313648819923401
5 0.4314522445201874
6 0.9182242155075073
7 0.832267165184021
8 0.5075575709342957
9 0.5917410850524902
10 0.5995786190032959
11 0.6076667308807373
12 0.894534170627594
13 1.1668846607208252
14 0.9158499836921692
15 0.8575717806816101
16 1.0819281339645386
17 0.7566099166870117
18 0.8403866291046143
19 1.0882140398025513
20 0.9543545842170715
21 1.0288190841674805
22 0.5866605043411255
23 0.49000465869903564
24 0.8598120808601379
25 0.96962571144104
26 0.9563157558441162
27 0.7466866374015808
28 0.8762979507446289
29 0.8785203099250793
30 0.8743732571601868
31 0.8211424350738525
32 0.6917695999145508
33 0.5465967059135437
34 0.7300480604171753
35 0.8463979959487915
36 1.1774624586105347
37 0.7683222889900208
38 0.6592712998390198
39 1.3184236288070679
40 0.715816080570221
41 1.1304426193237305
42 1.0153632164001465
43 1.0995795726776123
44 0.9485294818878174
45 0.7903422713279724
46 0.6875503063201904
47 0.8617212772369385
48 0.7903669476509094
49 0.8216694593429565
50 0.7531139850616455
51 0.9804936051368713
52 0.995612621307373
53 0.6989999413490295
54 1.08989679813385
55 1.221299171447754
56 1.1091458797454834
57 1.0520036220550537
58 1.2310130596160889
59 0.8134490251541138
60 0.7064663171768188
61 0.8428518176078796
62 0.6459935307502747
63 0.6341130137443542
64 0.7145915031433105
65 0.8059702515602112
66 0.5114444494247437
67 0.7083439230918884
68 0.916433572769165
69 0.9695849418640137
70 0.9198614358901978
71 0.9365109801292419
72 0.6935579180717468
73 0.7688996195793152
74 1.1634666919708252
75 0.8664841651916504
76 1.117997407913208
77 0.7357360124588013
78 0.7467782497406006
79 0.9987561702728271
80 1.0794293880462646
81 0.7548202872276306
82 0.9423097968101501
83 0.9100348949432373
84 0.9572630524635315
85 1.1966485977172852
86 1.0213871002197266
87 1.1288201808929443
88 1.1607502698898315
89 1.4057109355926514
90 1.331207513809204
91 1.2687287330627441
92 1.2414623498916626
93 1.0174075365066528
94 1.1397308111190796
95 1.4389619827270508
96 1.0452405214309692
97 0.8740832209587097
98 0.9803847670555115
99 1.0033926963806152
100 0.9967018365859985
101 0.7837309837341309
102 0.7515491843223572
103 0.7756916880607605
104 0.891185462474823
105 1.0256720781326294
106 0.8609591126441956
107 1.2671250104904175
108 1.0286426544189453
109 1.3682098388671875
110 1.2826528549194336
111 0.8262237906455994
112 0.8466251492500305
113 0.8795042634010315
114 1.0095927715301514
115 0.716396689414978
116 1.169211983680725
117 0.9736543893814087
118 0.8794219493865967
119 1.2401533126831055
120 1.1505260467529297
121 1.2223923206329346
122 0.9131278991699219
123 0.9280419945716858
124 1.1599552631378174
125 1.0124735832214355
126 0.8247864246368408
127 0.8999698758125305
128 0.9346946477890015
129 0.7977201342582703
130 0.9984151721000671
131 0.8953751921653748
132 1.0214378833770752
133 0.8120362162590027
134 0.9375683665275574
135 1.034804105758667
136 0.7280262112617493
137 1.092118740081787
138 1.0291380882263184
139 1.0752315521240234
140 1.469232439994812
141 0.9484089016914368
142 0.8425517082214355
143 1.2988777160644531
144 0.6933861970901489
145 0.9494041204452515
146 0.8354251980781555
147 0.9695119857788086
148 0.7567412853240967
149 0.7620366215705872
150 1.0536155700683594
151 0.7651200294494629
152 0.6630013585090637
153 0.8606129288673401
154 0.8711904883384705
155 1.0465672016143799
156 0.841264545917511
157 0.9615324139595032
158 0.7807902693748474
159 0.7188116312026978
160 0.6198868155479431
161 0.7664016485214233
162 1.2832351922988892
163 1.2231897115707397
164 1.1165173053741455
165 1.0044622421264648
166 0.8330662846565247
167 0.9584317207336426
168 0.994570791721344
169 1.2038750648498535
170 1.1227359771728516
171 1.4950162172317505
172 1.3376123905181885
173 1.1062257289886475
174 1.0144118070602417
175 0.9098091125488281
176 0.6855940818786621
177 0.876576840877533
178 1.2479954957962036
179 1.1193650960922241
180 1.2272908687591553
181 1.4860436916351318
182 0.9878839254379272
183 1.2561620473861694
184 1.8317921161651611
185 1.4177577495574951
186 1.4508239030838013
187 0.9498894214630127
188 1.321259617805481
189 1.681770920753479
190 1.4699455499649048
191 1.5204797983169556
192 1.4034991264343262
193 1.6261974573135376
194 0.8238148093223572
195 1.217389464378357
196 1.7358148097991943
197 1.3596611022949219
198 1.493628978729248
199 1.7824832201004028
200 1.2377309799194336
201 1.1605876684188843
202 1.1831947565078735
203 1.1468114852905273
204 1.404565691947937
205 1.0184712409973145
206 0.8562145829200745
207 1.1148427724838257
208 1.1913057565689087
209 1.315825343132019
210 1.2866308689117432
211 1.1423231363296509
212 0.938600480556488
213 1.0215479135513306
214 1.2643272876739502
215 1.036864161491394
216 1.2026960849761963
217 1.0747458934783936
218 0.7612255811691284
219 0.6059322953224182
220 0.936206042766571
221 1.2064212560653687
222 0.8002612590789795
223 0.849335789680481
224 0.9689077138900757
225 0.9810857772827148
226 1.0301388502120972
227 0.9990290999412537
228 0.9313244819641113
229 0.9734112024307251
230 0.9470654726028442
231 1.2106889486312866
232 0.9237351417541504
233 0.8953466415405273
234 0.6953287720680237
235 0.6733676195144653
236 0.6729531288146973
237 0.7985597252845764
238 1.3516130447387695
239 1.002817988395691
240 0.973095715045929
241 0.9050052762031555
242 1.028671145439148
243 1.0018024444580078
244 0.8892916440963745
245 1.0327636003494263
246 1.2445086240768433
247 1.1022958755493164
248 1.1607880592346191
249 1.0297070741653442
250 0.8504423499107361
251 1.0570944547653198
252 0.8866129517555237
253 0.8067470788955688
254 1.0412280559539795
255 0.7575076222419739
256 1.1575435400009155
257 0.9230293035507202
258 0.8262752294540405
259 1.1042332649230957
260 1.3685777187347412
261 1.2441819906234741
262 1.0053162574768066
263 1.1487115621566772
264 1.3510582447052002
265 1.2406872510910034
266 1.227577567100525
267 1.1321033239364624
268 1.4679251909255981
269 1.3738436698913574
270 1.2917773723602295
271 1.0607986450195313
272 1.1602939367294312
273 1.2123454809188843
274 1.2084494829177856
275 0.9218540191650391
276 0.9606419205665588
277 0.7085403203964233
278 0.8279519081115723
279 0.7985231280326843
280 0.7752764821052551
281 0.75471031665802
282 0.8014798164367676
283 0.7358514070510864
284 0.9075078368186951
285 0.8641842603683472
286 0.6506127119064331
287 0.8875141739845276
288 0.984555184841156
289 1.004665493965149
290 0.8870741128921509
291 1.0387717485427856
292 1.3642610311508179
293 1.023561954498291
294 0.8907611966133118
295 0.8816372752189636
296 0.9816538095474243
297 0.8677982091903687
298 0.9772670865058899
299 0.9275721907615662
300 1.0281022787094116
301 0.7365536689758301
302 0.9033487439155579
303 1.0730711221694946
304 0.9656942486763
305 0.8478188514709473
306 1.0715534687042236
307 1.4208316802978516
308 0.9701696634292603
309 0.7734150290489197
310 1.370006799697876
311 1.4366629123687744
312 1.6261593103408813
313 1.0856095552444458
314 1.128110647201538
315 1.545042872428894
316 1.3031669855117798
317 1.4368715286254883
318 1.0672211647033691
319 1.1194766759872437
320 1.1310871839523315
321 1.2117267847061157
322 0.9773452281951904
323 1.278571367263794
324 1.211320161819458
325 1.1936036348342896
326 1.471433162689209
327 1.0802996158599854
328 1.079185128211975
329 1.10023033618927
330 0.8882194757461548
331 0.8225740194320679
332 0.9922442436218262
333 1.150230050086975
334 0.8371320962905884
335 1.014940857887268
336 0.8860769271850586
337 0.9132574796676636
338 0.7324833273887634
339 0.9057947397232056
340 1.1090285778045654
341 0.9922757744789124
342 1.2839131355285645
343 0.9962362051010132
344 1.2736161947250366
345 1.1557949781417847
346 0.9753368496894836
347 0.8760406374931335
348 1.1547573804855347
349 0.9800440073013306
350 1.0602127313613892
351 1.3207974433898926
352 0.9724081754684448
353 1.1077189445495605
354 1.1228660345077515
355 1.1393002271652222
356 0.8715621829032898
357 1.2281523942947388
358 1.2809927463531494
359 1.4472099542617798
360 1.2644342184066772
361 1.6766905784606934
362 0.8420050144195557
363 1.2878133058547974
364 1.642863392829895
365 1.3816379308700562
366 0.9843257069587708
367 1.5330928564071655
368 0.8861834406852722
369 1.249955654144287
370 1.2881585359573364
371 1.0937511920928955
372 1.1989037990570068
373 1.4762481451034546
374 1.288677453994751
375 1.5218967199325562
376 1.1278421878814697
377 1.9038130044937134
378 1.590283989906311
379 1.4516428709030151
380 1.2046194076538086
381 1.3820147514343262
382 1.3409475088119507
383 0.9849273562431335
384 1.140027403831482
385 0.9281657934188843
386 1.4499672651290894
387 1.4670495986938477
388 1.258041501045227
389 1.21462881565094
390 1.0866656303405762
391 0.9872758984565735
392 1.029422402381897
393 1.1521800756454468
394 1.5284903049468994
395 1.1523115634918213
396 0.8638752102851868
397 1.2049384117126465
398 1.3049856424331665
399 1.3812289237976074
400 1.4963525533676147
401 1.3566231727600098
402 1.4702632427215576
403 1.0390293598175049
404 1.320973515510559
405 1.3614076375961304
406 1.0127103328704834
407 1.1687346696853638
408 0.9865867495536804
409 0.9313263893127441
410 1.0500472784042358
411 0.7032163143157959
412 0.553777813911438
413 1.1501203775405884
414 1.0049412250518799
415 1.3621658086776733
416 0.7933350801467896
417 0.6477468609809875
418 0.5396069288253784
419 0.9689709544181824
420 0.9130297899246216
421 1.0213778018951416
422 1.3011080026626587
423 1.058279037475586
424 0.558922529220581
425 1.1802339553833008
426 0.7395109534263611
427 0.7635859251022339
428 0.7540971636772156
429 0.722064733505249
430 1.0163829326629639
431 1.1171272993087769
432 0.7218475937843323
433 1.215782642364502
434 0.9414597153663635
435 1.1951302289962769
436 1.1446682214736938
437 0.7849737405776978
438 1.0133187770843506
439 0.7180984020233154
440 0.9501847624778748
441 0.816193699836731
442 0.7244618535041809
443 0.8642522692680359
444 0.833888590335846
445 1.08931565284729
446 0.869257390499115
447 1.0883100032806396
448 0.7622578740119934
449 0.7208776473999023
450 1.1122114658355713
451 0.7777086496353149
452 0.9332917332649231
453 1.27079439163208
454 1.92293381690979
455 1.303284764289856
456 1.5153181552886963
457 1.2107430696487427
458 0.9375622272491455
459 0.9880713224411011
460 0.674553394317627
461 1.0143488645553589
462 1.277391791343689
463 0.9568678736686707
464 0.7091992497444153
465 0.9446598291397095
466 1.0502344369888306
467 0.9439865350723267
468 0.9501879215240479
469 0.6310763359069824
470 0.8869732618331909
471 0.8886270523071289
472 0.9478373527526855
473 1.1062318086624146
474 1.0959407091140747
475 1.0144095420837402
476 0.829780638217926
477 0.9825389981269836
478 1.0615565776824951
479 0.9067550897598267
480 0.7795161008834839
481 1.319524884223938
482 1.0866310596466064
483 1.1814004182815552
484 0.9689621329307556
485 0.7032753825187683
486 0.974965512752533
487 0.7388964295387268
488 0.5074567198753357
489 1.2324072122573853
490 0.8484074473381042
491 0.6824456453323364
492 0.7920528054237366
493 0.8321773409843445
494 0.8834590315818787
495 1.2663682699203491
496 0.8597170114517212
497 1.2049264907836914
498 1.0128000974655151
499 0.7525734305381775
500 0.6250678300857544
501 0.8611327409744263
502 0.942270815372467
503 0.6235750913619995
504 1.0058951377868652
505 0.7055581212043762
506 0.8598582148551941
507 1.086363673210144
508 1.1365835666656494
509 0.7845879197120667
510 0.9027182459831238
511 1.2010703086853027
512 0.7871086597442627
513 0.7836089134216309
514 0.5384232997894287
515 0.8967741131782532
516 0.7209806442260742
517 0.6021360754966736
518 0.9499845504760742
519 0.8313390016555786
520 0.9905610680580139
521 0.8320075273513794
522 1.0813932418823242
523 1.010836124420166
524 1.0105026960372925
525 0.9648463726043701
526 0.7285366654396057
527 1.1806347370147705
528 1.0645102262496948
529 0.9712159633636475
530 1.0201305150985718
531 0.6760873198509216
532 0.852198600769043
533 0.9515583515167236
534 0.6356511116027832
535 0.7716522216796875
536 0.7792661786079407
537 1.1549350023269653
538 0.6779896020889282
539 0.916995108127594
540 0.8320598006248474
541 0.8724672198295593
542 0.7792693376541138
543 0.7990019917488098
544 0.9427047371864319
545 0.6504479646682739
546 0.9637799859046936
547 0.5727748870849609
548 0.6384068727493286
549 0.7407020330429077
550 0.7769150733947754
551 0.9216057062149048
552 0.8271570801734924
553 0.9588201642036438
554 0.555583655834198
555 1.177105188369751
556 0.6929910778999329
557 0.6679851412773132
558 0.8277104496955872
559 0.8070776462554932
560 0.7096307277679443
561 0.8085343837738037
562 0.7135735750198364
563 0.6732085943222046
564 0.5581307411193848
565 0.7219780683517456
566 0.8621299862861633
567 0.6820439100265503
568 0.6971088647842407
569 0.6591405868530273
570 0.6281506419181824
571 0.6653672456741333
572 0.5451368689537048
573 0.6602482795715332
574 0.6773795485496521
575 0.585175096988678
576 0.5894315838813782
577 0.7882365584373474
578 0.6341283321380615
579 0.8933019638061523
580 0.9324436783790588
581 0.9334502220153809
582 1.0027267932891846
583 1.1413304805755615
584 1.332789659500122
585 1.1627238988876343
586 1.0154461860656738
587 0.7237783074378967
588 0.8622032999992371
589 0.9865999221801758
590 0.8714309334754944
591 1.0618475675582886
592 1.085103154182434
593 1.0185620784759521
594 0.79859459400177
595 0.8644576072692871
596 1.003312349319458
597 0.8738919496536255
598 1.1081595420837402
599 0.7461733818054199
600 0.8740140795707703
601 0.8105048537254333
602 0.6453214287757874
603 0.7542436718940735
604 0.9856438040733337
605 1.1193439960479736
606 1.13328218460083
607 1.0509620904922485
608 1.0941401720046997
609 1.199299931526184
610 0.8196457028388977
611 1.3270868062973022
612 1.6056313514709473
613 1.3902586698532104
614 0.8654080629348755
615 0.8966426849365234
616 1.1398159265518188
617 1.023553490638733
618 0.8752077221870422
619 0.7915899157524109
620 0.9790040254592896
621 0.8689097762107849
622 0.9040073156356812
623 1.009958028793335
624 0.9728604555130005
625 0.9107451438903809
626 1.2579385042190552
627 1.568981647491455
628 0.9675269722938538
629 1.0767619609832764
630 1.073799967765808
631 1.2364280223846436
632 1.032346487045288
633 0.9565971493721008
634 1.1028822660446167
635 1.231528401374817
636 1.0793638229370117
637 0.9991772770881653
638 1.125187635421753
639 0.9181063771247864
640 0.5426713824272156
641 0.6466154456138611
642 0.8452624678611755
643 0.8338121771812439
644 1.0840665102005005
645 1.0870760679244995
646 1.1158891916275024
647 1.04691743850708
648 0.9497873187065125
649 0.9961071014404297
650 1.0233824253082275
651 1.0333342552185059
652 1.1583430767059326
653 0.9913100004196167
654 1.0941357612609863
655 1.0559370517730713
656 1.2208257913589478
657 1.2274565696716309
658 0.8958473801612854
659 1.1729811429977417
660 1.1771209239959717
661 1.0606865882873535
662 0.936712920665741
663 1.2725157737731934
664 1.1543769836425781
665 1.1910449266433716
666 1.1671204566955566
667 1.0371841192245483
668 1.2606987953186035
669 1.2770639657974243
670 1.1514487266540527
671 1.3757870197296143
672 1.4289549589157104
673 1.3302196264266968
674 1.754219889640808
675 1.634319543838501
676 1.6800485849380493
677 1.8889329433441162
678 1.5897250175476074
679 1.4734162092208862
680 1.796121597290039
681 1.3982532024383545
682 1.670470118522644
683 1.7511430978775024
684 1.1719970703125
685 1.804310917854309
686 1.6359220743179321
687 1.637765645980835
688 1.6598376035690308
689 1.3946009874343872
690 1.6782225370407104
691 1.5853393077850342
692 1.5336050987243652
693 1.7253127098083496
694 1.6370124816894531
695 1.543681025505066
696 1.627616047859192
697 1.4046001434326172
698 1.748020887374878
699 1.6836473941802979
700 1.4932441711425781
701 1.2866560220718384
702 1.6049574613571167
703 1.3153733015060425
704 1.9704209566116333
705 2.035404682159424
706 2.211333751678467
707 2.3183255195617676
708 2.161292552947998
709 1.9986491203308105
710 2.1040453910827637
711 2.5311317443847656
712 2.60737943649292
713 2.374941110610962
714 2.210706949234009
715 2.64668869972229
716 2.6074249744415283
717 2.2367146015167236
718 2.4644737243652344
719 2.1885106563568115
720 2.2096574306488037
721 1.8417576551437378
722 2.176114082336426
723 2.600184440612793
724 2.5412018299102783
725 2.7572529315948486
726 2.489269256591797
727 2.1831963062286377
728 2.860729932785034
729 2.355462074279785
730 2.317943811416626
731 2.547429323196411
732 2.11681866645813
733 2.136707067489624
734 2.1851727962493896
735 1.8657482862472534
736 1.881852626800537
737 1.8902618885040283
738 2.5379858016967773
739 1.5487053394317627
740 2.350140333175659
741 2.334869146347046
742 2.454406976699829
743 2.121180295944214
744 2.1259918212890625
745 2.1824395656585693
746 1.8774504661560059
747 1.7175182104110718
748 1.5292798280715942
749 1.5895899534225464
750 1.8526127338409424
751 2.0468010902404785
752 1.6640716791152954
753 1.7249418497085571
754 1.8344789743423462
755 2.2456350326538086
756 2.0503182411193848
757 1.309697151184082
758 1.9621000289916992
759 2.5863230228424072
760 2.293799877166748
761 2.943704128265381
762 2.6726717948913574
763 2.6784274578094482
764 2.73836088180542
765 2.265920639038086
766 2.655874252319336
767 2.484476089477539
768 2.4531290531158447
769 2.436673164367676
770 2.4311916828155518
771 2.7356438636779785
772 2.8289244174957275
773 2.904301404953003
774 2.4806313514709473
775 2.7636454105377197
776 2.244572877883911
777 1.7305034399032593
778 2.1387979984283447
779 2.6478919982910156
780 2.42618989944458
781 2.866760730743408
782 2.746612548828125
783 2.768545150756836
784 2.4378888607025146
785 2.8156445026397705
786 2.8595030307769775
787 2.582827091217041
788 2.6135120391845703
789 3.0184667110443115
790 2.6981561183929443
791 2.6701855659484863
792 3.124176025390625
793 2.5209872722625732
794 2.590564727783203
795 2.541978359222412
796 2.681192636489868
797 2.6792678833007813
798 2.7124745845794678
799 2.69358491897583
800 2.735568046569824
801 2.72399640083313
802 2.412776231765747
803 2.986848831176758
804 2.413322687149048
805 2.5850136280059814
806 2.5722339153289795
807 2.4826440811157227
808 2.574704647064209
809 2.772183418273926
810 2.4150664806365967
811 2.7337188720703125
812 2.811156749725342
813 2.796449899673462
814 2.697592258453369
815 2.7005133628845215
816 2.620145320892334
817 2.4843997955322266
818 2.736358880996704
819 2.0014090538024902
820 2.729555130004883
821 2.86181902885437
822 2.5438663959503174
823 2.3726017475128174
824 2.7021968364715576
825 2.655998468399048
826 2.2796804904937744
827 2.609957456588745
828 2.3539531230926514
829 2.416882276535034
830 2.4094910621643066
831 2.5568583011627197
832 2.485884666442871
833 2.672930955886841
834 2.6940035820007324
835 2.561208486557007
836 2.9433610439300537
837 2.104768753051758
838 2.1001930236816406
839 2.9444217681884766
840 2.8088672161102295
841 2.7830100059509277
842 2.547677993774414
843 2.4909048080444336
844 2.9224581718444824
845 2.529191493988037
846 3.024134397506714
847 3.3239660263061523
848 3.13905930519104
849 3.0975143909454346
850 3.309060573577881
851 2.927905321121216
852 3.111599922180176
853 2.3899872303009033
854 2.4952828884124756
855 2.6964821815490723
856 3.3007469177246094
857 3.4221529960632324
858 3.175719738006592
859 3.189804792404175
860 3.2352046966552734
861 3.0041141510009766
862 2.951246738433838
863 3.314718246459961
864 3.114299774169922
865 3.0727641582489014
866 3.254378318786621
867 3.34614634513855
868 3.4473679065704346
869 2.7642860412597656
870 3.120957851409912
871 3.2122697830200195
872 3.271031379699707
873 3.092679738998413
874 3.3295645713806152
875 3.3087563514709473
876 3.5052692890167236
877 3.838966131210327
878 3.333643913269043
879 3.4185633659362793
880 3.115863561630249
881 3.413604259490967
882 2.873323917388916
883 3.044721841812134
884 2.6945981979370117
885 2.842235565185547
886 2.996783971786499
887 3.5517117977142334
888 3.4642984867095947
889 3.2443759441375732
890 3.2558064460754395
891 3.651376485824585
892 3.2537522315979004
893 3.303258180618286
894 3.453336715698242
895 3.7483177185058594
896 3.3416271209716797
897 3.781672716140747
898 3.537445068359375
899 3.1482388973236084
900 3.4759209156036377
901 3.58066463470459
902 3.4140403270721436
903 3.150698661804199
904 3.4086031913757324
905 3.175851583480835
906 3.358992338180542
907 3.2074763774871826
908 3.343790054321289
909 3.374546527862549
910 3.244595527648926
911 3.3732216358184814
912 3.6966469287872314
913 3.424656629562378
914 3.6344103813171387
915 3.990997076034546
916 3.32861065864563
917 2.9053568840026855
918 3.5136470794677734
919 3.5320611000061035
920 3.173379421234131
921 3.3573086261749268
922 3.1453678607940674
923 3.319718360900879
924 2.9615252017974854
925 3.1859283447265625
926 3.280620574951172
927 2.982199192047119
928 3.5235259532928467
929 3.2368948459625244
930 3.321906805038452
931 3.410142660140991
932 3.853541851043701
933 3.6739675998687744
934 3.365744113922119
935 3.582277536392212
936 3.7160372734069824
937 3.5407748222351074
938 3.3495333194732666
939 3.412550687789917
940 3.7746126651763916
941 3.218362331390381
942 3.5841498374938965
943 3.619584560394287
944 3.4521985054016113
945 3.446812391281128
946 3.884420394897461
947 3.7602028846740723
948 3.4317004680633545
949 3.4817395210266113
950 3.6315555572509766
951 3.476673126220703
952 3.5339338779449463
953 3.55926775932312
954 3.6720662117004395
955 3.4859673976898193
956 3.6528913974761963
957 3.631622791290283
958 3.311351776123047
959 3.5613269805908203
960 3.819812536239624
961 3.8710403442382813
962 3.2426745891571045
963 3.938102960586548
964 3.5498647689819336
965 3.450305938720703
966 3.4633493423461914
967 3.837592840194702
968 3.3432610034942627
969 3.374175548553467
970 3.8501012325286865
971 3.607379198074341
972 4.002353668212891
973 3.6792123317718506
974 3.2887649536132813
975 3.740471363067627
976 3.7693214416503906
977 3.818274736404419
978 3.803617477416992
979 3.6192526817321777
980 3.420970916748047
981 3.5936715602874756
982 3.657607078552246
983 3.6904220581054688
984 3.5367817878723145
985 3.5909667015075684
986 4.1401824951171875
987 3.613820791244507
988 3.8539552688598633
989 3.587088108062744
990 3.862950325012207
991 3.4955668449401855
992 3.5899178981781006
993 3.545114755630493
994 3.8381404876708984
995 3.8150453567504883
996 3.7879204750061035
997 3.6247527599334717
998 3.7005138397216797
999 4.159768581390381
1000 3.8408219814300537
1001 3.71065616607666
1002 3.519045352935791
1003 3.5940732955932617
1004 4.078519821166992
1005 3.639528512954712
1006 3.7793750762939453
1007 3.5572099685668945
1008 3.760127544403076
1009 3.6333248615264893
1010 3.3899989128112793
1011 3.776095151901245
1012 3.645988941192627
1013 3.656778573989868
1014 3.280367851257324
1015 3.3687026500701904
1016 3.3603668212890625
1017 3.2210206985473633
1018 3.6428444385528564
1019 3.9511170387268066
1020 3.7772786617279053
1021 3.957094430923462
1022 3.6499693393707275
1023 3.7688095569610596
1024 4.160756587982178
1025 3.9859604835510254
1026 3.8106374740600586
1027 4.027703762054443
1028 3.8544583320617676
1029 3.8994860649108887
1030 3.9600436687469482
1031 3.598456859588623
1032 3.678154945373535
1033 3.6030783653259277
1034 3.7939774990081787
1035 4.076052665710449
1036 3.9298386573791504
1037 3.3738014698028564
1038 4.220649242401123
1039 3.5421440601348877
1040 3.476972818374634
1041 3.762913703918457
1042 4.025015830993652
1043 3.7311346530914307
1044 3.5634803771972656
1045 3.722776412963867
1046 4.025020122528076
1047 3.692544937133789
1048 3.5840718746185303
1049 3.60619854927063
1050 3.669320583343506
1051 3.467531204223633
1052 3.5753133296966553
1053 3.5831832885742188
1054 3.5642707347869873
1055 3.4379022121429443
1056 3.3638358116149902
1057 3.4277093410491943
1058 3.809598207473755
1059 3.7444255352020264
1060 3.7662460803985596
1061 3.630228281021118
1062 4.173884868621826
1063 3.9186758995056152
1064 3.5861988067626953
1065 3.3487672805786133
1066 3.974623680114746
1067 3.9353506565093994
1068 3.26467227935791
1069 3.419285774230957
1070 3.493211269378662
1071 3.6003034114837646
1072 3.5230321884155273
1073 3.3724701404571533
1074 3.8181960582733154
1075 3.9075958728790283
1076 3.480417251586914
1077 3.7542459964752197
1078 3.75010085105896
1079 3.790217876434326
1080 3.6529300212860107
1081 3.4811501502990723
1082 3.8084161281585693
1083 3.570951461791992
1084 4.1512837409973145
1085 3.883643627166748
1086 3.9860105514526367
1087 4.0093793869018555
1088 3.8667805194854736
1089 4.300596237182617
1090 4.003361225128174
1091 4.348226070404053
1092 4.111396789550781
1093 4.106863498687744
1094 4.265481948852539
1095 4.140437126159668
1096 3.8445658683776855
1097 4.039816856384277
1098 4.156686305999756
1099 4.088809490203857
1100 4.407027721405029
1101 3.963829278945923
1102 4.061951637268066
1103 4.047370910644531
1104 3.9778482913970947
1105 4.003636360168457
1106 3.9301109313964844
1107 3.8479251861572266
1108 3.750615119934082
1109 3.4791159629821777
1110 3.238752603530884
1111 3.3380229473114014
1112 3.638791084289551
1113 3.8364341259002686
1114 3.3005459308624268
1115 3.1686155796051025
1116 2.3273415565490723
1117 3.0019867420196533
1118 2.775866746902466
1119 2.051851511001587
1120 1.7238050699234009
1121 1.6368314027786255
1122 1.7272685766220093
1123 1.573477029800415
1124 1.6483968496322632
1125 1.381195068359375
1126 1.812576174736023
1127 2.1044762134552
1128 1.7742114067077637
1129 1.7972227334976196
1130 1.3874008655548096
1131 1.7859541177749634
1132 1.1951903104782104
1133 1.5150477886199951
1134 1.3006125688552856
1135 1.6487289667129517
1136 1.5469226837158203
1137 1.2601226568222046
1138 1.1007963418960571
1139 1.1832289695739746
1140 1.3451595306396484
1141 1.25657320022583
1142 1.1338224411010742
1143 1.5433818101882935
1144 1.2143139839172363
1145 1.7118953466415405
1146 1.6215486526489258
1147 1.3033041954040527
1148 1.463680386543274
1149 1.4236419200897217
1150 1.5352296829223633
1151 1.283026933670044
1152 1.407362699508667
1153 1.0887969732284546
1154 0.9442154765129089
1155 1.0883691310882568
1156 1.1084904670715332
1157 1.1162137985229492
1158 1.2270785570144653
1159 1.17409086227417
1160 1.0573017597198486
1161 1.0417455434799194
1162 0.9729510545730591
1163 0.974821150302887
1164 1.1330047845840454
1165 0.8388239741325378
1166 0.9342714548110962
1167 1.10391104221344
1168 1.471106767654419
1169 1.0746691226959229
1170 1.44552481174469
1171 1.2461942434310913
1172 1.4556905031204224
1173 1.494821310043335
1174 1.5217201709747314
1175 1.1737613677978516
1176 1.2980221509933472
1177 1.3621536493301392
1178 1.0968899726867676
1179 1.2493500709533691
1180 1.2365312576293945
1181 1.478765845298767
1182 1.824794888496399
1183 1.3363417387008667
1184 1.4868565797805786
1185 1.4895230531692505
1186 1.2459787130355835
1187 0.9998690485954285
1188 1.480512022972107
1189 1.3580231666564941
1190 1.4541047811508179
1191 1.4378714561462402
1192 1.2459949254989624
1193 1.4309624433517456
1194 1.411704659461975
1195 1.201566457748413
1196 1.1288238763809204
1197 1.6842864751815796
1198 1.5439603328704834
1199 1.3543959856033325
1200 1.5954796075820923
1201 1.390475869178772
1202 1.428005337715149
1203 1.2251163721084595
1204 2.193441152572632
1205 1.2537349462509155
1206 1.1828644275665283
1207 1.6549524068832397
1208 1.2102569341659546
1209 1.4822378158569336
1210 1.2806488275527954
1211 1.373441457748413
1212 1.515790343284607
1213 0.9443498253822327
1214 0.9619664549827576
1215 1.0773725509643555
1216 0.8902401924133301
1217 1.0269712209701538
1218 1.0831279754638672
1219 1.0292788743972778
1220 1.0357180833816528
1221 0.9293133020401001
1222 0.9473692774772644
1223 0.9868834018707275
1224 0.8130188584327698
1225 0.9705972671508789
1226 1.043086290359497
1227 1.0389522314071655
1228 0.8954581618309021
1229 0.8713189959526062
1230 1.1215580701828003
1231 1.0558969974517822
1232 1.006197452545166
1233 1.0304819345474243
1234 0.7887104749679565
1235 0.9226523637771606
1236 1.0399107933044434
1237 0.9480107426643372
1238 1.4018279314041138
1239 1.2423014640808105
1240 0.9212257266044617
1241 1.0106360912322998
1242 0.8581820130348206
1243 1.555939793586731
1244 0.9544152617454529
1245 0.9222053289413452
1246 1.498824119567871
1247 1.4071091413497925
1248 1.3370532989501953
1249 1.2066644430160522
1250 1.284741759300232
1251 1.2598642110824585
1252 1.2587997913360596
1253 0.904198408126831
1254 1.3761779069900513
1255 1.2544500827789307
1256 0.9040991067886353
1257 1.1786088943481445
1258 1.2982118129730225
1259 1.254259467124939
1260 0.9596831798553467
1261 1.1073263883590698
1262 0.8001100420951843
1263 1.0908557176589966
1264 0.9425678253173828
1265 1.0203078985214233
1266 1.1088500022888184
1267 1.2311302423477173
1268 0.9040851593017578
1269 1.0210649967193604
1270 1.00093412399292
1271 1.2019892930984497
1272 1.241538166999817
1273 0.9893110990524292
1274 1.1413944959640503
1275 0.866658627986908
1276 1.233875036239624
1277 0.912380576133728
1278 1.0901939868927002
1279 1.4764935970306396
1280 1.168113350868225
1281 0.9868457913398743
1282 1.030197024345398
1283 1.1046210527420044
1284 0.9392251372337341
1285 0.9679722785949707
1286 1.0787410736083984
1287 1.2250365018844604
1288 1.5934045314788818
1289 1.5171709060668945
1290 1.4185432195663452
1291 1.352524995803833
1292 1.209581732749939
1293 1.4866979122161865
1294 1.2045458555221558
1295 1.628603458404541
1296 1.5008883476257324
1297 1.2570104598999023
1298 1.3738116025924683
1299 1.234215497970581
1300 1.5432616472244263
1301 1.4958693981170654
1302 1.3581249713897705
1303 1.370469331741333
1304 1.0155547857284546
1305 1.600921392440796
1306 1.2451822757720947
1307 1.2846062183380127
1308 1.7909324169158936
1309 1.218492031097412
1310 1.485183835029602
1311 1.4894007444381714
1312 1.467795491218567
1313 1.424428105354309
1314 1.275566577911377
1315 1.8431994915008545
1316 1.1660211086273193
1317 1.326649785041809
1318 1.0769178867340088
1319 1.237473964691162
1320 1.0092220306396484
1321 1.0481981039047241
1322 1.09615159034729
1323 0.9363804459571838
1324 1.2632896900177002
1325 1.2592350244522095
1326 1.4046754837036133
1327 1.1136833429336548
1328 1.3393148183822632
1329 1.2622791528701782
1330 1.2332643270492554
1331 1.3116368055343628
1332 1.1933284997940063
1333 1.2577346563339233
1334 1.006376028060913
1335 1.2232390642166138
1336 1.0541876554489136
1337 1.1326566934585571
1338 1.2408965826034546
1339 1.0212068557739258
1340 1.0929551124572754
1341 1.3838859796524048
1342 1.068383812904358
1343 1.130078911781311
1344 1.0625035762786865
1345 1.3102645874023438
1346 1.054473876953125
1347 1.1730538606643677
1348 1.2824574708938599
1349 1.5145454406738281
1350 1.2473351955413818
1351 1.1043251752853394
1352 0.8649824857711792
1353 1.0912485122680664
1354 1.222122073173523
1355 1.2669768333435059
1356 1.2364002466201782
1357 1.2684077024459839
1358 1.317630648612976
1359 1.1673729419708252
1360 1.9401577711105347
1361 1.473278284072876
1362 1.32760488986969
1363 1.1776940822601318
1364 1.1038984060287476
1365 1.2115659713745117
1366 1.1990658044815063
1367 1.1481729745864868
1368 0.8547621965408325
1369 1.103611707687378
1370 1.1829586029052734
1371 1.2321034669876099
1372 1.0264403820037842
1373 1.2884957790374756
1374 1.484257698059082
1375 1.7524170875549316
1376 1.9882341623306274
1377 1.51422917842865
1378 1.9298027753829956
1379 1.7135262489318848
1380 1.632754921913147
1381 1.5516765117645264
1382 1.8833445310592651
1383 1.6949763298034668
1384 1.3804882764816284
1385 1.4518816471099854
1386 1.5544739961624146
1387 1.2786613702774048
1388 1.2980626821517944
1389 1.3796356916427612
1390 1.341821312904358
1391 1.1235642433166504
1392 1.1332199573516846
1393 1.1573611497879028
1394 1.197867751121521
1395 1.6955772638320923
1396 1.5014398097991943
1397 1.029157042503357
1398 1.1973575353622437
1399 1.057676076889038
1400 0.9893342852592468
1401 1.1206886768341064
1402 1.4124199151992798
1403 0.9212150573730469
1404 1.2083046436309814
1405 1.4789005517959595
1406 1.7851420640945435
1407 1.1409337520599365
1408 0.9940954446792603
1409 0.9033862948417664
1410 0.8166404366493225
1411 0.9492305517196655
1412 1.301468849182129
1413 1.4272193908691406
1414 1.8741544485092163
1415 1.5834009647369385
1416 1.354428768157959
1417 1.3955806493759155
1418 1.7165838479995728
1419 1.2422500848770142
1420 1.822733998298645
1421 1.3758423328399658
1422 1.2044999599456787
1423 1.3050241470336914
1424 1.3107014894485474
1425 1.2133913040161133
1426 1.4382126331329346
1427 1.9950571060180664
1428 1.8703590631484985
1429 1.7329398393630981
1430 1.6763660907745361
1431 1.381424069404602
1432 1.187679648399353
1433 1.6384520530700684
1434 1.398908257484436
1435 1.1525667905807495
1436 1.2599972486495972
1437 1.6937917470932007
1438 1.6121686697006226
1439 1.518723726272583
1440 1.6892154216766357
1441 1.5107518434524536
1442 1.4256808757781982
1443 1.4451429843902588
1444 1.5144892930984497
1445 1.8556630611419678
1446 1.3471474647521973
1447 1.7990657091140747
1448 1.6731199026107788
1449 2.0036673545837402
1450 1.5943706035614014
1451 2.0673115253448486
1452 2.1863393783569336
1453 1.6566219329833984
1454 1.6520880460739136
1455 1.612644910812378
1456 1.6761032342910767
1457 1.6876006126403809
1458 1.743201732635498
1459 1.2872949838638306
1460 1.3213165998458862
1461 1.3436799049377441
1462 1.0596990585327148
1463 1.2583693265914917
1464 1.4044207334518433
1465 1.692372441291809
1466 1.4802128076553345
1467 1.472067952156067
1468 0.9174257516860962
1469 1.064874291419983
1470 0.994850218296051
1471 1.082677960395813
1472 1.0370608568191528
1473 1.5562596321105957
1474 1.448564887046814
1475 1.119228482246399
1476 1.1424815654754639
1477 1.3638527393341064
1478 1.49064302444458
1479 1.3349193334579468
1480 1.5704599618911743
1481 1.2221225500106812
1482 1.2544392347335815
1483 1.51285982131958
1484 1.0812729597091675
1485 1.1280802488327026
1486 1.3898043632507324
1487 1.4027541875839233
1488 1.4533189535140991
1489 1.5917967557907104
1490 1.878978967666626
1491 1.5561320781707764
1492 1.7435981035232544
1493 1.4663339853286743
1494 1.0972801446914673
1495 1.0857584476470947
1496 1.2073166370391846
1497 1.4218634366989136
1498 1.383325219154358
1499 0.929265558719635
1500 1.3876478672027588
1501 1.3256480693817139
1502 1.12238347530365
1503 1.2202504873275757
1504 1.337807059288025
1505 1.3008686304092407
1506 1.5449368953704834
1507 1.526802897453308
1508 1.5871953964233398
1509 1.6378997564315796
1510 1.4243255853652954
1511 1.0310206413269043
1512 1.247277021408081
1513 1.196749210357666
1514 1.8299440145492554
1515 1.536950945854187
1516 1.6009821891784668
1517 1.4205818176269531
1518 1.5174001455307007
1519 1.7401490211486816
1520 1.2448444366455078
1521 1.541275978088379
1522 1.6001056432724
1523 1.519654393196106
1524 1.5316373109817505
1525 2.0900816917419434
1526 1.5867395401000977
1527 1.5309462547302246
1528 1.385167121887207
1529 1.388067603111267
1530 1.4304163455963135
1531 1.4412882328033447
1532 1.7614150047302246
1533 1.496255874633789
1534 1.485750675201416
1535 1.6623177528381348
1536 1.719893217086792
1537 1.6716103553771973
1538 1.411624550819397
1539 1.5990688800811768
1540 1.6048495769500732
1541 1.4594056606292725
1542 1.5000954866409302
1543 1.5989588499069214
1544 1.690706491470337
1545 1.371311068534851
1546 1.7655152082443237
1547 2.1022791862487793
1548 1.6513144969940186
1549 1.3666719198226929
1550 1.7066348791122437
1551 1.5164037942886353
1552 1.3975260257720947
1553 1.268432378768921
1554 1.43075692653656
1555 1.2739652395248413
1556 1.027306318283081
1557 1.3403921127319336
1558 1.9073768854141235
1559 1.715500831604004
1560 1.0547538995742798
1561 1.3532987833023071
1562 1.4311134815216064
1563 1.4581060409545898
1564 1.0492933988571167
1565 1.370874285697937
1566 1.066220998764038
1567 1.0933901071548462
1568 1.3755255937576294
1569 1.2227246761322021
1570 1.5163826942443848
1571 0.9761009216308594
1572 1.7175029516220093
1573 1.5775521993637085
1574 1.4934701919555664
1575 1.2816026210784912
1576 1.4628596305847168
1577 1.2117329835891724
1578 1.4655050039291382
1579 1.464532732963562
1580 1.5286182165145874
1581 1.7674566507339478
1582 1.417648434638977
1583 1.5642762184143066
1584 1.4401510953903198
1585 1.348508358001709
1586 1.2568825483322144
1587 1.369743824005127
1588 1.2267415523529053
1589 1.019999384880066
1590 1.3654742240905762
1591 1.2537202835083008
1592 1.2495421171188354
1593 1.0235260725021362
1594 1.1427955627441406
1595 1.1868888139724731
1596 1.3806151151657104
1597 1.2867733240127563
1598 1.5991917848587036
1599 1.1353460550308228
1600 1.2033400535583496
1601 1.3695636987686157
1602 1.0111052989959717
1603 1.0211387872695923
1604 1.5115772485733032
1605 1.1992075443267822
1606 1.4621572494506836
1607 1.1979345083236694
1608 1.556249737739563
1609 1.2656735181808472
1610 1.3518439531326294
1611 1.0905370712280273
1612 1.0756255388259888
1613 1.2186639308929443
1614 1.478757381439209
1615 1.1639753580093384
1616 1.8640344142913818
1617 1.5852129459381104
1618 1.5324409008026123
1619 1.326818823814392
1620 1.50319242477417
1621 1.2733877897262573
1622 1.7371113300323486
1623 1.6591740846633911
1624 1.4329581260681152
1625 1.3412343263626099
1626 1.5420832633972168
1627 1.2223737239837646
1628 1.4461675882339478
1629 1.2639001607894897
1630 1.1399017572402954
1631 1.2256015539169312
1632 1.1446294784545898
1633 1.4747340679168701
1634 1.4041926860809326
1635 1.4247891902923584
1636 1.6910871267318726
1637 1.2447160482406616
1638 1.4102782011032104
1639 1.1369086503982544
1640 1.4805670976638794
1641 0.9315192699432373
1642 1.0703809261322021
1643 1.575119137763977
1644 1.4641033411026
1645 1.4345738887786865
1646 1.1701550483703613
1647 1.2473582029342651
1648 1.5211756229400635
1649 1.2019505500793457
1650 1.3094366788864136
1651 1.3865565061569214
1652 1.1437336206436157
1653 1.1859209537506104
1654 1.1516671180725098
1655 1.2772070169448853
1656 1.49734628200531
1657 1.6734586954116821
1658 1.488614797592163
1659 1.760438084602356
1660 1.7437047958374023
1661 1.4272472858428955
1662 1.2454829216003418
1663 1.1742758750915527
1664 1.0308818817138672
1665 1.172805666923523
1666 0.9521552324295044
1667 1.2087832689285278
1668 1.2997173070907593
1669 0.9004920721054077
1670 1.0663204193115234
1671 0.9937949776649475
1672 1.073868751525879
1673 1.0955581665039063
1674 1.111291527748108
1675 1.132465124130249
1676 1.301946759223938
1677 1.1812764406204224
1678 1.5379250049591064
1679 0.9570517539978027
1680 1.1576342582702637
1681 1.1917046308517456
1682 1.4055474996566772
1683 1.2238420248031616
1684 1.093354344367981
1685 1.343192458152771
1686 1.0611920356750488
1687 1.2314213514328003
1688 1.1104047298431396
1689 1.1504874229431152
1690 1.228921890258789
1691 1.207525610923767
1692 1.2364156246185303
1693 0.9107497334480286
1694 1.4269160032272339
1695 0.9959204196929932
1696 1.1146398782730103
1697 1.118272066116333
1698 1.178641676902771
1699 1.361184000968933
1700 1.2561019659042358
1701 1.7060893774032593
1702 1.563629388809204
1703 1.3094414472579956
1704 1.1974796056747437
1705 1.3525192737579346
1706 1.3364847898483276
1707 1.5055702924728394
1708 1.3271050453186035
1709 1.2165111303329468
1710 1.4310778379440308
1711 1.2969164848327637
1712 1.089565396308899
1713 0.9126689434051514
1714 0.9895740747451782
1715 1.1682069301605225
1716 1.1855883598327637
1717 1.0044814348220825
1718 0.9673142433166504
1719 1.334328293800354
1720 1.2444900274276733
1721 1.0792436599731445
1722 1.064789056777954
1723 1.5479309558868408
1724 1.1202986240386963
1725 1.1768488883972168
1726 1.2129186391830444
1727 1.073357105255127
1728 1.041308879852295
1729 1.205626368522644
1730 1.0887998342514038
1731 0.9624293446540833
1732 0.9823155403137207
1733 0.8733834028244019
1734 0.9313019514083862
1735 0.9684484601020813
1736 1.0812524557113647
1737 0.9601189494132996
1738 1.117958664894104
1739 1.0792715549468994
1740 1.1174015998840332
1741 1.096738576889038
1742 1.1600780487060547
1743 1.0659486055374146
1744 1.2222739458084106
1745 1.3513938188552856
1746 1.2691807746887207
1747 1.5763455629348755
1748 1.2428969144821167
1749 1.1724721193313599
1750 1.3276151418685913
1751 1.2063614130020142
1752 1.4171385765075684
1753 1.642938256263733
1754 1.3567540645599365
1755 1.0925482511520386
1756 1.5689046382904053
1757 1.2335472106933594
1758 1.7435998916625977
1759 1.8078632354736328
1760 1.1966170072555542
1761 1.4352457523345947
1762 1.418519139289856
1763 1.808631420135498
1764 1.384865164756775
1765 1.2817109823226929
1766 1.616337537765503
1767 1.4014699459075928
1768 1.163989782333374
1769 0.8476211428642273
1770 0.8996918201446533
1771 1.4221488237380981
1772 1.4661356210708618
1773 1.461482048034668
1774 1.2356464862823486
1775 1.1990092992782593
1776 1.1915454864501953
1777 1.6419073343276978
1778 1.254675030708313
1779 1.5086168050765991
1780 1.3504472970962524
1781 1.3396066427230835
1782 1.022573471069336
1783 1.4044322967529297
1784 1.2200229167938232
1785 1.1157203912734985
1786 0.9963749647140503
1787 1.4160484075546265
1788 1.1770308017730713
1789 1.2965798377990723
1790 1.3578041791915894
1791 0.9766860604286194
1792 1.0993540287017822
1793 1.3882678747177124
1794 1.3937493562698364
1795 1.1756768226623535
1796 1.1114048957824707
1797 1.3060839176177979
1798 1.2615529298782349
1799 0.9252669811248779
1800 1.1009567975997925
1801 1.079180359840393
1802 1.3449673652648926
1803 1.0663478374481201
1804 1.1472092866897583
1805 1.2000372409820557
1806 1.0955699682235718
1807 1.241537094116211
1808 1.344024658203125
1809 1.392642617225647
1810 1.4537482261657715
1811 1.0782761573791504
1812 1.0358920097351074
1813 1.166548728942871
1814 1.239579200744629
1815 1.1667078733444214
1816 1.3160964250564575
1817 1.2100313901901245
1818 1.1794278621673584
1819 1.2033933401107788
1820 0.8597758412361145
1821 0.9973461031913757
1822 1.3728419542312622
1823 0.9370203018188477
1824 1.2577896118164063
1825 1.4172226190567017
1826 1.3846914768218994
1827 1.0911738872528076
1828 1.4121289253234863
1829 1.0974454879760742
1830 1.344033122062683
1831 1.2811856269836426
1832 1.2385958433151245
1833 1.165993332862854
1834 1.6878467798233032
1835 1.5091496706008911
1836 1.0271974802017212
1837 1.1578502655029297
1838 1.2666109800338745
1839 1.2944427728652954
1840 1.1848829984664917
1841 1.6283353567123413
1842 1.2409852743148804
1843 1.413629412651062
1844 1.4094384908676147
1845 1.0285112857818604
1846 1.2251918315887451
1847 1.249362826347351
1848 1.222542405128479
1849 0.8812875151634216
1850 1.2318865060806274
1851 1.0003317594528198
1852 1.7424147129058838
1853 1.3434416055679321
1854 1.1766873598098755
1855 1.0122463703155518
1856 1.3368816375732422
1857 1.1854597330093384
1858 1.2100670337677002
1859 1.5555131435394287
1860 1.429659128189087
1861 1.6399006843566895
1862 1.287915587425232
1863 1.234699010848999
1864 1.3440200090408325
1865 1.157880425453186
1866 1.2797904014587402
1867 1.305118441581726
1868 1.7315911054611206
1869 1.4266676902770996
1870 1.3825286626815796
1871 1.4443165063858032
1872 1.7642767429351807
1873 1.522935390472412
1874 1.3499616384506226
1875 1.4357783794403076
1876 1.3435766696929932
1877 1.6187269687652588
1878 1.6536812782287598
1879 1.3542203903198242
1880 1.4732688665390015
1881 1.27616548538208
1882 0.9927240014076233
1883 1.1023175716400146
1884 0.9331246018409729
1885 1.1200714111328125
1886 1.0535752773284912
1887 1.1535465717315674
1888 1.0374960899353027
1889 1.1410914659500122
1890 1.057314157485962
1891 1.319216251373291
1892 1.0509964227676392
1893 1.532910704612732
1894 1.164966344833374
1895 1.681398630142212
1896 1.7574645280838013
1897 1.8820868730545044
1898 1.4670724868774414
1899 2.0506515502929688
1900 1.7883877754211426
1901 2.0392417907714844
1902 2.0439813137054443
1903 2.248107433319092
1904 1.7495920658111572
1905 2.1436374187469482
1906 1.4760773181915283
1907 1.6584047079086304
1908 1.7260223627090454
1909 1.6825121641159058
1910 1.4003350734710693
1911 1.0921175479888916
1912 1.2778548002243042
1913 1.2965645790100098
1914 1.4786707162857056
1915 1.4184962511062622
1916 1.48460054397583
1917 1.8117643594741821
1918 1.7470676898956299
1919 1.191549301147461
1920 1.7600144147872925
1921 1.5297868251800537
1922 1.4698340892791748
1923 1.5392390489578247
1924 1.321513056755066
1925 0.87272047996521
1926 0.8921012878417969
1927 1.010337471961975
1928 0.9837567210197449
1929 1.0417184829711914
1930 1.0431742668151855
1931 0.9465841054916382
1932 0.8505558967590332
1933 1.0147364139556885
1934 0.8248867392539978
1935 0.9765145778656006
1936 1.1171435117721558
1937 0.9227834343910217
1938 1.0371134281158447
1939 1.1521108150482178
1940 1.0225541591644287
1941 1.0085532665252686
1942 1.176877737045288
1943 1.1056581735610962
1944 1.099265456199646
1945 1.1752526760101318
1946 1.2115638256072998
1947 1.2940430641174316
1948 1.1846383810043335
1949 1.0630356073379517
1950 1.247344732284546
1951 1.419074535369873
1952 1.2516297101974487
1953 1.1592276096343994
1954 1.2849352359771729
1955 0.9774851202964783
1956 1.2570909261703491
1957 1.1453816890716553
1958 1.059239149093628
1959 1.1678824424743652
1960 0.81084144115448
1961 1.0395704507827759
1962 1.1521828174591064
1963 1.2989354133605957
1964 1.1585031747817993
1965 1.21181058883667
1966 1.0309951305389404
1967 0.8840847015380859
1968 1.0570459365844727
1969 1.1073408126831055
1970 1.2987771034240723
1971 1.2425216436386108
1972 1.2232537269592285
1973 1.107842206954956
1974 1.1265695095062256
1975 1.3482927083969116
1976 0.97928786277771
1977 1.179774522781372
1978 1.1145588159561157
1979 1.3578681945800781
1980 1.506751537322998
1981 1.0658414363861084
1982 1.2267926931381226
1983 1.0650992393493652
1984 1.5689927339553833
1985 1.3052598237991333
1986 0.9326741695404053
1987 0.9145929217338562
1988 1.0330506563186646
1989 0.9428238868713379
1990 1.113862156867981
1991 1.0121263265609741
1992 1.2149558067321777
1993 1.0164715051651
1994 1.0160939693450928
1995 1.1764497756958008
1996 1.1366612911224365
1997 1.306275725364685
1998 1.2224429845809937
1999 1.833789348602295
