0 0.0
1 0.8867400884628296
2 0.9384858012199402
3 0.7267232537269592
4 0.6426114439964294
5 0.8225494027137756
6 0.7956164479255676
7 0.7147257924079895
8 0.8663380146026611
9 1.0209213495254517
10 0.9481322169303894
11 0.8491642475128174
12 0.9617775678634644
13 0.9551847577095032
14 1.0027462244033813
15 1.5408371686935425
16 1.68118417263031
17 0.7982372045516968
18 0.9839364886283875
19 0.5661131143569946
20 0.7109978199005127
21 0.98629230260849
22 1.0400446653366089
23 0.6673159003257751
24 0.9117833375930786
25 0.815308690071106
26 1.0607556104660034
27 1.058821201324463
28 0.7879098057746887
29 1.0748080015182495
30 1.2339259386062622
31 1.066478967666626
32 0.9302161931991577
33 0.5997902154922485
34 0.6827365159988403
35 1.0276278257369995
36 0.7571918964385986
37 1.1349655389785767
38 1.184669017791748
39 0.7765953540802002
40 0.6563357710838318
41 0.678575336933136
42 0.9779347777366638
43 1.397957444190979
44 0.6613214015960693
45 0.819432258605957
46 0.9194550514221191
47 1.081385612487793
48 0.9578002691268921
49 0.6629363894462585
50 0.8000693321228027
51 1.0804827213287354
52 1.129480242729187
53 1.342387080192566
54 0.8712946772575378
55 1.094305157661438
56 1.4710594415664673
57 1.0515432357788086
58 0.9766970872879028
59 1.2280926704406738
60 1.1366651058197021
61 1.0160475969314575
62 1.417073130607605
63 1.2995551824569702
64 0.7554716467857361
65 1.3996893167495728
66 1.3019249439239502
67 1.3807244300842285
68 1.348647952079773
69 1.388586401939392
70 0.6831265687942505
71 0.8988795876502991
72 0.9894927144050598
73 0.9006310701370239
74 0.8933568000793457
75 1.199057936668396
76 1.2694071531295776
77 1.2699488401412964
78 1.5235710144042969
79 0.841926097869873
80 0.6491577625274658
81 0.33759430050849915
82 0.6016930341720581
83 0.8000668287277222
84 0.3304647207260132
85 0.9129899144172668
86 1.126532793045044
87 0.6818316578865051
88 0.8060414791107178
89 0.8717547059059143
90 0.9636059999465942
91 0.7944939732551575
92 0.4456176161766052
93 0.4966113269329071
94 0.8805223703384399
95 0.8562325239181519
96 0.6702608466148376
97 1.0849862098693848
98 0.9964163303375244
99 0.7455495595932007
100 0.6800072193145752
101 1.1839561462402344
102 0.8224361538887024
103 1.1827147006988525
104 0.9704211354255676
105 1.2088713645935059
106 1.0751293897628784
107 0.8845325112342834
108 0.8216089606285095
109 0.811296820640564
110 0.8581185340881348
111 0.8934355974197388
112 1.0357192754745483
113 1.361673355102539
114 1.1571929454803467
115 1.4011845588684082
116 1.4309848546981812
117 1.1631077527999878
118 1.029239296913147
119 1.3891005516052246
120 0.8215205669403076
121 0.925474226474762
122 0.821555495262146
123 0.9642798900604248
124 1.0748817920684814
125 0.950853705406189
126 1.1353137493133545
127 1.1529877185821533
128 1.2432575225830078
129 1.424474835395813
130 1.206460952758789
131 0.6951473951339722
132 1.2111430168151855
133 0.5185461044311523
134 0.8607214689254761
135 0.5954158902168274
136 1.0253440141677856
137 0.7843047380447388
138 0.8288345336914063
139 0.8017191290855408
140 0.5729300379753113
141 0.5338287353515625
142 0.4588641822338104
143 0.9639814496040344
144 0.7608575224876404
145 0.9373788833618164
146 0.9171848893165588
147 1.175815463066101
148 1.083043098449707
149 1.230088472366333
150 0.7238328456878662
151 0.6340907216072083
152 0.780750572681427
153 1.2410122156143188
154 0.38696178793907166
155 0.9832322597503662
156 0.5408693552017212
157 0.6365553736686707
158 0.9127039313316345
159 1.0127545595169067
160 0.7698951363563538
161 1.0663766860961914
162 1.0452582836151123
163 0.6418959498405457
164 0.5088746547698975
165 0.6958865523338318
166 0.7492758631706238
167 0.5365488529205322
168 0.528717041015625
169 0.846010684967041
170 0.6082155704498291
171 0.48091214895248413
172 0.8164694905281067
173 0.7671664953231812
174 0.46921849250793457
175 0.4617059826850891
176 0.7351377606391907
177 0.7064724564552307
178 0.2608408033847809
179 0.5976753830909729
180 0.4768720269203186
181 0.9500499367713928
182 1.2132447957992554
183 1.2584716081619263
184 0.7153239846229553
185 0.9029515981674194
186 0.631165623664856
187 0.5819786787033081
188 0.5768066644668579
189 0.8742154836654663
190 0.7362033724784851
191 0.940201461315155
192 0.5332648754119873
193 1.041015863418579
194 0.45717525482177734
195 0.6796496510505676
196 0.9782510995864868
197 0.7074941992759705
198 0.9530452489852905
199 0.728516161441803
200 0.7631332278251648
201 0.565913200378418
202 0.6357740163803101
203 0.5144904255867004
204 0.5589069724082947
205 0.5682089328765869
206 0.5310536623001099
207 0.38557785749435425
208 0.4658719599246979
209 0.5988661646842957
210 0.5900120735168457
211 0.7142638564109802
212 1.0594671964645386
213 0.9757686257362366
214 0.7806829810142517
215 0.5175173878669739
216 0.9596824645996094
217 0.6435607075691223
218 1.0290117263793945
219 0.8219520449638367
220 0.6923078298568726
221 1.0983459949493408
222 0.8027874231338501
223 0.9836651086807251
224 0.9328779578208923
225 1.164230227470398
226 0.772956371307373
227 0.9244123101234436
228 0.5938428640365601
229 0.9258959293365479
230 0.3894098997116089
231 0.4041544198989868
232 1.0190749168395996
233 0.8089313507080078
234 0.8156939148902893
235 0.9280459880828857
236 1.3550621271133423
237 0.8116155862808228
238 1.278882622718811
239 1.3485372066497803
240 0.7276246547698975
241 0.8167287111282349
242 0.8089679479598999
243 0.8525406718254089
244 0.5845126509666443
245 0.7503608465194702
246 0.6629248857498169
247 0.8207941651344299
248 0.6533566117286682
249 0.7244463562965393
250 0.7836071848869324
251 0.7954675555229187
252 0.6194669008255005
253 0.8187973499298096
254 0.9206210970878601
255 0.8118867874145508
256 0.9583823680877686
257 0.41615602374076843
258 0.4114242494106293
259 0.6515054702758789
260 0.6488068699836731
261 0.5181082487106323
262 0.7516929507255554
263 0.9175559282302856
264 0.6216742992401123
265 0.4935290813446045
266 0.7955198884010315
267 0.5611402988433838
268 1.1634479761123657
269 0.6407625675201416
270 0.7336834073066711
271 0.45648667216300964
272 0.9290399551391602
273 1.0179104804992676
274 0.7402611374855042
275 0.7257307767868042
276 0.6908742785453796
277 0.6503745317459106
278 0.6573028564453125
279 0.4755404591560364
280 0.6740124225616455
281 0.4103449583053589
282 0.759456992149353
283 0.5490603446960449
284 0.3470260202884674
285 0.331169456243515
286 0.6507583856582642
287 0.6280767917633057
288 0.8264806866645813
289 0.47142550349235535
290 0.6339276432991028
291 0.732380747795105
292 1.478018045425415
293 1.2321398258209229
294 0.6681733727455139
295 0.9522532820701599
296 1.2589600086212158
297 0.6339817047119141
298 0.8751626014709473
299 1.436944842338562
300 1.1234216690063477
301 0.8974668383598328
302 1.29902982711792
303 1.0800126791000366
304 1.0482381582260132
305 0.7374014258384705
306 0.6996952295303345
307 1.3260776996612549
308 1.1491807699203491
309 0.8124262094497681
310 1.0276012420654297
311 0.4434410333633423
312 0.5580167770385742
313 0.3957867920398712
314 0.7210260629653931
315 1.0076730251312256
316 0.5731006264686584
317 0.7742412686347961
318 0.4147472381591797
319 0.6586717367172241
320 0.7794513702392578
321 0.3100023865699768
322 0.36966702342033386
323 0.35530680418014526
324 0.5345829725265503
325 0.7058363556861877
326 0.49128973484039307
327 0.49864840507507324
328 0.4233652353286743
329 0.6325265169143677
330 0.710647463798523
331 0.41770246624946594
332 0.5503228306770325
333 0.5483564138412476
334 0.46436014771461487
335 0.8117977380752563
336 0.5192770957946777
337 0.6606581807136536
338 0.6820506453514099
339 0.5563662052154541
340 0.4486263394355774
341 0.2723703682422638
342 0.8817773461341858
343 0.5953972339630127
344 0.518436074256897
345 0.6478319764137268
346 0.2954251170158386
347 0.8610888719558716
348 0.5479702949523926
349 0.4681006669998169
350 0.5373106598854065
351 0.9841514825820923
352 0.5954218506813049
353 0.5963146686553955
354 0.37060242891311646
355 0.4065767526626587
356 0.5847751498222351
357 0.5975531935691833
358 0.43596288561820984
359 0.4053216874599457
360 0.468853235244751
361 0.5407626628875732
362 0.36050713062286377
363 0.5657484531402588
364 0.3948192596435547
365 0.5679670572280884
366 0.6885417103767395
367 0.5755776166915894
368 0.33542266488075256
369 0.49613162875175476
370 0.904301643371582
371 0.33937734365463257
372 0.8619557023048401
373 0.5553833246231079
374 0.610849142074585
375 0.6206176280975342
376 0.6485844254493713
377 0.9772843718528748
378 1.1169171333312988
379 0.9067617058753967
380 1.0780174732208252
381 0.6019203066825867
382 0.9320704340934753
383 1.1824036836624146
384 0.7205018997192383
385 0.8706268668174744
386 1.2685164213180542
387 0.618184506893158
388 0.5331276655197144
389 0.979394793510437
390 1.132614254951477
391 1.204772710800171
392 0.7965158224105835
393 0.9818159341812134
394 0.9485929608345032
395 1.2675875425338745
396 0.7434871196746826
397 1.3495327234268188
398 0.7712807059288025
399 1.2493900060653687
400 1.4664801359176636
401 1.1205599308013916
402 1.1287367343902588
403 0.7723355889320374
404 1.5641766786575317
405 1.2489819526672363
406 0.9194000959396362
407 0.8729622960090637
408 1.0572115182876587
409 0.6941996812820435
410 1.670149564743042
411 1.4887990951538086
412 0.9632706046104431
413 0.8055318593978882
414 1.6134629249572754
415 0.9747825860977173
416 0.926352858543396
417 1.1319053173065186
418 0.9582126140594482
419 1.2330667972564697
420 1.4121545553207397
421 0.7598052620887756
422 0.9864410161972046
423 0.9318411946296692
424 0.5365460515022278
425 0.7868297100067139
426 0.9722815155982971
427 0.9233261942863464
428 1.2499388456344604
429 0.4210429787635803
430 1.2102330923080444
431 0.7461211681365967
432 0.7337571382522583
433 0.7659821510314941
434 0.7422170042991638
435 0.8286724090576172
436 0.6677817702293396
437 0.7363637089729309
438 0.8389224410057068
439 1.5983167886734009
440 0.856166660785675
441 0.6868632435798645
442 1.0237712860107422
443 0.7914556860923767
444 0.9237434267997742
445 1.1822463274002075
446 1.6197476387023926
447 1.2661699056625366
448 1.1480661630630493
449 0.9914466142654419
450 1.0414572954177856
451 1.190980076789856
452 1.7099566459655762
453 1.5147253274917603
454 1.1649911403656006
455 0.9993212223052979
456 1.1162711381912231
457 0.9539333581924438
458 0.6696057319641113
459 0.7162032127380371
460 0.8827218413352966
461 0.8121378421783447
462 0.9726128578186035
463 0.5617763996124268
464 0.8107009530067444
465 0.674207866191864
466 1.001218318939209
467 0.5223472118377686
468 0.6878861784934998
469 0.8064256906509399
470 0.9294450879096985
471 0.9194538593292236
472 1.16530442237854
473 1.2984387874603271
474 0.8911622762680054
475 0.8726397752761841
476 1.492666244506836
477 1.2080250978469849
478 0.8649274110794067
479 1.1378529071807861
480 1.3636115789413452
481 0.8521645665168762
482 1.1548572778701782
483 1.1663267612457275
484 1.3565744161605835
485 1.1968533992767334
486 1.2383973598480225
487 1.8586280345916748
488 1.8401288986206055
489 1.1966931819915771
490 1.0673136711120605
491 1.064649224281311
492 1.1957669258117676
493 1.1158559322357178
494 1.0431493520736694
495 1.398903489112854
496 1.1278687715530396
497 0.8567667007446289
498 1.0706820487976074
499 1.150493860244751
500 1.3128774166107178
501 1.370055913925171
502 1.218490481376648
503 1.2670105695724487
504 1.4108569622039795
505 1.3199920654296875
506 0.8302441239356995
507 0.6749871969223022
508 0.8392403721809387
509 0.5300608277320862
510 0.5558685064315796
511 0.5154514312744141
512 0.5091354846954346
513 0.6857464909553528
514 0.7626141309738159
515 0.8636513352394104
516 0.6520680785179138
517 0.6410828232765198
518 0.639725387096405
519 0.6782463788986206
520 0.854730486869812
521 0.820585310459137
522 0.8646238446235657
523 0.5781218409538269
524 0.7502827644348145
525 0.5026049613952637
526 0.6925780773162842
527 0.5955681800842285
528 0.7691128849983215
529 0.6619254350662231
530 0.6015581488609314
531 0.6564558744430542
532 0.4563610553741455
533 0.7133060097694397
534 1.1116019487380981
535 0.6713250875473022
536 1.0270419120788574
537 0.6963133811950684
538 0.5639225840568542
539 0.9199491739273071
540 0.640615701675415
541 0.6950953602790833
542 0.6226710081100464
543 0.7864004969596863
544 0.4087827205657959
545 0.6626293659210205
546 0.5868975520133972
547 0.40586188435554504
548 0.6772540807723999
549 0.7080804705619812
550 0.589824378490448
551 0.8094165325164795
552 1.030854344367981
553 1.093798279762268
554 0.8355394601821899
555 1.0969749689102173
556 0.7582018971443176
557 0.6680643558502197
558 0.9766964316368103
559 0.5106741189956665
560 0.8470220565795898
561 0.8361554145812988
562 0.7630455493927002
563 0.5553416013717651
564 0.9404225945472717
565 0.5834309458732605
566 0.7529282569885254
567 0.9894862771034241
568 0.8722705841064453
569 0.5415964126586914
570 1.0681877136230469
571 0.8771499991416931
572 1.032921314239502
573 1.1855591535568237
574 0.520158052444458
575 0.9273171424865723
576 0.9816170334815979
577 0.6448007225990295
578 0.5901673436164856
579 0.8056100010871887
580 0.7935015559196472
581 0.34443843364715576
582 0.7454933524131775
583 0.6121695637702942
584 0.8126429319381714
585 0.8579044938087463
586 0.9632335901260376
587 0.3783584237098694
588 0.6182308793067932
589 0.7774940729141235
590 0.8259721398353577
591 0.8424779176712036
592 0.7777873873710632
593 0.8864530324935913
594 0.988712728023529
595 0.7355237007141113
596 0.8083504438400269
597 0.5960400700569153
598 0.8406901359558105
599 0.7701810002326965
600 0.8079102635383606
601 0.6798197627067566
602 0.6223818063735962
603 0.6049354076385498
604 0.9991544485092163
605 1.1874096393585205
606 0.9280713200569153
607 0.573596179485321
608 0.7712547183036804
609 0.4898626506328583
610 0.6812259554862976
611 0.8157200813293457
612 0.6451609134674072
613 0.6761767864227295
614 0.327904611825943
615 0.9235154986381531
616 1.2589997053146362
617 1.0960476398468018
618 1.3161358833312988
619 0.821269154548645
620 1.2040839195251465
621 0.8946090936660767
622 0.9299486875534058
623 0.6251296401023865
624 0.6259660124778748
625 1.1639825105667114
626 1.4140896797180176
627 1.2706413269042969
628 1.5968888998031616
629 1.4972363710403442
630 0.9682402610778809
631 1.2504976987838745
632 1.7675727605819702
633 1.6420280933380127
634 1.5259989500045776
635 1.2357960939407349
636 1.4416013956069946
637 1.2978429794311523
638 1.6207141876220703
639 1.367441177368164
640 1.3050875663757324
641 1.3836747407913208
642 1.3726974725723267
643 1.2982051372528076
644 1.4187982082366943
645 1.6677416563034058
646 1.519762396812439
647 1.604752779006958
648 1.6860216856002808
649 1.7143300771713257
650 1.590925693511963
651 1.482109785079956
652 1.792325735092163
653 1.6502934694290161
654 1.6268378496170044
655 1.5567898750305176
656 1.8984031677246094
657 1.4732738733291626
658 1.6456184387207031
659 1.6135005950927734
660 1.866128921508789
661 1.341282606124878
662 1.4765323400497437
663 1.6760823726654053
664 1.3490467071533203
665 1.9099235534667969
666 1.7051254510879517
667 1.6682071685791016
668 1.2929837703704834
669 1.6800847053527832
670 1.880759596824646
671 1.4709625244140625
672 1.6862549781799316
673 1.6883580684661865
674 1.9102833271026611
675 2.05617618560791
676 2.0970113277435303
677 1.8161426782608032
678 1.6226814985275269
679 1.7423396110534668
680 2.3283486366271973
681 1.867133378982544
682 1.7943674325942993
683 1.781916856765747
684 1.9458699226379395
685 2.045238494873047
686 1.9800103902816772
687 2.37898850440979
688 1.865695595741272
689 2.00992751121521
690 1.4216413497924805
691 1.453047752380371
692 1.35059654712677
693 1.4982011318206787
694 1.513885498046875
695 1.5403269529342651
696 1.7423207759857178
697 1.5121145248413086
698 1.494966983795166
699 1.5594985485076904
700 1.868562936782837
701 1.5276241302490234
702 1.112104892730713
703 1.544447898864746
704 1.2832547426223755
705 1.172485113143921
706 1.4893378019332886
707 1.6816273927688599
708 1.2257633209228516
709 1.6108168363571167
710 1.4723079204559326
711 1.6261277198791504
712 1.438307285308838
713 1.5658681392669678
714 1.4783097505569458
715 1.8250815868377686
716 1.2775543928146362
717 1.1520010232925415
718 1.313114881515503
719 1.5273852348327637
720 1.4184784889221191
721 1.6627169847488403
722 1.4176197052001953
723 2.006483793258667
724 2.2878167629241943
725 2.0160439014434814
726 1.690168023109436
727 1.6888420581817627
728 1.8536049127578735
729 2.184140205383301
730 2.0951590538024902
731 1.9299143552780151
732 1.3852624893188477
733 1.4233977794647217
734 1.288740873336792
735 1.7770190238952637
736 1.2966784238815308
737 1.7178833484649658
738 1.5105239152908325
739 1.123774766921997
740 1.314302921295166
741 1.2272369861602783
742 1.495560646057129
743 1.4949363470077515
744 1.7061227560043335
745 1.2408027648925781
746 0.9610498547554016
747 1.1957008838653564
748 1.4929468631744385
749 1.3525707721710205
750 1.2418205738067627
751 1.6465965509414673
752 1.361402153968811
753 1.6012014150619507
754 1.6726806163787842
755 1.3613519668579102
756 1.5564318895339966
757 1.631633996963501
758 1.5853911638259888
759 1.5523929595947266
760 1.1765249967575073
761 1.3329347372055054
762 1.7949202060699463
763 1.513108253479004
764 1.3883322477340698
765 1.7131799459457397
766 1.647038459777832
767 1.6200515031814575
768 1.43565833568573
769 1.3652969598770142
770 1.6512731313705444
771 1.318742036819458
772 1.6798739433288574
773 1.7240365743637085
774 1.4542412757873535
775 1.1449787616729736
776 1.6576591730117798
777 1.3636764287948608
778 1.3113261461257935
779 1.6155714988708496
780 1.5419046878814697
781 1.2731825113296509
782 1.5686136484146118
783 1.722800850868225
784 1.6252474784851074
785 1.5340675115585327
786 1.193786859512329
787 1.295333981513977
788 1.3426904678344727
789 1.3944917917251587
790 1.4310202598571777
791 1.121293544769287
792 1.323867678642273
793 1.3185311555862427
794 1.5858348608016968
795 1.4159111976623535
796 1.2719578742980957
797 1.5580847263336182
798 1.5186820030212402
799 1.457592487335205
800 1.6268284320831299
801 1.334466576576233
802 1.3142894506454468
803 1.8806356191635132
804 1.3345838785171509
805 1.555238127708435
806 1.527309536933899
807 1.395122766494751
808 1.6090407371520996
809 1.45106840133667
810 1.2220110893249512
811 1.2979599237442017
812 1.5487926006317139
813 1.544145941734314
814 1.2858846187591553
815 1.4976260662078857
816 1.6940308809280396
817 1.4978394508361816
818 1.4334756135940552
819 1.9792429208755493
820 1.9334102869033813
821 1.6608883142471313
822 1.6873303651809692
823 1.6280962228775024
824 1.5923396348953247
825 1.1825401782989502
826 1.5577970743179321
827 1.5664074420928955
828 1.2765822410583496
829 1.4694994688034058
830 1.3383880853652954
831 1.4180501699447632
832 1.555611252784729
833 1.6356651782989502
834 1.9217450618743896
835 1.849547028541565
836 1.995871901512146
837 1.7324661016464233
838 1.6195528507232666
839 1.9623641967773438
840 1.7509077787399292
841 1.8203344345092773
842 1.7619636058807373
843 1.8664973974227905
844 1.6313865184783936
845 1.7531085014343262
846 1.6083784103393555
847 1.6644046306610107
848 1.657603144645691
849 1.784846544265747
850 1.7093641757965088
851 1.5352951288223267
852 1.752316951751709
853 1.6255111694335938
854 1.9203298091888428
855 1.5994453430175781
856 1.9021481275558472
857 1.5983134508132935
858 1.9948062896728516
859 2.1247851848602295
860 2.206132411956787
861 1.7688183784484863
862 1.78140127658844
863 1.484171748161316
864 1.541083812713623
865 1.621517300605774
866 1.7230160236358643
867 1.2282307147979736
868 1.7320806980133057
869 1.850852608680725
870 1.5943962335586548
871 1.6250048875808716
872 1.6894243955612183
873 1.5701223611831665
874 2.2429962158203125
875 2.5023510456085205
876 2.39715576171875
877 2.4134340286254883
878 2.114431381225586
879 2.7522099018096924
880 2.322500467300415
881 2.4792702198028564
882 2.7244224548339844
883 2.9170193672180176
884 2.6589930057525635
885 2.8360819816589355
886 3.1101150512695313
887 2.4130051136016846
888 2.468029022216797
889 2.1208901405334473
890 2.3963165283203125
891 2.449141025543213
892 2.1298086643218994
893 2.289153575897217
894 2.661510467529297
895 2.2996912002563477
896 2.3655965328216553
897 2.747828960418701
898 2.658565044403076
899 3.285688877105713
900 2.8410990238189697
901 2.7050652503967285
902 3.0468552112579346
903 2.7420952320098877
904 2.5546202659606934
905 2.4795732498168945
906 2.696401357650757
907 2.351323127746582
908 2.99994158744812
909 2.6246495246887207
910 2.7533910274505615
911 3.155763864517212
912 3.181849479675293
913 3.0198206901550293
914 3.0702452659606934
915 2.581207275390625
916 2.6451563835144043
917 2.7574546337127686
918 2.7268078327178955
919 2.9424853324890137
920 2.8115854263305664
921 2.911874294281006
922 3.3126096725463867
923 2.499913454055786
924 2.411541700363159
925 2.4193668365478516
926 2.8276026248931885
927 2.3895020484924316
928 2.8945252895355225
929 3.031066417694092
930 2.748121738433838
931 3.0095088481903076
932 2.993349075317383
933 3.1451399326324463
934 2.9064269065856934
935 2.6379199028015137
936 2.9478349685668945
937 2.5259907245635986
938 2.786285400390625
939 2.8077151775360107
940 3.0083277225494385
941 3.038562297821045
942 3.235041379928589
943 3.228343963623047
944 3.203517198562622
945 2.814146041870117
946 2.9192774295806885
947 2.976844310760498
948 3.3386073112487793
949 3.2445099353790283
950 3.094531536102295
951 3.2044622898101807
952 2.7040481567382813
953 3.0731375217437744
954 3.143826723098755
955 3.456153392791748
956 3.203190565109253
957 3.381373882293701
958 3.0442888736724854
959 3.205579996109009
960 3.0789103507995605
961 2.5987985134124756
962 3.31384015083313
963 3.1800122261047363
964 3.1440415382385254
965 3.062236785888672
966 3.180565595626831
967 3.3062658309936523
968 3.2926456928253174
969 3.490497350692749
970 3.1525657176971436
971 3.2488174438476563
972 3.286127805709839
973 3.308763265609741
974 3.561671495437622
975 3.7931652069091797
976 3.956495523452759
977 3.9501290321350098
978 3.6706488132476807
979 3.4810211658477783
980 3.3303887844085693
981 3.3034350872039795
982 3.2927534580230713
983 4.024211883544922
984 3.4436452388763428
985 3.826214075088501
986 3.6395368576049805
987 3.5956215858459473
988 3.5561234951019287
989 3.536809206008911
990 2.9164764881134033
991 3.4550533294677734
992 3.23557186126709
993 3.312241792678833
994 3.681605815887451
995 3.5179665088653564
996 3.4705824851989746
997 3.403254985809326
998 3.0318522453308105
999 3.2707407474517822
1000 2.85425066947937
1001 3.216505527496338
1002 3.060455322265625
1003 2.8812546730041504
1004 3.3934953212738037
1005 3.3648619651794434
1006 3.04447603225708
1007 2.850847005844116
1008 3.0585193634033203
1009 3.309861421585083
1010 3.09798264503479
1011 2.8247971534729004
1012 3.009061813354492
1013 3.261802911758423
1014 2.7997727394104004
1015 2.923445463180542
1016 2.7861673831939697
1017 3.290916919708252
1018 3.224161386489868
1019 3.5900509357452393
1020 3.748847007751465
1021 3.298293352127075
1022 3.097416877746582
1023 2.601438522338867
1024 2.992579936981201
1025 3.072305917739868
1026 3.0232276916503906
1027 2.974360942840576
1028 3.0087857246398926
1029 2.9767136573791504
1030 3.1798739433288574
1031 3.2825725078582764
1032 2.9278106689453125
1033 2.7993412017822266
1034 2.8900256156921387
1035 2.9917147159576416
1036 3.3537535667419434
1037 3.5163190364837646
1038 3.4983599185943604
1039 3.600048303604126
1040 3.254122257232666
1041 3.6714344024658203
1042 4.1546454429626465
1043 3.7995617389678955
1044 4.198328971862793
1045 4.107634544372559
1046 3.7519209384918213
1047 4.207644462585449
1048 4.162683486938477
1049 4.091117858886719
1050 4.199077606201172
1051 4.2741804122924805
1052 4.358983039855957
1053 4.00759220123291
1054 4.593538761138916
1055 3.8835928440093994
1056 4.287245750427246
1057 4.125696659088135
1058 4.21165132522583
1059 4.4121904373168945
1060 4.576160907745361
1061 4.501695156097412
1062 4.526700019836426
1063 4.156642436981201
1064 4.358122825622559
1065 4.275367259979248
1066 4.284163951873779
1067 4.410450458526611
1068 4.371150970458984
1069 4.463953971862793
1070 4.394207954406738
1071 4.793186187744141
1072 4.690704822540283
1073 4.536774158477783
1074 5.071626663208008
1075 4.9914679527282715
1076 5.035590171813965
1077 5.883505821228027
1078 5.702404022216797
1079 5.8446431159973145
1080 5.339715480804443
1081 5.910262584686279
1082 5.3124518394470215
1083 5.553083896636963
1084 5.685248374938965
1085 5.8990888595581055
1086 5.825436115264893
1087 5.884707450866699
1088 5.876062393188477
1089 5.881222724914551
1090 5.926687717437744
1091 5.994762897491455
1092 5.972418308258057
1093 6.119143009185791
1094 5.951728343963623
1095 5.63505220413208
1096 5.329131126403809
1097 5.880702495574951
1098 5.349270820617676
1099 5.461390018463135
1100 5.455832481384277
1101 5.706274032592773
1102 5.738689422607422
1103 5.4433913230896
1104 5.530977249145508
1105 4.905833721160889
1106 5.299465656280518
1107 5.239749908447266
1108 4.986856460571289
1109 5.353940010070801
1110 5.228079319000244
1111 5.449862957000732
1112 5.135414123535156
1113 5.232332229614258
1114 5.672321319580078
1115 4.755303382873535
1116 4.636216640472412
1117 4.745898246765137
1118 4.718353748321533
1119 4.686554908752441
1120 4.503101348876953
1121 4.603250503540039
1122 4.943812847137451
1123 4.770341396331787
1124 4.931208610534668
1125 4.883774757385254
1126 5.198638916015625
1127 4.791269302368164
1128 4.595958232879639
1129 5.192518711090088
1130 4.26851749420166
1131 4.563506603240967
1132 4.23584508895874
1133 4.442920684814453
1134 4.0863447189331055
1135 4.225063323974609
1136 4.338422775268555
1137 4.065653324127197
1138 4.219385147094727
1139 3.932614326477051
1140 3.941391944885254
1141 4.2654523849487305
1142 4.40254020690918
1143 4.035237789154053
1144 4.524430274963379
1145 4.345173358917236
1146 4.124782085418701
1147 4.150020122528076
1148 4.4670891761779785
1149 4.715072154998779
1150 4.642719268798828
1151 3.827056646347046
1152 4.449585914611816
1153 4.950316429138184
1154 4.452734470367432
1155 4.700417995452881
1156 4.336019039154053
1157 4.52989387512207
1158 4.246703624725342
1159 4.344091892242432
1160 3.8797059059143066
1161 4.565705299377441
1162 4.294250011444092
1163 4.277830600738525
1164 4.781637668609619
1165 4.985149383544922
1166 4.637187480926514
1167 4.748312950134277
1168 4.485880374908447
1169 4.3538947105407715
1170 4.389072418212891
1171 4.673247814178467
1172 4.539895534515381
1173 4.4887895584106445
1174 4.536404609680176
1175 4.411962032318115
1176 4.522447109222412
1177 4.580890655517578
1178 4.130361080169678
1179 4.536098480224609
1180 4.0420942306518555
1181 4.1732892990112305
1182 4.388387203216553
1183 4.432905673980713
1184 4.331574440002441
1185 4.047800540924072
1186 3.9111170768737793
1187 4.311374664306641
1188 3.96726393699646
1189 3.9888675212860107
1190 3.8387975692749023
1191 3.4398081302642822
1192 3.518420934677124
1193 3.314237356185913
1194 3.905254602432251
1195 3.0934019088745117
1196 2.9787518978118896
1197 3.23529314994812
1198 3.1161086559295654
1199 3.1933624744415283
1200 3.0227646827697754
1201 3.261009693145752
1202 2.9819066524505615
1203 3.259416103363037
1204 3.1650304794311523
1205 3.11843204498291
1206 2.6806211471557617
1207 3.0538370609283447
1208 3.3425378799438477
1209 3.293016195297241
1210 3.413215160369873
1211 3.4119532108306885
1212 3.105041027069092
1213 2.954190731048584
1214 3.250631093978882
1215 3.337604522705078
1216 3.1598079204559326
1217 3.487719774246216
1218 3.439988136291504
1219 3.5926923751831055
1220 3.110996961593628
1221 3.2397804260253906
1222 3.3407745361328125
1223 2.902778387069702
1224 2.6071367263793945
1225 2.2450361251831055
1226 2.8759467601776123
1227 2.617953300476074
1228 2.850545883178711
1229 2.7315659523010254
1230 3.1791954040527344
1231 3.3072142601013184
1232 2.8756213188171387
1233 2.8085577487945557
1234 2.609692335128784
1235 2.453831911087036
1236 2.884345531463623
1237 2.8920247554779053
1238 2.573805332183838
1239 2.436586856842041
1240 2.7151994705200195
1241 2.7269415855407715
1242 2.7569360733032227
1243 3.09033203125
1244 2.9623029232025146
1245 2.844277858734131
1246 2.839350461959839
1247 3.0497045516967773
1248 3.1084094047546387
1249 3.007885456085205
1250 2.853337287902832
1251 2.623556613922119
1252 2.650064468383789
1253 2.8602097034454346
1254 2.717918872833252
1255 2.9447174072265625
1256 3.069139003753662
1257 3.2989659309387207
1258 2.7778561115264893
1259 2.74373459815979
1260 3.2519476413726807
1261 2.8580524921417236
1262 2.707632303237915
1263 2.993382215499878
1264 2.6874866485595703
1265 3.1374664306640625
1266 3.2860748767852783
1267 2.962678909301758
1268 3.1514627933502197
1269 3.0006613731384277
1270 3.055983543395996
1271 2.817634344100952
1272 2.3639001846313477
1273 2.5776517391204834
1274 3.0232491493225098
1275 3.283642530441284
1276 2.669684648513794
1277 2.946448564529419
1278 2.7288365364074707
1279 2.7338240146636963
1280 2.440880537033081
1281 2.355534553527832
1282 2.5944178104400635
1283 2.748073101043701
1284 2.467169761657715
1285 2.2698962688446045
1286 2.6480493545532227
1287 2.108624219894409
1288 2.1052451133728027
1289 2.956725835800171
1290 2.397366762161255
1291 2.311556100845337
1292 2.7310056686401367
1293 2.590351104736328
1294 2.5953760147094727
1295 2.780484437942505
1296 2.7334682941436768
1297 2.6263437271118164
1298 2.7934906482696533
1299 2.6810848712921143
1300 2.9111998081207275
1301 2.7336971759796143
1302 2.3673229217529297
1303 2.641955852508545
1304 2.919006824493408
1305 3.0284347534179688
1306 2.4316647052764893
1307 2.6961658000946045
1308 2.6131751537323
1309 2.6271982192993164
1310 2.7644081115722656
1311 2.607642889022827
1312 2.5143930912017822
1313 3.131117820739746
1314 2.677227258682251
1315 3.025949001312256
1316 3.0362770557403564
1317 2.586517572402954
1318 2.653348922729492
1319 2.8328909873962402
1320 2.680845260620117
1321 2.5397326946258545
1322 3.1386992931365967
1323 2.817229747772217
1324 2.7403652667999268
1325 2.78082275390625
1326 2.5608246326446533
1327 2.8910064697265625
1328 2.705836057662964
1329 2.857802152633667
1330 2.8047006130218506
1331 2.6402695178985596
1332 2.8240296840667725
1333 2.482231378555298
1334 2.6646111011505127
1335 2.5928478240966797
1336 2.962008476257324
1337 3.018221855163574
1338 2.446291208267212
1339 2.4921183586120605
1340 2.4337732791900635
1341 2.630422830581665
1342 2.297410488128662
1343 2.5075135231018066
1344 2.7932796478271484
1345 2.605929374694824
1346 2.4032480716705322
1347 2.497427463531494
1348 2.8065452575683594
1349 2.892608880996704
1350 2.7879886627197266
1351 2.292520046234131
1352 2.017289876937866
1353 2.0484416484832764
1354 2.2011799812316895
1355 2.3228936195373535
1356 2.3315083980560303
1357 2.57669997215271
1358 2.3813276290893555
1359 2.3329923152923584
1360 2.9092161655426025
1361 2.511697769165039
1362 2.5830349922180176
1363 2.2579314708709717
1364 2.3506290912628174
1365 2.4992198944091797
1366 2.665398597717285
1367 2.364908218383789
1368 2.5866966247558594
1369 2.742997169494629
1370 3.0329549312591553
1371 2.803424119949341
1372 2.9237382411956787
1373 2.6671321392059326
1374 2.715756416320801
1375 2.5338070392608643
1376 2.9827158451080322
1377 3.0659232139587402
1378 2.558358907699585
1379 2.8041582107543945
1380 2.84849214553833
1381 3.097019910812378
1382 2.753777027130127
1383 2.6225225925445557
1384 3.0441365242004395
1385 2.9550774097442627
1386 2.746114730834961
1387 2.860339641571045
1388 3.023535966873169
1389 2.810159683227539
1390 2.7774391174316406
1391 3.1659419536590576
1392 2.8917205333709717
1393 2.7392337322235107
1394 2.717198371887207
1395 2.986372470855713
1396 2.327859401702881
1397 2.904066562652588
1398 3.0177550315856934
1399 2.7516889572143555
1400 2.967019557952881
1401 2.643869161605835
1402 2.872401237487793
1403 2.935070037841797
1404 2.464747428894043
1405 3.0672829151153564
1406 3.1329469680786133
1407 3.0143802165985107
1408 2.636389970779419
1409 2.86384654045105
1410 3.1217808723449707
1411 2.854458808898926
1412 3.3481063842773438
1413 3.1578240394592285
1414 2.9871275424957275
1415 3.576826572418213
1416 2.512582778930664
1417 2.9315974712371826
1418 2.762211561203003
1419 2.91784930229187
1420 2.6501572132110596
1421 3.040337085723877
1422 2.96872615814209
1423 2.68331241607666
1424 2.9894657135009766
1425 2.6901395320892334
1426 2.9010682106018066
1427 2.73473858833313
1428 2.8322877883911133
1429 2.8846144676208496
1430 2.822484016418457
1431 2.6520776748657227
1432 2.7367019653320313
1433 2.8387982845306396
1434 3.5350265502929688
1435 2.9743404388427734
1436 3.09613037109375
1437 2.889086961746216
1438 2.5814990997314453
1439 3.207606792449951
1440 2.855781316757202
1441 3.2806642055511475
1442 3.468578815460205
1443 3.324340581893921
1444 3.212531328201294
1445 3.1816155910491943
1446 3.205904960632324
1447 3.1413724422454834
1448 3.2026779651641846
1449 3.335737466812134
1450 3.023899793624878
1451 3.3219425678253174
1452 3.371706962585449
1453 3.283778429031372
1454 3.582157611846924
1455 3.3675427436828613
1456 3.2917520999908447
1457 3.3394131660461426
1458 2.946786403656006
1459 2.7254228591918945
1460 2.692878484725952
1461 2.628028631210327
1462 2.9439687728881836
1463 2.7494828701019287
1464 3.034123182296753
1465 3.133544683456421
1466 2.876089572906494
1467 2.685242176055908
1468 2.5445520877838135
1469 2.8831534385681152
1470 2.830967903137207
1471 2.8105859756469727
1472 2.89237117767334
1473 2.7318432331085205
1474 2.929644823074341
1475 2.460153102874756
1476 2.5260391235351563
1477 2.8013060092926025
1478 2.9890785217285156
1479 3.0832583904266357
1480 2.9475014209747314
1481 2.7117490768432617
1482 2.613842010498047
1483 2.539579153060913
1484 3.3863134384155273
1485 3.175340175628662
1486 3.2348244190216064
1487 3.3845489025115967
1488 3.018080234527588
1489 3.073558807373047
1490 2.8412868976593018
1491 2.4728963375091553
1492 2.669543743133545
1493 2.7219462394714355
1494 3.225938320159912
1495 3.147427558898926
1496 3.0345726013183594
1497 2.7510268688201904
1498 2.9869043827056885
1499 2.9722607135772705
1500 2.3929240703582764
1501 3.181014060974121
1502 2.750302791595459
1503 2.7647783756256104
1504 2.829005718231201
1505 3.0741114616394043
1506 2.9721343517303467
1507 2.5721328258514404
1508 3.1261472702026367
1509 2.721151351928711
1510 2.9885075092315674
1511 2.799299478530884
1512 2.856973648071289
1513 3.1638410091400146
1514 2.9921348094940186
1515 3.038695812225342
1516 2.7065718173980713
1517 3.157482147216797
1518 2.9641237258911133
1519 2.913060188293457
1520 2.924769639968872
1521 2.8139257431030273
1522 3.2048428058624268
1523 2.9625375270843506
1524 2.7375171184539795
1525 2.766718626022339
1526 3.1074535846710205
1527 2.9298791885375977
1528 3.139802932739258
1529 3.070188522338867
1530 2.7639260292053223
1531 2.8435864448547363
1532 2.86556077003479
1533 2.658872604370117
1534 2.840531349182129
1535 2.8828487396240234
1536 3.0736804008483887
1537 2.9787790775299072
1538 2.8807930946350098
1539 3.0208611488342285
1540 2.9489920139312744
1541 2.8893492221832275
1542 3.0658416748046875
1543 3.019505739212036
1544 3.56522536277771
1545 2.7997488975524902
1546 3.61753511428833
1547 3.237128257751465
1548 3.19508957862854
1549 2.8431458473205566
1550 3.1586833000183105
1551 3.538254499435425
1552 3.080331325531006
1553 3.0882298946380615
1554 2.9675450325012207
1555 3.0746428966522217
1556 3.1196720600128174
1557 3.1098427772521973
1558 2.998872756958008
1559 3.0100600719451904
1560 2.5841190814971924
1561 3.276491403579712
1562 3.9095840454101563
1563 3.440222978591919
1564 2.969775676727295
1565 3.620161533355713
1566 3.451220750808716
1567 3.4230265617370605
1568 2.807615041732788
1569 2.6402862071990967
1570 2.7480411529541016
1571 2.8825790882110596
1572 3.045055389404297
1573 2.5557308197021484
1574 2.7231383323669434
1575 2.2605552673339844
1576 3.2417588233947754
1577 2.9615671634674072
1578 2.6552209854125977
1579 2.73949933052063
1580 2.6122848987579346
1581 2.798295021057129
1582 2.8521924018859863
1583 2.9204676151275635
1584 2.851142168045044
1585 3.0153722763061523
1586 2.8834526538848877
1587 3.0319440364837646
1588 3.147754430770874
1589 2.8648674488067627
1590 2.946624279022217
1591 3.0514650344848633
1592 2.8061363697052
1593 2.6877028942108154
1594 2.92899751663208
1595 2.753213882446289
1596 2.686581611633301
1597 2.5754823684692383
1598 3.218339204788208
1599 3.5831334590911865
1600 2.6343233585357666
1601 2.613327741622925
1602 3.0991644859313965
1603 2.7559659481048584
1604 2.954040050506592
1605 2.921236038208008
1606 2.543592929840088
1607 2.5167508125305176
1608 2.780369997024536
1609 2.4338490962982178
1610 2.655611038208008
1611 3.0703158378601074
1612 3.5776491165161133
1613 3.353682279586792
1614 2.905862331390381
1615 3.0670409202575684
1616 2.7779476642608643
1617 2.823120355606079
1618 3.218838930130005
1619 2.5682008266448975
1620 2.84517765045166
1621 3.05080246925354
1622 2.7328169345855713
1623 2.787396192550659
1624 2.958038330078125
1625 3.07928204536438
1626 2.643360137939453
1627 2.859525680541992
1628 2.24703049659729
1629 2.6324055194854736
1630 2.6971261501312256
1631 2.2660417556762695
1632 2.306598424911499
1633 2.0517852306365967
1634 2.3539137840270996
1635 2.0784966945648193
1636 2.436051368713379
1637 2.7891006469726563
1638 2.3735179901123047
1639 2.2656853199005127
1640 2.0287837982177734
1641 2.7876293659210205
1642 2.68465518951416
1643 2.731675148010254
1644 3.1345484256744385
1645 2.5406651496887207
1646 3.0571978092193604
1647 2.8567166328430176
1648 2.7598679065704346
1649 2.76413631439209
1650 2.19787859916687
1651 2.753906488418579
1652 2.4878149032592773
1653 2.346024990081787
1654 2.1689445972442627
1655 3.011352062225342
1656 2.1226909160614014
1657 2.128868341445923
1658 2.6720504760742188
1659 2.689194917678833
1660 2.556556224822998
1661 2.418877363204956
1662 2.7335586547851563
1663 2.6145429611206055
1664 2.6064484119415283
1665 2.7104341983795166
1666 3.052220344543457
1667 2.8220090866088867
1668 2.4777536392211914
1669 2.6669533252716064
1670 2.809882164001465
1671 2.8840057849884033
1672 2.6308956146240234
1673 2.645204782485962
1674 2.574608564376831
1675 2.163828134536743
1676 2.170607089996338
1677 2.259119749069214
1678 2.3886022567749023
1679 2.773378372192383
1680 2.3695273399353027
1681 2.6880998611450195
1682 2.631495952606201
1683 3.0701048374176025
1684 2.8487837314605713
1685 2.9855592250823975
1686 2.6599104404449463
1687 3.166137218475342
1688 2.8922317028045654
1689 2.2787437438964844
1690 2.9581298828125
1691 2.7155067920684814
1692 2.5343270301818848
1693 3.1041204929351807
1694 2.948821783065796
1695 2.4506962299346924
1696 2.762995481491089
1697 2.5376296043395996
1698 2.630676507949829
1699 2.8557891845703125
1700 2.8098418712615967
1701 2.3772950172424316
1702 1.9990495443344116
1703 1.8706151247024536
1704 2.498352289199829
1705 2.856273651123047
1706 2.664290428161621
1707 3.1748852729797363
1708 2.6340999603271484
1709 2.9275598526000977
1710 2.326526403427124
1711 2.775623321533203
1712 2.3496880531311035
1713 2.6433026790618896
1714 2.8199968338012695
1715 2.4508111476898193
1716 2.6994426250457764
1717 2.6432535648345947
1718 2.846656560897827
1719 2.4021215438842773
1720 2.8530683517456055
1721 2.8604819774627686
1722 2.723375082015991
1723 2.6939961910247803
1724 2.492947578430176
1725 2.498795986175537
1726 2.2531991004943848
1727 2.397345542907715
1728 2.5034704208374023
1729 2.5011794567108154
1730 2.548173189163208
1731 2.1911518573760986
1732 2.8716256618499756
1733 2.663071870803833
1734 3.1423697471618652
1735 2.6414661407470703
1736 2.7373974323272705
1737 2.5120415687561035
1738 2.8137688636779785
1739 2.771826982498169
1740 2.5249500274658203
1741 2.7497498989105225
1742 2.165423631668091
1743 2.8662638664245605
1744 2.5937423706054688
1745 2.657154083251953
1746 2.6262881755828857
1747 2.739436626434326
1748 2.953153610229492
1749 2.839946746826172
1750 2.59209942817688
1751 2.662679433822632
1752 2.6763341426849365
1753 2.5281882286071777
1754 2.741975784301758
1755 2.623938798904419
1756 2.5320277214050293
1757 2.7331206798553467
1758 2.551314353942871
1759 2.4315831661224365
1760 2.661381483078003
1761 2.4767611026763916
1762 2.789930582046509
1763 2.986483573913574
1764 2.5093719959259033
1765 2.493556499481201
1766 2.4308390617370605
1767 2.98087739944458
1768 2.5460445880889893
1769 3.0090668201446533
1770 2.3773789405822754
1771 2.846625804901123
1772 2.7027997970581055
1773 3.0768144130706787
1774 2.9649572372436523
1775 3.157561779022217
1776 3.12740421295166
1777 2.742006778717041
1778 3.7467639446258545
1779 3.154914140701294
1780 3.1471128463745117
1781 3.2028310298919678
1782 3.5749242305755615
1783 3.345752716064453
1784 3.198723077774048
1785 3.3071258068084717
1786 3.484455108642578
1787 3.3694679737091064
1788 3.084439277648926
1789 3.67411732673645
1790 3.9807426929473877
1791 3.6605279445648193
1792 4.143878936767578
1793 3.8841564655303955
1794 3.6533405780792236
1795 3.7201106548309326
1796 3.656798839569092
1797 4.238341331481934
1798 4.0590739250183105
1799 3.6795132160186768
1800 3.4339370727539063
1801 3.6071879863739014
1802 3.34962797164917
1803 3.6309080123901367
1804 3.4382405281066895
1805 3.239600658416748
1806 2.939974546432495
1807 3.1534111499786377
1808 3.218555450439453
1809 3.3924596309661865
1810 3.33632230758667
1811 3.3797123432159424
1812 3.877631425857544
1813 3.334594488143921
1814 2.8898861408233643
1815 3.0949811935424805
1816 2.7327423095703125
1817 3.063133716583252
1818 2.770510673522949
1819 3.163163661956787
1820 2.8091979026794434
1821 3.1782021522521973
1822 3.4353625774383545
1823 2.8043057918548584
1824 2.8012940883636475
1825 2.8052053451538086
1826 3.579597234725952
1827 3.612259864807129
1828 3.496506690979004
1829 4.210661888122559
1830 2.710235118865967
1831 3.00006365776062
1832 2.9412996768951416
1833 2.9707818031311035
1834 3.270265579223633
1835 3.5613412857055664
1836 2.671788454055786
1837 2.980900287628174
1838 3.2728986740112305
1839 3.2879226207733154
1840 3.3892054557800293
1841 3.7006783485412598
1842 3.086460828781128
1843 3.707066535949707
1844 3.482614278793335
1845 3.4081568717956543
1846 3.750809907913208
1847 4.3580427169799805
1848 4.03239631652832
1849 4.08901834487915
1850 4.422656059265137
1851 3.826965808868408
1852 4.588400363922119
1853 4.0083723068237305
1854 4.1883111000061035
1855 4.039462566375732
1856 4.0661492347717285
1857 3.6880452632904053
1858 4.052206516265869
1859 4.242562770843506
1860 4.376832485198975
1861 4.125814437866211
1862 3.4897093772888184
1863 3.419792413711548
1864 3.8187761306762695
1865 3.593722105026245
1866 3.588367462158203
1867 3.5361263751983643
1868 3.5550730228424072
1869 3.7708864212036133
1870 4.276110649108887
1871 3.733591079711914
1872 3.201772928237915
1873 3.461658477783203
1874 3.095705032348633
1875 3.2794103622436523
1876 3.4574944972991943
1877 3.5630176067352295
1878 3.750559091567993
1879 4.090033531188965
1880 3.7434868812561035
1881 3.296452760696411
1882 3.406937599182129
1883 2.991389513015747
1884 3.2900538444519043
1885 3.439626932144165
1886 3.3691840171813965
1887 3.503971815109253
1888 3.217498302459717
1889 2.9965057373046875
1890 3.806781768798828
1891 3.4548044204711914
1892 3.620680570602417
1893 4.074717044830322
1894 4.000764846801758
1895 4.3002800941467285
1896 3.7681262493133545
1897 3.874563694000244
1898 4.111498832702637
1899 3.6104896068573
1900 3.590426206588745
1901 3.2020320892333984
1902 3.4619739055633545
1903 4.001873016357422
1904 4.061419486999512
1905 3.8261656761169434
1906 3.7765066623687744
1907 3.4824492931365967
1908 3.8904452323913574
1909 4.112533092498779
1910 4.241189479827881
1911 4.419712066650391
1912 4.0199079513549805
1913 4.617504596710205
1914 4.095577239990234
1915 4.069924831390381
1916 4.833277225494385
1917 4.499825477600098
1918 4.826624393463135
1919 4.980627059936523
1920 4.856326580047607
1921 5.237376689910889
1922 4.634826183319092
1923 4.91065788269043
1924 4.698709964752197
1925 4.393572807312012
1926 4.1701765060424805
1927 4.74453592300415
1928 4.670469760894775
1929 4.6726531982421875
1930 4.973338603973389
1931 4.798318862915039
1932 4.7353057861328125
1933 4.437709808349609
1934 5.002872467041016
1935 4.919544219970703
1936 3.9818811416625977
1937 3.7096197605133057
1938 3.84627103805542
1939 4.112770080566406
1940 3.9053330421447754
1941 4.105743408203125
1942 3.5343573093414307
1943 3.8417537212371826
1944 3.959670066833496
1945 4.093770503997803
1946 4.210351943969727
1947 3.783400535583496
1948 3.899773120880127
1949 4.199355602264404
1950 4.20706844329834
1951 4.38425350189209
1952 3.7261619567871094
1953 3.4849188327789307
1954 3.7169809341430664
1955 3.7569692134857178
1956 3.751225233078003
1957 3.3659827709198
1958 3.6986496448516846
1959 3.624696731567383
1960 3.512624740600586
1961 3.540377378463745
1962 3.6014883518218994
1963 3.600801706314087
1964 3.162400960922241
1965 3.7283782958984375
1966 3.973424196243286
1967 4.4647536277771
1968 3.6659600734710693
1969 3.586418390274048
1970 3.26802921295166
1971 2.9245166778564453
1972 3.262112617492676
1973 3.5986087322235107
1974 3.2616703510284424
1975 3.2135603427886963
1976 3.2479114532470703
1977 3.271101236343384
1978 3.190643787384033
1979 3.0730488300323486
1980 3.377908706665039
1981 3.3850786685943604
1982 3.300488233566284
1983 3.214118242263794
1984 3.877192735671997
1985 4.000059604644775
1986 3.608761787414551
1987 3.7290244102478027
1988 4.019111156463623
1989 3.9309308528900146
1990 3.1870198249816895
1991 4.235667705535889
1992 3.642446279525757
1993 3.8710732460021973
1994 3.887366771697998
1995 3.8309977054595947
1996 3.9541890621185303
1997 3.7838640213012695
1998 3.4639995098114014
1999 3.5174736976623535
