0 0.0
1 0.5717449188232422
2 0.8532201051712036
3 1.0702723264694214
4 0.6685859560966492
5 0.5302658081054688
6 0.9721513390541077
7 0.47641631960868835
8 0.44839590787887573
9 0.7929980158805847
10 0.7596392035484314
11 0.7948250770568848
12 1.0383710861206055
13 1.0071368217468262
14 0.670894980430603
15 1.1109110116958618
16 0.9525392651557922
17 0.9493595361709595
18 0.9143008589744568
19 1.0603300333023071
20 0.7025496959686279
21 0.8707464337348938
22 1.0328258275985718
23 0.650672435760498
24 0.8808014988899231
25 0.6299402713775635
26 0.8602784872055054
27 0.9033668637275696
28 0.8480718731880188
29 0.7299398183822632
30 0.6226058602333069
31 0.5273382663726807
32 0.6556615233421326
33 0.9602025151252747
34 0.7568384408950806
35 0.7353049516677856
36 0.38308364152908325
37 0.9214014410972595
38 0.5750026702880859
39 0.5917933583259583
40 0.5071254968643188
41 0.6272245645523071
42 0.6175466775894165
43 0.6720218658447266
44 0.4787960350513458
45 0.6323639750480652
46 0.6082118153572083
47 0.8072744011878967
48 0.717625081539154
49 0.898166835308075
50 0.7670075297355652
51 0.46736109256744385
52 0.6308854222297668
53 0.6334361433982849
54 0.22435329854488373
55 0.7308717966079712
56 0.5279179215431213
57 0.4622414708137512
58 0.4314040541648865
59 0.7897390127182007
60 0.7020087242126465
61 0.5245822072029114
62 0.7212120890617371
63 0.6322779655456543
64 0.5251251459121704
65 0.7249020338058472
66 0.7400265336036682
67 1.1708362102508545
68 0.8762231469154358
69 0.7772956490516663
70 0.5650360584259033
71 0.7002111673355103
72 1.0086708068847656
73 0.46252378821372986
74 0.5604267716407776
75 0.5867701172828674
76 0.8882158994674683
77 0.6650419235229492
78 0.7532945275306702
79 0.6988295912742615
80 0.37890616059303284
81 0.39839857816696167
82 0.6072364449501038
83 0.44279807806015015
84 0.6280876398086548
85 0.6013334393501282
86 0.496608167886734
87 0.555018961429596
88 0.49168264865875244
89 0.3442383110523224
90 0.7875650525093079
91 0.6523537039756775
92 0.34938833117485046
93 0.4409431517124176
94 1.0136001110076904
95 0.5351808667182922
96 0.37829655408859253
97 0.6600235104560852
98 0.5863602161407471
99 0.4574335217475891
100 0.7716341018676758
101 0.654969334602356
102 0.6873311996459961
103 0.5400020480155945
104 0.6602675318717957
105 0.7333411574363708
106 1.3061293363571167
107 0.937762439250946
108 0.7887011170387268
109 0.7629400491714478
110 0.8556514978408813
111 0.6033389568328857
112 0.958715558052063
113 0.8782812356948853
114 0.893322229385376
115 0.9257328510284424
116 0.7017335295677185
117 0.7805245518684387
118 0.3508663475513458
119 0.6470810174942017
120 0.5417289733886719
121 0.7535396218299866
122 0.6536818146705627
123 0.4308597445487976
124 0.37759697437286377
125 0.3328498899936676
126 0.5551228523254395
127 0.45084795355796814
128 0.7480910420417786
129 0.5953401327133179
130 0.5954096913337708
131 0.47363632917404175
132 0.6890391707420349
133 0.4376324415206909
134 0.6630799174308777
135 0.5682387948036194
136 0.49044153094291687
137 0.5229637622833252
138 0.5269871950149536
139 0.730297327041626
140 0.6833744645118713
141 0.9346943497657776
142 0.9525356292724609
143 1.0638890266418457
144 0.7403924465179443
145 0.8706801533699036
146 1.0053588151931763
147 1.2791459560394287
148 1.0962837934494019
149 0.6149725914001465
150 1.2994349002838135
151 0.9816746711730957
152 0.9653264284133911
153 0.8042452931404114
154 0.6115428805351257
155 0.4854084253311157
156 0.40685078501701355
157 0.6847869753837585
158 0.719620406627655
159 0.752193808555603
160 0.5281007289886475
161 0.5570492744445801
162 0.7734678983688354
163 0.8416691422462463
164 0.9339051246643066
165 0.8050791621208191
166 0.7969889640808105
167 0.6387890577316284
168 1.0028448104858398
169 0.9328116774559021
170 0.683981716632843
171 0.6026453971862793
172 0.49561962485313416
173 0.6124693751335144
174 0.6156161427497864
175 0.8148471713066101
176 0.5216036438941956
177 0.934415876865387
178 0.5476094484329224
179 0.746246874332428
180 0.5268821716308594
181 0.6184391379356384
182 0.5040494203567505
183 0.822656512260437
184 0.9848300814628601
185 0.8111705780029297
186 0.7135096192359924
187 0.7725176811218262
188 0.523827850818634
189 0.6528619527816772
190 0.8337177038192749
191 0.7069717049598694
192 0.4996117055416107
193 0.44973039627075195
194 0.5247836112976074
195 0.6234301328659058
196 1.0580376386642456
197 0.6284027695655823
198 0.5751994848251343
199 0.7558034062385559
200 0.8895083665847778
201 0.6770347952842712
202 0.7181620597839355
203 1.0931681394577026
204 0.5914027094841003
205 0.6850163340568542
206 0.4060090482234955
207 0.6857547163963318
208 0.5549034476280212
209 0.28836408257484436
210 0.8381743431091309
211 0.7594566941261292
212 0.7402579188346863
213 0.7776903510093689
214 0.6442652940750122
215 0.6388546228408813
216 0.9362449049949646
217 0.7699107527732849
218 0.9725657105445862
219 0.7671723365783691
220 1.3547430038452148
221 1.2606465816497803
222 0.9894288182258606
223 0.7228883504867554
224 0.8248421549797058
225 0.8953213095664978
226 0.7109009027481079
227 0.7859786152839661
228 0.5278360247612
229 0.4018077552318573
230 0.721363365650177
231 0.8018364310264587
232 0.9481015205383301
233 1.005954623222351
234 0.5544702410697937
235 0.7082790732383728
236 0.9014938473701477
237 0.7164562344551086
238 0.891954779624939
239 1.4023065567016602
240 0.8401561379432678
241 0.841593861579895
242 1.111039161682129
243 0.6992066502571106
244 0.5188617706298828
245 0.8777981996536255
246 0.7242740988731384
247 0.5617102384567261
248 0.5675879716873169
249 0.8438839912414551
250 0.7031204104423523
251 0.8968409895896912
252 0.6928728222846985
253 0.8184887766838074
254 0.7145426273345947
255 0.6959902048110962
256 0.7841149568557739
257 0.6447191834449768
258 0.8375954031944275
259 0.9249230623245239
260 0.6264914870262146
261 0.5550580620765686
262 0.5030356645584106
263 0.4481097161769867
264 0.9651471972465515
265 0.3709101378917694
266 0.5407799482345581
267 0.6037648320198059
268 0.3687288165092468
269 0.3806411623954773
270 0.6726087927818298
271 0.9134262204170227
272 0.6490625143051147
273 0.6752712726593018
274 0.7963107228279114
275 0.6675443649291992
276 0.9237342476844788
277 0.7032175660133362
278 0.6244500279426575
279 0.7469720840454102
280 0.7087348699569702
281 0.7319509387016296
282 0.5071442127227783
283 0.6990153193473816
284 1.002022624015808
285 0.5708355903625488
286 0.9341472387313843
287 1.017531394958496
288 0.7481251358985901
289 0.7528095245361328
290 0.5871432423591614
291 0.6631454825401306
292 0.8836632370948792
293 0.8390215635299683
294 0.6229240894317627
295 1.0693250894546509
296 0.7916162014007568
297 1.1916006803512573
298 0.8382953405380249
299 0.7909308671951294
300 0.5727182626724243
301 0.6979857087135315
302 0.8010302186012268
303 0.5303547978401184
304 0.46894514560699463
305 0.7812203764915466
306 0.8412733674049377
307 0.7212088108062744
308 0.7474700212478638
309 0.8548476696014404
310 1.0136919021606445
311 1.0651625394821167
312 0.713780403137207
313 0.509907066822052
314 0.39559710025787354
315 0.5040699243545532
316 0.7620067000389099
317 0.9119167327880859
318 0.6985346674919128
319 1.0718318223953247
320 0.8201236128807068
321 0.9546766877174377
322 0.5490564703941345
323 0.830420970916748
324 0.844536304473877
325 1.3043421506881714
326 1.0879502296447754
327 0.6789665818214417
328 1.0019731521606445
329 0.8141043782234192
330 0.6545673608779907
331 0.7740719318389893
332 0.30287298560142517
333 0.7897692918777466
334 0.5514487624168396
335 1.0526782274246216
336 0.7527208924293518
337 0.9537873864173889
338 1.043997049331665
339 0.825799286365509
340 0.8485434651374817
341 0.6761833429336548
342 0.7852301001548767
343 0.7581453919410706
344 1.0728713274002075
345 0.7851659655570984
346 1.279980182647705
347 0.7414258718490601
348 0.8114052414894104
349 0.8599786758422852
350 1.1509898900985718
351 1.1142702102661133
352 0.8341089487075806
353 0.7272278666496277
354 0.8405174612998962
355 0.9920915961265564
356 0.9166445136070251
357 0.5824817419052124
358 0.9268447160720825
359 0.9557262659072876
360 1.0801465511322021
361 0.6226896047592163
362 0.9475633502006531
363 0.8915199637413025
364 0.8121019601821899
365 0.8399754762649536
366 1.1518535614013672
367 0.9730954170227051
368 0.80384761095047
369 1.0101269483566284
370 1.187727689743042
371 0.6903165578842163
372 0.6434198021888733
373 0.8235589861869812
374 0.7583967447280884
375 0.7677595615386963
376 0.9758955836296082
377 0.6700893640518188
378 0.7662071585655212
379 0.8324345946311951
380 0.794826090335846
381 0.9089382290840149
382 0.9088540077209473
383 0.8129016160964966
384 0.7467657327651978
385 0.45535337924957275
386 0.8183527588844299
387 0.6207291483879089
388 0.8832712769508362
389 1.0944221019744873
390 1.0466324090957642
391 0.7058122158050537
392 1.0905336141586304
393 0.699984610080719
394 0.8938255310058594
395 0.7088514566421509
396 0.586948037147522
397 0.53830885887146
398 0.8116896152496338
399 0.5200862288475037
400 0.8794870376586914
401 0.7818878889083862
402 0.8654729723930359
403 0.7084777355194092
404 0.700714647769928
405 1.003570795059204
406 0.635479211807251
407 0.510714054107666
408 0.7725143432617188
409 0.8915067315101624
410 0.6051309704780579
411 0.4512227773666382
412 0.5081614851951599
413 0.5981258749961853
414 0.6145238876342773
415 0.6301027536392212
416 0.6131401658058167
417 0.6342132687568665
418 0.5566872954368591
419 0.5116487741470337
420 0.4699028432369232
421 0.6559432744979858
422 0.31712019443511963
423 0.8870770931243896
424 0.8073727488517761
425 0.46313172578811646
426 0.7167084217071533
427 0.5299169421195984
428 0.6796584725379944
429 0.46367570757865906
430 0.8461412787437439
431 0.8608384132385254
432 0.6824980974197388
433 1.0033087730407715
434 0.7705312967300415
435 0.8425047397613525
436 0.6491091251373291
437 0.7102653384208679
438 0.71119225025177
439 0.6298738718032837
440 0.7910822033882141
441 0.8337602615356445
442 0.5894774198532104
443 0.5263738632202148
444 0.7137223482131958
445 0.5439562201499939
446 0.7442726492881775
447 0.3928956389427185
448 0.6781837344169617
449 0.48929664492607117
450 0.7360765933990479
451 0.8684749603271484
452 0.5964339375495911
453 0.49276992678642273
454 0.6044740676879883
455 0.7528417110443115
456 1.00364351272583
457 0.5019121170043945
458 0.6598823070526123
459 0.5381419658660889
460 0.4710334837436676
461 0.5622473359107971
462 0.4764917492866516
463 0.4575512111186981
464 0.937162458896637
465 0.6861526370048523
466 0.5095080137252808
467 0.46675238013267517
468 0.5618340373039246
469 0.4855765402317047
470 0.6148689389228821
471 0.3931427597999573
472 0.3699142336845398
473 0.2937454283237457
474 0.4963240623474121
475 0.6116394996643066
476 0.5130212903022766
477 0.5719386339187622
478 0.6663095951080322
479 0.8790693283081055
480 0.703320324420929
481 0.69632488489151
482 0.9105246663093567
483 0.5376275777816772
484 0.860369861125946
485 0.6863161325454712
486 0.6995612978935242
487 0.6014779210090637
488 0.5882402062416077
489 0.7198256850242615
490 0.7370808720588684
491 0.6490890383720398
492 0.48366543650627136
493 0.6127637624740601
494 0.6913117170333862
495 0.7085530161857605
496 0.6466667056083679
497 0.6695199012756348
498 0.6334162950515747
499 0.5379703640937805
500 0.6374866366386414
501 0.6980533599853516
502 0.5243114829063416
503 0.5794865489006042
504 0.5472270846366882
505 0.8841373920440674
506 0.5805076360702515
507 0.5384722352027893
508 0.7787125110626221
509 0.7262293100357056
510 0.7894626259803772
511 0.7117924690246582
512 1.0666552782058716
513 0.972797155380249
514 0.844235360622406
515 0.8279316425323486
516 0.8174553513526917
517 0.867885947227478
518 0.9360466003417969
519 0.7385901212692261
520 0.7355121374130249
521 0.7272369265556335
522 0.5778451561927795
523 0.5463300347328186
524 0.6562930345535278
525 0.5523701310157776
526 0.5419889688491821
527 0.6977921724319458
528 0.736352801322937
529 0.6841261982917786
530 0.5001073479652405
531 0.4992810785770416
532 0.6924987435340881
533 0.8116188645362854
534 0.7346295714378357
535 0.6924043297767639
536 0.888622522354126
537 0.6953640580177307
538 0.5456724762916565
539 0.6795327067375183
540 0.515360414981842
541 0.5352131724357605
542 0.8628036975860596
543 0.7110531330108643
544 0.5833050608634949
545 0.805213451385498
546 0.7700793147087097
547 0.7619491219520569
548 0.7170329689979553
549 1.335149884223938
550 0.8279864192008972
551 0.9239876866340637
552 0.8904383182525635
553 0.6327667236328125
554 0.650702714920044
555 0.949181854724884
556 0.8787513971328735
557 0.4841954708099365
558 0.8704035878181458
559 0.6184768676757813
560 0.4896608889102936
561 1.000129222869873
562 1.041611909866333
563 0.530738115310669
564 0.41352900862693787
565 0.6807274222373962
566 0.8177465796470642
567 0.913119912147522
568 0.8683485984802246
569 0.9306624531745911
570 1.179973840713501
571 0.7905715107917786
572 0.7872971296310425
573 0.4718989431858063
574 0.8902949094772339
575 0.7449477910995483
576 0.6752257347106934
577 0.5608112812042236
578 0.7747050523757935
579 1.0997450351715088
580 0.6341772079467773
581 0.6647374033927917
582 0.9220264554023743
583 0.75271075963974
584 0.8181531429290771
585 1.167990803718567
586 0.6413090229034424
587 0.7714563012123108
588 0.6831463575363159
589 0.756908118724823
590 0.9114559292793274
591 0.7374836802482605
592 0.9161872267723083
593 0.7333061695098877
594 0.7869531512260437
595 1.0259287357330322
596 0.9006713032722473
597 0.8967602849006653
598 0.688162624835968
599 0.8808947205543518
600 0.6686534881591797
601 0.612476110458374
602 0.7253893613815308
603 0.686216413974762
604 0.5538415312767029
605 0.6169455051422119
606 1.1539369821548462
607 0.7257353663444519
608 0.7154232859611511
609 0.683190643787384
610 0.5936846733093262
611 0.8845788240432739
612 0.8780518770217896
613 0.8306429982185364
614 0.929195761680603
615 0.6088899374008179
616 0.6092499494552612
617 0.6764875054359436
618 0.6976664662361145
619 0.7404717803001404
620 0.5077812671661377
621 0.3650868237018585
622 0.41422611474990845
623 0.9267869591712952
624 1.004281997680664
625 1.0615078210830688
626 1.1240131855010986
627 1.084057331085205
628 1.0602778196334839
629 1.0104053020477295
630 1.0119320154190063
631 0.5012539625167847
632 0.6605709791183472
633 1.1207793951034546
634 0.6831927299499512
635 1.0533883571624756
636 0.3009122908115387
637 0.5739312171936035
638 0.6741164922714233
639 0.4494103491306305
640 0.8525874614715576
641 0.6908038854598999
642 0.895508348941803
643 0.9542330503463745
644 1.0038275718688965
645 0.7352875471115112
646 0.6623240113258362
647 0.6386752128601074
648 0.9836867451667786
649 0.7800513505935669
650 0.6422034502029419
651 0.859474778175354
652 0.7435361742973328
653 0.4173828065395355
654 0.5641189813613892
655 0.6527127623558044
656 0.5760172009468079
657 0.4478754699230194
658 0.5880753993988037
659 0.8891788721084595
660 0.694695234298706
661 0.7092728018760681
662 0.5703666806221008
663 0.465716689825058
664 0.4217739403247833
665 0.8023954033851624
666 0.5234497785568237
667 0.7420754432678223
668 0.5050451159477234
669 0.4934808313846588
670 0.7116179466247559
671 0.44295549392700195
672 0.36487001180648804
673 0.8142744898796082
674 1.0003241300582886
675 0.6591767072677612
676 0.687464714050293
677 0.7318761348724365
678 1.0210427045822144
679 0.7560518980026245
680 0.8946014046669006
681 0.9885494709014893
682 0.6043105721473694
683 0.8066105842590332
684 0.5908602476119995
685 1.075606346130371
686 0.6726894378662109
687 1.2898001670837402
688 1.2608838081359863
689 1.333597183227539
690 1.0676438808441162
691 1.0582644939422607
692 1.1899596452713013
693 0.807151198387146
694 0.68473881483078
695 1.373623251914978
696 0.9098048210144043
697 0.8619993925094604
698 1.009222388267517
699 1.1221052408218384
700 1.2876176834106445
701 0.7253807187080383
702 0.5666561722755432
703 0.713262677192688
704 0.5182487964630127
705 0.5949438810348511
706 0.6641584038734436
707 0.5427107214927673
708 0.6718103289604187
709 0.5670953989028931
710 0.716346263885498
711 1.032846450805664
712 1.23891282081604
713 0.8132103681564331
714 1.1216967105865479
715 0.8045536875724792
716 0.7524524331092834
717 0.750714898109436
718 0.66315096616745
719 0.9096624255180359
720 0.9518452286720276
721 0.7318854331970215
722 0.9659162759780884
723 1.1645666360855103
724 1.1555360555648804
725 0.821053683757782
726 0.7999801635742188
727 0.6219193339347839
728 1.000728726387024
729 1.0119651556015015
730 1.2149596214294434
731 0.781086802482605
732 0.5789327621459961
733 0.6863122582435608
734 0.6091313362121582
735 0.6287642121315002
736 0.47227802872657776
737 0.9981717467308044
738 0.7297589778900146
739 0.7675341367721558
740 0.5835524797439575
741 0.7451083064079285
742 0.7087845206260681
743 0.848019540309906
744 0.6145258545875549
745 0.5430903434753418
746 0.4263632297515869
747 1.0343446731567383
748 0.9577875137329102
749 0.7267031669616699
750 0.6077039837837219
751 0.6038477420806885
752 0.5601498484611511
753 1.1503559350967407
754 0.8154651522636414
755 0.9699621200561523
756 0.8001629710197449
757 1.1699036359786987
758 1.168585181236267
759 1.534793496131897
760 0.777856171131134
761 0.7060903310775757
762 1.1221755743026733
763 0.8876904249191284
764 0.8825801014900208
765 1.168295979499817
766 1.1491479873657227
767 0.7589860558509827
768 1.146864414215088
769 0.9285853505134583
770 1.2150601148605347
771 1.1101222038269043
772 0.854727566242218
773 0.8100483417510986
774 0.8143751621246338
775 0.8324618339538574
776 1.0367385149002075
777 0.6565629243850708
778 0.6716878414154053
779 0.9246306419372559
780 1.075116515159607
781 0.830474317073822
782 1.0367814302444458
783 1.2587335109710693
784 1.0675362348556519
785 0.7772576808929443
786 0.738876223564148
787 0.7934960126876831
788 0.923308253288269
789 0.8826586008071899
790 0.8244124054908752
791 0.8019518852233887
792 0.8377177715301514
793 0.9507991075515747
794 1.0828993320465088
795 1.0031124353408813
796 1.0484696626663208
797 1.2233384847640991
798 0.9556674957275391
799 1.233075499534607
800 1.0053719282150269
801 1.059920072555542
802 0.9032803773880005
803 0.9421995878219604
804 0.8585352897644043
805 0.9630676507949829
806 0.8751803040504456
807 1.1722638607025146
808 0.9341781735420227
809 1.0113987922668457
810 0.8423105478286743
811 0.9559369087219238
812 0.889681875705719
813 1.1012109518051147
814 0.8918836116790771
815 1.0421339273452759
816 1.008333444595337
817 1.1004060506820679
818 1.3396133184432983
819 1.7864795923233032
820 1.4718832969665527
821 1.0575854778289795
822 1.258950114250183
823 1.1952860355377197
824 1.56029212474823
825 0.9919793009757996
826 0.9405121207237244
827 0.5708761811256409
828 0.9815198183059692
829 1.1576898097991943
830 1.4420253038406372
831 1.5472756624221802
832 1.2207046747207642
833 1.0492870807647705
834 1.677501916885376
835 1.8805209398269653
836 1.617324709892273
837 1.5935173034667969
838 1.2271016836166382
839 1.4624131917953491
840 1.3528413772583008
841 1.0005848407745361
842 1.3838661909103394
843 1.5334492921829224
844 1.4468942880630493
845 1.3890786170959473
846 1.265739917755127
847 1.0628385543823242
848 1.5625529289245605
849 1.544618844985962
850 1.5157849788665771
851 1.4155194759368896
852 1.710089921951294
853 1.7110189199447632
854 1.8133795261383057
855 1.7282156944274902
856 1.7603602409362793
857 1.4272832870483398
858 1.790184736251831
859 1.675189733505249
860 2.2575252056121826
861 1.409716010093689
862 1.3842074871063232
863 2.0622401237487793
864 1.672319769859314
865 1.8287243843078613
866 2.2639358043670654
867 1.0892847776412964
868 1.914656639099121
869 2.171389102935791
870 1.8353314399719238
871 1.694101095199585
872 2.3542425632476807
873 2.127206325531006
874 2.271050453186035
875 2.432727575302124
876 2.2285778522491455
877 2.0249454975128174
878 2.166675329208374
879 2.378340244293213
880 2.2544920444488525
881 2.229170322418213
882 2.50791072845459
883 2.4362738132476807
884 1.3497658967971802
885 1.9771465063095093
886 1.671448826789856
887 1.751695156097412
888 1.587550163269043
889 1.535698413848877
890 1.6819992065429688
891 1.331949234008789
892 1.2601468563079834
893 1.2214467525482178
894 1.5962330102920532
895 1.7058045864105225
896 1.6682361364364624
897 1.3683996200561523
898 1.3414520025253296
899 1.1993653774261475
900 0.9801710247993469
901 0.9813581705093384
902 1.0612713098526
903 1.3571926355361938
904 1.0661101341247559
905 1.0304781198501587
906 1.2590245008468628
907 1.4011452198028564
908 0.923170804977417
909 0.9420143961906433
910 0.8933368921279907
911 0.8215529322624207
912 1.3080333471298218
913 1.1620564460754395
914 1.2234437465667725
915 0.9392595887184143
916 0.8663867115974426
917 1.0035852193832397
918 1.3195183277130127
919 1.2876546382904053
920 1.3903335332870483
921 1.2564682960510254
922 1.3171591758728027
923 1.205802321434021
924 1.4848874807357788
925 1.1725095510482788
926 1.3268260955810547
927 1.121010661125183
928 1.3244264125823975
929 1.383089542388916
930 1.121669054031372
931 1.4842485189437866
932 1.1325640678405762
933 1.1620821952819824
934 1.345307469367981
935 1.0380090475082397
936 1.0517568588256836
937 1.021081805229187
938 0.8387133479118347
939 1.0336698293685913
940 0.7141066789627075
941 0.9010249376296997
942 0.9016900658607483
943 0.9201841950416565
944 1.1254154443740845
945 1.1000088453292847
946 1.2693041563034058
947 1.156078815460205
948 1.2503724098205566
949 1.3449827432632446
950 1.1700077056884766
951 1.268635869026184
952 1.4579893350601196
953 1.2530351877212524
954 1.29598867893219
955 0.9000037312507629
956 1.2618097066879272
957 0.9440792202949524
958 0.980241060256958
959 1.3943437337875366
960 1.1970878839492798
961 1.0447256565093994
962 1.2021833658218384
963 1.246498465538025
964 1.520158052444458
965 1.2851563692092896
966 1.1078144311904907
967 0.8310484290122986
968 1.1404011249542236
969 0.8838931918144226
970 1.2209529876708984
971 1.0046848058700562
972 1.1729178428649902
973 1.2661645412445068
974 1.2006226778030396
975 1.2208786010742188
976 1.034132719039917
977 0.9942407011985779
978 0.9429929256439209
979 1.0582668781280518
980 0.9463149309158325
981 0.9178833365440369
982 0.7732508182525635
983 1.5395904779434204
984 0.8952804207801819
985 1.0426279306411743
986 1.1506595611572266
987 1.0277104377746582
988 0.7901637554168701
989 1.5648671388626099
990 1.207595705986023
991 1.14805006980896
992 1.018735408782959
993 1.5432850122451782
994 1.6281801462173462
995 1.378161072731018
996 1.2830277681350708
997 1.1837064027786255
998 0.9323225021362305
999 1.095575213432312
1000 1.0994869470596313
1001 1.044403314590454
1002 1.207331895828247
1003 0.8810518383979797
1004 1.278559684753418
1005 0.8672364950180054
1006 1.2638400793075562
1007 1.0257612466812134
1008 1.0731505155563354
1009 1.2176414728164673
1010 1.599832534790039
1011 1.0716644525527954
1012 1.1866484880447388
1013 1.1076266765594482
1014 0.9659101963043213
1015 1.262082576751709
1016 1.1203266382217407
1017 1.2314146757125854
1018 1.8367477655410767
1019 1.3037880659103394
1020 1.3993480205535889
1021 1.5752451419830322
1022 1.7694703340530396
1023 1.86189603805542
1024 2.1700971126556396
1025 1.7760061025619507
1026 1.8101210594177246
1027 2.25500750541687
1028 1.8490159511566162
1029 2.274683713912964
1030 1.6389670372009277
1031 1.910722017288208
1032 1.3626668453216553
1033 1.7288334369659424
1034 1.5429598093032837
1035 1.359946370124817
1036 1.5429904460906982
1037 1.1533645391464233
1038 0.976096510887146
1039 0.8232384324073792
1040 0.9234291315078735
1041 0.7389990091323853
1042 0.8134443163871765
1043 0.8496371507644653
1044 0.9736351370811462
1045 0.8418275117874146
1046 1.133783221244812
1047 1.2482601404190063
1048 1.0575734376907349
1049 0.9800451397895813
1050 1.0870518684387207
1051 1.0360920429229736
1052 1.2494410276412964
1053 1.258314609527588
1054 1.1445094347000122
1055 1.2907758951187134
1056 1.168586015701294
1057 1.2536782026290894
1058 1.4643230438232422
1059 1.169633388519287
1060 0.9706531763076782
1061 0.9860481023788452
1062 0.6543378233909607
1063 0.7189608812332153
1064 0.6566080451011658
1065 0.8029510378837585
1066 0.9359999299049377
1067 0.8169509768486023
1068 1.1040701866149902
1069 0.9908402562141418
1070 0.8319969177246094
1071 1.0991779565811157
1072 0.9197675585746765
1073 1.217228651046753
1074 0.9916906952857971
1075 1.0614501237869263
1076 1.3423734903335571
1077 0.9833686947822571
1078 0.9420748949050903
1079 0.9507591724395752
1080 1.1115881204605103
1081 1.1351779699325562
1082 1.145824909210205
1083 1.035778522491455
1084 1.074532389640808
1085 1.2598683834075928
1086 1.2991082668304443
1087 1.4559893608093262
1088 0.9636059999465942
1089 1.2051715850830078
1090 1.3233067989349365
1091 0.9939659237861633
1092 1.003403902053833
1093 1.0342111587524414
1094 1.2646535634994507
1095 1.0613431930541992
1096 1.1711857318878174
1097 1.2024204730987549
1098 1.2779197692871094
1099 1.1926020383834839
1100 1.0939151048660278
1101 1.354811191558838
1102 1.1422885656356812
1103 0.9158765077590942
1104 1.0331989526748657
1105 1.0747292041778564
1106 1.365567922592163
1107 1.367510437965393
1108 1.3422126770019531
1109 1.4829567670822144
1110 1.074025273323059
1111 0.8738396167755127
1112 1.0856685638427734
1113 1.0859251022338867
1114 1.361985445022583
1115 0.955203115940094
1116 1.034645676612854
1117 1.1649937629699707
1118 1.053924798965454
1119 0.9291542172431946
1120 0.9588891267776489
1121 1.1348931789398193
1122 1.4996581077575684
1123 1.5473459959030151
1124 1.490513563156128
1125 1.2323836088180542
1126 1.5666813850402832
1127 1.2811230421066284
1128 1.0638993978500366
1129 1.0485060214996338
1130 0.7485624551773071
1131 1.0736316442489624
1132 0.934630811214447
1133 0.7539613842964172
1134 1.1418479681015015
1135 1.0388449430465698
1136 0.777323305606842
1137 0.9249967932701111
1138 0.930199146270752
1139 1.2100807428359985
1140 0.9241209030151367
1141 1.4325144290924072
1142 0.8552605509757996
1143 0.9919680953025818
1144 1.0434002876281738
1145 1.337029218673706
1146 1.2263977527618408
1147 1.1801563501358032
1148 0.9332509636878967
1149 1.0546211004257202
1150 1.2003986835479736
1151 0.8826145529747009
1152 0.9991093873977661
1153 1.0299073457717896
1154 1.1484414339065552
1155 1.0990369319915771
1156 0.8134487867355347
1157 0.8907827138900757
1158 0.7917007207870483
1159 1.0604026317596436
1160 1.080818772315979
1161 1.0167434215545654
1162 1.061543345451355
1163 0.8559571504592896
1164 0.998336911201477
1165 1.259620189666748
1166 1.0542393922805786
1167 0.9957630634307861
1168 0.6427648067474365
1169 0.9334506392478943
1170 0.9263616800308228
1171 0.7624101042747498
1172 0.976819634437561
1173 1.0922445058822632
1174 0.9160320162773132
1175 0.8135617971420288
1176 0.7764405608177185
1177 1.1356250047683716
1178 0.8731957674026489
1179 0.8427965641021729
1180 0.9864847660064697
1181 0.8891915678977966
1182 0.7451848387718201
1183 0.8534162044525146
1184 1.117450475692749
1185 0.960226833820343
1186 1.0849802494049072
1187 0.9513158798217773
1188 0.6534437537193298
1189 1.0198677778244019
1190 0.6786379218101501
1191 1.0629940032958984
1192 1.2641884088516235
1193 0.8459628820419312
1194 1.1918110847473145
1195 1.0601527690887451
1196 1.3507367372512817
1197 1.053964614868164
1198 1.1672042608261108
1199 1.2174357175827026
1200 1.347498893737793
1201 1.103955864906311
1202 1.3740507364273071
1203 0.8280555009841919
1204 1.0853075981140137
1205 1.3258355855941772
1206 1.2191886901855469
1207 1.0092968940734863
1208 1.109838604927063
1209 1.0392701625823975
1210 0.999622642993927
1211 1.0855342149734497
1212 1.368469476699829
1213 0.9053292870521545
1214 0.8435958027839661
1215 0.9953663349151611
1216 0.8502867817878723
1217 0.9554103016853333
1218 0.8002355098724365
1219 0.8404046893119812
1220 1.1729929447174072
1221 1.1686487197875977
1222 1.0802533626556396
1223 1.1919032335281372
1224 0.8067615032196045
1225 1.0114061832427979
1226 0.9322032332420349
1227 1.3001619577407837
1228 0.8103377223014832
1229 0.7056034207344055
1230 1.002748966217041
1231 0.9031997919082642
1232 0.8245128989219666
1233 0.8979573845863342
1234 0.900155782699585
1235 0.888690710067749
1236 0.7300508618354797
1237 1.0026514530181885
1238 0.8936604261398315
1239 1.5326128005981445
1240 1.2028568983078003
1241 1.4787688255310059
1242 1.2418917417526245
1243 0.9597542881965637
1244 0.9785588383674622
1245 0.7368097901344299
1246 0.8893080353736877
1247 1.0328892469406128
1248 1.3101576566696167
1249 1.3300209045410156
1250 0.8939765095710754
1251 1.0013651847839355
1252 0.9867382049560547
1253 1.2704510688781738
1254 1.5383895635604858
1255 1.2679940462112427
1256 1.1395412683486938
1257 1.1309515237808228
1258 1.2505484819412231
1259 1.2086153030395508
1260 1.1096395254135132
1261 1.189058542251587
1262 1.253082513809204
1263 0.9600045680999756
1264 1.377160906791687
1265 0.7712687253952026
1266 0.8780077695846558
1267 0.9932088851928711
1268 1.0089584589004517
1269 0.9315474629402161
1270 1.236351490020752
1271 1.0505129098892212
1272 1.1070928573608398
1273 1.6766273975372314
1274 1.9972392320632935
1275 1.2294763326644897
1276 1.4026446342468262
1277 1.3432214260101318
1278 1.6834293603897095
1279 1.7271207571029663
1280 1.8693815469741821
1281 2.119896411895752
1282 1.7693084478378296
1283 2.1147267818450928
1284 2.0326430797576904
1285 2.0559940338134766
1286 1.876497745513916
1287 2.366481065750122
1288 1.789191722869873
1289 2.3444571495056152
1290 2.0699799060821533
1291 2.3343403339385986
1292 2.06915283203125
1293 2.013500452041626
1294 2.242739200592041
1295 2.146069288253784
1296 2.0113511085510254
1297 1.425305962562561
1298 1.9636337757110596
1299 1.6729567050933838
1300 1.7012778520584106
1301 1.561165690422058
1302 1.9951820373535156
1303 1.9329383373260498
1304 1.7323325872421265
1305 1.4802063703536987
1306 1.9643467664718628
1307 1.7984817028045654
1308 2.09175181388855
1309 2.024005651473999
1310 1.5396976470947266
1311 1.6028014421463013
1312 2.144068956375122
1313 2.1713874340057373
1314 1.720664620399475
1315 1.4833528995513916
1316 2.1020984649658203
1317 1.5541993379592896
1318 1.686493158340454
1319 1.9646217823028564
1320 1.7732210159301758
1321 1.9198909997940063
1322 1.862595558166504
1323 1.7426955699920654
1324 1.6490858793258667
1325 1.8132350444793701
1326 1.6244029998779297
1327 1.7036043405532837
1328 1.8653321266174316
1329 2.1198201179504395
1330 2.0448710918426514
1331 1.8862236738204956
1332 2.209430694580078
1333 2.469630718231201
1334 1.8164176940917969
1335 1.9661223888397217
1336 1.8024942874908447
1337 1.6436505317687988
1338 1.5036157369613647
1339 1.1849966049194336
1340 1.444198727607727
1341 1.3960224390029907
1342 1.3328783512115479
1343 1.6401557922363281
1344 1.258545160293579
1345 1.6128963232040405
1346 1.4440762996673584
1347 1.302190899848938
1348 1.1289865970611572
1349 1.4973325729370117
1350 1.8681530952453613
1351 1.9459222555160522
1352 1.826238989830017
1353 1.842414140701294
1354 1.822649359703064
1355 1.4080078601837158
1356 1.402949333190918
1357 1.1863936185836792
1358 1.339966893196106
1359 1.128603458404541
1360 1.3155262470245361
1361 1.1937799453735352
1362 1.1610298156738281
1363 1.6330045461654663
1364 2.001160144805908
1365 1.639687180519104
1366 1.3588238954544067
1367 0.9708859324455261
1368 0.9408384561538696
1369 1.2115260362625122
1370 0.930984377861023
1371 0.7776724100112915
1372 0.8135589361190796
1373 0.9022198915481567
1374 1.220198392868042
1375 0.9115901589393616
1376 0.9309627413749695
1377 0.7553969621658325
1378 1.072170376777649
1379 0.9576367735862732
1380 1.1215122938156128
1381 0.9109348654747009
1382 0.8342902660369873
1383 0.941286027431488
1384 1.0440672636032104
1385 0.9334234595298767
1386 0.8832796812057495
1387 0.9720883369445801
1388 1.0759413242340088
1389 1.0901899337768555
1390 1.2008864879608154
1391 1.1369158029556274
1392 1.2116154432296753
1393 1.2249932289123535
1394 1.4550435543060303
1395 1.1786184310913086
1396 1.4738614559173584
1397 1.8195263147354126
1398 1.3790524005889893
1399 1.5442663431167603
1400 1.6270486116409302
1401 1.2520160675048828
1402 1.2419341802597046
1403 1.4181255102157593
1404 1.8167200088500977
1405 0.8995553851127625
1406 1.165555715560913
1407 1.0985889434814453
1408 0.9185406565666199
1409 1.1301097869873047
1410 0.8666759729385376
1411 0.839260458946228
1412 0.9745296239852905
1413 0.9161726236343384
1414 0.8792222738265991
1415 1.0610078573226929
1416 1.0490021705627441
1417 0.9274851083755493
1418 1.1585402488708496
1419 1.1830006837844849
1420 1.201010823249817
1421 0.9631257653236389
1422 1.0986487865447998
1423 1.26279616355896
1424 1.264377236366272
1425 0.8905919194221497
1426 0.9585995078086853
1427 1.1344881057739258
1428 1.0788438320159912
1429 1.0036654472351074
1430 0.9486945867538452
1431 1.1435844898223877
1432 0.9127007722854614
1433 0.9420855045318604
1434 0.7492212653160095
1435 0.9526496529579163
1436 1.0491083860397339
1437 1.336785078048706
1438 1.4641497135162354
1439 1.184049367904663
1440 1.6728074550628662
1441 0.9769241809844971
1442 1.2449241876602173
1443 0.9011443853378296
1444 0.9676887392997742
1445 1.4679808616638184
1446 0.9723799824714661
1447 0.8792881965637207
1448 1.1208237409591675
1449 0.7958926558494568
1450 0.9308976531028748
1451 0.8969165086746216
1452 0.9689651131629944
1453 0.8407164812088013
1454 0.7360081672668457
1455 0.8067915439605713
1456 0.6517270803451538
1457 0.8785343766212463
1458 0.9845544695854187
1459 1.1256909370422363
1460 1.1130069494247437
1461 1.3246501684188843
1462 1.1422182321548462
1463 1.6731927394866943
1464 1.1498050689697266
1465 1.044968843460083
1466 1.1819037199020386
1467 0.9786115884780884
1468 1.686923623085022
1469 0.9790099263191223
1470 1.3710078001022339
1471 0.9332450032234192
1472 1.3714438676834106
1473 1.0689778327941895
1474 1.328487753868103
1475 1.1347140073776245
1476 1.1798136234283447
1477 1.2940245866775513
1478 1.152337908744812
1479 0.932657778263092
1480 1.4219259023666382
1481 1.61061692237854
1482 1.5155549049377441
1483 1.5081254243850708
1484 1.0509142875671387
1485 1.2651721239089966
1486 1.0229487419128418
1487 1.0733050107955933
1488 1.0076565742492676
1489 0.9920704960823059
1490 1.6045717000961304
1491 1.326026201248169
1492 1.2310588359832764
1493 1.2294999361038208
1494 1.0488874912261963
1495 1.0637178421020508
1496 1.051864743232727
1497 1.1035500764846802
1498 1.095109224319458
1499 1.0189849138259888
1500 1.1222118139266968
1501 0.8976174592971802
1502 1.0633882284164429
1503 0.9263371825218201
1504 1.0332444906234741
1505 1.260257601737976
1506 1.295749545097351
1507 1.2099242210388184
1508 1.2658246755599976
1509 1.3404128551483154
1510 1.1179159879684448
1511 1.2292340993881226
1512 1.1768901348114014
1513 1.361883521080017
1514 1.2783840894699097
1515 1.456600546836853
1516 1.1057873964309692
1517 1.2859622240066528
1518 1.4154815673828125
1519 1.3695632219314575
1520 1.0336613655090332
1521 1.363526463508606
1522 1.1942824125289917
1523 1.1122080087661743
1524 1.1127692461013794
1525 0.9253623485565186
1526 1.4785538911819458
1527 1.0144007205963135
1528 1.1734321117401123
1529 1.3850988149642944
1530 1.0495716333389282
1531 1.1584208011627197
1532 1.0056676864624023
1533 1.0908052921295166
1534 1.813204050064087
1535 1.4393813610076904
1536 1.2755451202392578
1537 1.2863290309906006
1538 1.303097128868103
1539 1.378379225730896
1540 1.0831292867660522
1541 1.117465853691101
1542 1.7756272554397583
1543 1.6332370042800903
1544 1.4453884363174438
1545 1.086523175239563
1546 1.4670910835266113
1547 1.3172467947006226
1548 1.1069027185440063
1549 0.9854090809822083
1550 1.2619256973266602
1551 0.713431715965271
1552 1.1818479299545288
1553 1.4264671802520752
1554 1.3515294790267944
1555 1.3837921619415283
1556 0.8300125598907471
1557 1.809278130531311
1558 1.606208086013794
1559 1.7485371828079224
1560 0.9404279589653015
1561 1.5661637783050537
1562 1.1198415756225586
1563 0.7807029485702515
1564 1.2044575214385986
1565 1.411106824874878
1566 1.0979316234588623
1567 1.3181240558624268
1568 1.2870763540267944
1569 1.7007324695587158
1570 1.66176176071167
1571 1.1842589378356934
1572 1.2271796464920044
1573 1.061843752861023
1574 1.4152932167053223
1575 1.5505934953689575
1576 1.1300381422042847
1577 1.1553467512130737
1578 1.3110780715942383
1579 0.9960712194442749
1580 1.016602873802185
1581 0.9136236906051636
1582 1.1388862133026123
1583 1.127053141593933
1584 1.0270159244537354
1585 1.162004828453064
1586 0.9634113907814026
1587 1.039006233215332
1588 0.9419647455215454
1589 1.5875076055526733
1590 1.4044402837753296
1591 1.2719534635543823
1592 1.1121454238891602
1593 1.1987401247024536
1594 1.275356411933899
1595 1.1205804347991943
1596 0.9028276205062866
1597 0.9093939661979675
1598 0.8550816774368286
1599 1.3113868236541748
1600 1.6539530754089355
1601 1.3633365631103516
1602 1.3609187602996826
1603 1.621216893196106
1604 1.3765010833740234
1605 1.365686297416687
1606 1.6129891872406006
1607 1.5516209602355957
1608 1.284963846206665
1609 1.3542556762695313
1610 1.516636848449707
1611 1.3564560413360596
1612 1.326019048690796
1613 1.2168471813201904
1614 1.1553126573562622
1615 1.103680968284607
1616 1.4888381958007813
1617 1.6899089813232422
1618 1.3075498342514038
1619 1.6349570751190186
1620 1.5361878871917725
1621 1.25960373878479
1622 1.4653793573379517
1623 1.2825440168380737
1624 1.719574213027954
1625 1.6871490478515625
1626 1.5331679582595825
1627 1.6448185443878174
1628 1.6319423913955688
1629 1.807999849319458
1630 1.5738444328308105
1631 1.498449683189392
1632 1.5979197025299072
1633 1.6026012897491455
1634 1.5979536771774292
1635 1.8860641717910767
1636 2.0171048641204834
1637 1.7191779613494873
1638 1.9583070278167725
1639 1.7100930213928223
1640 2.0261759757995605
1641 1.6845871210098267
1642 1.5783178806304932
1643 1.567943811416626
1644 1.9906307458877563
1645 1.6541630029678345
1646 0.9317764639854431
1647 1.0901886224746704
1648 1.0276724100112915
1649 0.8646986484527588
1650 1.2963027954101563
1651 1.3562122583389282
1652 1.6719435453414917
1653 1.7459179162979126
1654 1.8969253301620483
1655 1.6798068284988403
1656 2.1430857181549072
1657 1.6872965097427368
1658 1.7297075986862183
1659 1.7248376607894897
1660 1.9428972005844116
1661 2.091320514678955
1662 1.708855152130127
1663 1.688629388809204
1664 1.9446860551834106
1665 1.8108372688293457
1666 1.7181875705718994
1667 2.3582205772399902
1668 2.5334746837615967
1669 2.46386456489563
1670 2.526974678039551
1671 2.867366313934326
1672 2.446099042892456
1673 2.0764212608337402
1674 2.2862496376037598
1675 2.2021644115448
1676 2.7418437004089355
1677 2.390856981277466
1678 2.677459955215454
1679 2.04649019241333
1680 2.7113254070281982
1681 2.4227797985076904
1682 2.0741610527038574
1683 1.967172622680664
1684 2.271144151687622
1685 1.9630447626113892
1686 1.419339656829834
1687 1.0775240659713745
1688 0.9660799503326416
1689 1.6961276531219482
1690 1.8688840866088867
1691 1.963881015777588
1692 1.362481713294983
1693 0.9452393651008606
1694 0.9274876117706299
1695 1.18488609790802
1696 1.096287488937378
1697 1.2793744802474976
1698 1.3307379484176636
1699 1.0273288488388062
1700 0.9955427646636963
1701 1.3644994497299194
1702 1.9610954523086548
1703 1.7999491691589355
1704 1.7359421253204346
1705 2.53261661529541
1706 1.339927077293396
1707 2.185105085372925
1708 2.0026402473449707
1709 2.241086006164551
1710 2.304741621017456
1711 1.9055722951889038
1712 1.8418527841567993
1713 1.8236063718795776
1714 1.757957935333252
1715 1.7702664136886597
1716 2.6986782550811768
1717 2.8269457817077637
1718 3.324927568435669
1719 2.6548006534576416
1720 2.934295654296875
1721 2.6546623706817627
1722 2.935661792755127
1723 2.4154703617095947
1724 2.731241464614868
1725 2.602627754211426
1726 2.8357737064361572
1727 3.025182008743286
1728 3.182523727416992
1729 2.4553120136260986
1730 2.8578603267669678
1731 2.5518829822540283
1732 2.596606492996216
1733 3.0821988582611084
1734 3.219017505645752
1735 2.862546682357788
1736 2.707423686981201
1737 2.5128965377807617
1738 2.4212894439697266
1739 2.970766305923462
1740 2.9733681678771973
1741 2.7336649894714355
1742 2.115664005279541
1743 2.0419890880584717
1744 2.1920249462127686
1745 1.7031747102737427
1746 1.8370914459228516
1747 1.7028794288635254
1748 2.105587959289551
1749 2.2465975284576416
1750 2.211864948272705
1751 1.896649956703186
1752 2.4682772159576416
1753 2.253976345062256
1754 2.302772283554077
1755 1.7815430164337158
1756 1.7949905395507813
1757 2.2612686157226563
1758 1.9070611000061035
1759 1.4701075553894043
1760 1.4971258640289307
1761 1.9957425594329834
1762 1.3855524063110352
1763 1.8824023008346558
1764 1.683880090713501
1765 1.9878164529800415
1766 2.0875096321105957
1767 2.2784645557403564
1768 1.877526044845581
1769 2.265521764755249
1770 1.9211801290512085
1771 1.8050940036773682
1772 2.2963976860046387
1773 1.8038599491119385
1774 1.7712645530700684
1775 1.0638937950134277
1776 1.4884779453277588
1777 2.0673139095306396
1778 1.9534097909927368
1779 1.913136601448059
1780 2.4504003524780273
1781 1.886938214302063
1782 0.9512912034988403
1783 1.2266391515731812
1784 1.141552448272705
1785 1.211440920829773
1786 0.8370320796966553
1787 0.6473603844642639
1788 0.9028158783912659
1789 0.7935364842414856
1790 1.0533463954925537
1791 1.0122034549713135
1792 0.6990047693252563
1793 1.1578118801116943
1794 0.9454821944236755
1795 0.9447630643844604
1796 0.9526321887969971
1797 0.861852765083313
1798 0.9506011009216309
1799 0.8789381980895996
1800 0.9258947372436523
1801 1.3129395246505737
1802 1.6635901927947998
1803 1.3505975008010864
1804 1.1431572437286377
1805 1.8224074840545654
1806 2.159149408340454
1807 1.8440451622009277
1808 2.004268169403076
1809 2.071011543273926
1810 1.5246624946594238
1811 1.7487540245056152
1812 1.8823142051696777
1813 2.117352247238159
1814 1.381646990776062
1815 1.7998392581939697
1816 2.1690971851348877
1817 1.8153222799301147
1818 2.380720615386963
1819 1.7060385942459106
1820 1.8637056350708008
1821 1.8485937118530273
1822 1.7533549070358276
1823 1.421500563621521
1824 1.5508110523223877
1825 1.1911089420318604
1826 1.0258818864822388
1827 1.0290850400924683
1828 1.099942684173584
1829 0.7982973456382751
1830 0.9643006324768066
1831 1.029750108718872
1832 1.2885560989379883
1833 1.046341061592102
1834 1.4765769243240356
1835 1.645390272140503
1836 1.7772481441497803
1837 1.4521771669387817
1838 1.447973608970642
1839 1.4259604215621948
1840 0.7131759524345398
1841 1.307647705078125
1842 0.8379144072532654
1843 0.8907703161239624
1844 0.8601020574569702
1845 0.704537034034729
1846 0.8095381855964661
1847 0.7553892731666565
1848 0.8177250027656555
1849 1.016129970550537
1850 0.5357893109321594
1851 0.7344363927841187
1852 0.70052170753479
1853 0.59238201379776
1854 0.5999030470848083
1855 0.8298571705818176
1856 0.9022454619407654
1857 0.8420863747596741
1858 0.7461282014846802
1859 0.7177433371543884
1860 0.8665637373924255
1861 1.0299522876739502
1862 0.8839738965034485
1863 0.9917572140693665
1864 0.8051897883415222
1865 0.8083766102790833
1866 0.9083540439605713
1867 1.1118214130401611
1868 1.0522871017456055
1869 0.9876397848129272
1870 1.10603928565979
1871 0.9600746035575867
1872 1.4424723386764526
1873 1.1498267650604248
1874 0.9755913019180298
1875 0.8175166249275208
1876 0.815843939781189
1877 0.7348925471305847
1878 0.9175279140472412
1879 0.9597180485725403
1880 0.621116578578949
1881 0.9205112457275391
1882 0.7068661451339722
1883 1.0036542415618896
1884 1.03905189037323
1885 1.3045728206634521
1886 0.9283936619758606
1887 0.7963087558746338
1888 0.8672058582305908
1889 1.085224986076355
1890 1.1575422286987305
1891 0.8538454174995422
1892 0.6811944842338562
1893 0.7299635410308838
1894 0.6997268795967102
1895 0.7068229913711548
1896 0.6601048111915588
1897 0.7977891564369202
1898 0.6925143599510193
1899 0.8293695449829102
1900 1.2012619972229004
1901 0.7773823738098145
1902 0.9087049961090088
1903 0.7491546273231506
1904 0.5683976411819458
1905 0.5982404947280884
1906 0.831134557723999
1907 0.7889564037322998
1908 0.7175493240356445
1909 0.7457386255264282
1910 0.6753307580947876
1911 0.703673243522644
1912 0.6167218089103699
1913 0.818474531173706
1914 0.8645423650741577
1915 0.9111019968986511
1916 0.687279462814331
1917 0.8650690317153931
1918 0.9490191340446472
1919 1.0243902206420898
1920 1.1151180267333984
1921 0.7800502777099609
1922 1.0141903162002563
1923 0.934319019317627
1924 0.9813042879104614
1925 0.6608441472053528
1926 0.7599694728851318
1927 0.7746639251708984
1928 0.8137815594673157
1929 0.8930349349975586
1930 0.9055290818214417
1931 0.8033750653266907
1932 1.0143942832946777
1933 0.815052330493927
1934 1.1285487413406372
1935 0.9260207414627075
1936 0.7765353918075562
1937 0.7974746823310852
1938 0.787656843662262
1939 0.7096613049507141
1940 1.005354642868042
1941 0.8906016945838928
1942 0.6237016916275024
1943 0.8665274977684021
1944 0.8791148066520691
1945 0.6820620894432068
1946 0.9163535833358765
1947 1.0393553972244263
1948 1.0995140075683594
1949 0.9636809229850769
1950 1.0516722202301025
1951 0.7271192073822021
1952 0.8767200708389282
1953 0.7673211097717285
1954 0.7658750414848328
1955 0.8035308718681335
1956 0.6530810594558716
1957 0.8966691493988037
1958 0.9321305155754089
1959 0.9102519154548645
1960 0.905727207660675
1961 0.8729864358901978
1962 0.7556124925613403
1963 0.7425917983055115
1964 0.8343833088874817
1965 0.9084179401397705
1966 0.9742409586906433
1967 0.7868337035179138
1968 0.832920491695404
1969 1.2026156187057495
1970 0.9481552839279175
1971 0.8716478943824768
1972 0.7978554368019104
1973 0.9506210088729858
1974 1.0770355463027954
1975 0.6818113327026367
1976 1.0688884258270264
1977 1.2746949195861816
1978 1.1604161262512207
1979 0.7209084630012512
1980 1.4287728071212769
1981 0.980307400226593
1982 1.436886191368103
1983 1.3206760883331299
1984 0.8815914988517761
1985 1.2819093465805054
1986 1.3872312307357788
1987 1.2087382078170776
1988 1.1033704280853271
1989 0.8740406632423401
1990 0.8790500164031982
1991 0.7073003649711609
1992 1.6663670539855957
1993 1.0378440618515015
1994 1.3397718667984009
1995 1.1067298650741577
1996 0.7870348691940308
1997 0.8377372622489929
1998 0.8506981134414673
1999 1.260673999786377
