0 15.066812823981309
1 15.2330127052672
2 14.761287513206248
3 15.706509634063865
4 16.081613975872465
5 15.33345105914821
6 15.817775086851057
7 15.72531543567891
8 16.409487651836557
9 16.14545296793616
10 16.1894241922013
11 15.37999228040765
12 15.168448020092894
13 15.486053988333994
14 15.436893394206322
15 16.45257024343045
16 15.772497852512139
17 15.470792746087803
18 14.99303136628507
19 15.208468331655167
20 15.114852254305818
21 14.857744216549264
22 15.195171565877889
23 14.175278526601732
24 14.964683910502977
25 15.123089832010649
26 14.156060495419476
27 14.967693798104085
28 14.79076332182663
29 14.510690739859987
30 15.357768318305395
31 15.300206310291781
32 15.836050131084797
33 14.233117864622498
34 15.456400548401582
35 15.363502935917525
36 15.416600525042076
37 15.046246294037035
38 14.381355995545885
39 15.402157489583884
40 14.642129622127884
41 13.696046447917832
42 13.998222255187502
43 13.607335422588006
44 14.247682545001247
45 14.02954598235081
46 14.33512624575578
47 15.127446746932431
48 14.26122955185679
49 14.126191276292209
50 14.089906803622647
51 14.776583240949298
52 14.009553639946674
53 14.396608319406107
54 13.711006639817205
55 13.73475421465316
56 14.266516464639535
57 13.858201868938297
58 14.96734969970508
59 15.06473487816387
60 15.564693379557859
61 15.12985300637459
62 14.315016584339778
63 14.61587976592241
64 14.032101160895733
65 14.22439288838006
66 12.699224445593055
67 14.748734407033254
68 14.548937401848102
69 14.178283132403822
70 13.723059838634601
71 13.608974732569424
72 12.361944267620585
73 12.608847824528404
74 12.96410970988257
75 13.250794012516861
76 12.66561449270761
77 12.43718288349556
78 13.170798969464716
79 12.782970228884098
80 13.1416134726032
81 13.711662389216134
82 13.17492019214253
83 13.90641944744751
84 13.957112744542558
85 12.058701930072086
86 11.155699490325574
87 11.73760656777027
88 11.803803807346835
89 11.73646826030047
90 11.941675199702855
91 12.198283941877168
92 11.689741854871812
93 12.327457734038056
94 11.184107269171548
95 11.563574953847452
96 11.671358451120472
97 12.532441350261223
98 12.543832334325938
99 11.966115801865849
100 12.17219485711859
101 12.353992039687181
102 11.100255538661248
103 11.205372468229456
104 11.254056139244845
105 12.357548688279447
106 12.275969225725563
107 12.460495759100304
108 12.15355075524551
109 12.114171982269266
110 11.796740939736233
111 12.124178967121273
112 11.874304140899833
113 10.998311147916146
114 11.44748120825714
115 11.81669310016562
116 11.980618907161666
117 11.507830068634915
118 11.545751594335625
119 11.600240682433999
120 10.70836922497188
121 10.955609473550448
122 10.491786045358637
123 10.501436967487267
124 11.373456276461063
125 12.172180352920773
126 12.383503223771239
127 12.13502435479754
128 11.941320319383456
129 11.72873074887747
130 12.207631854952075
131 11.803451545069
132 11.91773294223177
133 12.175520722620258
134 12.344269067228126
135 11.756065726715853
136 12.06206538192409
137 11.83929405562312
138 12.48589194264169
139 12.487105308455924
140 12.227483755107404
141 12.033074834553142
142 11.892995545676325
143 10.971266560681531
144 10.422921015484691
145 10.228010170846956
146 10.721653882053344
147 10.478885123967835
148 10.195080374647743
149 11.033155283004936
150 11.245138057828598
151 11.631620210560206
152 10.717359878150765
153 11.072310560799458
154 10.637669323856153
155 10.866948859384925
156 10.600712208933635
157 10.756952013099996
158 10.302418556318926
159 9.824464102554577
160 11.29347196170461
161 11.253451646447568
162 10.726435317295124
163 10.24296296146647
164 9.921622422098743
165 10.757927203109292
166 10.404678421344114
167 10.751492944635606
168 11.212778806548844
169 10.853412425474975
170 10.255745341252355
171 10.26027578036838
172 12.073535118798524
173 10.866294713175712
174 10.015873760774122
175 10.05711292795443
176 10.019237866423603
177 10.373840085270071
178 10.463324700620873
179 9.846471431937523
180 10.182974507483054
181 9.988944380588292
182 9.59603885284418
183 9.532634482271465
184 9.261878611133351
185 9.538442048725216
186 9.480306804314422
187 9.701346207400048
188 10.536341057935513
189 9.464802734839681
190 9.81075297876209
191 9.536560869623315
192 9.99620199477618
193 9.230876981030017
194 9.15888187566698
195 9.66441644702284
196 9.580352121841848
197 10.249420659144285
198 9.426755904274664
199 9.605098969811506
200 9.736818618943541
201 9.536006011260449
202 10.378571735862026
203 8.987157199982867
204 9.719547443048226
205 8.883922553845759
206 9.296563285872308
207 9.641639271465328
208 9.83306660947246
209 9.211242270881703
210 9.212707821527925
211 9.151574506042378
212 9.302613677080716
213 8.639542231086597
214 9.028903951253369
215 9.41704804762184
216 9.116567500246791
217 9.266614404205217
218 9.49094049026984
219 9.038920462941583
220 9.140363053916909
221 8.42219475981595
222 8.79393461398305
223 8.667644716421664
224 9.076643049927183
225 9.332892328158195
226 8.641239707797446
227 8.85453231475004
228 9.005057547381988
229 8.51887483434606
230 9.47844421798704
231 8.359263455564749
232 9.010322979953466
233 7.950353486013534
234 7.68436426054396
235 8.454880793503422
236 8.274456289845359
237 7.548088333339086
238 7.962905713267943
239 8.250627050214199
240 7.482600169466626
241 7.352579202220844
242 8.125003582912147
243 7.988220007886535
244 8.378174352015773
245 8.068802779066202
246 8.59346597305915
247 9.15700682558275
248 8.102199639137732
249 9.169917960662715
250 8.095006622957332
251 7.560198351049968
252 8.323761526739954
253 8.221565119904302
254 8.168504789319298
255 8.292074277009704
256 8.879731881029137
257 8.534973951949649
258 8.111252641255588
259 8.500507065239141
260 8.294187781719597
261 8.653287878311838
262 8.886116836376518
263 8.186911604618622
264 8.712813573524873
265 8.838805945853302
266 8.568013519701232
267 8.200026829598155
268 8.719368386273393
269 9.314215052785238
270 8.769165674580684
271 8.175585268178484
272 9.942374872164319
273 9.705386195680223
274 9.148484817128537
275 9.627884193139321
276 7.917839597830846
277 9.161198558397416
278 9.451977017636079
279 8.8744781123792
280 9.232277932335538
281 8.331909616370893
282 8.981396801712753
283 8.198566242459728
284 7.980327994543839
285 8.72402185766603
286 9.363583878191127
287 9.386996497362352
288 9.141179639381951
289 9.311887154502767
290 9.4958693289739
291 8.838744622231093
292 8.924413701302715
293 8.282321488935965
294 8.636297306437507
295 8.39383881053774
296 8.984396737927783
297 8.956588454138144
298 9.044220911869193
299 8.425118068861916
300 9.369658762110161
301 8.958914615597541
302 9.217014241025794
303 9.476197519326476
304 8.98934292191247
305 9.260336117973893
306 8.808040567975768
307 9.490480287798379
308 8.451400004643382
309 8.093811594347299
310 8.353264009924311
311 7.992976098424649
312 7.9737723070077315
313 8.348994393915568
314 8.506261922904432
315 8.234150036474514
316 7.586779375969158
317 8.00282901236769
318 7.444806876557198
319 7.779858701947445
320 7.378968940517684
321 7.572738618615821
322 7.196706290141411
323 7.61268225804534
324 7.302618203618725
325 7.688087533754473
326 7.244212139532812
327 7.386588045387972
328 7.160018043457703
329 7.467215242646928
330 8.494923330938798
331 7.787245995573437
332 7.946217800888438
333 7.555230993173583
334 7.65265871587556
335 7.280117012291693
336 7.618349813644654
337 7.804112739985098
338 8.159376278273673
339 7.129780356905933
340 7.86397307616943
341 8.381361248346785
342 8.590089669118852
343 8.922954656773193
344 8.479052926650203
345 7.314732933490774
346 7.827475938417036
347 7.567368328150353
348 7.779983450440966
349 8.297322336926547
350 8.137971768825555
351 7.77047450543087
352 7.93230189344752
353 8.306920285478423
354 7.907833276027
355 8.729564361656923
356 8.32229912309091
357 7.98091983314231
358 8.70822712307104
359 8.259991639140233
360 8.550718487269629
361 8.894655255682542
362 8.424533881544505
363 8.80797387569546
364 9.436208784660124
365 8.63386079774734
366 9.18247081512183
367 9.28762252712695
368 9.465621962335918
369 8.896873242023025
370 8.21607815375991
371 8.18525587913925
372 7.93086614433894
373 8.262716573749703
374 8.454326480046337
375 8.597763348168224
376 9.002305882823748
377 8.491299270413652
378 9.496689926886535
379 9.379845505697425
380 8.56730627466881
381 8.662961106102006
382 8.228004786921943
383 8.992770265422172
384 7.965830221998131
385 9.229348765871281
386 9.784237772539566
387 9.040553455408924
388 8.436476258653103
389 8.040996382472253
390 8.665822235516487
391 8.206983437744526
392 8.80542492410319
393 8.146012020563836
394 8.518368226289141
395 8.437447128573094
396 8.52601059624597
397 8.763760519416671
398 7.95113930489871
399 7.414990645675581
400 8.839167793519048
401 8.975860666810545
402 8.272381643797955
403 8.44563785573247
404 7.994238111785799
405 8.798413153506148
406 8.25668857232377
407 8.421585913855472
408 8.598110701682437
409 8.652151143704566
410 8.399606414616116
411 8.444946229114226
412 8.629174752128392
413 8.484404785872607
414 8.529354049347944
415 8.905143847204972
416 8.96189154939101
417 9.24224520298014
418 9.236431008484448
419 9.539372699007256
420 8.82921014517314
421 8.81953523695047
422 9.726742517126691
423 9.389720343972565
424 9.385538837671092
425 9.658335642940287
426 10.113449148141695
427 9.450334773368679
428 9.662273563190013
429 9.934362609117912
430 9.582277206273293
431 8.881282521422312
432 8.827487884619151
433 9.591511489109758
434 9.056885209590241
435 8.96305164939701
436 9.316200919490937
437 9.59056323109593
438 9.011070972615899
439 9.980081250488949
440 8.43678298003421
441 7.983566198305381
442 8.34072265081222
443 8.582421422316244
444 8.66818205582148
445 8.006105302930735
446 8.32292279564579
447 8.295989012341924
448 8.1712631781045
449 8.425673777252456
450 7.95108090195153
451 8.214859271990058
452 7.853942096174879
453 8.34132966793228
454 8.414787467739137
455 8.451854804465475
456 8.222690029376576
457 8.16554116899722
458 8.33298298690107
459 8.5143603590655
460 7.9426115856039115
461 8.29164413757276
462 8.401100740554776
463 8.38072937260382
464 8.592659294293568
465 8.10670865879758
466 8.155780199047175
467 8.030383872808128
468 8.30713371822109
469 8.214187853893085
470 8.376551768571522
471 8.174926507197602
472 8.145444016742779
473 8.212340106328824
474 7.945533862004979
475 8.168296109482224
476 8.113607948129797
477 8.95266071242668
478 8.093947007203015
479 8.433165379232546
480 8.36663491193211
481 8.54748609032531
482 8.178075081138152
483 8.238543478881915
484 8.109032302580118
485 8.316786471911511
486 7.8460312352428385
487 7.962872664507658
488 8.678831748224441
489 8.035605603289305
490 8.362665548661838
491 7.683248485866973
492 8.371475935431386
493 9.050799268871996
494 8.151400886328576
495 8.163854291311907
496 8.814202580192836
497 8.557665655851478
498 8.440491340532663
499 8.663007679237333
500 8.335634424398078
501 8.770673863224166
502 9.14479789966919
503 8.843791916909433
504 8.489318823262952
505 9.302667202292128
506 8.394901016734286
507 8.58791694910418
508 7.839301373742057
509 8.49078521643927
510 8.09813175852875
511 8.59611109009616
512 8.700768176237244
513 8.965548572510265
514 8.161352672321023
515 8.253491569238879
516 9.425317372197185
517 8.018432213221137
518 8.247723949138438
519 8.772784980963886
520 8.571286367392496
521 8.428617641130742
522 9.10414271618405
523 10.049809203160212
524 9.273404230388948
525 8.944124080689136
526 8.677643695694547
527 8.987031902548383
528 8.280525088282415
529 8.392840428979603
530 8.023389947695938
531 8.669877171092859
532 9.118492278930239
533 8.661157153845878
534 8.156296805548788
535 8.72705423193615
536 9.425377792614277
537 8.665890354168882
538 9.347137280903349
539 8.77978707386931
540 8.54412343832343
541 8.697672027712235
542 8.356426230645653
543 8.064182354169166
544 9.079000798804024
545 8.78049422847396
546 9.18547430326846
547 9.132726458285584
548 8.806863601258367
549 9.159086577873767
550 8.791096695503631
551 8.089070471320104
552 8.590789927839147
553 8.546958477450502
554 8.873056532561256
555 8.065378267473395
556 8.95279079345748
557 8.123091002417588
558 8.255643689604243
559 8.237304318596992
560 9.256410301508206
561 9.25271782795802
562 8.581652210344629
563 8.25236810524384
564 8.177278793377173
565 8.623743042042062
566 9.504652262257036
567 8.84272503300608
568 8.561798451015639
569 9.05077696460222
570 8.751537865306931
571 8.857643348172974
572 9.342098593308291
573 9.577132429341466
574 10.694865267415256
575 10.265612538382545
576 10.346466871512764
577 9.777032345671495
578 9.953138653766798
579 9.798337208287718
580 9.650584216572966
581 9.627770193156445
582 9.752931231414507
583 9.559157510070362
584 9.549582508593396
585 8.696925853999806
586 9.640107871649324
587 9.059391510028552
588 8.784824783145195
589 9.476691927315889
590 9.47686689019773
591 9.443391050257201
592 9.936216378104385
593 10.061378611400757
594 10.028715015194868
595 8.710055799525206
596 9.942936390292308
597 10.027274802671052
598 9.87292138128009
599 9.619733149673074
600 9.636706383673653
601 10.07108900582882
602 9.905238096923915
603 9.997340658220162
604 10.201954991848313
605 10.544669737526823
606 10.025594436651174
607 9.970975212353641
608 10.645328828108426
609 10.273043187104715
610 10.045962400628333
611 10.042100062815484
612 10.254744313660757
613 9.926626732270071
614 9.864542859722034
615 9.671809794729493
616 9.838276389866245
617 9.738053911389262
618 9.399020080888107
619 9.56324380960983
620 9.746216590220973
621 9.254063770965008
622 9.684266850089715
623 10.37544727924532
624 10.41057118886884
625 9.51036949688443
626 9.942396091899868
627 10.744609859884454
628 10.488103120528006
629 10.109105304284817
630 10.453555422105598
631 10.682764461021346
632 10.41931966541149
633 10.856789521738712
634 10.268972033918295
635 10.32333758496374
636 10.557032322703918
637 10.145143357298705
638 9.449718757543224
639 10.210772011868412
640 9.71198744023047
641 9.70984139109649
642 9.549452039169758
643 10.540146976846229
644 10.890891506160914
645 10.489764140967345
646 10.439180229072667
647 11.069693089198312
648 10.936340472407922
649 9.963843439129853
650 10.935483390676458
651 10.524273240606155
652 10.196021002477318
653 10.877640495901755
654 10.002691695518635
655 10.627780039388128
656 10.916667860009252
657 10.735181388546197
658 11.192950023342126
659 11.134833937960664
660 10.794563692498699
661 10.306864088011949
662 10.976766828646365
663 11.04417113627878
664 11.194060698179982
665 10.93066134804059
666 10.578846307415917
667 11.199970705955542
668 10.101600924487716
669 10.290072888955066
670 10.108293878479046
671 10.070904781775269
672 10.297123350638834
673 10.672815821701668
674 10.856694655577428
675 10.564770979377336
676 10.487137539236244
677 11.11021712308435
678 10.825664247792947
679 10.316728019065199
680 10.457956646801811
681 10.297243473722144
682 10.507051958925976
683 10.173090613286869
684 10.176133989851072
685 10.047290025791542
686 10.583410384869753
687 10.700059877866183
688 10.405962389402445
689 10.076057450600704
690 10.760984000922125
691 10.24336750061344
692 10.646661640520326
693 10.322939712545914
694 10.146347441971105
695 10.387420462480241
696 10.444755055562498
697 10.567027281113123
698 10.794512781884269
699 10.741747197641743
700 10.447138628132333
701 10.939928698256532
702 11.182947711181898
703 10.935550573003548
704 11.088696291277783
705 10.330750046013137
706 10.881381185489937
707 10.583099932081064
708 10.916342661855284
709 10.77946874462605
710 11.007323571451119
711 10.696205680434886
712 10.812788696239913
713 10.150316850715846
714 11.037902829369713
715 10.702985699966309
716 10.947500103521577
717 10.934739757664019
718 10.974548407980814
719 10.945720832383786
720 10.844866026898185
721 11.01708594040046
722 10.67730198202619
723 11.067894756583852
724 11.326710182145614
725 10.861837848280894
726 11.49509588582135
727 11.148379738924625
728 10.960693929149
729 11.241829682792359
730 11.047848139844326
731 10.73516322783253
732 11.52435643693386
733 11.988446645029589
734 11.21537043759384
735 11.394547042778244
736 12.083517430542349
737 11.729296436990149
738 11.365887714546563
739 11.226097282627698
740 11.671367148783839
741 11.415820182978527
742 11.849569855523717
743 10.715543641429441
744 11.675541814630948
745 11.197119954502954
746 11.813798112759379
747 11.917951344561144
748 11.527906228080248
749 11.192695440648158
750 11.66681645158487
751 11.198052810291735
752 11.164375311752421
753 11.928101800923983
754 11.635798504332934
755 11.716869691281005
756 11.662194243765121
757 11.313271181734862
758 11.322097664099493
759 11.679471502353953
760 11.671025774135494
761 11.425890358334383
762 11.642121080391002
763 12.2684963319647
764 11.654433155111214
765 11.351380983236231
766 11.554518541271763
767 11.916070441252865
768 11.207568821383974
769 11.505060922670316
770 11.985518555031565
771 11.078709022795946
772 11.833833982024737
773 11.731040638210246
774 10.981148652131688
775 12.042507655396234
776 11.748452989422255
777 11.501246475696206
778 10.913292988188878
779 12.063406232069786
780 11.49163855215404
781 12.077974440798727
782 11.77350266200712
783 12.30970033035987
784 12.879775881949096
785 12.834357251488013
786 11.868496886359738
787 11.713859727349222
788 12.155574401794228
789 11.577828546360045
790 12.504197835229332
791 11.571815051149764
792 11.520835146641025
793 11.824351724901096
794 11.96368899939304
795 12.359256147177275
796 11.492773978385896
797 11.271191711866877
798 11.023549265092658
799 11.800853266690243
800 12.13571097832102
801 11.240478435504386
802 11.393437896340542
803 11.230849278346067
804 11.6675638681471
805 11.70336200087177
806 11.189534457250268
807 11.366862880323962
808 11.609335863425638
809 11.024346134659075
810 12.065396042646677
811 11.63362264083095
812 11.719260238077657
813 11.81425360251788
814 11.632744760397616
815 13.047208703650039
816 13.799063540461717
817 13.658703327758897
818 13.307716424403903
819 14.41104629159679
820 14.058705411484967
821 13.930935826821788
822 13.745267895544012
823 14.055009019830994
824 13.824110496672764
825 13.865344498702617
826 13.48863054989989
827 14.28382748538907
828 13.411464948327971
829 13.472708029888166
830 13.735409348137102
831 13.38357557852232
832 13.872189823006684
833 14.246292650077867
834 14.515591366181132
835 14.282280867827277
836 14.372964434713474
837 14.133861335815185
838 14.581353464528162
839 14.366554781914996
840 14.23694221430404
841 14.508006019608182
842 15.072704163178367
843 14.84541983212305
844 14.552365965426413
845 14.29958128410968
846 13.723777187430032
847 14.451833034965919
848 13.874853358480452
849 14.042565013869615
850 13.828355199628122
851 12.910325419590428
852 14.043715171258897
853 14.245284668983697
854 13.394774451196422
855 14.06669220994182
856 14.033534584416083
857 14.256736641985203
858 14.36457853966456
859 14.566515365011108
860 14.443143865630171
861 14.3001978228023
862 14.448163243499632
863 14.058378254279866
864 13.967003254966409
865 14.802387137983974
866 14.479467841478249
867 13.982105294643265
868 13.989316638976577
869 14.573207208438253
870 14.499462051099986
871 14.009226748988397
872 14.21927767781309
873 14.511669023558818
874 14.027867198642625
875 13.730888405684976
876 14.562144202407048
877 14.697822213730266
878 14.235273444626898
879 14.551040142289173
880 13.798239469496355
881 13.720187129405684
882 14.676441489300531
883 14.101682971698125
884 14.997356433793108
885 14.589757742998442
886 14.359185356076374
887 13.86959562523929
888 14.04609648645158
889 13.910971707519437
890 14.588690879306549
891 14.382791589640364
892 14.466200297646596
893 14.396679141976515
894 13.738781671006802
895 13.531540066165102
896 14.09152636803615
897 14.371291877151618
898 13.73378191883182
899 14.06014622145473
900 13.803221119654882
901 13.80701903091418
902 14.427231385580997
903 14.690656920854293
904 14.311111711592634
905 14.606792967015714
906 15.253107028041724
907 14.512536425352176
908 14.580601152502233
909 14.310093114206188
910 14.675853739549407
911 14.897922567347523
912 14.60737843823941
913 14.92357561882152
914 15.087566154760346
915 15.296113166286183
916 15.008382161575526
917 15.062161506144715
918 14.69578447943442
919 14.271545869139993
920 14.703753038020857
921 15.532039515339482
922 14.923379852291088
923 14.742718421535109
924 14.944766265615025
925 14.5749579088893
926 14.829259617742995
927 14.669862665147043
928 15.11802369329834
929 14.5044720874827
930 15.376331665277828
931 14.701725090828644
932 14.432148555383892
933 14.731142952108927
934 14.680389625326777
935 15.409885652499387
936 15.356504320695606
937 14.990832486782084
938 14.983580029689177
939 15.06956900103918
940 15.122689593513257
941 14.640563542440523
942 14.251593727200861
943 14.95667396994414
944 15.175794172287683
945 15.385367122056852
946 15.287958161167643
947 14.468800546350376
948 15.106021448665386
949 14.84578631797661
950 16.11102922159312
951 16.21276417414262
952 16.056257593445384
953 15.480449964048592
954 15.717763525766953
955 15.735363349707383
956 15.808937021808445
957 15.948453198761603
958 16.31401609987207
959 15.636895979973666
960 16.007638232546253
961 16.25329194201069
962 16.07713834155048
963 15.886956386755395
964 16.609040822287614
965 16.94210727283855
966 15.872584944527826
967 16.156006595054482
968 16.554356337192594
969 16.49662047828718
970 15.567993469634917
971 16.455533813172675
972 16.33332465036743
973 16.098640730760117
974 15.82678125477855
975 15.86725531277074
976 14.961961908406886
977 15.396848408522862
978 15.479795142037585
979 15.37184155309649
980 15.567964207499095
981 16.691871665860933
982 16.090232899080863
983 16.563964529735053
984 15.847669454707745
985 16.549715534306568
986 16.232327596634317
987 16.055492232833977
988 16.310686379447503
989 16.204472854950673
990 16.114662470995228
991 16.244924898782614
992 15.941518594173445
993 15.914645463665027
994 16.672609792552777
995 16.740299610436672
996 16.767154748562533
997 16.218807948496583
998 16.21387498387491
999 16.391758947089937
1000 16.29469861350639
1001 15.859507845624334
1002 16.44709832799104
1003 16.503938357958376
1004 15.613258927048452
1005 15.458247931170206
1006 15.797910682275502
1007 15.793844628424639
1008 16.573762134683673
1009 16.334148800436214
1010 16.412539667617956
1011 16.567116601222445
1012 16.322219507722938
1013 16.277801720912255
1014 16.85549199004908
1015 16.415147902751862
1016 16.90441432653539
1017 16.833959142913546
1018 16.137666039440163
1019 16.1676994061463
1020 16.575619842307166
1021 17.84366201890442
1022 16.65928964774139
1023 17.45094363942436
1024 17.1027721169844
1025 17.018784258936357
1026 17.194242229375195
1027 15.553164347649012
1028 15.99408767158999
1029 16.53557846294492
1030 15.25604378643323
1031 16.066969039266887
1032 16.25911851257865
1033 16.025176820755217
1034 15.98284243982027
1035 16.26151276120213
1036 16.37728524725022
1037 17.283947355538636
1038 15.904654809297746
1039 16.385255934854147
1040 16.832742377294455
1041 16.325296324535344
1042 16.319116888301014
1043 16.89266705439274
1044 16.561439354447845
1045 16.52744598129654
1046 16.698571388717994
1047 16.71581313032239
1048 16.27318567515597
1049 16.432725350770852
1050 17.678253480437345
1051 16.697375111708055
1052 17.16042876247025
1053 16.76934086746376
1054 17.606987056786753
1055 16.74379891224843
1056 16.9770694949848
1057 17.528565711521672
1058 17.88461029331289
1059 17.70423259324931
1060 18.082298950860512
1061 18.909773660354446
1062 19.40758180594418
1063 18.79585781616698
1064 18.765981009534837
1065 18.424196415120107
1066 19.266624599202444
1067 19.653890510787296
1068 19.391926949632204
1069 18.986281621170665
1070 18.387132341502618
1071 19.558024145652226
1072 18.24057192931647
1073 18.64197157518118
1074 18.91527855012599
1075 18.441321527248817
1076 19.399028824438073
1077 18.780597630716414
1078 18.60516547635434
1079 18.65044908312606
1080 18.616624490074006
1081 18.85856314545138
1082 18.821098427400532
1083 18.14218821461145
1084 18.916671865125963
1085 18.834255034684563
1086 19.071152445628446
1087 19.058690225476642
1088 19.00310518837678
1089 18.52855290485639
1090 18.322520735902557
1091 18.5056525282308
1092 19.102853368615726
1093 19.27546845423154
1094 18.744407686706563
1095 18.728443517166287
1096 18.386834659502867
1097 18.905395942258945
1098 18.472097722671172
1099 18.909898033671645
1100 18.576724879650385
1101 18.26476949149434
1102 18.941016448082856
1103 19.271268295346392
1104 19.020005664744616
1105 18.093935163706536
1106 18.49612882151204
1107 18.414055616924053
1108 17.984688831244586
1109 17.899244128497383
1110 18.745937146778687
1111 18.911027584826005
1112 18.653156296896302
1113 18.293520606312992
1114 18.336389711399974
1115 18.97507068114898
1116 19.022772415395302
1117 18.383989923679845
1118 18.63872754057909
1119 18.475135796745953
1120 18.62882718652648
1121 19.464096406986474
1122 18.95208564899736
1123 18.510339818508516
1124 19.10679121314215
1125 19.865937765941446
1126 18.33928471740717
1127 19.63628453140111
1128 19.89723534051836
1129 20.11321854483804
1130 19.87503603594769
1131 19.544627197374282
1132 19.74686784843826
1133 19.41212872919004
1134 19.538430736257492
1135 19.148394237304636
1136 19.684631416498632
1137 19.928825082619348
1138 20.066447615298724
1139 19.106362334950393
1140 19.76760306819192
1141 19.81197704748003
1142 19.617361627163124
1143 20.465265978516197
1144 18.907923825208673
1145 19.664207323053695
1146 19.76961222072531
1147 19.801213939893184
1148 20.03372585885502
1149 19.55719864701329
1150 20.179272841454946
1151 20.187917204550462
1152 19.9965613053067
1153 19.13983966695141
1154 19.588673760953213
1155 19.360944921142995
1156 19.239293460813983
1157 19.8153789369045
1158 19.815582693405705
1159 20.454167601630534
1160 19.55784322883682
1161 19.689215025061692
1162 20.188811859330972
1163 19.687418704795455
1164 20.3107105059206
1165 19.938350510542353
1166 19.774693734473743
1167 19.864133860525087
1168 20.70666722674397
1169 19.55836004319032
1170 19.588225732693694
1171 20.05513004367677
1172 20.82281899879764
1173 20.801568770393967
1174 20.203050307826025
1175 20.454157685512286
1176 20.351206431015143
1177 20.56844318213951
1178 20.590700640648215
1179 20.449336706489017
1180 20.49377915518001
1181 20.644898559841735
1182 20.142087425109384
1183 19.960512608659176
1184 20.478720181341018
1185 20.305518491532933
1186 20.55477115711115
1187 20.519077690316674
1188 20.83578150798362
1189 20.429622953446007
1190 21.49123985090212
1191 20.96257281830988
1192 20.88920774747901
1193 20.90186022383218
1194 21.125393790607557
1195 21.166935192115194
1196 21.01994722257457
1197 21.477029191316866
1198 21.350148534790367
1199 21.09590302455437
1200 21.183962500792905
1201 21.442378451537465
1202 21.88707274112288
1203 21.281567412581122
1204 21.556679438661106
1205 21.44822232959994
1206 20.931075971563953
1207 21.233543693459616
1208 21.58372817704787
1209 22.3074891952816
1210 21.754095367307126
1211 22.506577138165767
1212 21.59014803767021
1213 20.90215164842187
1214 20.305217223901472
1215 20.295062454363844
1216 21.919188897268953
1217 21.40129452140734
1218 20.97935637420495
1219 21.156041255801522
1220 21.194074937634657
1221 20.96588411324216
1222 21.83462024677102
1223 21.92528149520081
1224 21.114267159969945
1225 21.515003196936128
1226 21.09946259868537
1227 21.849827918923005
1228 21.821341407088884
1229 20.82638718719484
1230 21.57346496168494
1231 21.964830139904066
1232 21.554516028864487
1233 21.017786220921955
1234 20.88787349360237
1235 20.789027018205086
1236 21.833714735391613
1237 21.32748679746432
1238 20.668381865514693
1239 20.094748312937572
1240 20.81899999723274
1241 20.906139111469127
1242 21.36579311702272
1243 20.92781268542917
1244 20.983808113894593
1245 21.53257806152905
1246 21.600409654870205
1247 21.54108824437567
1248 20.55871684696954
1249 20.742713232351438
1250 21.09007973617615
1251 21.268903703665078
1252 20.72557162557471
1253 20.539323875271002
1254 20.800747105251343
1255 21.13199267084532
1256 20.545803241058387
1257 21.04162887776392
1258 20.898729414924098
1259 20.942093305194234
1260 20.773339246716617
1261 21.128421009111214
1262 21.237763177964304
1263 21.38511039013681
1264 21.952828115768188
1265 21.759516120541736
1266 22.448079201071078
1267 22.078468708447208
1268 21.46000478383323
1269 21.44195553328278
1270 20.885491413344567
1271 20.995873789898408
1272 21.17108340028679
1273 21.604597919004195
1274 20.90176186976762
1275 20.89274671864744
1276 22.699371771634375
1277 21.980215716668305
1278 21.94720387498391
1279 22.52986313561778
1280 22.687016753869944
1281 22.081388149391646
1282 21.20598374654813
1283 22.429779412032207
1284 21.923192934868
1285 21.834147567376547
1286 21.745447772566422
1287 21.618959223199976
1288 20.800619299285596
1289 21.638099948745115
1290 21.950224655630567
1291 22.223309430551645
1292 22.63036794233438
1293 22.291160931233016
1294 22.158041983304148
1295 22.429793333093304
1296 22.853026583470402
1297 22.020147911450426
1298 22.358910575706336
1299 21.906376387996847
1300 22.673811205690217
1301 22.222381217763203
1302 21.536635085337842
1303 22.074173172890667
1304 21.339664341512275
1305 21.437199241584008
1306 21.997501460833238
1307 21.702936289788415
1308 21.960236485099404
1309 22.11537506008534
1310 22.274305315437108
1311 22.51051849766252
1312 22.667760416889895
1313 22.39431697377542
1314 21.76951223608367
1315 22.199729615213936
1316 22.70712288134929
1317 22.28760208027365
1318 21.68010996404787
1319 22.562341794484272
1320 21.975770890143245
1321 22.16291464949837
1322 21.35010817713418
1323 22.172937493651006
1324 22.298983523532442
1325 21.639695821225118
1326 22.511829643810838
1327 21.82847151764497
1328 21.631164323883226
1329 21.642494828617213
1330 22.233581654588562
1331 21.43925115406976
1332 22.713169887946382
1333 22.30834067282927
1334 22.332403332132074
1335 21.418746866566604
1336 21.019424075184933
1337 21.484187747971422
1338 21.95428229837202
1339 22.10035197977218
1340 22.26469055447721
1341 22.469581074229648
1342 22.655967835405093
1343 22.72121863117215
1344 22.08421122988816
1345 22.07028333335487
1346 23.071140984298186
1347 22.942904016428805
1348 22.249990285853812
1349 22.3392874266639
1350 22.081048667772524
1351 22.893869123973108
1352 22.269871196869595
1353 21.68266720378184
1354 21.882744169361317
1355 22.68651785242625
1356 21.513893567226006
1357 22.631428298800753
1358 22.245377048448525
1359 22.3340356065099
1360 22.4618767713301
1361 22.261637848293695
1362 22.88107768737291
1363 23.062742527270043
1364 22.148110044400713
1365 22.809354126200432
1366 22.456491247310062
1367 23.538966991097162
1368 22.6296250835163
1369 22.98556233772558
1370 22.623645617262934
1371 22.68782106908943
1372 23.006476105815725
1373 23.44654161310352
1374 22.843549250979695
1375 22.844617809039832
1376 24.076305403857376
1377 23.82470486778759
1378 23.355385472015143
1379 23.262740217732375
1380 23.28340426780648
1381 23.588419739511654
1382 23.665453740089674
1383 22.59214959566608
1384 22.779697816962823
1385 22.22428239807107
1386 22.89413100754611
1387 24.184374495223654
1388 22.776113741468475
1389 22.435187076047814
1390 22.325693935745328
1391 21.782604132012356
1392 21.82573398399378
1393 22.46116132487431
1394 22.88994752736286
1395 22.430701570871218
1396 21.970437243841513
1397 21.938472381638135
1398 21.60883046658134
1399 21.824207151599417
1400 21.778210874736676
1401 22.019558633873228
1402 21.0412521071621
1403 21.976330581876955
1404 22.272215651109097
1405 21.912389635642565
1406 22.625026880382762
1407 22.487853202946404
1408 22.85601228771683
1409 22.980764959183755
1410 23.399752708672693
1411 23.29062024952333
1412 22.670465472102855
1413 23.005873058037505
1414 23.607125834804506
1415 23.97483599008136
1416 23.74735196031769
1417 23.07052036587974
1418 23.41909161914404
1419 23.047532683820833
1420 23.440755998722143
1421 22.967015528663982
1422 23.704318292703885
1423 24.096931373554046
1424 23.179154734196114
1425 23.474652367148654
1426 24.249411756474235
1427 24.242285059911055
1428 23.56016968804403
1429 23.24493133425085
1430 24.436301220246687
1431 23.590883610453112
1432 24.31504007491917
1433 23.659064343361585
1434 23.42100453567204
1435 24.36341983655555
1436 24.078709248867007
1437 24.259291152846288
1438 23.833750803692773
1439 23.91275285022609
1440 23.85503418527858
1441 24.64952866554265
1442 24.25593603918749
1443 24.949564833773117
1444 24.945257529273626
1445 24.857371882768664
1446 24.440998734204314
1447 24.438346687143504
1448 24.133139825183207
1449 24.398293365747826
1450 24.07606491177942
1451 24.32753491370259
1452 24.43205035258358
1453 24.32764067450727
1454 24.274006224799546
1455 24.47533668154057
1456 24.287268335265857
1457 24.234792187163137
1458 24.785141860267704
1459 24.193304217937722
1460 24.192804094704467
1461 24.966798465267928
1462 25.095795761311365
1463 24.838688969956436
1464 24.65687929666117
1465 24.287326202739365
1466 23.922915546114943
1467 24.796416696825034
1468 24.90527498055603
1469 24.572259669027112
1470 24.743901057984605
1471 25.356990182323592
1472 25.863965073418285
1473 25.145269398955968
1474 25.809886579941825
1475 25.897723688637825
1476 26.77620068834608
1477 25.791704842680726
1478 24.61899500672469
1479 24.904099228759357
1480 23.999923436883915
1481 24.33899721018128
1482 24.24061569474901
1483 23.925916642355265
1484 24.904567170347985
1485 24.273787250639177
1486 25.060599834612898
1487 24.148309339907005
1488 23.76992878683335
1489 23.565141521431794
1490 24.32890107088453
1491 25.160315514314338
1492 24.24151839257104
1493 24.065137259756177
1494 23.708513011401827
1495 22.79025151031915
1496 22.40255079597124
1497 23.039846740134728
1498 22.55119309721285
1499 22.0796728739
1500 21.976645133653097
1501 22.140289381108303
1502 21.901132201062033
1503 23.315791602113187
1504 21.781490673848854
1505 21.413229954559526
1506 21.781512156094912
1507 21.51278459128594
1508 21.540224535316884
1509 22.128062120341717
1510 21.674783548794434
1511 22.980777173725166
1512 21.943519172076265
1513 22.218333709511224
1514 22.333781982596662
1515 21.933175336440424
1516 22.8269682090624
1517 24.004460778316403
1518 23.583838009067698
1519 23.34094729971179
1520 23.871869797644717
1521 22.705705376607266
1522 22.717556654430183
1523 21.718042304591954
1524 23.99523657555026
1525 22.656197352837285
1526 22.91966560132055
1527 23.29266799850392
1528 23.235374102130198
1529 23.712140015492537
1530 22.610774053294037
1531 23.17151840856138
1532 22.682215100071893
1533 22.25584438587722
1534 21.32510703563361
1535 22.130532384803036
1536 21.648195132493584
1537 21.14340136412155
1538 20.78157339668375
1539 21.14760985391295
1540 21.13914107760997
1541 21.654646104134805
1542 21.22440183595357
1543 21.601452440619465
1544 22.708909090603306
1545 22.312014413924654
1546 23.007771407901092
1547 24.912554420200525
1548 23.920618863233695
1549 24.026668831825123
1550 23.655879148498624
1551 23.175266447514396
1552 23.761180853050952
1553 23.63109623093475
1554 23.631582391327452
1555 23.628767767502982
1556 22.734617007571323
1557 23.17777571236778
1558 23.335510320976354
1559 21.96146450439691
1560 24.028209644021295
1561 22.947251569417066
1562 23.60726532214092
1563 22.97961643826902
1564 22.511461202427938
1565 22.762950102510445
1566 22.815510814189853
1567 23.05144138154606
1568 22.998825241173428
1569 22.9707947669956
1570 23.917937058088754
1571 21.88382099274805
1572 22.940106743262895
1573 22.84428849962308
1574 22.756271262278652
1575 23.248562005274025
1576 22.839164703594935
1577 22.600689892350005
1578 23.431876548450816
1579 22.42024467550922
1580 24.253003876608922
1581 23.181548392547818
1582 22.6979787336392
1583 22.49854315806857
1584 23.15291853516984
1585 23.765447255584
1586 23.123454103761137
1587 23.95818903645786
1588 23.62789651203896
1589 22.46578708705505
1590 23.120963806645282
1591 24.793470254674105
1592 25.104192554470217
1593 24.860660882451413
1594 24.62855490729184
1595 24.74411842841533
1596 23.035084277389256
1597 23.112439406383977
1598 24.248177225515185
1599 23.298779372222437
1600 22.662803704341155
1601 22.817459400249994
1602 23.807883288016995
1603 23.13458259442747
1604 23.15911210822935
1605 23.27469593616997
1606 23.427601000699678
1607 23.71670686378629
1608 23.07088457040602
1609 23.49366449872876
1610 24.308807998040358
1611 24.470524043565412
1612 23.00082841457937
1613 22.74954462626433
1614 23.15552058442053
1615 23.573970027508164
1616 22.98799641169766
1617 22.69948645697287
1618 23.494737559652727
1619 23.033769790058184
1620 23.279366255199335
1621 23.81224366065321
1622 23.86274281940438
1623 24.947698412653118
1624 24.218040174497762
1625 24.382898180485846
1626 24.427162819276976
1627 24.58678991865964
1628 24.390529850891273
1629 24.77627720456609
1630 24.172351488108706
1631 23.828661671067977
1632 23.1335317853648
1633 24.271485312882948
1634 24.501523900565303
1635 25.473353055973938
1636 25.113887272260282
1637 25.20975336359165
1638 25.282177311111266
1639 25.150962825339835
1640 24.248631847686397
1641 24.043918854815786
1642 24.174099959169574
1643 23.601831238375887
1644 24.36068610854405
1645 24.757445953383606
1646 26.17004685252577
1647 24.816202225329114
1648 23.892879593686462
1649 24.859835272240517
1650 24.46007205919181
1651 24.529315555497565
1652 25.264906948844132
1653 25.29107505628027
1654 25.292458442992185
1655 24.981176444594706
1656 24.875629061313326
1657 25.660176587852504
1658 25.178826127958008
1659 24.911969191836466
1660 24.949457721782444
1661 24.986358524939966
1662 24.3768861526589
1663 25.871503150226133
1664 26.053259894629686
1665 26.28134823574311
1666 26.971299303441146
1667 25.95257914299643
1668 26.112978030453085
1669 25.893152184844723
1670 26.280595772389503
1671 26.203177545929357
1672 26.493662362096945
1673 26.456591453952363
1674 26.89980264089057
1675 26.293303110573007
1676 25.714180579800846
1677 26.486930740386917
1678 26.904543502744744
1679 27.130899592400294
1680 26.525503625940434
1681 27.004566426843162
1682 26.50463682583916
1683 27.158104015147167
1684 27.395366560648025
1685 26.488791195952732
1686 26.916019211513404
1687 27.06553630871535
1688 26.808985454661713
1689 26.728059782123182
1690 27.25660053622169
1691 26.93049099152425
1692 28.26008770994931
1693 26.84347461374242
1694 27.47516063889763
1695 27.730944473599216
1696 26.914178457501375
1697 27.0071481372357
1698 27.135585249922872
1699 27.964508927265186
1700 27.10928648211829
1701 27.42628674737411
1702 27.39920365056494
1703 26.526301541989024
1704 26.563355687889285
1705 27.507059034264117
1706 27.49703685326075
1707 27.904531301226534
1708 27.00217290872542
1709 27.44999881163733
1710 27.3611476849581
1711 26.985710858059715
1712 26.55948547183271
1713 27.935091016233166
1714 27.75228821480538
1715 27.802003365919422
1716 27.561351298869045
1717 26.645303212090138
1718 25.77876743900905
1719 27.309605744191753
1720 26.95817814190788
1721 28.14836330725568
1722 28.620975195599122
1723 27.469706678790153
1724 28.123070243798153
1725 27.7146983413389
1726 26.718516441978203
1727 27.315186301903815
1728 27.031847230728207
1729 27.87394643938276
1730 28.53038892395984
1731 27.454361516551135
1732 27.68642036929011
1733 27.716342656921473
1734 27.51982937600297
1735 27.97046181303129
1736 28.013979481471782
1737 28.608973707060276
1738 28.07325701422123
1739 28.94709479402202
1740 28.577880598163237
1741 27.666062831232757
1742 28.152300569914352
1743 27.825367202503173
1744 27.527518941336137
1745 27.61316026292116
1746 27.945934160603095
1747 27.966835866327457
1748 27.975551324677586
1749 27.459325714282347
1750 27.20239706219763
1751 27.118102994489266
1752 27.68830881802673
1753 26.85866568727761
1754 26.90746588184894
1755 27.029562111355688
1756 27.028999412739726
1757 26.896934084481114
1758 26.967169780735556
1759 28.12157770435938
1760 29.10685891259855
1761 29.10556456219626
1762 28.55693376628203
1763 27.431228898007944
1764 28.196811218220436
1765 28.117722564718328
1766 27.706211046480824
1767 28.189718511469366
1768 28.999756590129582
1769 28.89549659909375
1770 29.917900637758272
1771 29.87511407790814
1772 29.989845327267997
1773 29.57204365582411
1774 30.24582286343708
1775 29.83953957481498
1776 30.234491158200022
1777 29.839660941204084
1778 31.244655348100974
1779 30.727252323780803
1780 30.844110525502884
1781 30.31046857963808
1782 30.018665778050515
1783 30.4483255845347
1784 31.48828169272289
1785 30.979379038687245
1786 31.160206262450792
1787 31.02898805219021
1788 32.021480543052995
1789 32.11849210426361
1790 31.514993764545363
1791 31.559807073476644
1792 31.388965838661548
1793 31.64007530847753
1794 31.3308602667833
1795 30.90949614042322
1796 31.75267308944241
1797 31.308153530877213
1798 31.017164880644735
1799 31.41800828458804
1800 30.846954439944962
1801 31.80455858737822
1802 31.2335764393587
1803 30.956695394409753
1804 30.440605878571535
1805 31.24076462213679
1806 30.91245161767704
1807 31.692688749579883
1808 32.21362983744772
1809 31.467059636927402
1810 32.37787635746759
1811 31.998575358691244
1812 31.416093051692318
1813 31.217678100196785
1814 31.915864711411814
1815 31.672031414533194
1816 31.038404138863743
1817 30.811671944770197
1818 30.577069417039194
1819 30.64184660268815
1820 29.37308440319096
1821 29.673192042879062
1822 29.7600235465377
1823 30.140099706787332
1824 30.716870793104928
1825 31.165516657332994
1826 31.085308189518837
1827 30.815022923067108
1828 30.260632990433947
1829 29.86012524539701
1830 29.35107745593036
1831 29.936591982747355
1832 29.91303990166022
1833 30.298207489641317
1834 30.227221109047804
1835 30.413205727745744
1836 30.766696055421214
1837 30.583145157175014
1838 31.37847548738317
1839 30.307092104395107
1840 30.5383299887712
1841 30.469585410458944
1842 31.11020067856069
1843 30.781357899819472
1844 30.028733584098585
1845 30.07861787953828
1846 29.961859357009306
1847 30.166177629599964
1848 28.1353867921261
1849 28.525124413987584
1850 28.125145585672758
1851 28.341495384401448
1852 27.161370642034104
1853 27.71905553441952
1854 27.94908794027888
1855 28.247242838879714
1856 27.802993769266582
1857 28.142557758975702
1858 27.396442443030615
1859 28.40850989010821
1860 27.625598586231987
1861 28.608671313083995
1862 28.223198719429387
1863 27.814634249607757
1864 28.234584220909202
1865 28.765970632342775
1866 28.233132945852493
1867 27.556861976005866
1868 27.72735596172686
1869 28.34472555686344
1870 28.912741541974835
1871 27.94869846528896
1872 28.289818335594685
1873 28.139302767095106
1874 28.928606317882746
1875 28.417347756215676
1876 29.142393293003387
1877 29.359322870560764
1878 29.086041098217226
1879 29.7346599957777
1880 28.842517313337286
1881 28.706134357252715
1882 28.689370375908915
1883 29.42700214659493
1884 28.740055166262085
1885 28.937228122858446
1886 28.650538015292693
1887 28.714348610871056
1888 29.87894990453698
1889 29.814092406744987
1890 29.91487431256975
1891 29.77861481981965
1892 29.136190903007943
1893 30.398734130204172
1894 31.164746693357284
1895 31.076149097791724
1896 31.10857024554067
1897 29.205276936501697
1898 30.258138017602032
1899 29.15044418916542
1900 30.18268713072786
1901 30.645832805674534
1902 30.062412721645064
1903 29.57686424786906
1904 29.213044811869487
1905 30.3293051406986
1906 30.010031361453382
1907 29.86359834802217
1908 29.75938945592325
1909 31.12676017928663
1910 30.532595185846194
1911 31.44261030174022
1912 30.786557469324883
1913 30.88050831811802
1914 30.12510168184061
1915 30.421502114700967
1916 30.58946315251019
1917 30.361648138513477
1918 30.86922237952947
1919 30.420442937881525
1920 31.2672625969572
1921 30.072561718806654
1922 28.467243215566594
1923 30.00178391264295
1924 30.079113344847126
1925 30.136415160880265
1926 29.63230183498993
1927 29.99206618819282
1928 30.225319721120876
1929 30.16767661633117
1930 30.294342287268314
1931 29.718126387760744
1932 29.803999076020506
1933 29.79782694264141
1934 29.80140896090063
1935 29.57248999863663
1936 30.260963883069085
1937 30.53527231556297
1938 30.087402725513407
1939 30.30964531708342
1940 30.563358862457886
1941 30.711258925959697
1942 31.059452221637386
1943 31.963451941118294
1944 31.67457065469566
1945 31.383771169253187
1946 31.090765802815955
1947 31.814839815701127
1948 32.42807993810052
1949 34.670082778199955
1950 33.581388885831736
1951 33.4260363101712
1952 33.41934295712621
1953 33.59890237421356
1954 33.99230836786319
1955 33.794118597038974
1956 32.69964551487945
1957 33.150797661371996
1958 33.51697439114049
1959 32.159926483032685
1960 32.52895307292812
1961 32.40252962509517
1962 31.96309082969834
1963 32.46098478506546
1964 32.557052267372065
1965 33.153479103149905
1966 32.57018827598348
1967 32.39971372556748
1968 32.34760346243661
1969 34.03435715224646
1970 32.74737693714902
1971 32.846273515357296
1972 34.330420385689294
1973 35.064013621180834
1974 33.32663577524198
1975 34.96414196925986
1976 34.80964800052825
1977 34.517748464544084
1978 34.664972662448605
1979 33.91721916620286
1980 35.02950415784887
1981 34.47772700272249
1982 34.56260245969183
1983 34.379560558706935
1984 34.24489260114021
1985 34.184781100335094
1986 34.19835905637377
1987 32.91892334200289
1988 33.89877354560849
1989 34.55457499055824
1990 34.836168167805695
1991 34.80139612349513
1992 34.950126575157036
1993 35.99084286482209
1994 34.61146992608265
1995 34.212788999012695
1996 34.77213841498668
1997 35.28876452372983
1998 34.504645013143254
1999 34.410921977876434
