0 14.2039237725363
1 14.895258116360248
2 14.950792089356293
3 14.493283429870178
4 13.963301890273913
5 14.115344195676855
6 14.29813388195361
7 15.219118849534334
8 14.030008667856833
9 14.763115590116662
10 14.65025560768688
11 14.32124148684972
12 14.830829083161845
13 14.627286989395685
14 14.458295618588442
15 14.854839799179604
16 15.618495940323866
17 14.69947081250608
18 15.458858780013307
19 15.242448503059752
20 14.75281199495894
21 14.484437716124765
22 15.29532553093038
23 14.161947342278793
24 14.882396911278802
25 14.866917395092138
26 14.311108966211986
27 15.136027511650394
28 15.853769582618702
29 15.324615098814867
30 15.178629566217278
31 15.044523247858704
32 15.333353818463268
33 15.33416105494628
34 14.402184636546371
35 15.27228290954312
36 15.799687480230814
37 16.36995475971561
38 15.838546791595785
39 16.643326664647493
40 16.396168978218473
41 16.33888989135697
42 16.183250209917084
43 16.814790363337213
44 17.390459345342748
45 17.222381062084512
46 17.389011411678897
47 16.58442885611084
48 16.428555463414785
49 17.38779123420927
50 16.86245336756392
51 16.06907227335711
52 16.41491345182331
53 16.678215664764274
54 16.154508510061508
55 16.41388294381424
56 15.732816961086613
57 14.951847891134552
58 15.392177216522542
59 15.087418818617081
60 15.181140057017863
61 14.791546130996874
62 14.646781454037786
63 14.926941587535804
64 14.02726713849772
65 15.297350223832696
66 15.111307982360245
67 14.048980829207192
68 14.666916229926505
69 14.117051765796353
70 13.98773186918593
71 13.789202338839251
72 13.990221729855932
73 13.210256427212041
74 13.73929665541665
75 14.701351758686068
76 13.354647697832291
77 13.582442096884776
78 14.046504392870693
79 13.3948208765119
80 14.245013688668955
81 13.525319627261739
82 13.582286650773261
83 12.686895919102293
84 12.498443951592154
85 13.007888531632933
86 13.521218971191201
87 12.377092423979363
88 13.1193636901795
89 12.997172990186208
90 13.341815088222138
91 13.294892078576902
92 13.759550659926239
93 13.781454095815581
94 13.379171003709308
95 13.654380039272489
96 12.68743454037793
97 13.455579716164612
98 13.99571432586277
99 14.328069253380015
100 13.078751067332874
101 13.495195463543151
102 14.114763863387848
103 13.974930773642232
104 13.353701248316918
105 13.163928761658855
106 12.65757379576193
107 13.531479502848466
108 14.00750449242662
109 14.311550010439735
110 14.554255342303687
111 14.109853518331645
112 14.061162854591668
113 14.310310170484266
114 13.648762115848765
115 13.926580293590225
116 13.621491823865211
117 14.224362439349774
118 13.807470435458038
119 13.625998239248142
120 13.890585369763876
121 13.875956746071864
122 13.857286291113946
123 14.738315117554377
124 14.271948853637014
125 14.049333845291617
126 13.336912047123535
127 14.288513566311606
128 13.74475054212519
129 13.4393223000329
130 13.904061547410622
131 13.88492977765614
132 13.446349873902024
133 13.825400356208933
134 14.259719624857054
135 15.055125004750535
136 14.6993423830614
137 14.552445974057052
138 13.472023983030812
139 13.354772476984571
140 12.971553329554496
141 12.798984759637959
142 13.559169532557686
143 13.42179639718243
144 13.649627552786335
145 13.119539350738314
146 13.125895764028243
147 13.368267453414145
148 13.082694228853482
149 12.33604833945854
150 12.723906035373249
151 12.922071962081862
152 12.433459560434995
153 12.802293400663345
154 13.339582380757973
155 13.439264528866515
156 12.581338317726837
157 11.822975450767782
158 11.662998845925822
159 12.266046723923493
160 11.96160684582607
161 11.915871417060949
162 11.720580443260307
163 11.179112878713141
164 12.246999775209382
165 12.36562743178335
166 13.308404856302339
167 12.529741249696023
168 13.34680428531234
169 13.187756192717744
170 12.344866207599427
171 12.53688768304859
172 12.65030841077523
173 11.27776177984931
174 11.78718172914166
175 12.093492415614017
176 10.887437518386294
177 10.708225236293961
178 10.936823662433431
179 10.620796982644848
180 10.178630137728462
181 11.025301325704959
182 10.933968551654987
183 11.692012234824071
184 10.203627614079021
185 9.983593408526422
186 10.422580593202012
187 10.013965202311697
188 10.563620430152868
189 10.011958565054423
190 10.758722818926831
191 10.97622438027415
192 10.913584386714053
193 10.565508781778181
194 9.804379096287342
195 9.413266705421096
196 10.258402592066757
197 10.158949524046045
198 10.160340830309812
199 9.400264435012074
200 9.903975719968688
201 10.43355451101721
202 10.471136872675899
203 10.300363157977666
204 9.960732396757434
205 10.415672585019518
206 10.463729068686598
207 9.850087794151753
208 9.983072713944948
209 10.02705041904299
210 9.680285484701972
211 9.701621003960309
212 9.293203948649909
213 9.531399514976986
214 8.88648420421771
215 9.167906358046848
216 9.765270717143634
217 8.50559028671209
218 9.792290979752668
219 9.795833771697113
220 9.521939378394505
221 10.003319409525226
222 9.828770551669828
223 10.034465980707092
224 9.486783393202359
225 9.598635845323006
226 9.335154495099305
227 9.540155058322625
228 9.238474355653054
229 10.613221659638635
230 10.47061682329415
231 10.506662036473184
232 10.559438555024917
233 11.014274917555822
234 11.278570388650282
235 11.432286590413659
236 11.071853371003174
237 10.749966590114559
238 11.458686018258412
239 12.536795426976564
240 11.793122333301204
241 11.458692492552597
242 11.797021321593219
243 12.908484561737794
244 12.65837292196499
245 13.22859376718987
246 12.730169675422387
247 13.08410910378885
248 12.485968299249214
249 13.550251086417147
250 12.903546309800909
251 13.157735640135604
252 12.889972843439555
253 12.031333646478133
254 12.732719895299857
255 11.141208250307876
256 11.277953380771253
257 11.686743687024176
258 11.279840521435869
259 11.316553489298828
260 11.475261577140792
261 11.849436683287559
262 10.937178543638964
263 11.001893384433185
264 10.361363396596042
265 11.16640349475965
266 11.066823376231861
267 10.506254539077256
268 10.829129197297988
269 11.035434863294851
270 10.35385376824395
271 10.06283722453852
272 10.425630526393416
273 10.016467350943953
274 9.698156348279008
275 10.258593289988083
276 9.741380318601886
277 10.128199314635149
278 9.82773632708737
279 9.595973298587376
280 9.978461543801023
281 9.767417144797024
282 10.295078336486062
283 10.29787928105483
284 10.598954454626549
285 11.021775001088692
286 9.978506680994533
287 10.70018351209935
288 10.206595639153988
289 10.332059227568768
290 10.052700723151244
291 10.75185099731891
292 10.81306073739087
293 12.10332465880792
294 11.374187690838902
295 11.36999175920767
296 10.894244460995594
297 11.391798133219508
298 11.364895815161683
299 11.648298318450967
300 11.159315942890979
301 11.07254451910166
302 11.735834273517758
303 11.011468451516828
304 11.470181807573395
305 11.232271954411877
306 10.530976560832345
307 10.487649322129462
308 10.579679900350703
309 10.432724831335996
310 9.456904620776399
311 10.282154903992339
312 10.020260422430587
313 10.13580541251312
314 10.03874388454931
315 10.300585561896172
316 9.845614610149381
317 9.339037458054797
318 9.818883521479558
319 9.50337681403024
320 9.786712574108947
321 9.56199786724847
322 9.02352531047006
323 10.225614756577132
324 10.215838794084648
325 10.051440135032559
326 10.414107860556886
327 9.740284807159565
328 9.617879909531746
329 9.98029788280937
330 10.261032076386966
331 11.142884889522376
332 10.351725075014885
333 9.931507592080825
334 10.611727101862874
335 9.844334747258143
336 9.704091818052474
337 9.218671538128275
338 10.29912082047253
339 9.014708258288312
340 9.254889657002003
341 9.215911696926606
342 9.994854349975
343 10.002628751354846
344 9.092566557937154
345 9.677924716841666
346 8.817332192256137
347 8.595212983898646
348 9.053799085292171
349 9.17425639596101
350 9.272961010527188
351 8.815779509322237
352 9.17351213283306
353 8.365655737625959
354 9.215810971099664
355 9.085141451819817
356 9.427115400088939
357 9.880029585836489
358 9.8030550709528
359 8.82319752146484
360 8.910688356178113
361 8.140018794600978
362 8.827101241046293
363 8.668575278748357
364 8.185382332095779
365 8.083227173147352
366 8.965306428751518
367 9.046178097255584
368 8.903825773278276
369 8.267532808576222
370 9.764856208766565
371 9.465131591043567
372 10.154535278595969
373 9.336961064275505
374 9.77742402792433
375 10.09160164638815
376 9.964975604505868
377 9.633438214218964
378 9.136522612260025
379 9.25949099914468
380 9.66239658059353
381 9.219538416442655
382 9.526396874755823
383 9.709177901225932
384 9.444109710849434
385 9.768840509173108
386 9.397045191117996
387 9.69235049590076
388 9.680912130189158
389 9.62629583027261
390 9.801846634415293
391 9.90670177915933
392 9.639417260564217
393 9.939456411877803
394 9.674099820927982
395 9.183148844875152
396 9.325256628931466
397 9.97780154074254
398 9.156375530870559
399 9.594690332771311
400 9.650809634303128
401 10.059578579093424
402 9.626383907447673
403 10.023411320728751
404 9.324989831540567
405 9.734039697537941
406 9.529736612603685
407 9.580960951932521
408 9.642755705884966
409 10.542086901629938
410 9.643508670644124
411 9.203799408894088
412 9.67335941521264
413 9.809314966747607
414 10.195478298702778
415 10.460526062455434
416 10.186528735533104
417 9.72255741883181
418 10.03422621705087
419 10.066930572696117
420 9.939196324888785
421 9.77539906484046
422 9.776579245643942
423 9.827248768114016
424 9.754174325786273
425 9.99388024852837
426 9.351591933817115
427 10.004911066911854
428 9.579355051345704
429 10.115620313988712
430 10.584708439958943
431 10.859012763655599
432 10.314188804728238
433 10.402650454054095
434 11.051760931139794
435 10.659120089543485
436 11.062957012855614
437 10.343680639598325
438 10.515395726063153
439 10.367179001974803
440 10.613031105403714
441 9.91364805934588
442 10.911866563050282
443 10.023598579345867
444 10.743634608471979
445 10.341589802944881
446 10.117793567671649
447 10.483813530515098
448 10.169732703604266
449 9.875836211701564
450 9.915835145092792
451 10.103309907491141
452 10.654019875487121
453 9.887722102749851
454 9.651600444483837
455 9.453429834230866
456 9.581358925100908
457 9.188367538120866
458 9.668194100299182
459 9.406444948968074
460 9.41314929441461
461 9.732740827332695
462 9.978025642890477
463 10.08854420829028
464 9.932844651830196
465 9.782667046574279
466 9.485819549850017
467 9.981891113952988
468 9.785847294690656
469 9.292116838646553
470 8.937896502825273
471 9.197960392371467
472 9.70964643046572
473 9.282959505871563
474 9.656095719847437
475 10.115311474054955
476 10.037892655946644
477 10.064338904560566
478 9.549453746796676
479 9.841530182857571
480 9.590035203178003
481 9.088808411388458
482 9.715450514389703
483 9.590836762242626
484 9.792955023324701
485 9.579645619059308
486 9.996581879696505
487 10.258872397099315
488 10.342064582130828
489 9.60625658490551
490 9.127747667067672
491 9.51512093219341
492 9.281367933678343
493 9.623011997142079
494 9.682845490286054
495 9.708505758893438
496 9.614638386807247
497 9.96812651308094
498 9.925288518295185
499 9.710454131674886
500 9.005383007574938
501 9.566679731612847
502 9.534807650788549
503 9.746685233471998
504 9.675459174613199
505 9.334401896782019
506 9.14414432970247
507 9.20949691279629
508 9.620630967906404
509 9.840198938934712
510 9.83485106962472
511 10.077479299458725
512 9.469827845221314
513 9.785950288687616
514 9.743208194399115
515 9.795429438605336
516 10.127025560578998
517 9.72833688287641
518 9.470874130706251
519 9.631206596225491
520 8.920159403599069
521 9.88919617949561
522 9.40240501687375
523 9.66976269533503
524 8.959007861572376
525 9.110853793201185
526 9.80176339210023
527 9.208469757169963
528 9.60716840739188
529 9.353799560656757
530 9.581555436595877
531 9.592994438165295
532 9.28340995747185
533 9.17335785286895
534 9.477215894261375
535 9.922072829254619
536 9.694711296398047
537 9.453539046328775
538 9.629693107146839
539 9.86152005137456
540 9.794877641114661
541 9.739888233497282
542 9.35412009918729
543 9.026567886296306
544 9.721735378602105
545 9.20301064578674
546 9.160947145701204
547 9.551404145453217
548 9.598991867120722
549 9.44209407341964
550 9.374401921560501
551 9.374583251358453
552 9.867523358880595
553 9.853152586467488
554 9.396103566885435
555 9.775359489777912
556 10.136363325316974
557 9.204402149051365
558 10.108644534565178
559 9.836427347442662
560 9.32124007296957
561 9.714752261711041
562 9.830683516049325
563 9.551587466201049
564 9.897013211115873
565 9.82662590493243
566 9.607925365327382
567 9.336149629052217
568 9.775000463057312
569 9.670331070429487
570 9.525315324393823
571 9.787967934532317
572 9.340380335813752
573 9.516858125272798
574 9.710826792763992
575 9.755811041897676
576 9.451333646296034
577 9.530453496342302
578 9.56074722616766
579 9.530838426346437
580 9.87912208999378
581 10.046801548930246
582 9.150228050458347
583 9.257350173157505
584 9.725737766449754
585 9.717667734807785
586 9.343055175804242
587 10.075189483856393
588 9.897627059676111
589 9.265030872464887
590 9.665928810080905
591 9.778378601359078
592 9.482134883708042
593 10.604095274290104
594 9.529309131363132
595 9.558184432863525
596 9.890808270408224
597 9.572307247206
598 9.160136746424397
599 10.264197923058113
600 9.5733897421355
601 9.9211383184833
602 9.536134838471424
603 9.516331951623059
604 9.25793875698501
605 10.06207625821733
606 9.434291507215564
607 9.851406041156784
608 9.77132994388384
609 9.30350763094377
610 10.105647734363746
611 9.4596836957991
612 9.760282011434604
613 9.765708327353517
614 9.500212394909799
615 10.165062044185625
616 10.239857144481004
617 10.13096584225642
618 10.259769911945511
619 9.020865152429936
620 9.822442824212777
621 9.700557762423733
622 9.963793093569919
623 9.709517285047369
624 9.572263453168302
625 9.461269854855324
626 9.827556494288254
627 9.435516741735325
628 9.649609994235373
629 9.315477513445597
630 9.383289682266607
631 10.129196803198978
632 9.088147749086007
633 9.445573704596269
634 9.262102623858873
635 9.208341484818986
636 9.440651230988573
637 9.827169070186732
638 9.480630114838272
639 10.060999446891984
640 10.147438597094075
641 10.0523279999219
642 9.829325912160257
643 9.423467514205006
644 10.413605209071038
645 10.623748005607029
646 10.583648997143458
647 10.370004980885138
648 10.270068977394978
649 10.11896476184602
650 10.22903157963876
651 9.499292821243758
652 9.716568395254637
653 10.279729411596918
654 9.654630134135514
655 9.565985069583732
656 10.12545203170765
657 9.651619160024051
658 9.730805373349087
659 9.424456394791344
660 9.287573832179909
661 9.771702323929663
662 9.477161931946002
663 9.782104127923281
664 10.016274239544597
665 9.755150439096687
666 9.894773386075792
667 9.594538255696689
668 9.907131790464055
669 10.280339275200506
670 11.171377274816951
671 10.275490313377382
672 10.182805416528325
673 10.07209281474021
674 9.830211147349806
675 10.389804327050909
676 9.779894127881507
677 10.006087840519541
678 10.10119191496371
679 9.920768233339283
680 10.750200430268467
681 10.531518320113735
682 9.937419623325605
683 10.12424770316287
684 10.402423621185884
685 9.87062710974796
686 10.268545364307638
687 10.171293153935421
688 9.834798150113324
689 9.981914256986354
690 10.410886060648936
691 10.30766008678357
692 9.791539509570772
693 9.972939488857055
694 11.214454830487961
695 10.73043418251106
696 9.900410038528925
697 10.087576953172276
698 9.696732088574674
699 10.244250948761668
700 10.143653120055326
701 10.40475452369398
702 10.956648087473074
703 10.371486204156147
704 10.938507861864899
705 10.50976829522411
706 10.484719727776817
707 10.757268368888173
708 11.329455332014719
709 11.045392940045312
710 9.763633965230602
711 9.74479087068979
712 10.9793567148026
713 10.414109886198661
714 10.014281128100416
715 10.730874587292028
716 10.064981712464576
717 10.929998288848596
718 10.32733665461821
719 10.79100135990382
720 11.110727073968302
721 11.148263355627796
722 9.978752478902358
723 9.981776869163227
724 9.800709998685575
725 10.477480389506677
726 10.7883314313484
727 10.810293150855546
728 10.998331705471713
729 10.2343390043166
730 10.22963249392387
731 9.994522864484598
732 10.924021082110404
733 10.410559988387947
734 10.758280163711728
735 10.2995284802708
736 10.783789407902507
737 10.776145158691337
738 11.046073194614676
739 10.932388108106737
740 10.446176579702497
741 10.166391539226629
742 10.374315985594913
743 10.484265381475407
744 10.494341871211702
745 10.619847380441568
746 10.75045279737676
747 10.250721876380497
748 10.399109730592057
749 10.681399140489818
750 10.24007464377098
751 9.855899676836776
752 9.707875116230465
753 10.339847586118502
754 10.388310140066155
755 11.239854205031723
756 11.33393440119634
757 10.263273263804113
758 10.540778787793668
759 10.831784481931253
760 11.070621722489248
761 10.837009578982954
762 10.627056939927352
763 10.381267728984529
764 10.877953878940783
765 10.65733585358939
766 10.484818606744513
767 10.305091198728684
768 10.543403973138016
769 10.062002164291194
770 10.231735587711869
771 10.683592964827811
772 10.276131132494674
773 10.975921403223248
774 11.172582929077572
775 10.5772724140422
776 9.999682442595828
777 10.309189504980704
778 10.491903812210472
779 10.263272307459076
780 11.940295360367838
781 11.250875494453465
782 11.114332136643599
783 10.855085417544112
784 10.77196055247777
785 10.661483478813404
786 10.620327835618498
787 11.2247274886431
788 10.508575115251062
789 11.140176517280512
790 10.949687220277193
791 10.969726481094542
792 10.527796214126319
793 10.555180600418021
794 10.353613000494077
795 10.567131890052824
796 10.373894811968679
797 9.98373049112157
798 10.751783480312717
799 10.250332069607474
800 10.368180389616063
801 10.5487705206069
802 10.546465313364557
803 10.838577680403114
804 10.776861473930715
805 9.943128190771601
806 10.218471699075836
807 10.482505751614266
808 10.45678785100751
809 10.690903064738349
810 10.385901957898023
811 10.318266702310984
812 9.920709689195807
813 9.389853055090544
814 9.43043043196638
815 9.45565324297278
816 9.318016316796763
817 9.787906273826694
818 9.343828830872473
819 8.899529175916532
820 8.682139270535648
821 9.019097053243161
822 8.839670950940798
823 9.166462323783152
824 9.059803780733542
825 9.34512745777054
826 9.01615992149148
827 8.612227126595199
828 9.498072496523678
829 10.627556921510227
830 9.97065309587752
831 9.876785128367347
832 9.27980193226703
833 9.628030904259406
834 9.685278310433159
835 9.550307006175352
836 10.382566416289698
837 10.296358617448833
838 10.333158538218894
839 10.288769708174524
840 10.909776903971416
841 11.360725197367465
842 11.666293362139548
843 11.070640447791918
844 11.05228738587668
845 11.398402761354875
846 10.545348739453994
847 10.69520452486518
848 10.096766333110878
849 10.181269782636695
850 10.740720434083796
851 10.728202064829649
852 10.895185449585684
853 10.514364796704191
854 11.268303255110967
855 11.148993317247426
856 10.90290880149005
857 10.536801708225646
858 10.718425188221396
859 10.851445269674745
860 11.029571065006794
861 11.438620356026057
862 10.212039995812484
863 10.482848397653191
864 10.454053677680887
865 10.31362923138431
866 10.058668457387567
867 10.371294662665548
868 10.181824503593846
869 11.03971611265916
870 10.328810715130516
871 10.265538082263005
872 10.979759404083856
873 10.86303635508311
874 10.935322567365814
875 10.792557415665096
876 10.895489040782824
877 11.14627495538021
878 10.528527269165258
879 10.56266285016908
880 11.253612004178985
881 11.12266807025668
882 11.606063887108728
883 11.095238660672056
884 10.920865339819043
885 11.293716579089601
886 10.6165920238808
887 10.99157752677003
888 11.007855817295269
889 10.909047188587591
890 11.938211992738738
891 10.870631170702083
892 10.50012635297693
893 10.638846681219219
894 10.473901798282228
895 10.821623774317862
896 11.199501581168784
897 10.769433036560445
898 10.759652094408894
899 10.527535951164362
900 10.339521007562814
901 10.4868703766045
902 10.613215818771328
903 10.561083944369678
904 11.548023533180158
905 10.935147668041877
906 10.177384436494618
907 10.224295782263777
908 9.006439696841367
909 8.342769846837045
910 8.600488358218778
911 9.12689801647665
912 8.803330823582328
913 8.355036878673523
914 8.498799790865846
915 9.136064831874107
916 8.787355569870465
917 8.821275357215491
918 8.757857619771155
919 7.626550515694573
920 8.450443962937507
921 8.00320955935577
922 8.280941845702232
923 8.628604477186387
924 8.364759657784894
925 7.636371266510553
926 7.721029275798669
927 8.757617657322712
928 7.521279963437201
929 7.713818920051025
930 7.331122551645325
931 8.156766643523062
932 7.874300812776942
933 7.937628371940523
934 6.588114154430069
935 7.491860706422243
936 7.346883104130649
937 7.776066839220456
938 6.41429277534809
939 6.646436069612423
940 6.6604361385794055
941 6.633760121202176
942 6.4320252835653395
943 6.64948486764465
944 6.354951944470863
945 6.75125174824965
946 6.421517519065881
947 6.665424907747899
948 8.211808743941672
949 8.022892795938196
950 7.1698845509573745
951 7.365727293007145
952 6.541400898126092
953 7.204039077127163
954 7.286209022079564
955 7.544126398746419
956 6.464788323191958
957 7.15472278104239
958 6.620344314921753
959 5.8951585440653345
960 5.438296358846484
961 5.222612707842781
962 5.72729057729338
963 5.5638616943784465
964 6.255442083854136
965 6.033015346630135
966 5.556025306110201
967 5.989263861690958
968 5.718764234744773
969 5.394874642945777
970 6.030147575319562
971 6.40395043495203
972 6.016306030103858
973 5.989266740069793
974 6.4434879839684225
975 5.7907840889977615
976 5.796666788179359
977 6.32041209535048
978 5.946274544533967
979 5.9990600930850215
980 5.509587370477065
981 6.14788596387501
982 6.055722472211119
983 5.975298565707664
984 6.273134225369142
985 5.600440383150549
986 6.023370496270557
987 6.010420973638011
988 5.352734373875082
989 6.045612897243539
990 5.991245156638411
991 6.229836599622216
992 5.275794105384629
993 5.469044214871343
994 5.04547552583987
995 5.424604835235701
996 5.647152134447571
997 5.44632976590411
998 5.435492741853892
999 5.170124968860247
1000 4.9083133911839925
1001 5.6501674728111
1002 5.476394773303331
1003 5.98346810797425
1004 6.156807452785851
1005 5.669315518131224
1006 5.618240837594216
1007 5.709025902675134
1008 5.683667007091991
1009 5.672709551119736
1010 5.517958693111747
1011 5.8240915509315085
1012 5.71716862246678
1013 5.870243776961422
1014 5.772924295268208
1015 6.09903908328162
1016 5.785522983365102
1017 5.381665364300605
1018 5.955557810336683
1019 5.8962705938837905
1020 5.79626027188345
1021 5.740033977623706
1022 6.089850268846358
1023 6.024850322791721
1024 5.5562033321052615
1025 5.40543713725203
1026 5.681794501634502
1027 5.841957416040788
1028 5.998648132775168
1029 5.58547924698944
1030 6.044576887970349
1031 5.678507184109624
1032 5.9944682442836505
1033 5.495243950868821
1034 6.57453055496922
1035 5.168690610051636
1036 6.221338103594665
1037 6.74688625012651
1038 5.881887036947578
1039 6.125499036403148
1040 6.295172615742187
1041 6.083876273795142
1042 6.162724909326341
1043 6.186291263023974
1044 6.167413135271997
1045 6.166498779897015
1046 6.061037541823978
1047 6.4090894010333495
1048 6.366235935403143
1049 6.448599753437356
1050 6.234852191088208
1051 5.732647115103588
1052 5.944196474712864
1053 5.944879154514457
1054 5.373257187549201
1055 5.465219546294199
1056 5.465113128290703
1057 5.789339127175492
1058 6.408859396299866
1059 5.614549614661999
1060 6.005300413596509
1061 6.040332262793896
1062 5.83271594906292
1063 5.6721428217071646
1064 5.883426305776921
1065 6.077724218132126
1066 5.810056899460203
1067 6.0363911638023815
1068 5.82992737739555
1069 5.560765704142925
1070 5.7219139518303015
1071 5.666906141260868
1072 6.285247987130318
1073 5.639044886519068
1074 6.298491477361762
1075 5.571227761647001
1076 5.502793001978535
1077 6.175433091196454
1078 6.14039319766545
1079 6.261278582445528
1080 5.517314731044875
1081 6.006517595482848
1082 6.014511480248863
1083 5.843823256240479
1084 6.0147136215224615
1085 6.401855493149786
1086 5.688503505645012
1087 6.505098403740098
1088 6.121905822852008
1089 6.402597960511936
1090 5.677166598538273
1091 5.962233110986897
1092 5.724521143689729
1093 5.851675869777668
1094 5.733890187821156
1095 5.868491082856452
1096 5.538347745068884
1097 6.576182795730397
1098 6.434781025177994
1099 5.743475110741585
1100 5.709997407410019
1101 6.058562963402879
1102 6.309430754433216
1103 6.324300640128348
1104 6.190036508156546
1105 6.35117843332799
1106 5.82469461842165
1107 6.320640408783247
1108 6.763957455562652
1109 5.722369329218566
1110 5.684043654612129
1111 6.281035184770096
1112 6.219114901368115
1113 6.275501965639247
1114 6.636671110453671
1115 5.818465248068223
1116 6.25009004428668
1117 5.839181873102753
1118 5.760664416877591
1119 5.8355076561582795
1120 5.75209240953195
1121 6.222181924974419
1122 5.908508194806875
1123 5.745340237356694
1124 6.199940844686892
1125 6.282954611588863
1126 6.284131207896502
1127 5.695771524852115
1128 5.827047909988553
1129 6.406583682703391
1130 6.047259963979351
1131 6.471213082822342
1132 7.102994469463132
1133 6.313486845371636
1134 6.053066455286972
1135 5.505443220101394
1136 5.274936534174242
1137 5.759817720622589
1138 5.400358777310747
1139 5.815017411456778
1140 5.754851206048853
1141 5.625169496286205
1142 6.098969486464541
1143 5.2748102962042225
1144 5.609154023409457
1145 5.215311997388671
1146 5.593426683421806
1147 5.513975802208445
1148 5.457173831771688
1149 5.356542008595732
1150 5.363393804991605
1151 5.7556680306268815
1152 5.2770333828521725
1153 5.211691796823179
1154 5.192148796207594
1155 5.508269659671524
1156 5.720004020882457
1157 4.995221759992385
1158 5.146962532713015
1159 5.772246972415023
1160 5.344289614302737
1161 5.293953381020656
1162 5.253065869652029
1163 5.766992883399402
1164 5.807401201142653
1165 5.285187814230259
1166 5.21358869993223
1167 5.60651923324314
1168 5.8154961830922405
1169 5.288910371840947
1170 5.458969622063339
1171 5.5372831483130405
1172 5.455404861208829
1173 5.478315979715666
1174 5.450426725885696
1175 6.2254361249506465
1176 5.4850474378682685
1177 5.442233557269682
1178 5.909357242274201
1179 5.197921325889922
1180 5.84536401264744
1181 5.853444025240825
1182 5.896097048147323
1183 6.21352414777394
1184 6.060243120928145
1185 6.410507745868438
1186 6.503036871320828
1187 6.832355645278102
1188 7.481467112058079
1189 7.113398050435812
1190 7.442238166935538
1191 7.251054773553925
1192 7.688002463789271
1193 7.867345116293668
1194 8.37156299173742
1195 7.86695415286928
1196 8.309171651518099
1197 8.620424620884227
1198 8.590984856235231
1199 7.809769163090527
1200 7.513495197961747
1201 7.874360529582139
1202 8.34738395090691
1203 9.035316724592303
1204 8.321894190492362
1205 7.789971826063625
1206 7.2592087502966
1207 7.739893408319688
1208 8.802314182693625
1209 8.880533833456415
1210 9.089581465993946
1211 7.958076148303465
1212 8.899783821664432
1213 7.860780823724416
1214 9.015139167505469
1215 8.903024247683291
1216 8.675235160155225
1217 8.183320754179748
1218 8.559282767130204
1219 8.789281591873449
1220 8.727674236341167
1221 8.654686832272851
1222 8.916331643233956
1223 7.879759703979574
1224 8.484913176598246
1225 9.491002037685826
1226 8.619993495362134
1227 8.29483494089184
1228 7.943944202481066
1229 8.463549578077624
1230 8.189691222317448
1231 8.945582321452765
1232 9.041665932853341
1233 9.881357605507192
1234 8.749980279795313
1235 8.467049317430233
1236 8.555296811465116
1237 8.676823358180169
1238 9.724621298137276
1239 9.407007403528523
1240 8.277962833957064
1241 9.492224146981863
1242 8.827607667582868
1243 8.897040017563814
1244 8.741409644790908
1245 9.508771045964085
1246 9.350044966824926
1247 9.20736258898559
1248 9.568380288549324
1249 8.619788991647132
1250 9.087675302929773
1251 8.796526988515533
1252 7.918474313686134
1253 8.199624458724603
1254 8.54339083723476
1255 8.470220035850627
1256 8.761173059254963
1257 8.102095752260729
1258 8.238717276497704
1259 8.28623805882155
1260 7.950429463380266
1261 7.549395574685105
1262 8.153943900849786
1263 8.345159930703224
1264 8.307470326107282
1265 8.03923749892786
1266 8.171165188458293
1267 8.094851488353923
1268 8.15603222426346
1269 8.615258458479909
1270 8.822527968606858
1271 8.74941206288669
1272 8.921358259698547
1273 8.862420206477113
1274 8.629676669313266
1275 8.392047560354165
1276 8.443633472720785
1277 9.031867458086547
1278 7.944473297746954
1279 8.047603114013636
1280 8.332617492959761
1281 8.71229318201211
1282 8.159256369998698
1283 8.511230416306887
1284 9.313249199530665
1285 9.78552927613144
1286 9.571214276890363
1287 8.569100350841945
1288 9.720579839551194
1289 9.092160097821079
1290 8.991696160201828
1291 8.827625802637197
1292 9.24409186405166
1293 8.662117934732308
1294 8.661068482940031
1295 8.935137592960421
1296 9.004723348751348
1297 8.705981989190843
1298 8.968044750597066
1299 9.349980733132792
1300 8.958194614716154
1301 8.60912702919383
1302 8.707723617238962
1303 8.02538550680751
1304 8.537197938588276
1305 8.900585869570905
1306 8.640788632899392
1307 9.128405227439956
1308 9.142373568721439
1309 9.501194659776592
1310 8.921330166200404
1311 8.556972954995846
1312 8.851351425319121
1313 9.572980105583602
1314 8.571541156284574
1315 9.695905700199585
1316 10.140287250361233
1317 9.497426212460235
1318 9.474600401839025
1319 9.548717896325595
1320 8.876224117402408
1321 9.671720998223808
1322 10.559934990759414
1323 10.485868471406587
1324 9.898084398486315
1325 10.996680014084873
1326 9.989092799228489
1327 10.254370796336053
1328 10.59727149219327
1329 11.05964572558845
1330 11.03494510217701
1331 10.83665847192349
1332 10.450533424615182
1333 10.549496787414515
1334 10.383338419481145
1335 10.452053521691582
1336 9.978853054517876
1337 9.461201457965757
1338 9.42823523783839
1339 9.853439934510211
1340 10.001291166066597
1341 11.004606431751004
1342 10.34122221460088
1343 10.358039492391574
1344 10.537556358565324
1345 9.701956514582113
1346 9.904782802099895
1347 9.06477593130343
1348 10.162426019110796
1349 9.320247547495827
1350 10.126665039211135
1351 10.708798459228001
1352 11.130828335796574
1353 11.441065189323044
1354 10.973569076711934
1355 10.378127025204936
1356 10.945959109024505
1357 10.538082624573283
1358 9.820524868713381
1359 10.137624046916967
1360 10.99838399856795
1361 10.263766720206382
1362 10.30903825995452
1363 9.606909588960203
1364 9.634244478838067
1365 8.483344733587105
1366 9.845334359357022
1367 10.188107821077123
1368 9.376722849634394
1369 11.289604711381562
1370 9.816953200516151
1371 9.950879273133246
1372 9.865994490170523
1373 10.448454338094066
1374 9.989051222509286
1375 9.844514765940216
1376 9.521377178048784
1377 10.06625938088885
1378 9.930821711213845
1379 10.313392873637621
1380 10.391356542211263
1381 9.642160637619126
1382 10.154577377042049
1383 9.758591096085178
1384 9.568857576090622
1385 9.581389352093003
1386 10.678142276146685
1387 10.792799911551208
1388 11.033012746121223
1389 11.379663780045764
1390 10.63224575442925
1391 11.337133990989793
1392 12.806375228301885
1393 11.45593575587165
1394 11.71545429833513
1395 10.257992600665398
1396 10.740132908023762
1397 12.066843307843381
1398 11.296463801434058
1399 11.301983842327084
1400 12.1360265849622
1401 11.70480148385122
1402 11.808498826061133
1403 11.662116828889596
1404 12.480460393570349
1405 12.178015096779333
1406 12.400503243429196
1407 10.801203900008266
1408 11.33133132216459
1409 11.885921620220492
1410 12.329542326946422
1411 12.203636220111134
1412 12.158710763228953
1413 12.608022975383548
1414 12.310594913807597
1415 12.227274893072927
1416 10.94302962235334
1417 11.398150850862983
1418 11.629604617021236
1419 12.001488838235733
1420 13.285991710141124
1421 13.294433091248607
1422 13.438620674170847
1423 13.925302068690547
1424 13.715906785664252
1425 13.435370881840969
1426 13.646727452775309
1427 13.087282906711364
1428 12.592329331925493
1429 11.804188859169434
1430 12.440442670308043
1431 12.162214563871569
1432 13.084336707011175
1433 12.053404359739567
1434 11.555987227010563
1435 12.033177694780782
1436 11.478131104063568
1437 12.147300721489803
1438 12.91233131340066
1439 13.604709928846605
1440 12.88950564496245
1441 12.78803209438457
1442 12.120049659759438
1443 12.279607422799389
1444 12.732419473656284
1445 13.334588284258503
1446 12.714820271587403
1447 12.748135679385053
1448 11.764470620387739
1449 12.329045026847874
1450 12.810021029978836
1451 12.677874722794632
1452 12.489591006021703
1453 12.959988742101729
1454 12.611741201465518
1455 12.045846036593849
1456 12.085027836922881
1457 12.361222038870446
1458 12.40936191847405
1459 11.946507799700237
1460 11.870539313525773
1461 11.35880506421044
1462 11.236586662640747
1463 11.060403571426031
1464 10.347976579351851
1465 10.939931929505923
1466 10.786062296659756
1467 10.42203183996609
1468 12.07714088616232
1469 11.91719920944487
1470 11.530655828436647
1471 11.314957035581214
1472 11.050454535742555
1473 11.208487120870064
1474 11.232810617461562
1475 11.799246822012545
1476 11.899400839827548
1477 11.229949807256176
1478 11.054050942874055
1479 11.924180823481887
1480 11.69248648562289
1481 11.86038793493443
1482 11.130809394061972
1483 11.419513813259083
1484 11.706523658113298
1485 11.38041420095217
1486 10.334618969075114
1487 11.066017438613283
1488 11.225333774241815
1489 10.811818324350883
1490 11.654778011788938
1491 11.920905935816169
1492 12.83838842322933
1493 12.411954652887347
1494 12.338186093517999
1495 13.145632214622635
1496 13.025703791457017
1497 13.31979002628743
1498 13.595434776558893
1499 12.603935354188135
1500 13.101188113901054
1501 12.873917157063543
1502 14.159050211517442
1503 13.032398296396527
1504 13.578355746980137
1505 13.403574367310933
1506 13.799011018514978
1507 13.084073535743084
1508 13.042432384944732
1509 12.771440402528969
1510 13.453159792019191
1511 14.254868275516577
1512 14.506466225277936
1513 15.12197184054638
1514 14.77500434757679
1515 14.433916045476709
1516 14.245235731161499
1517 14.345139957335261
1518 14.453682632634344
1519 14.922628155154648
1520 15.154465992660738
1521 15.166289384341937
1522 14.555217004520696
1523 13.709555243302804
1524 14.20151084868592
1525 13.398210654147782
1526 13.079019231181556
1527 13.825215058806199
1528 13.80837522254249
1529 13.995677901929037
1530 14.283354919406985
1531 12.895345230313644
1532 12.50091504959556
1533 12.163152100394663
1534 13.087396395434352
1535 14.185629803225249
1536 14.932783062899947
1537 15.4221176760197
1538 14.823484236784944
1539 14.86199079085385
1540 16.59120322220498
1541 15.379810487918492
1542 15.061296926029335
1543 15.454890130318347
1544 14.939191001149826
1545 15.79581962245374
1546 15.440735906833883
1547 14.295644431608949
1548 13.744127301389707
1549 15.028080268816332
1550 14.505029932627536
1551 13.824889642151271
1552 14.604913561467027
1553 13.838686624749297
1554 13.561347644520984
1555 14.234995562928766
1556 13.021892659142505
1557 13.299080076951661
1558 14.721196502572878
1559 14.765691140582787
1560 13.451925832978672
1561 14.290529938666946
1562 14.316641876683086
1563 14.762642737517176
1564 14.493816140798355
1565 14.523593452065233
1566 14.74532453303716
1567 14.871378586472556
1568 14.964523167080833
1569 15.217108432085237
1570 15.850831382234956
1571 15.804904177454592
1572 16.109931965834107
1573 16.10217383442806
1574 16.030425114312926
1575 16.341095673621243
1576 16.028637252543753
1577 15.490733821700134
1578 14.52975049290097
1579 15.777551336735549
1580 17.28753794955358
1581 15.7512901285986
1582 16.047484602640964
1583 15.957910389034748
1584 15.544175021640624
1585 15.513944225739396
1586 15.173632826729477
1587 15.458418781442186
1588 15.745151821124196
1589 15.226692042824371
1590 14.489754747645952
1591 16.37337575119713
1592 15.517873558211043
1593 15.812799528999163
1594 16.55318782477201
1595 14.991570308834806
1596 16.0085005953653
1597 15.9480695913744
1598 14.585987032834032
1599 15.09522185062116
1600 15.524453988541019
1601 15.806293225418681
1602 15.519274220951111
1603 15.443061208991551
1604 14.168365380652162
1605 14.674407271745306
1606 13.871746231622785
1607 14.434615341650886
1608 14.283892484132085
1609 14.483610491746363
1610 15.019886032969207
1611 15.787593253064546
1612 15.977982229050863
1613 16.28083419714702
1614 16.28541911544053
1615 16.06610546666415
1616 15.863478559983765
1617 15.698226731399687
1618 16.552811524172395
1619 15.927417481559468
1620 16.26236000708446
1621 15.861869187522315
1622 16.361599522383976
1623 16.140818061013803
1624 16.822325382166017
1625 16.623863873366076
1626 16.56227923420077
1627 16.79185187900301
1628 16.09039331595039
1629 17.227044277700447
1630 17.124064339961034
1631 17.052598684163975
1632 17.799808416980248
1633 17.22654114914768
1634 18.432001955696105
1635 18.6004659223536
1636 18.483690584391493
1637 17.830693816710035
1638 17.665244456141814
1639 17.526487996583427
1640 17.022152664289866
1641 17.25698354912425
1642 17.423209774248782
1643 17.774053500708792
1644 16.25299239418198
1645 16.249479087219253
1646 16.24275784763387
1647 17.087013227208278
1648 16.929797773103314
1649 18.831569218333552
1650 18.41788411175647
1651 17.078541048139762
1652 17.964419927041675
1653 16.96518748092467
1654 17.678341157389994
1655 16.375420070952558
1656 15.905516199635224
1657 16.882187994604923
1658 17.025180723476055
1659 17.53252752387332
1660 18.229396113794696
1661 17.005742083175374
1662 18.654639507168344
1663 17.877150227960232
1664 18.709737421045233
1665 18.379520764471568
1666 18.187615593660798
1667 17.881490294994894
1668 18.61444171615769
1669 19.189330635366467
1670 19.064784953607575
1671 17.93374480345375
1672 16.87128698163852
1673 17.34329848435164
1674 16.02931076479128
1675 16.479306726817892
1676 16.93217071736478
1677 17.736489547650997
1678 17.14362896940792
1679 17.166266571591237
1680 18.421209817820714
1681 17.853113097134216
1682 18.21502004489759
1683 19.294831828156767
1684 18.521259251315442
1685 18.741184781375043
1686 18.463285635729484
1687 18.460946596432485
1688 18.92842444908974
1689 18.97826492444096
1690 17.690886665193176
1691 18.600117642053306
1692 18.26284677713971
1693 19.319740065137708
1694 18.933880487839065
1695 18.617880279734745
1696 18.96127734326567
1697 19.006221895616328
1698 18.810234461435904
1699 19.330932037531223
1700 19.147901645109094
1701 19.237779133348155
1702 18.73204788854636
1703 19.423863162201464
1704 19.673158567670747
1705 20.012894672101993
1706 18.002900105038073
1707 18.98249122373373
1708 19.39785350484992
1709 19.247602523441337
1710 18.44642303338578
1711 18.54877178984226
1712 18.929612558984495
1713 19.694512108387354
1714 18.387521421775386
1715 18.565525173377736
1716 18.499081010409046
1717 18.395334325416737
1718 17.399042868451506
1719 18.22845615772944
1720 18.890609951542267
1721 19.340480919955205
1722 17.60239678731743
1723 18.653864749520153
1724 19.267238543878893
1725 18.331748133819453
1726 18.260763222861993
1727 18.145288540596685
1728 18.55634496136028
1729 18.291168973269585
1730 18.940733684783233
1731 19.699645211446505
1732 19.857180293177965
1733 19.99398480337121
1734 19.564860688929105
1735 18.99109520787484
1736 19.557877357119995
1737 20.30147800072493
1738 20.1740357892819
1739 20.82229907242541
1740 20.57392451973939
1741 19.944603625178065
1742 19.95803708795663
1743 18.65321429052689
1744 19.173157072889182
1745 19.994319828073245
1746 20.422450764033602
1747 20.163885531649715
1748 20.054806673272115
1749 20.39275818485343
1750 20.180179720928624
1751 20.877430753299187
1752 19.79164963311625
1753 20.643855292486613
1754 20.119403273911463
1755 20.37981745863105
1756 21.239054685597665
1757 20.9674418124749
1758 21.536218301414767
1759 19.610875681420765
1760 20.37262196100238
1761 20.49858758954731
1762 20.846617474534685
1763 20.891991294703
1764 20.556357240695963
1765 21.791246805839478
1766 21.801765238507375
1767 20.59269261830535
1768 21.037876632672695
1769 21.09765684838518
1770 21.045225110556196
1771 21.613799406186747
1772 20.204234739811323
1773 21.960003120361982
1774 19.56018552566567
1775 21.48135978896806
1776 22.188634435152814
1777 22.068325287947165
1778 21.769814356806524
1779 22.700893117049638
1780 21.621214063188994
1781 21.73971272158775
1782 22.165777957411926
1783 22.625514797342746
1784 22.207369194588804
1785 22.804637331832115
1786 22.18893573664235
1787 22.327404869639274
1788 22.08195646160128
1789 22.173929355390975
1790 21.81933229094081
1791 20.585835024664295
1792 20.843230886061342
1793 20.641096713735877
1794 20.761699925116485
1795 20.85868755406738
1796 21.08354958618074
1797 21.071927866044874
1798 20.338082607460457
1799 21.3464829790127
1800 21.28570714050174
1801 21.577811550832294
1802 22.28918094794738
1803 22.10029044513933
1804 22.028342365804896
1805 21.72427728187126
1806 21.75677976861854
1807 22.114752758029976
1808 20.905067921246115
1809 20.925794004090985
1810 21.42253418666726
1811 21.696910679633866
1812 21.830790680764714
1813 21.886104382312993
1814 20.95851961494837
1815 20.855176682870166
1816 20.594883049646175
1817 20.53471378275595
1818 20.785898611586482
1819 19.818291824829075
1820 20.187182031794233
1821 21.50577044945096
1822 22.711044875275654
1823 21.632080468366365
1824 22.27413253059246
1825 21.799677617883265
1826 21.611952519671853
1827 22.207534729773226
1828 21.460353030770232
1829 22.47456698867839
1830 21.662333443790413
1831 20.20663698418522
1832 21.336193704544623
1833 20.015551489218495
1834 19.882624839466782
1835 20.075829909587146
1836 20.839234763619974
1837 19.690890826978098
1838 19.981852258685283
1839 20.02988342585515
1840 20.791819979572562
1841 20.2501100462535
1842 20.41534305929108
1843 21.673186108134676
1844 21.618581156186533
1845 21.51180756812205
1846 21.021723282165226
1847 20.883550775260566
1848 21.82310324598247
1849 21.888244903047667
1850 22.29252871241687
1851 23.46631577207975
1852 21.950359344164955
1853 22.927145355999016
1854 21.650192296309058
1855 21.99812595697178
1856 21.071169077001027
1857 21.307327932194426
1858 21.19321578925266
1859 21.48121828355954
1860 21.61850196883124
1861 20.913769567402976
1862 23.15701582124642
1863 23.223382391319667
1864 23.18338191266535
1865 24.097401307529143
1866 23.356824345967606
1867 24.438101769167073
1868 24.495053144882004
1869 24.78770031964777
1870 25.414874762448182
1871 24.53370310371924
1872 25.631663010987484
1873 25.67516412337512
1874 25.097083809024245
1875 24.731058566107865
1876 23.476180852718038
1877 22.89178776051926
1878 22.211480407301945
1879 23.62923922878655
1880 22.272086863405026
1881 20.96000104765517
1882 23.44879772400935
1883 24.762306528029583
1884 23.694405284666253
1885 23.50448908848213
1886 24.116064814020607
1887 24.054419559832354
1888 24.103627295120155
1889 24.88392116891918
1890 24.040906649637638
1891 23.552749005874308
1892 23.777089421159747
1893 22.818728127751786
1894 23.845729516435377
1895 24.415502030116812
1896 24.30291945844051
1897 24.559317105684066
1898 24.946400392004133
1899 24.241568728359542
1900 24.679104483444267
1901 25.70854311920127
1902 23.318839152450106
1903 23.020837556099583
1904 21.769405595422
1905 23.93687910009685
1906 24.07903283699938
1907 22.19321516239532
1908 23.671862219769487
1909 22.97433067168425
1910 23.025624854220485
1911 23.806957345458848
1912 25.142418776495656
1913 23.933599563748132
1914 24.921821623539692
1915 25.93418794615714
1916 25.16034003465556
1917 24.98915769751158
1918 23.95513260561396
1919 23.31325202519679
1920 23.125592984524115
1921 23.55345770118455
1922 24.46565778504672
1923 25.320375014011653
1924 26.066566036543982
1925 25.587648244450843
1926 25.70161357198574
1927 25.23290238159936
1928 25.994597368123046
1929 27.53554466486359
1930 26.73001220765862
1931 27.425628463853077
1932 26.796745296977733
1933 27.266675440489863
1934 27.835884384191495
1935 27.766462616487463
1936 27.53315856216467
1937 28.076300020213324
1938 26.777319034095314
1939 27.31065670858561
1940 27.637596229271313
1941 27.815390726203365
1942 26.767733214697532
1943 26.221371212159838
1944 26.809075368492177
1945 25.460895665051275
1946 25.41485471692084
1947 24.082861982890403
1948 24.38397914918629
1949 24.260770094710313
1950 24.923354986227896
1951 25.82999021600274
1952 24.90384633642177
1953 24.772838605328133
1954 26.396656407874968
1955 27.255855578931822
1956 27.437428066402397
1957 25.320256821687174
1958 25.566682847022786
1959 25.269313165869328
1960 27.62329139227687
1961 28.43494311407147
1962 27.895380913494687
1963 27.641842828417886
1964 27.387921962353566
1965 27.916208560275077
1966 29.670322269103607
1967 29.099558372353847
1968 30.07746710296471
1969 28.835189899489556
1970 28.977583745037627
1971 29.181362036209645
1972 29.882458271416287
1973 29.086851515308396
1974 29.493242521659077
1975 29.355142670435306
1976 29.744424226908727
1977 27.86384832709118
1978 28.216317972363232
1979 30.21120080057474
1980 29.61768696798307
1981 29.060717635803073
1982 29.018973550686518
1983 28.249851967084105
1984 28.477564160739423
1985 28.41120512117812
1986 29.587463329284155
1987 30.153493846527745
1988 29.412809263540222
1989 28.526045531595017
1990 29.146677915888336
1991 28.490304307548946
1992 28.206950742994074
1993 27.028328964473317
1994 27.843608896867394
1995 27.686893540464
1996 28.86859531635022
1997 29.290676324143174
1998 29.350061616683064
1999 29.467402334273984
