0 0.0
1 0.9288675785064697
2 1.1344393491744995
3 1.3663151264190674
4 1.0982816219329834
5 1.1798855066299438
6 0.9237856268882751
7 0.9059785604476929
8 1.2397922277450562
9 0.8024452328681946
10 1.3799718618392944
11 0.7683171033859253
12 0.9772466421127319
13 0.3738594949245453
14 0.6901439428329468
15 1.1017552614212036
16 1.1562339067459106
17 1.093934178352356
18 0.8659355640411377
19 0.8848586678504944
20 1.3079530000686646
21 0.6937556266784668
22 0.9347101449966431
23 0.4437672793865204
24 0.605423629283905
25 1.6408872604370117
26 1.214829921722412
27 1.3975058794021606
28 0.6873254179954529
29 0.9624037146568298
30 1.0198297500610352
31 1.193223476409912
32 1.1787652969360352
33 0.8661901354789734
34 0.8499360084533691
35 1.1961696147918701
36 1.1583912372589111
37 1.3345175981521606
38 1.0583018064498901
39 1.7021002769470215
40 1.6152503490447998
41 1.6486525535583496
42 1.7500331401824951
43 1.4918259382247925
44 1.5897800922393799
45 1.587767481803894
46 1.6088329553604126
47 1.6436207294464111
48 1.6283363103866577
49 1.661601185798645
50 1.577006459236145
51 1.6853389739990234
52 1.7117063999176025
53 1.5335935354232788
54 1.6083520650863647
55 1.5974831581115723
56 1.7623064517974854
57 1.726563811302185
58 1.7151222229003906
59 1.629608392715454
60 1.800645351409912
61 1.740188479423523
62 1.5884065628051758
63 1.7219016551971436
64 1.5478363037109375
65 1.6487425565719604
66 1.7225854396820068
67 1.7834407091140747
68 1.7925349473953247
69 1.7785588502883911
70 1.798990249633789
71 1.7290862798690796
72 1.6612833738327026
73 1.806706190109253
74 1.6054524183273315
75 1.559047818183899
76 1.6307960748672485
77 1.7686454057693481
78 1.521573543548584
79 1.6748406887054443
80 1.7548967599868774
81 1.6227619647979736
82 1.601670265197754
83 1.7769564390182495
84 1.600110411643982
85 1.464142918586731
86 1.8039205074310303
87 1.8900130987167358
88 1.7006285190582275
89 1.5777415037155151
90 1.4750162363052368
91 1.630236268043518
92 1.5769972801208496
93 1.626877784729004
94 2.0669198036193848
95 1.5861066579818726
96 1.6004910469055176
97 1.9058964252471924
98 1.8762891292572021
99 1.7182929515838623
100 1.6756542921066284
101 1.503768801689148
102 1.482413649559021
103 1.5450466871261597
104 1.4750956296920776
105 1.7024835348129272
106 1.376582384109497
107 1.5816969871520996
108 1.5222406387329102
109 1.3975770473480225
110 1.588234543800354
111 1.6383947134017944
112 1.5326933860778809
113 1.3720507621765137
114 1.4541362524032593
115 1.4235303401947021
116 1.549530267715454
117 1.6691014766693115
118 1.735660433769226
119 1.6802867650985718
120 1.4019203186035156
121 1.727427363395691
122 1.672807216644287
123 1.7065207958221436
124 1.6250014305114746
125 1.5163317918777466
126 1.6145439147949219
127 1.5079206228256226
128 1.4303687810897827
129 1.611032247543335
130 1.8899335861206055
131 1.622591495513916
132 1.6514135599136353
133 1.5648472309112549
134 1.645049810409546
135 1.4278730154037476
136 1.3853936195373535
137 1.5283981561660767
138 1.2192766666412354
139 1.4840434789657593
140 1.5013699531555176
141 1.6776615381240845
142 1.7726651430130005
143 1.7217440605163574
144 1.4972039461135864
145 1.4001059532165527
146 1.596763014793396
147 1.5350263118743896
148 1.4586490392684937
149 1.5222032070159912
150 1.5196689367294312
151 1.6373584270477295
152 1.4702092409133911
153 1.7511838674545288
154 1.8169234991073608
155 1.5791082382202148
156 1.4340780973434448
157 1.5206584930419922
158 1.5648045539855957
159 1.5254565477371216
160 1.4824843406677246
161 1.6782727241516113
162 1.6299850940704346
163 1.5978424549102783
164 1.5940836668014526
165 1.5614827871322632
166 1.5939059257507324
167 1.485666275024414
168 1.5519981384277344
169 1.7783093452453613
170 1.4070621728897095
171 1.435563564300537
172 1.5550802946090698
173 1.5227947235107422
174 1.671347975730896
175 1.7592226266860962
176 1.5546157360076904
177 1.454169750213623
178 1.1850171089172363
179 1.5814157724380493
180 1.4973946809768677
181 1.6832712888717651
182 1.3891793489456177
183 1.650528907775879
184 1.452008843421936
185 1.446221113204956
186 1.5816982984542847
187 1.536966323852539
188 1.5272406339645386
189 1.5345879793167114
190 1.567713737487793
191 1.4810996055603027
192 1.549979567527771
193 1.5220352411270142
194 1.5162369012832642
195 1.5164828300476074
196 1.5522277355194092
197 1.4496606588363647
198 1.484975814819336
199 1.4109679460525513
200 1.713733196258545
201 1.4284121990203857
202 1.7027720212936401
203 1.4339395761489868
204 1.5522727966308594
205 1.6220072507858276
206 1.6854443550109863
207 1.5725958347320557
208 1.5639234781265259
209 1.5326722860336304
210 1.502884030342102
211 1.6717009544372559
212 1.2408493757247925
213 1.4239654541015625
214 1.523560643196106
215 1.8132481575012207
216 1.7201484441757202
217 1.5319268703460693
218 1.3875036239624023
219 1.4928677082061768
220 1.4695751667022705
221 1.5734429359436035
222 1.6615843772888184
223 1.6788192987442017
224 1.7504534721374512
225 1.4407602548599243
226 1.520116925239563
227 1.6080440282821655
228 1.6673471927642822
229 1.552337408065796
230 1.8228421211242676
231 1.5467493534088135
232 1.5778263807296753
233 1.5907578468322754
234 1.6239455938339233
235 1.4356273412704468
236 1.476058840751648
237 1.2916741371154785
238 1.4837493896484375
239 1.4448814392089844
240 1.6853580474853516
241 1.5144259929656982
242 1.6656841039657593
243 1.4817218780517578
244 1.513737678527832
245 1.4877060651779175
246 1.4440248012542725
247 1.4724091291427612
248 1.4984999895095825
249 1.404858112335205
250 1.515181064605713
251 1.4281808137893677
252 1.4715129137039185
253 1.50658118724823
254 1.497434377670288
255 1.344265103340149
256 1.4957998991012573
257 1.5648808479309082
258 1.3164423704147339
259 1.3488668203353882
260 1.4744316339492798
261 1.6480268239974976
262 1.3949518203735352
263 1.4696038961410522
264 1.5380141735076904
265 1.4178279638290405
266 1.4724273681640625
267 1.3013637065887451
268 1.4179484844207764
269 1.3310573101043701
270 1.5139225721359253
271 1.331312656402588
272 1.4736838340759277
273 1.4860707521438599
274 1.5626717805862427
275 1.3891870975494385
276 1.472184419631958
277 1.7510567903518677
278 1.5895943641662598
279 1.5290298461914063
280 1.4080983400344849
281 1.3643044233322144
282 1.5197792053222656
283 1.348551630973816
284 1.542205810546875
285 1.561993956565857
286 1.5832531452178955
287 1.5975409746170044
288 1.4638599157333374
289 1.4530978202819824
290 1.4713698625564575
291 1.4766149520874023
292 1.5268986225128174
293 1.6713067293167114
294 1.464445948600769
295 1.7999475002288818
296 1.4796764850616455
297 1.2751544713974
298 1.393305778503418
299 1.3770558834075928
300 1.5052229166030884
301 1.538854718208313
302 1.5312260389328003
303 1.3848942518234253
304 1.3100471496582031
305 1.581102967262268
306 1.5326048135757446
307 1.5194339752197266
308 1.5422998666763306
309 1.508471131324768
310 1.5660884380340576
311 1.445512294769287
312 1.3994951248168945
313 1.4389503002166748
314 1.4595450162887573
315 1.4233543872833252
316 1.678117275238037
317 1.6968169212341309
318 1.4160596132278442
319 1.476287841796875
320 1.5309264659881592
321 1.5208629369735718
322 1.4256786108016968
323 1.5112186670303345
324 1.6893209218978882
325 1.5494130849838257
326 1.558289885520935
327 1.5488234758377075
328 1.4326465129852295
329 1.5552946329116821
330 1.5695029497146606
331 1.537864089012146
332 1.5584096908569336
333 1.4514011144638062
334 1.5032613277435303
335 1.4897727966308594
336 1.5413364171981812
337 1.5043467283248901
338 1.5643044710159302
339 1.6296862363815308
340 1.516832947731018
341 1.4453781843185425
342 1.3294583559036255
343 1.5312525033950806
344 1.3137089014053345
345 1.5811458826065063
346 1.4238059520721436
347 1.687366008758545
348 1.6267175674438477
349 1.7603870630264282
350 1.5970826148986816
351 1.618897795677185
352 1.4767619371414185
353 1.4479365348815918
354 1.526851773262024
355 1.5610637664794922
356 1.4049484729766846
357 1.4655717611312866
358 1.5645681619644165
359 1.403568983078003
360 1.4023008346557617
361 1.5192837715148926
362 1.5386788845062256
363 1.2784852981567383
364 1.407421588897705
365 1.6862077713012695
366 1.4970521926879883
367 1.5641608238220215
368 1.6272733211517334
369 1.6059398651123047
370 1.4781286716461182
371 1.5052744150161743
372 1.5724189281463623
373 1.54378342628479
374 1.539192795753479
375 1.6619514226913452
376 1.6214087009429932
377 1.5104680061340332
378 1.6136767864227295
379 1.3102726936340332
380 1.4283736944198608
381 1.5092328786849976
382 1.4887542724609375
383 1.3990710973739624
384 1.581202745437622
385 1.6293106079101563
386 1.6372140645980835
387 1.5873079299926758
388 1.6376396417617798
389 1.367509365081787
390 1.5533357858657837
391 1.4880237579345703
392 1.6205239295959473
393 1.522624135017395
394 1.6255362033843994
395 1.8143184185028076
396 2.0857951641082764
397 1.8188369274139404
398 1.5352205038070679
399 1.5762579441070557
400 1.5555751323699951
401 1.5332791805267334
402 1.4980226755142212
403 1.5170611143112183
404 1.5569634437561035
405 1.5953627824783325
406 1.4687869548797607
407 1.6187695264816284
408 1.4535391330718994
409 1.5835812091827393
410 1.448306918144226
411 1.5703730583190918
412 1.5585960149765015
413 1.540480613708496
414 1.5310497283935547
415 1.5463744401931763
416 1.607353925704956
417 1.6663711071014404
418 1.5979164838790894
419 1.6053261756896973
420 1.559418797492981
421 1.5851185321807861
422 1.4822903871536255
423 1.6673634052276611
424 1.4930377006530762
425 1.4844844341278076
426 1.6398406028747559
427 1.52729070186615
428 1.831626296043396
429 1.556727647781372
430 1.7870731353759766
431 1.6696174144744873
432 1.4890638589859009
433 1.442878246307373
434 1.5591007471084595
435 1.6799625158309937
436 1.6320452690124512
437 1.7166966199874878
438 1.386868953704834
439 1.54830801486969
440 1.364916205406189
441 1.4477417469024658
442 1.5348511934280396
443 1.5591537952423096
444 1.545602560043335
445 1.708332896232605
446 1.507041096687317
447 1.5128623247146606
448 1.5291566848754883
449 1.461610198020935
450 1.4845128059387207
451 1.8247432708740234
452 1.5658409595489502
453 1.6716394424438477
454 1.7014753818511963
455 1.7650172710418701
456 1.4417924880981445
457 1.7521857023239136
458 1.7563508749008179
459 1.5162426233291626
460 1.5287749767303467
461 1.5719091892242432
462 1.6492693424224854
463 1.5918571949005127
464 1.557366132736206
465 1.6534972190856934
466 1.5685864686965942
467 1.6561111211776733
468 1.655797004699707
469 1.6522756814956665
470 1.6531299352645874
471 1.7959195375442505
472 1.5861480236053467
473 1.6735702753067017
474 1.396754503250122
475 1.6377294063568115
476 1.5892069339752197
477 1.5795564651489258
478 1.5555026531219482
479 1.6355582475662231
480 1.6787755489349365
481 1.6760424375534058
482 1.4267386198043823
483 1.5949913263320923
484 1.6347453594207764
485 1.4199254512786865
486 1.5981007814407349
487 1.6339967250823975
488 1.7006731033325195
489 1.5536324977874756
490 1.658705234527588
491 1.5721317529678345
492 1.5199363231658936
493 1.4439477920532227
494 1.4511287212371826
495 1.6064869165420532
496 1.3237028121948242
497 1.5086654424667358
498 1.6951733827590942
499 1.6879242658615112
500 1.568212628364563
501 1.60574471950531
502 1.572684645652771
503 1.5999518632888794
504 1.5331956148147583
505 1.8220995664596558
506 1.5949889421463013
507 1.5524762868881226
508 1.7876789569854736
509 1.5508029460906982
510 1.5828990936279297
511 1.5695877075195313
512 1.812368631362915
513 1.7700411081314087
514 1.6678587198257446
515 1.5630203485488892
516 1.5672130584716797
517 1.4634156227111816
518 1.830199956893921
519 1.5281749963760376
520 1.7154985666275024
521 1.6622611284255981
522 1.6429928541183472
523 1.6828330755233765
524 1.6135419607162476
525 1.787716031074524
526 1.5266259908676147
527 1.518977165222168
528 1.5240697860717773
529 1.6582379341125488
530 1.6719989776611328
531 1.6779876947402954
532 1.4669283628463745
533 1.6897763013839722
534 1.5011515617370605
535 1.656381607055664
536 1.6853852272033691
537 1.5149606466293335
538 1.6223727464675903
539 1.5391849279403687
540 1.5634504556655884
541 1.6408146619796753
542 1.5218443870544434
543 1.4577913284301758
544 1.65655517578125
545 1.6082292795181274
546 1.5368939638137817
547 1.4590330123901367
548 1.5900202989578247
549 1.5313286781311035
550 1.38627290725708
551 1.5022151470184326
552 1.5518467426300049
553 1.5650746822357178
554 1.3971251249313354
555 1.554184079170227
556 1.5175306797027588
557 1.466666340827942
558 1.421282410621643
559 1.5464813709259033
560 1.6895166635513306
561 1.7563940286636353
562 1.5392093658447266
563 1.577765703201294
564 1.5722999572753906
565 1.633989691734314
566 1.7540571689605713
567 1.7127670049667358
568 1.5381944179534912
569 1.7326689958572388
570 1.6669515371322632
571 1.562574028968811
572 1.4541399478912354
573 1.5007554292678833
574 1.712229609489441
575 1.9094970226287842
576 1.6306124925613403
577 1.6517947912216187
578 1.6733241081237793
579 1.814645767211914
580 1.7931437492370605
581 1.7422014474868774
582 1.9414187669754028
583 1.755244255065918
584 1.6561253070831299
585 1.5754406452178955
586 1.7337058782577515
587 1.6121653318405151
588 1.8592604398727417
589 1.8235522508621216
590 1.6783487796783447
591 1.5386239290237427
592 1.6791374683380127
593 1.6182142496109009
594 1.6845934391021729
595 1.6231659650802612
596 1.8196752071380615
597 1.6747223138809204
598 1.675686001777649
599 1.5035849809646606
600 1.6423401832580566
601 1.625813364982605
602 1.7353819608688354
603 1.4748655557632446
604 1.7211731672286987
605 1.4781745672225952
606 1.3352205753326416
607 1.5632845163345337
608 1.530556321144104
609 1.4182409048080444
610 1.4539045095443726
611 1.4835751056671143
612 1.563055157661438
613 1.4303487539291382
614 1.4525682926177979
615 1.548454761505127
616 1.6980390548706055
617 1.3698045015335083
618 1.4576640129089355
619 1.5919301509857178
620 1.4272912740707397
621 1.6134511232376099
622 1.6168878078460693
623 1.6445083618164063
624 1.678431749343872
625 1.4689022302627563
626 1.5194892883300781
627 1.541864275932312
628 1.5022916793823242
629 1.4841803312301636
630 1.7714955806732178
631 1.6078015565872192
632 1.5369640588760376
633 1.4821383953094482
634 1.5792663097381592
635 1.5652307271957397
636 1.4968352317810059
637 1.608802080154419
638 1.5416618585586548
639 1.7653234004974365
640 1.5043771266937256
641 1.6278823614120483
642 1.7109770774841309
643 1.7248799800872803
644 1.5880775451660156
645 1.6385576725006104
646 1.4722882509231567
647 1.6868550777435303
648 1.6731176376342773
649 1.6171444654464722
650 1.8156753778457642
651 1.8233410120010376
652 1.5177420377731323
653 1.636718511581421
654 1.5051730871200562
655 1.6948693990707397
656 1.385180950164795
657 1.70321524143219
658 1.6704180240631104
659 1.5640119314193726
660 1.526808738708496
661 1.4286682605743408
662 1.4811159372329712
663 1.7190569639205933
664 1.6873703002929688
665 1.6322481632232666
666 1.6887496709823608
667 1.9969415664672852
668 1.50834321975708
669 1.6339445114135742
670 1.700602650642395
671 1.5163440704345703
672 1.6274380683898926
673 1.4433417320251465
674 1.4834861755371094
675 1.628015160560608
676 1.4544646739959717
677 1.6201560497283936
678 1.5574815273284912
679 1.3522319793701172
680 1.4335882663726807
681 1.5746504068374634
682 1.7326440811157227
683 1.71334707736969
684 1.6792094707489014
685 1.4529540538787842
686 1.4462835788726807
687 1.6440573930740356
688 1.6951727867126465
689 1.438014030456543
690 1.4624481201171875
691 1.5198103189468384
692 1.517251968383789
693 1.4583028554916382
694 1.508420467376709
695 1.6717827320098877
696 1.4763902425765991
697 1.4257235527038574
698 1.7297608852386475
699 1.6412683725357056
700 1.5871678590774536
701 1.7144348621368408
702 1.6732831001281738
703 1.4536081552505493
704 1.670297384262085
705 1.5667901039123535
706 1.6983249187469482
707 1.652755618095398
708 1.6842422485351563
709 1.816476821899414
710 1.6690740585327148
711 1.6360570192337036
712 1.5381126403808594
713 1.523999571800232
714 1.7011008262634277
715 1.6005324125289917
716 1.6011401414871216
717 1.5300040245056152
718 1.797437071800232
719 1.5750876665115356
720 1.544992446899414
721 1.5035535097122192
722 1.5190658569335938
723 1.5591375827789307
724 1.567368507385254
725 1.5208425521850586
726 1.5091439485549927
727 1.5403368473052979
728 1.4982502460479736
729 1.5731767416000366
730 1.6011115312576294
731 1.6345828771591187
732 1.6988099813461304
733 1.821864128112793
734 1.5623658895492554
735 1.5081673860549927
736 1.7299590110778809
737 1.615066409111023
738 1.432721495628357
739 1.417536973953247
740 1.6911007165908813
741 1.6918824911117554
742 1.6273242235183716
743 1.718161702156067
744 1.5969260931015015
745 1.605056643486023
746 1.5575449466705322
747 1.5884555578231812
748 1.6350210905075073
749 1.4713448286056519
750 1.394391655921936
751 1.3951542377471924
752 1.4849462509155273
753 1.6618703603744507
754 1.525159478187561
755 1.6845853328704834
756 1.6085572242736816
757 1.52582848072052
758 1.7025083303451538
759 1.6844022274017334
760 1.6381977796554565
761 1.5574206113815308
762 1.5525360107421875
763 1.8341983556747437
764 1.4944593906402588
765 1.5599349737167358
766 1.490622878074646
767 1.599097728729248
768 1.4902828931808472
769 1.4372081756591797
770 1.558930516242981
771 1.4851224422454834
772 1.4457485675811768
773 1.5516473054885864
774 1.4070250988006592
775 1.7199488878250122
776 1.5976053476333618
777 1.5110713243484497
778 1.5247095823287964
779 1.6651819944381714
780 1.4554874897003174
781 1.9485013484954834
782 1.62031888961792
783 1.6878925561904907
784 1.8499462604522705
785 1.7995483875274658
786 1.6744575500488281
787 1.5972723960876465
788 1.7708532810211182
789 1.4514695405960083
790 1.6741951704025269
791 1.443593144416809
792 1.551023006439209
793 1.4795609712600708
794 1.5240250825881958
795 1.5045862197875977
796 1.5353151559829712
797 1.5320637226104736
798 1.4746592044830322
799 1.5485496520996094
800 1.4306704998016357
801 1.5258103609085083
802 1.5461316108703613
803 1.5471307039260864
804 1.5690158605575562
805 1.4386953115463257
806 1.534629225730896
807 1.402188777923584
808 1.5236225128173828
809 1.5435408353805542
810 1.5685564279556274
811 1.5947693586349487
812 1.6137099266052246
813 1.7299320697784424
814 1.540360689163208
815 1.616140365600586
816 1.6863715648651123
817 1.5986355543136597
818 1.509579062461853
819 1.7674989700317383
820 1.6993769407272339
821 1.6227890253067017
822 1.5821127891540527
823 1.5105971097946167
824 1.5488396883010864
825 1.50726318359375
826 1.4975908994674683
827 1.5374505519866943
828 1.5655173063278198
829 1.431486964225769
830 1.5775736570358276
831 1.602556586265564
832 1.3790215253829956
833 1.5522551536560059
834 1.566956639289856
835 1.623907208442688
836 1.4782350063323975
837 1.5366700887680054
838 1.6730904579162598
839 1.6641340255737305
840 1.6129744052886963
841 1.5675405263900757
842 1.8511372804641724
843 1.8378171920776367
844 1.597197413444519
845 1.413233757019043
846 1.4065788984298706
847 1.6295591592788696
848 1.4737337827682495
849 1.4793875217437744
850 1.3758822679519653
851 1.6006524562835693
852 1.6212207078933716
853 1.4804211854934692
854 1.490654468536377
855 1.5600895881652832
856 1.5632070302963257
857 1.6446990966796875
858 1.5434824228286743
859 1.5569353103637695
860 1.4624403715133667
861 1.3865439891815186
862 1.5746541023254395
863 1.4139877557754517
864 1.464352011680603
865 1.4619601964950562
866 1.7593653202056885
867 1.6358755826950073
868 1.4794459342956543
869 1.673432469367981
870 1.5111666917800903
871 1.5995107889175415
872 1.5286287069320679
873 1.5144864320755005
874 1.510157585144043
875 1.5239779949188232
876 1.561120867729187
877 1.7329801321029663
878 1.6382428407669067
879 1.6553562879562378
880 1.543832778930664
881 1.6188825368881226
882 1.811999797821045
883 1.6504623889923096
884 1.7995262145996094
885 1.6749812364578247
886 1.6071619987487793
887 1.7138772010803223
888 1.6862919330596924
889 1.4134591817855835
890 1.4286669492721558
891 1.58626389503479
892 1.4972437620162964
893 1.5212055444717407
894 1.5292057991027832
895 1.5923073291778564
896 1.5528470277786255
897 1.5111249685287476
898 1.4244303703308105
899 1.7408312559127808
900 1.8032143115997314
901 1.6770844459533691
902 1.6475341320037842
903 1.6344128847122192
904 1.536973237991333
905 1.5765162706375122
906 1.7226759195327759
907 1.634997010231018
908 1.5147653818130493
909 1.5129272937774658
910 1.4610975980758667
911 1.6726346015930176
912 1.5481843948364258
913 1.5145697593688965
914 1.8127245903015137
915 1.9424571990966797
916 1.3666014671325684
917 1.522190809249878
918 1.4779099225997925
919 1.4166887998580933
920 1.6277021169662476
921 1.8504410982131958
922 1.5429811477661133
923 1.606615424156189
924 1.5531615018844604
925 1.4064390659332275
926 1.4735239744186401
927 1.3647747039794922
928 1.8367596864700317
929 1.5007843971252441
930 1.5384891033172607
931 1.5418671369552612
932 1.5327030420303345
933 1.5913584232330322
934 1.5429980754852295
935 1.5895484685897827
936 1.4656150341033936
937 1.4552935361862183
938 1.4462627172470093
939 1.4477441310882568
940 1.5578211545944214
941 1.4509838819503784
942 1.4999550580978394
943 1.4363327026367188
944 1.3771710395812988
945 1.4138239622116089
946 1.529553771018982
947 1.4617115259170532
948 1.4567569494247437
949 1.4795925617218018
950 1.4114049673080444
951 1.4625002145767212
952 1.4680551290512085
953 1.340749740600586
954 1.5447728633880615
955 1.3628451824188232
956 1.4815633296966553
957 1.2652491331100464
958 1.3633607625961304
959 1.4415574073791504
960 1.597118616104126
961 1.4075936079025269
962 1.3696507215499878
963 1.4702602624893188
964 1.5464750528335571
965 1.4697000980377197
966 1.548946499824524
967 1.4861044883728027
968 1.3793425559997559
969 1.5819814205169678
970 1.4642030000686646
971 1.5269376039505005
972 1.4723683595657349
973 1.4857083559036255
974 1.3982317447662354
975 1.4637023210525513
976 1.5817856788635254
977 1.502506971359253
978 1.4864572286605835
979 1.507068157196045
980 1.3431260585784912
981 1.619060754776001
982 1.4801057577133179
983 1.3976579904556274
984 1.484153151512146
985 1.4824631214141846
986 1.481609582901001
987 1.4008597135543823
988 1.3338059186935425
989 1.3361517190933228
990 1.328605055809021
991 1.3580926656723022
992 1.3931549787521362
993 1.4439811706542969
994 1.3486828804016113
995 1.4374691247940063
996 1.7160881757736206
997 1.4165472984313965
998 1.4073259830474854
999 1.6223118305206299
1000 1.3609848022460938
1001 1.4889097213745117
1002 1.509552001953125
1003 1.586982011795044
1004 1.5156329870224
1005 1.5177685022354126
1006 1.4160882234573364
1007 1.6565533876419067
1008 1.6306265592575073
1009 1.8563342094421387
1010 1.6545867919921875
1011 1.6543322801589966
1012 1.6014213562011719
1013 1.6862016916275024
1014 1.8744757175445557
1015 1.5283658504486084
1016 1.565197467803955
1017 1.4899230003356934
1018 1.6025739908218384
1019 1.5077388286590576
1020 1.5661072731018066
1021 1.571592926979065
1022 1.3089723587036133
1023 1.4271552562713623
1024 1.5205910205841064
1025 1.4690747261047363
1026 1.5964328050613403
1027 1.4066123962402344
1028 1.4836726188659668
1029 1.5782079696655273
1030 1.3856278657913208
1031 1.5693385601043701
1032 1.6461272239685059
1033 1.7523396015167236
1034 1.5403671264648438
1035 1.4733521938323975
1036 1.6182903051376343
1037 1.5054417848587036
1038 1.5860480070114136
1039 1.5015063285827637
1040 1.7239307165145874
1041 1.5738694667816162
1042 1.4957188367843628
1043 1.6337109804153442
1044 1.4275363683700562
1045 1.39524507522583
1046 1.6144963502883911
1047 1.4952162504196167
1048 1.4824823141098022
1049 1.4974159002304077
1050 2.154113292694092
1051 1.5962883234024048
1052 1.5640521049499512
1053 1.6026133298873901
1054 1.471799373626709
1055 1.6512898206710815
1056 1.5716426372528076
1057 1.4520717859268188
1058 1.805637001991272
1059 1.4622628688812256
1060 1.5487611293792725
1061 1.6064900159835815
1062 1.4621835947036743
1063 1.5220468044281006
1064 1.432542085647583
1065 1.5056357383728027
1066 1.4959214925765991
1067 1.5004322528839111
1068 1.4794596433639526
1069 1.4653685092926025
1070 1.4380861520767212
1071 1.4503610134124756
1072 1.5063912868499756
1073 1.4491833448410034
1074 1.5530539751052856
1075 1.3788233995437622
1076 1.5218069553375244
1077 1.4936814308166504
1078 1.4541841745376587
1079 1.3700512647628784
1080 1.4852174520492554
1081 1.5459662675857544
1082 1.4612860679626465
1083 1.4610670804977417
1084 1.5321505069732666
1085 1.4894096851348877
1086 1.492387294769287
1087 1.6054356098175049
1088 1.467596173286438
1089 1.4257824420928955
1090 1.6464622020721436
1091 1.5276390314102173
1092 1.6048214435577393
1093 1.5663684606552124
1094 1.5469696521759033
1095 1.6993885040283203
1096 1.4918391704559326
1097 1.7020106315612793
1098 1.5580064058303833
1099 1.5228415727615356
1100 1.5849395990371704
1101 1.5098620653152466
1102 1.5496470928192139
1103 1.6745065450668335
1104 1.496293067932129
1105 1.663311243057251
1106 1.5130211114883423
1107 1.6893563270568848
1108 1.442082405090332
1109 1.4661364555358887
1110 1.6310738325119019
1111 1.5594042539596558
1112 1.4392563104629517
1113 1.6138781309127808
1114 1.5633723735809326
1115 1.657073736190796
1116 1.5388230085372925
1117 1.7948966026306152
1118 1.4786465167999268
1119 1.4179643392562866
1120 1.5529792308807373
1121 1.6647522449493408
1122 1.4150782823562622
1123 1.4335118532180786
1124 1.460859775543213
1125 1.475718379020691
1126 1.4721211194992065
1127 1.5305671691894531
1128 1.6079120635986328
1129 1.6365699768066406
1130 1.3447744846343994
1131 1.4630988836288452
1132 1.3424773216247559
1133 1.483512043952942
1134 1.8186931610107422
1135 1.5634000301361084
1136 1.6858609914779663
1137 1.5077722072601318
1138 1.8757033348083496
1139 1.5195893049240112
1140 1.4788025617599487
1141 1.4299209117889404
1142 1.4528725147247314
1143 1.6643574237823486
1144 1.5338526964187622
1145 1.473374605178833
1146 1.6212105751037598
1147 1.4955095052719116
1148 1.534342646598816
1149 1.4745641946792603
1150 1.5068819522857666
1151 1.6584876775741577
1152 1.4996620416641235
1153 1.4465794563293457
1154 1.4702244997024536
1155 1.5567139387130737
1156 1.3477534055709839
1157 1.6854209899902344
1158 1.598881721496582
1159 1.6725047826766968
1160 1.6227654218673706
1161 1.5103596448898315
1162 1.5113283395767212
1163 1.466547966003418
1164 1.505156397819519
1165 1.435099720954895
1166 1.4465166330337524
1167 1.551991581916809
1168 1.6405184268951416
1169 1.4741219282150269
1170 1.4392123222351074
1171 1.3519855737686157
1172 1.5540854930877686
1173 1.4557355642318726
1174 1.4453710317611694
1175 1.476399302482605
1176 1.5691614151000977
1177 1.4280561208724976
1178 1.6026748418807983
1179 1.6023451089859009
1180 1.4357489347457886
1181 1.583101749420166
1182 1.5777937173843384
1183 1.4800854921340942
1184 1.7287516593933105
1185 1.468077540397644
1186 1.5202809572219849
1187 1.544569492340088
1188 1.597005009651184
1189 1.4891680479049683
1190 1.6241892576217651
1191 1.4561216831207275
1192 1.4155298471450806
1193 1.506909966468811
1194 1.6175376176834106
1195 1.5476975440979004
1196 1.3331712484359741
1197 1.5937553644180298
1198 1.4424635171890259
1199 1.5482699871063232
1200 1.3473286628723145
1201 1.5033223628997803
1202 1.5772058963775635
1203 1.4837052822113037
1204 1.5566474199295044
1205 1.4858553409576416
1206 1.4508686065673828
1207 1.648685336112976
1208 1.4805960655212402
1209 1.7269384860992432
1210 1.5240201950073242
1211 1.7003705501556396
1212 1.4754440784454346
1213 1.5960575342178345
1214 1.465772271156311
1215 1.493963599205017
1216 1.564982295036316
1217 1.5949965715408325
1218 1.5466173887252808
1219 1.4790908098220825
1220 1.4589531421661377
1221 1.5786676406860352
1222 1.5335835218429565
1223 1.419510006904602
1224 1.5884616374969482
1225 1.5291829109191895
1226 1.4745426177978516
1227 1.4760615825653076
1228 1.4133557081222534
1229 1.4256128072738647
1230 1.5484068393707275
1231 1.2532060146331787
1232 1.419419765472412
1233 1.4891111850738525
1234 1.6802606582641602
1235 1.5002342462539673
1236 1.3874863386154175
1237 1.6053221225738525
1238 1.437368392944336
1239 1.344651699066162
1240 1.5713987350463867
1241 1.3879735469818115
1242 1.5724716186523438
1243 1.5582637786865234
1244 1.4773333072662354
1245 1.439150094985962
1246 1.6682804822921753
1247 1.6990407705307007
1248 1.6144976615905762
1249 1.3804988861083984
1250 1.4391134977340698
1251 1.4583346843719482
1252 1.589186668395996
1253 1.536696434020996
1254 1.4784067869186401
1255 1.8228986263275146
1256 1.3821643590927124
1257 1.5321338176727295
1258 1.472601056098938
1259 1.5878080129623413
1260 1.6649452447891235
1261 1.5438445806503296
1262 1.7260974645614624
1263 1.4996581077575684
1264 1.5021871328353882
1265 1.5841799974441528
1266 2.0244638919830322
1267 1.6559802293777466
1268 1.7656677961349487
1269 1.8907748460769653
1270 1.265533447265625
1271 1.5774264335632324
1272 1.5487403869628906
1273 1.5966241359710693
1274 1.49586021900177
1275 1.5469263792037964
1276 1.7576791048049927
1277 1.6083130836486816
1278 1.6762348413467407
1279 1.6773412227630615
1280 1.7146550416946411
1281 1.5949965715408325
1282 1.523120403289795
1283 1.735390305519104
1284 1.625933051109314
1285 1.5363959074020386
1286 1.5637922286987305
1287 1.9385147094726563
1288 1.6904104948043823
1289 1.7521610260009766
1290 1.8629740476608276
1291 2.018963098526001
1292 1.9330214262008667
1293 1.8564958572387695
1294 2.013766288757324
1295 2.1146113872528076
1296 2.0837974548339844
1297 1.5573656558990479
1298 1.6808403730392456
1299 1.6964175701141357
1300 1.5012975931167603
1301 1.5595654249191284
1302 1.4424256086349487
1303 1.6233035326004028
1304 1.6587754487991333
1305 1.6713589429855347
1306 1.545179843902588
1307 1.6441322565078735
1308 2.000890016555786
1309 1.5453182458877563
1310 1.5033960342407227
1311 1.513262391090393
1312 1.4255517721176147
1313 1.4674549102783203
1314 1.426878809928894
1315 1.6002767086029053
1316 1.6890183687210083
1317 1.5751185417175293
1318 1.59841787815094
1319 1.6073732376098633
1320 1.6023529767990112
1321 1.723130226135254
1322 1.602474331855774
1323 1.6728105545043945
1324 1.5668220520019531
1325 1.4945710897445679
1326 1.6476624011993408
1327 1.504907488822937
1328 1.7620198726654053
1329 1.6732069253921509
1330 1.5472755432128906
1331 1.6865164041519165
1332 1.6202783584594727
1333 1.5621061325073242
1334 1.6588091850280762
1335 1.7398008108139038
1336 1.6905851364135742
1337 1.5163770914077759
1338 1.5653964281082153
1339 1.5959821939468384
1340 1.544937014579773
1341 1.6745800971984863
1342 1.525644063949585
1343 1.5978765487670898
1344 1.447504997253418
1345 1.4699784517288208
1346 1.5803219079971313
1347 1.6708542108535767
1348 1.6111217737197876
1349 1.677777886390686
1350 1.6216630935668945
1351 1.6636725664138794
1352 1.7313966751098633
1353 1.5858405828475952
1354 1.7319867610931396
1355 1.6680176258087158
1356 1.5651956796646118
1357 1.440521478652954
1358 1.4701406955718994
1359 1.508795976638794
1360 1.6017084121704102
1361 1.572386384010315
1362 1.608704924583435
1363 1.5277208089828491
1364 1.5584148168563843
1365 1.6954100131988525
1366 1.56382417678833
1367 1.6944153308868408
1368 1.566325306892395
1369 1.532489538192749
1370 1.4421272277832031
1371 1.5047792196273804
1372 1.3920433521270752
1373 1.45884370803833
1374 1.4394451379776
1375 1.484132170677185
1376 1.609300971031189
1377 1.47647225856781
1378 1.510672926902771
1379 1.4847040176391602
1380 1.4636976718902588
1381 1.3874520063400269
1382 1.5031722784042358
1383 1.677720069885254
1384 1.4807051420211792
1385 1.4693608283996582
1386 1.5350852012634277
1387 1.6749401092529297
1388 1.564163327217102
1389 1.5988668203353882
1390 1.555989146232605
1391 1.5756638050079346
1392 1.5438590049743652
1393 1.5729705095291138
1394 1.4552013874053955
1395 1.457159399986267
1396 1.5041786432266235
1397 1.5933042764663696
1398 1.4737348556518555
1399 1.4989392757415771
1400 1.6002233028411865
1401 1.5372450351715088
1402 1.407182216644287
1403 1.5103671550750732
1404 1.639147162437439
1405 1.5604311227798462
1406 1.548504114151001
1407 1.6466954946517944
1408 1.5441774129867554
1409 1.4208331108093262
1410 1.5727167129516602
1411 1.596598744392395
1412 1.594658374786377
1413 1.5381810665130615
1414 1.6323190927505493
1415 1.6660360097885132
1416 1.3932193517684937
1417 1.5714266300201416
1418 1.4916402101516724
1419 1.6394835710525513
1420 1.4177472591400146
1421 1.6368833780288696
1422 1.4693931341171265
1423 1.457082748413086
1424 1.465477466583252
1425 1.4945752620697021
1426 1.4211633205413818
1427 1.5324138402938843
1428 1.5868043899536133
1429 1.5953251123428345
1430 1.8081386089324951
1431 1.4805787801742554
1432 1.5705307722091675
1433 1.6111571788787842
1434 1.5405758619308472
1435 1.5685815811157227
1436 1.5229088068008423
1437 1.5643932819366455
1438 1.7037049531936646
1439 1.6130073070526123
1440 1.498216986656189
1441 1.5836760997772217
1442 1.646100640296936
1443 1.4507343769073486
1444 1.6539790630340576
1445 1.8016175031661987
1446 1.5433282852172852
1447 1.6448813676834106
1448 1.6143386363983154
1449 1.4720271825790405
1450 1.5383026599884033
1451 1.5216673612594604
1452 1.534494400024414
1453 1.5319045782089233
1454 1.4556690454483032
1455 1.3893322944641113
1456 1.594373106956482
1457 1.4799649715423584
1458 1.6220871210098267
1459 1.5746300220489502
1460 1.7961328029632568
1461 1.5465916395187378
1462 1.6552938222885132
1463 1.487292766571045
1464 1.3914034366607666
1465 1.3483967781066895
1466 1.5357766151428223
1467 1.4324700832366943
1468 1.7142146825790405
1469 1.5234564542770386
1470 1.7596098184585571
1471 1.4656363725662231
1472 1.617630124092102
1473 1.6052916049957275
1474 1.6861945390701294
1475 1.5358092784881592
1476 1.515710711479187
1477 1.648340106010437
1478 1.60797917842865
1479 1.7189918756484985
1480 1.6252228021621704
1481 1.769864559173584
1482 1.5671133995056152
1483 1.5478408336639404
1484 1.495694637298584
1485 1.4229199886322021
1486 1.6432899236679077
1487 1.489638090133667
1488 1.4659919738769531
1489 1.5083798170089722
1490 1.4329792261123657
1491 1.643624186515808
1492 1.4510446786880493
1493 1.3872241973876953
1494 1.4404419660568237
1495 1.3077622652053833
1496 1.5384138822555542
1497 1.4814293384552002
1498 1.5395164489746094
1499 1.5684704780578613
1500 1.4025973081588745
1501 1.590306282043457
1502 1.4346801042556763
1503 1.5397272109985352
1504 1.475692629814148
1505 1.439374327659607
1506 1.6020716428756714
1507 1.4396932125091553
1508 1.5651953220367432
1509 1.4596532583236694
1510 1.5388450622558594
1511 1.5073182582855225
1512 1.4616578817367554
1513 1.5656447410583496
1514 1.8780345916748047
1515 1.647510290145874
1516 1.6554367542266846
1517 1.5281414985656738
1518 1.5633898973464966
1519 1.60045325756073
1520 1.7861093282699585
1521 1.4640507698059082
1522 1.7332581281661987
1523 1.5818361043930054
1524 1.4389088153839111
1525 1.4948952198028564
1526 1.390426516532898
1527 1.439492106437683
1528 1.553244709968567
1529 1.6020766496658325
1530 1.5521878004074097
1531 1.5697104930877686
1532 1.2969238758087158
1533 1.3924156427383423
1534 1.5537307262420654
1535 1.4410643577575684
1536 1.3778554201126099
1537 1.5625381469726563
1538 1.7425473928451538
1539 1.4723011255264282
1540 1.581883192062378
1541 1.3087064027786255
1542 1.4299547672271729
1543 1.4665652513504028
1544 1.5870662927627563
1545 1.4343713521957397
1546 1.5184382200241089
1547 1.6493840217590332
1548 1.6839500665664673
1549 1.616376280784607
1550 1.4897987842559814
1551 1.430540680885315
1552 1.7544209957122803
1553 1.485836386680603
1554 1.4460629224777222
1555 1.5815550088882446
1556 1.5572935342788696
1557 1.4220702648162842
1558 1.3711540699005127
1559 1.4643361568450928
1560 1.6743370294570923
1561 1.5196782350540161
1562 1.5094677209854126
1563 1.6105282306671143
1564 1.4626060724258423
1565 1.4704662561416626
1566 1.5692100524902344
1567 1.4265583753585815
1568 1.6884163618087769
1569 1.4093537330627441
1570 1.4925659894943237
1571 1.383985161781311
1572 1.5627896785736084
1573 1.461031198501587
1574 1.6509538888931274
1575 1.5783138275146484
1576 1.598203182220459
1577 1.6204828023910522
1578 1.3952103853225708
1579 1.4899530410766602
1580 1.6792100667953491
1581 1.7876126766204834
1582 1.476698637008667
1583 1.4715152978897095
1584 1.5539056062698364
1585 1.498159646987915
1586 1.5060986280441284
1587 1.586753010749817
1588 1.37482750415802
1589 1.490412950515747
1590 1.3588756322860718
1591 1.4615577459335327
1592 1.6262257099151611
1593 1.4438188076019287
1594 1.8102937936782837
1595 1.673474669456482
1596 1.4512864351272583
1597 1.310784935951233
1598 1.5623447895050049
1599 1.3805023431777954
1600 1.529133915901184
1601 1.5169137716293335
1602 1.5164538621902466
1603 1.3547046184539795
1604 1.5147721767425537
1605 1.5389891862869263
1606 1.5241074562072754
1607 1.4550881385803223
1608 1.607704997062683
1609 1.4997029304504395
1610 1.6954290866851807
1611 1.4506299495697021
1612 1.4447036981582642
1613 1.4795799255371094
1614 1.5059475898742676
1615 1.4779052734375
1616 1.352613091468811
1617 1.4726372957229614
1618 1.4897123575210571
1619 1.3808423280715942
1620 1.5044163465499878
1621 1.3892252445220947
1622 1.5848854780197144
1623 1.4905451536178589
1624 1.398493766784668
1625 1.4974093437194824
1626 1.5331263542175293
1627 1.5429998636245728
1628 1.4888381958007813
1629 1.4802292585372925
1630 1.4934685230255127
1631 1.5381081104278564
1632 1.4557002782821655
1633 1.5702229738235474
1634 1.5198415517807007
1635 1.5833945274353027
1636 1.4394426345825195
1637 1.4084640741348267
1638 1.5724531412124634
1639 1.5288175344467163
1640 1.476684331893921
1641 1.4777737855911255
1642 1.49703848361969
1643 1.5525569915771484
1644 1.5286993980407715
1645 1.419075846672058
1646 1.4960793256759644
1647 1.560168981552124
1648 1.4161235094070435
1649 1.455378770828247
1650 1.671196460723877
1651 1.4886698722839355
1652 1.5659115314483643
1653 1.4543654918670654
1654 1.5129071474075317
1655 1.4389584064483643
1656 1.547868251800537
1657 1.4716510772705078
1658 1.554821252822876
1659 1.4866671562194824
1660 1.657854437828064
1661 1.4525375366210938
1662 1.7625815868377686
1663 1.4554003477096558
1664 1.5805630683898926
1665 1.5482887029647827
1666 1.4536068439483643
1667 1.521502137184143
1668 1.486289620399475
1669 1.4752658605575562
1670 1.5055789947509766
1671 1.458915114402771
1672 1.587776780128479
1673 1.4664024114608765
1674 1.445235252380371
1675 1.3334004878997803
1676 1.4939982891082764
1677 1.3974463939666748
1678 1.514703631401062
1679 1.4992399215698242
1680 1.4660320281982422
1681 1.4745723009109497
1682 1.4510260820388794
1683 1.4570115804672241
1684 1.4597935676574707
1685 1.5448988676071167
1686 1.4386740922927856
1687 1.5667026042938232
1688 1.5156352519989014
1689 1.6671695709228516
1690 1.3843152523040771
1691 1.4726195335388184
1692 1.562190294265747
1693 1.4782272577285767
1694 1.600825309753418
1695 1.8297691345214844
1696 1.6279839277267456
1697 1.466732382774353
1698 1.7150753736495972
1699 1.4478930234909058
1700 1.8754992485046387
1701 1.5065826177597046
1702 1.5189253091812134
1703 1.4462968111038208
1704 1.6271227598190308
1705 1.6543569564819336
1706 1.5114597082138062
1707 1.42746901512146
1708 1.528080701828003
1709 1.5441311597824097
1710 1.617820382118225
1711 1.480405569076538
1712 1.5290114879608154
1713 1.3804974555969238
1714 1.6123956441879272
1715 1.510118842124939
1716 1.3196312189102173
1717 1.4737035036087036
1718 1.5511583089828491
1719 1.609216570854187
1720 1.381467580795288
1721 1.6315034627914429
1722 1.546188473701477
1723 1.3856810331344604
1724 1.6169782876968384
1725 1.4388281106948853
1726 1.720556378364563
1727 1.5866061449050903
1728 1.4827638864517212
1729 1.5282140970230103
1730 1.5077699422836304
1731 1.5704214572906494
1732 1.4831409454345703
1733 1.52858567237854
1734 1.716696858406067
1735 1.3224914073944092
1736 1.575008749961853
1737 1.510104775428772
1738 1.4360308647155762
1739 1.6515134572982788
1740 1.5840405225753784
1741 1.5388274192810059
1742 1.5482444763183594
1743 1.3935673236846924
1744 1.5205557346343994
1745 1.380492091178894
1746 1.5642223358154297
1747 1.7360895872116089
1748 1.585788607597351
1749 1.6204365491867065
1750 1.526465892791748
1751 1.4895726442337036
1752 1.5798509120941162
1753 1.663652777671814
1754 1.4555846452713013
1755 1.498769760131836
1756 1.3822190761566162
1757 1.5374177694320679
1758 1.488403081893921
1759 1.4840971231460571
1760 1.5909794569015503
1761 1.6925139427185059
1762 1.6571455001831055
1763 1.2049332857131958
1764 1.7318973541259766
1765 1.4744701385498047
1766 1.4624931812286377
1767 1.615791916847229
1768 1.702628493309021
1769 1.583846092224121
1770 1.5552645921707153
1771 1.503828763961792
1772 1.6102800369262695
1773 1.5046818256378174
1774 1.515837550163269
1775 1.4414080381393433
1776 1.4008897542953491
1777 1.5191051959991455
1778 1.4807873964309692
1779 1.4152501821517944
1780 1.6193729639053345
1781 1.424626350402832
1782 1.4744548797607422
1783 1.546058177947998
1784 1.471347451210022
1785 1.4847861528396606
1786 1.580723524093628
1787 1.4933379888534546
1788 1.4995739459991455
1789 1.7632602453231812
1790 1.534227967262268
1791 1.5490882396697998
1792 1.3826205730438232
1793 1.5721170902252197
1794 1.682900309562683
1795 1.6452772617340088
1796 1.6184799671173096
1797 1.789695382118225
1798 1.701465368270874
1799 1.726299524307251
1800 1.4894465208053589
1801 1.4642709493637085
1802 1.6322046518325806
1803 1.589987874031067
1804 1.6092711687088013
1805 1.5246858596801758
1806 1.6437667608261108
1807 1.667879343032837
1808 1.506546974182129
1809 1.731406569480896
1810 1.8492883443832397
1811 1.6706792116165161
1812 1.5563933849334717
1813 1.905911922454834
1814 1.6496915817260742
1815 1.5714396238327026
1816 1.5919125080108643
1817 1.6003044843673706
1818 1.5685416460037231
1819 1.6396803855895996
1820 1.5194836854934692
1821 1.5095847845077515
1822 1.7560847997665405
1823 1.7127431631088257
1824 1.5945401191711426
1825 1.562734842300415
1826 1.7208178043365479
1827 1.6097198724746704
1828 1.64310622215271
1829 1.5429412126541138
1830 1.4439396858215332
1831 1.4803495407104492
1832 1.5099765062332153
1833 1.460252285003662
1834 1.593428373336792
1835 1.7565292119979858
1836 1.650838851928711
1837 1.5134485960006714
1838 1.7160377502441406
1839 1.6549485921859741
1840 1.7597402334213257
1841 1.3732843399047852
1842 1.512559413909912
1843 1.5503748655319214
1844 1.5237568616867065
1845 1.5514755249023438
1846 1.5385040044784546
1847 1.7248709201812744
1848 1.534376621246338
1849 1.3344902992248535
1850 1.478847622871399
1851 1.5759316682815552
1852 1.4525046348571777
1853 1.4830440282821655
1854 1.4841294288635254
1855 1.6775472164154053
1856 1.6551892757415771
1857 1.6829360723495483
1858 1.6820298433303833
1859 1.643950343132019
1860 1.673909068107605
1861 1.2814449071884155
1862 1.7604122161865234
1863 1.5544073581695557
1864 2.0223143100738525
1865 1.5410395860671997
1866 1.3723578453063965
1867 1.4230152368545532
1868 1.5799893140792847
1869 1.5874930620193481
1870 1.5165996551513672
1871 1.4582771062850952
1872 1.587895154953003
1873 1.5075141191482544
1874 1.741987705230713
1875 1.4341679811477661
1876 1.5497684478759766
1877 1.5178416967391968
1878 1.5047755241394043
1879 1.4408481121063232
1880 1.4379563331604004
1881 1.5934815406799316
1882 1.895027756690979
1883 2.0975148677825928
1884 1.589592695236206
1885 1.7854907512664795
1886 1.547438144683838
1887 1.5954790115356445
1888 1.6748682260513306
1889 1.6295857429504395
1890 1.573887825012207
1891 1.7350033521652222
1892 1.605132818222046
1893 1.7927440404891968
1894 1.593540906906128
1895 1.7373346090316772
1896 1.6743507385253906
1897 1.656233549118042
1898 1.7569862604141235
1899 1.4660078287124634
1900 1.645804762840271
1901 1.6263620853424072
1902 1.7103447914123535
1903 1.6284364461898804
1904 1.4778105020523071
1905 1.7008346319198608
1906 1.7951017618179321
1907 1.833409309387207
1908 1.560651421546936
1909 1.7420226335525513
1910 1.7072736024856567
1911 1.7735695838928223
1912 1.4486747980117798
1913 1.8442227840423584
1914 1.5136756896972656
1915 1.5535576343536377
1916 1.6140496730804443
1917 1.9467414617538452
1918 1.4716451168060303
1919 1.891483187675476
1920 1.8318456411361694
1921 1.9105619192123413
1922 1.5154973268508911
1923 1.474594235420227
1924 1.5214940309524536
1925 1.7968953847885132
1926 1.6079432964324951
1927 1.6433807611465454
1928 1.7464234828948975
1929 1.8910430669784546
1930 1.5981465578079224
1931 1.5225813388824463
1932 1.513266921043396
1933 1.584944486618042
1934 1.5252299308776855
1935 1.6923519372940063
1936 1.4804856777191162
1937 1.433870792388916
1938 1.5437911748886108
1939 1.4720680713653564
1940 1.5436069965362549
1941 1.4278101921081543
1942 1.4491217136383057
1943 1.6187894344329834
1944 1.627285122871399
1945 1.4574463367462158
1946 1.594558596611023
1947 1.5625889301300049
1948 1.6050786972045898
1949 1.988714337348938
1950 1.9207890033721924
1951 1.7198741436004639
1952 1.546373724937439
1953 1.8328495025634766
1954 1.8939814567565918
1955 1.892775535583496
1956 1.7670485973358154
1957 1.5256469249725342
1958 1.7991676330566406
1959 1.5504802465438843
1960 1.5154848098754883
1961 1.6189641952514648
1962 1.4787579774856567
1963 1.6845799684524536
1964 1.6685457229614258
1965 1.9261597394943237
1966 1.7911465167999268
1967 1.489356279373169
1968 1.6015634536743164
1969 1.5704379081726074
1970 1.398011326789856
1971 1.833749771118164
1972 1.656379222869873
1973 2.03132700920105
1974 1.705930471420288
1975 1.6634191274642944
1976 1.696742057800293
1977 1.5917826890945435
1978 1.5895729064941406
1979 1.5573549270629883
1980 1.8146921396255493
1981 1.6328930854797363
1982 1.54752779006958
1983 1.7527869939804077
1984 1.5213056802749634
1985 1.7260082960128784
1986 1.5847219228744507
1987 1.5329140424728394
1988 1.6458561420440674
1989 1.788589358329773
1990 1.7478574514389038
1991 1.7330882549285889
1992 1.652667760848999
1993 1.8863998651504517
1994 1.6884671449661255
1995 1.5712038278579712
1996 1.7013792991638184
1997 1.7824522256851196
1998 1.6890363693237305
1999 1.4926007986068726
