0 14.196562964009827
1 15.436596442724484
2 15.705372813050166
3 16.014412182054535
4 15.30168486454526
5 15.258569120816897
6 13.878429222295443
7 15.202121184729464
8 14.906155917114788
9 14.571350319198922
10 14.673964582684977
11 14.660056972320737
12 15.028394840132558
13 14.729695876366154
14 14.743328731221885
15 14.492811784926664
16 14.307006613677688
17 14.738164240731386
18 14.862008496363181
19 15.026534071289031
20 14.958155546385004
21 15.8451490511112
22 15.877380190669461
23 15.390991500606956
24 15.315674656255712
25 15.536888146926403
26 15.937131354416698
27 15.562087933604012
28 16.138904525055636
29 15.281768647084784
30 15.699958139907263
31 15.933726318361595
32 14.797172306293376
33 14.732959937535021
34 15.452508616896914
35 14.844940293842773
36 14.849913448552837
37 14.297755242234052
38 14.217132567541283
39 14.4468921374996
40 15.242052522264615
41 14.292818631223227
42 14.657584995507898
43 14.88835630603165
44 14.544815293565883
45 14.869986285539403
46 14.807364476905255
47 14.724265860222477
48 15.187259005464368
49 15.019901590611836
50 13.924948292987116
51 14.808231929977422
52 14.80091162659497
53 15.849319846765978
54 15.847113445427272
55 15.245963245880782
56 14.911459459444522
57 14.453469686028065
58 14.120784335597222
59 14.264905272357407
60 14.754602500836123
61 14.16318444612863
62 15.133825581344876
63 15.714607989210139
64 15.208338873578763
65 15.366512855081757
66 14.313319510424709
67 13.968053774790542
68 15.66728815638999
69 15.423102497518657
70 15.14555290906733
71 15.068199800308813
72 15.978893649237449
73 15.338714304080165
74 15.485907332748614
75 15.38562080083689
76 14.919642463346147
77 14.780877840909637
78 15.671423567908827
79 15.291469233081656
80 15.25263739611822
81 16.282898443250584
82 15.62621691417268
83 15.806062804488494
84 15.650172290292165
85 14.566139507444836
86 14.77337406542722
87 14.424401221967484
88 14.514696147555318
89 14.602839949770775
90 15.577980781500568
91 14.269373256888477
92 14.056267057927842
93 15.082702858666885
94 14.966650522499796
95 15.297461470768301
96 14.750954862758865
97 15.070053847667017
98 15.064842339008353
99 14.821954787541886
100 15.227530149503716
101 16.075162989047858
102 15.552813428182372
103 14.775567055565407
104 14.862832451451688
105 15.452319306912576
106 14.713082500027719
107 14.373299419922658
108 15.649341137761235
109 15.386888669941055
110 15.537395353943209
111 15.490294761365362
112 16.43367854294017
113 16.14415536585766
114 17.088736173496876
115 16.517059524064663
116 16.078114646950315
117 15.661822032079058
118 15.730213889321284
119 15.686609776258138
120 14.879287252644572
121 15.969079186006095
122 14.96350827372479
123 15.979149069844716
124 16.002568914972542
125 15.992118685999648
126 15.257750149231565
127 15.319008631020592
128 15.585602873998578
129 15.532787256020338
130 16.05276532096663
131 16.430759100632475
132 15.703183187550886
133 16.202863783197742
134 16.361488349603395
135 16.07672091460562
136 15.51236791700546
137 16.536395928658774
138 16.84973492063662
139 17.38716805527991
140 15.820594259838586
141 16.313136446546096
142 17.10725345283379
143 16.6916011817159
144 16.379386109257595
145 15.925803255741481
146 15.368092855244052
147 15.195205719588838
148 15.436762633505026
149 15.3056121242124
150 16.218764024517327
151 15.344744196024342
152 15.475573638026185
153 16.135037764779995
154 15.155877361736618
155 15.845451392493716
156 16.01035313197125
157 16.66711158933441
158 16.497788928135417
159 16.719263281416435
160 16.001011847722648
161 16.316909102197098
162 16.31905759666042
163 17.16401479584254
164 17.71597711454493
165 18.646025459955624
166 18.206683220769886
167 16.931197174468092
168 18.719439064653884
169 18.85319573399366
170 17.828305467812662
171 17.897184070190733
172 19.64672022404582
173 18.16956134283299
174 18.66905207891433
175 18.95976272930503
176 19.127276748661117
177 19.018745739127038
178 18.55630825112369
179 18.081500296296543
180 18.598845855900507
181 18.889913638901305
182 19.06566443152862
183 18.753631194654705
184 17.56529105030665
185 17.53451175951092
186 18.234818808901622
187 18.72875963716296
188 19.187204670271615
189 18.39015555911765
190 18.63921370155383
191 18.390878258111766
192 18.2934854246366
193 17.763060194431834
194 17.867464556496763
195 18.248154512988275
196 17.701927684043667
197 18.698211099100753
198 18.846959202216265
199 17.75622103947955
200 18.217667428708324
201 17.782650011894823
202 18.329412458421533
203 18.2853832090174
204 18.09652058663883
205 18.96652616972793
206 18.31300294391027
207 18.168567859581398
208 18.245690345465952
209 18.46633292611986
210 18.273375850299445
211 18.211555607311677
212 17.49028539121443
213 17.348786926378164
214 16.866054248414066
215 16.95380990670709
216 16.64271996496128
217 17.079096978897063
218 17.254891310008407
219 18.417042809983375
220 18.1752947119383
221 17.331599192068545
222 17.612511730408198
223 16.076362094522405
224 17.263292013220227
225 17.02597980901101
226 16.64923394448364
227 16.592412642338225
228 17.124735329601194
229 16.96059961120779
230 17.159079087361032
231 16.946916074728048
232 16.96546886243738
233 16.41734745097982
234 17.379590289997793
235 17.81745351884879
236 16.76726637362913
237 16.53214427655257
238 16.30919012553121
239 15.938471745023115
240 16.375580396061682
241 16.36482299411429
242 15.843002399299465
243 15.733312510700387
244 16.29246675113971
245 16.833885257624857
246 15.427007481988277
247 15.302834726570454
248 15.653789314791352
249 15.322796491239522
250 16.42449735598864
251 16.536662082157466
252 15.632017003989862
253 15.866785935801623
254 16.098953246230046
255 16.099213120144594
256 15.083955703081244
257 16.733008220388065
258 16.101978572346198
259 17.287821944835844
260 16.648260794710207
261 17.10384202813158
262 16.573337578832966
263 17.200889778162246
264 16.936662969689305
265 16.676038894781925
266 17.142924385859658
267 16.204483695863274
268 16.533494152605314
269 16.674752048283825
270 16.147704122182667
271 16.876487845074738
272 17.596825263181202
273 18.312772031293783
274 17.707976517267486
275 17.96553976890011
276 18.00999830916528
277 16.600531373626733
278 16.56220379196323
279 17.52178818493113
280 17.05601865347353
281 16.821176801947125
282 16.549189023252776
283 16.41580020458817
284 17.40046759727901
285 17.7037353221219
286 17.475621338224673
287 17.35597109128126
288 17.310750291795745
289 16.388904631706907
290 15.876258074813148
291 16.03203989466874
292 15.26756354909732
293 14.840057579431278
294 15.263303104342883
295 15.309693231525554
296 15.30438206351515
297 15.217287690603543
298 14.93351092109276
299 14.915176102171303
300 15.156894475494147
301 14.720276310736773
302 15.915874775001203
303 14.923373014230059
304 14.535360899384575
305 14.579187159088507
306 14.88352735629044
307 15.911646507245226
308 15.252643361341587
309 15.455271440422939
310 14.78503311083474
311 15.722251909793671
312 16.049945404776555
313 15.546823099637292
314 16.058764345697373
315 16.240577599486866
316 17.086107766462987
317 15.974985398957687
318 16.58866007818656
319 16.825455472958538
320 16.33666295848615
321 16.455286677988827
322 16.213630063330296
323 16.826765390328084
324 15.871736684602155
325 15.592475723861371
326 16.537307501867332
327 15.859062412390431
328 16.20132618510962
329 16.01353651669132
330 16.107076672691456
331 14.719866379725735
332 15.679429606556905
333 15.825868507755763
334 16.375614832677336
335 16.033154581392353
336 16.281597615870318
337 16.007935476132314
338 16.633016993367136
339 16.597105490791577
340 16.439066916362517
341 16.419448033736288
342 16.268332220003487
343 16.97016239718269
344 16.434377877546577
345 16.756424690533848
346 17.016254101596537
347 16.413420821433828
348 16.267947123997487
349 16.253267881121747
350 16.27478852046193
351 16.19245365540523
352 15.419910272933281
353 15.815312509485931
354 15.148607241264271
355 15.6962316113547
356 16.0969231048527
357 15.645573354382812
358 16.231178398208463
359 16.09269909758553
360 15.906702697183725
361 16.538440904720208
362 17.114901948645795
363 15.272038956069142
364 15.241320224775542
365 15.661583057346194
366 15.529428440821324
367 15.708125418509136
368 15.54555396123441
369 16.123210570542156
370 15.653177128415605
371 15.694038274314982
372 15.599872352318977
373 15.724310516217747
374 15.475543309026746
375 15.526168234255325
376 15.460985204857517
377 15.423948224586137
378 15.405160835190408
379 15.401058050983615
380 14.968493466910122
381 15.59204894401228
382 15.333972443621152
383 16.269026831104426
384 15.94829211467601
385 15.955942322944164
386 15.340667010910359
387 15.912683759344638
388 15.91271702686654
389 15.881752609579664
390 16.298392630365132
391 16.242157326834832
392 15.426773099166146
393 15.033698383640854
394 15.874650428900141
395 15.564805642922094
396 15.715839425134371
397 15.287467158332019
398 15.163162245742495
399 15.47809751679712
400 15.969772914979133
401 14.88195156273479
402 16.0322615257416
403 15.766160846249766
404 15.02351852344667
405 14.946570859106082
406 15.182194403109381
407 15.896416247842536
408 15.578873789687195
409 15.956270632120388
410 15.242361829239988
411 15.860479297359069
412 15.411070433135498
413 15.640050157426726
414 15.19691579824191
415 15.04925613140206
416 15.247835230041664
417 14.791353914222716
418 14.680350755071391
419 14.965504040396073
420 14.882591845744031
421 14.419236160128788
422 15.42173352009253
423 15.668768039831376
424 14.820517633272067
425 14.535804055036916
426 15.440202425787382
427 15.41484689419269
428 16.284770289142127
429 16.12500335592426
430 15.995610031573431
431 15.895029247813873
432 15.803018316453452
433 15.943099081625492
434 15.803943394934604
435 14.055182855799353
436 15.004679331088127
437 14.245842830165465
438 15.598113403707652
439 14.455299795538233
440 14.998496778471846
441 14.444715558380672
442 15.143994094361586
443 14.155293240619883
444 15.163290473129472
445 14.169079942767143
446 14.469561347117786
447 14.30212585628382
448 14.107080696453654
449 15.098176056152887
450 14.829199583653601
451 14.861838487783553
452 13.797152340004647
453 14.188186971153769
454 14.020512934560488
455 12.648602714626787
456 13.527547936316484
457 13.519162155773353
458 14.585987766283669
459 14.713700209556878
460 14.791769547491016
461 14.220449852931916
462 12.812615233153643
463 14.283658259318823
464 14.014484481559029
465 13.645728540046193
466 14.108716679807234
467 14.074751344521882
468 14.182522776274222
469 14.838942377410477
470 14.74240419352633
471 14.320834792060648
472 14.725305115523742
473 13.937413481347615
474 15.35243732808419
475 15.448531926748231
476 14.829149036203521
477 14.642146972332073
478 15.014941968792014
479 14.163342213741096
480 13.95793331043714
481 14.850135492961272
482 15.003648717142351
483 15.290986505792358
484 15.011028879295804
485 14.662668580377868
486 15.243899535356244
487 15.044753089306363
488 15.172494102535682
489 15.285034096803125
490 16.380656413411288
491 15.922999915246075
492 15.350507997684923
493 16.13465773986615
494 15.33983469815565
495 14.310987158747569
496 14.95523396780133
497 14.45230697605765
498 14.318907931326303
499 14.539674575157726
500 13.199491671570215
501 14.865702013512925
502 14.870927356317098
503 13.54304267178717
504 13.364645671323853
505 13.69722553650777
506 14.112321281941
507 13.806405698323633
508 14.422274512754042
509 13.679546820242011
510 13.27561885879545
511 14.252092497031194
512 14.771900158096992
513 14.321469215642304
514 13.986778103893032
515 14.182853418613416
516 13.599325263069845
517 13.436630006897174
518 13.359497200877405
519 14.589868649659607
520 14.120027116640196
521 13.449593080960081
522 14.099856467939105
523 13.801646990766475
524 13.29531388389214
525 13.293133387611432
526 12.7988578112873
527 12.3688603721363
528 12.69570046485426
529 13.316178568614355
530 13.60518053856668
531 12.417218897321801
532 12.855323960295038
533 11.885681827877681
534 12.188412616674926
535 11.648392013050957
536 11.453018770501386
537 12.149470845665922
538 12.707438906123564
539 11.574230724827396
540 11.763672199694875
541 11.711418783577855
542 12.361562515559841
543 13.231969651151557
544 12.762847477043042
545 13.092505855342294
546 11.85997646019679
547 12.625024978767327
548 12.826905915392095
549 13.710560547655584
550 13.028083577911124
551 13.452783759621106
552 12.800365857885987
553 12.437292716482075
554 12.682477563290455
555 13.10576959831958
556 12.564723166821514
557 12.790028007383109
558 12.798719412477848
559 12.885730299604901
560 12.72190819385663
561 12.74078882667356
562 11.794782779361732
563 12.507403964131356
564 13.301015352488548
565 13.297312928194618
566 12.028610882210145
567 12.007741049390633
568 12.192972412952363
569 11.834435130335939
570 11.933693659523694
571 11.992852824441709
572 11.675487348751211
573 12.283674888874677
574 13.117287545962514
575 11.586634620510942
576 11.436073596352886
577 12.183656361046065
578 12.492634800705758
579 12.817213454438432
580 12.04082588222908
581 10.968122314117554
582 11.726909380514828
583 12.116966138714933
584 11.59701975093335
585 12.363257508046878
586 12.036456191830357
587 11.485475928887185
588 12.227900516156529
589 11.61824538274692
590 11.92062776877095
591 12.363712536637525
592 12.45305506764955
593 11.935187598711446
594 11.537615643770788
595 12.106022123429163
596 12.078301036135066
597 12.277168877051846
598 11.999476585694056
599 11.928399743791976
600 12.915845710302113
601 11.263259220528893
602 12.68279830726464
603 11.487117838541065
604 11.294288842759855
605 11.409662426258889
606 11.925491703661432
607 11.839942574379563
608 12.170686064523448
609 11.906995077144092
610 11.690546446229932
611 12.071643003695424
612 12.316063508243602
613 11.684386090496119
614 12.084875906851229
615 12.057196148690982
616 11.86470805934523
617 11.616758167838686
618 10.804212249804648
619 12.339352160071842
620 11.55983546723688
621 11.236467944603127
622 11.91616707850749
623 12.148834549054838
624 11.749755200547995
625 11.453974855931671
626 11.51570418227907
627 11.417282539630087
628 11.246666804471912
629 11.46909194537333
630 11.207750111441918
631 11.44496964181419
632 10.919217568362708
633 11.079261725104137
634 10.995575619129554
635 11.521397260912675
636 11.098337367500939
637 10.817909178205516
638 11.730274552183483
639 11.107422312560432
640 11.500266837725333
641 11.209771075073656
642 12.220852096967933
643 11.799998427799816
644 11.647282121809253
645 11.521987465163129
646 11.512648739328549
647 12.201552858576965
648 11.849190899685132
649 10.873904225396352
650 10.619838797365185
651 11.377064824372548
652 11.000892866043742
653 10.412413792762745
654 10.988166261015975
655 10.961358564520662
656 11.099302224061406
657 11.054620508322186
658 11.457677867590107
659 10.44780595804764
660 11.064113669039909
661 10.408296824010959
662 10.303097999907195
663 11.018307570488423
664 11.158418048158264
665 9.920398867708581
666 11.444175045531432
667 10.662751374416233
668 11.179761407331586
669 11.395830108983915
670 10.864524937195759
671 11.486960797630255
672 10.132505454053446
673 9.889996090793275
674 10.19432140593796
675 11.56206394615651
676 11.24126200009427
677 10.827320793870847
678 9.922881597941219
679 9.895299722218942
680 9.798142187515223
681 9.41596439013718
682 9.695538278478148
683 9.535030807762054
684 10.300589296970829
685 9.364092186846545
686 10.233548281607431
687 10.470624947256384
688 10.543330437944277
689 11.08217241019775
690 10.546789268527338
691 10.614646321293622
692 11.54732391330908
693 10.580341528944647
694 11.593987127332515
695 10.480759619453359
696 11.220577751029424
697 10.723785420290278
698 11.635324930102836
699 11.354553618335393
700 10.838442327132764
701 11.569406119539188
702 10.687452368129632
703 10.506527712152034
704 10.221990794985912
705 10.613876687436866
706 11.17742717012923
707 11.18656384190349
708 11.8277510118022
709 11.835103945272554
710 11.204698371259653
711 11.188966520504552
712 9.824901532094495
713 10.727120081157445
714 11.366457499965428
715 11.083525701853542
716 11.507667513017813
717 11.315035994064731
718 12.021551701594996
719 11.653430020025102
720 12.082609668955993
721 12.536728508379284
722 11.699742294547796
723 12.31483754396678
724 12.593163816642797
725 11.483677437673908
726 11.458696209538964
727 12.010887479591053
728 11.615277734208817
729 12.164394736870067
730 12.730313377229903
731 12.283888552409305
732 11.480728493452563
733 12.417047118408732
734 12.205088783118152
735 11.926870355300466
736 11.331872259967874
737 11.483775186510957
738 11.895466639595172
739 12.437850465072211
740 12.001876165084042
741 12.456542524094592
742 11.964381492997344
743 11.67643924279849
744 12.877520442476674
745 11.790164115289596
746 12.764092109934523
747 11.709409827441652
748 12.260813979362766
749 11.583866871860552
750 12.513759582857986
751 12.034749112331998
752 11.898557897824029
753 11.97799769226031
754 12.737805348091483
755 12.144739711900941
756 11.797534475629057
757 12.168040053894387
758 12.013615666782915
759 12.25981473319214
760 12.460830416398139
761 12.11354919639096
762 12.253200226810284
763 12.251870721300563
764 11.898544022286504
765 12.16360324221222
766 12.08242621708053
767 11.955942712890177
768 11.224473107337731
769 12.179860802734096
770 11.74434053840499
771 11.809572462533234
772 10.788464149399347
773 11.093690640382716
774 11.690288784713616
775 11.179503141087695
776 11.88788643082275
777 11.75110359449596
778 11.831672399338784
779 11.119077287034857
780 11.35091799024754
781 11.460229625196092
782 11.95525256950465
783 11.818211172604128
784 11.69780686165288
785 11.088275327675245
786 11.75546853668742
787 12.117375009070821
788 12.451314625887948
789 11.985204925159204
790 12.010152273351553
791 11.995036996783869
792 11.470730409506567
793 11.311681679947041
794 11.38752011352116
795 11.650508887981234
796 11.248169813743344
797 11.6080677104292
798 11.692810753731118
799 11.384781560101906
800 11.789824552964635
801 12.358501811177852
802 11.601428366376878
803 11.18892656568294
804 10.757413720044912
805 11.831108956914388
806 11.602447188289451
807 11.102810478047664
808 11.4988066260832
809 11.408955520937837
810 11.666160019940632
811 11.562378372899765
812 12.559581932364434
813 11.829146430339435
814 11.729921550829742
815 11.118953870298778
816 11.951945588543344
817 11.831537660429621
818 11.797779658153825
819 11.662762891414523
820 12.078057314172709
821 11.419676094404874
822 11.775684857554014
823 11.304971385113191
824 11.399201156804248
825 11.151242931123946
826 11.716779963999981
827 11.834135562836845
828 12.57446391512421
829 12.026976350145485
830 11.974460991672226
831 11.962085717614352
832 12.270039195891245
833 12.24212289440575
834 12.143518459215406
835 12.058836820584379
836 11.944712549738519
837 11.190875063182245
838 11.590788890433421
839 11.54286704894334
840 11.5382542824651
841 11.542397263182615
842 11.891242228124653
843 11.917712197375232
844 12.1017558129008
845 12.682025282207723
846 12.024314639934436
847 11.94508926230652
848 12.026041877425971
849 11.681122713723036
850 10.924724083821252
851 11.737469077479975
852 11.325783089962409
853 11.719632792999425
854 12.157014150142968
855 12.390628489287062
856 12.46125542639519
857 11.393985078158092
858 11.849371218340778
859 11.296693902194908
860 11.88130616624355
861 11.33575340807651
862 10.941836423615104
863 11.84145510222818
864 12.269566507764583
865 11.397373111088111
866 11.886869582657592
867 12.189967130443698
868 11.447321740678925
869 12.000607515582661
870 12.34984876011118
871 11.964428640545858
872 12.074059386541974
873 11.704284696728601
874 12.195172342509018
875 11.733978465436001
876 12.037473912364028
877 12.256589672258736
878 11.497246517092094
879 11.624121015790227
880 11.34806532596406
881 11.27906599348054
882 11.927061611411586
883 11.560314037735573
884 11.61755541684918
885 11.481634603483538
886 11.745236350569948
887 11.535168823673185
888 11.835665147784328
889 11.780244498842897
890 11.570644796371253
891 11.68705328179063
892 11.337442373168468
893 10.856917812432478
894 11.409204706682367
895 11.493329339662498
896 11.500245135216295
897 11.586895682605158
898 11.770995960497533
899 12.26764157102041
900 11.997546350950296
901 11.741515561984604
902 11.636058190897039
903 12.17643092699642
904 12.35718561170223
905 12.370943834047678
906 12.229632925605406
907 12.317379710476922
908 11.442306966095531
909 11.988243519793565
910 11.799953623817524
911 11.597469462870936
912 12.16002845212995
913 11.923509466239858
914 11.88746653689134
915 11.788535702780342
916 11.82366387007861
917 11.748393977768655
918 10.739903095432648
919 12.070524781503725
920 12.17016865137695
921 12.039500955501607
922 11.881708871698407
923 12.325104520684043
924 11.470572440340796
925 12.242733615194137
926 12.097477157033445
927 12.069529258196685
928 11.831675924348882
929 11.719489154365816
930 12.29198194114276
931 12.2511415526242
932 11.753535917022743
933 12.33891936604396
934 12.10975715982985
935 11.824081655742871
936 11.601538727584986
937 11.662377479382611
938 11.756345843131498
939 11.204228683291708
940 12.062087315277468
941 11.803151612074787
942 11.930823040537897
943 11.66130779482837
944 12.139582574930863
945 11.874716393147871
946 12.01683725138139
947 11.694034276995323
948 12.440625857965006
949 12.310957855274873
950 11.699609174018951
951 11.930774988431512
952 11.963402010726
953 12.402163969635522
954 12.632645380211994
955 12.474389388632247
956 11.761624909542725
957 11.52768628264349
958 11.575884300519006
959 11.281794599006133
960 11.771935149049483
961 11.821061613333693
962 10.870067342394579
963 12.049448162186708
964 12.049743996478808
965 11.689295531559434
966 12.119540743685347
967 11.465146842032487
968 11.4192004434497
969 11.617481910484113
970 11.800598492027492
971 11.294141807400063
972 12.191676226679899
973 11.650080195614661
974 12.033590688067905
975 11.963722588631788
976 11.135145400337016
977 12.489702221005203
978 11.852594320809043
979 12.125122861810024
980 12.403162220697173
981 12.047426684848183
982 12.704563681724016
983 12.349041814106638
984 12.535473131866349
985 12.019371798077415
986 12.05971674998905
987 12.202710786825302
988 11.99627641080758
989 12.391077500396358
990 11.959956824494018
991 11.757747331702044
992 12.232333579445633
993 11.508455275713699
994 12.603323218465857
995 12.52554573154335
996 12.145992137892405
997 11.282429389541782
998 11.84631639379645
999 12.494025765006214
1000 11.620411967978988
1001 11.925637353879921
1002 11.449254766036969
1003 12.645270325875138
1004 12.249165524947838
1005 12.000318208973722
1006 12.538431832148575
1007 11.927036997581306
1008 12.310161727445085
1009 11.855205866185756
1010 12.104247443539132
1011 12.35177923485067
1012 11.941897312025914
1013 12.508683158471507
1014 11.908726472357172
1015 11.384496756378887
1016 11.435967460072282
1017 11.484936988025975
1018 12.039475554968979
1019 11.776003748167748
1020 11.779825256166113
1021 12.52631806447026
1022 12.310309831795708
1023 12.371458799894825
1024 11.610920557113179
1025 11.598387165157876
1026 12.827577282584162
1027 11.731523147508213
1028 11.707509220260322
1029 12.005315209899294
1030 12.145230749973589
1031 12.114540347600899
1032 12.510128936593665
1033 12.576895792496442
1034 11.760751758684188
1035 12.353009467260936
1036 12.643416746964203
1037 12.084542740149699
1038 12.503050596530336
1039 12.764221701227708
1040 12.573498347498933
1041 12.947198477206875
1042 13.647865044052532
1043 12.916001363081396
1044 10.739023729584838
1045 10.928077566290554
1046 11.305095491565034
1047 11.737763114357222
1048 11.441896226110318
1049 11.229780515219169
1050 12.00974153135089
1051 10.895506536907249
1052 10.435712169503825
1053 11.035892993863921
1054 10.892456649410944
1055 11.89781738670364
1056 11.859942059493774
1057 11.974280547631242
1058 12.438117556369837
1059 12.290840817711063
1060 11.22040232091448
1061 11.679055702585465
1062 11.795508514241687
1063 11.833547698499155
1064 11.039856727832689
1065 11.244646799243384
1066 11.725648906769395
1067 11.05132403232359
1068 12.010524989641047
1069 11.414639852803235
1070 11.963364595641726
1071 11.215008618437905
1072 11.640295053300843
1073 11.889591516446924
1074 12.387585739767456
1075 12.024231574528466
1076 11.31763530656085
1077 10.86744592463287
1078 11.71988344847992
1079 10.522962032517468
1080 10.97486442764692
1081 11.489182981943323
1082 11.43565575125298
1083 11.174271625620104
1084 11.25133537513086
1085 11.520276684191682
1086 11.282354837443759
1087 11.476914339103377
1088 11.094933917717702
1089 11.049750707195795
1090 11.437558517151981
1091 10.900331104267542
1092 11.635888051108495
1093 12.29895293224894
1094 11.649020307860882
1095 11.66298728570714
1096 11.885297191872887
1097 11.061155344484288
1098 11.143042645310084
1099 11.294051277877701
1100 10.71212117717944
1101 10.705326851806742
1102 10.665592754765173
1103 10.288083243279072
1104 10.844307677985649
1105 11.379571305216942
1106 11.86178824757626
1107 10.843074155689587
1108 10.862962779093595
1109 11.446555725745903
1110 10.918100105523889
1111 11.148355592617435
1112 10.829091377631114
1113 10.878348422465342
1114 10.56853207543166
1115 10.875196685827405
1116 10.68541629042853
1117 10.729172508017648
1118 11.434847270490003
1119 11.393054134324633
1120 11.42058034459352
1121 10.618619436674079
1122 11.155850322540253
1123 10.582073351478154
1124 11.1234335249446
1125 10.552194366402489
1126 11.194147801605446
1127 10.81344893554741
1128 11.647789048549772
1129 10.901230089879041
1130 11.150317932050696
1131 11.53594177539934
1132 11.157128355027641
1133 11.21477019141668
1134 10.95750708184051
1135 10.676995290565312
1136 10.659023195134008
1137 10.754895941838845
1138 10.091686631300234
1139 10.715591300392841
1140 10.992048294453769
1141 11.163982635413557
1142 11.23998127462585
1143 11.225719995497522
1144 10.884113907262808
1145 10.764196486052933
1146 10.474209575025801
1147 11.460187003746054
1148 10.437740933464699
1149 11.386481757796423
1150 10.233188704182712
1151 10.400897026201477
1152 10.770735282695169
1153 10.771869076053289
1154 11.109597915037083
1155 10.983345041248157
1156 11.387075446863747
1157 10.33645406090571
1158 11.374942812410419
1159 10.861524637945537
1160 11.04290966602935
1161 11.067245158613819
1162 11.20449664001236
1163 10.989076407941699
1164 11.015668974091904
1165 11.75949748121125
1166 11.55981171163341
1167 11.8908077028383
1168 11.279190908441214
1169 11.976426713491804
1170 11.994006089114997
1171 11.318150553430124
1172 11.681019769734581
1173 11.912517796920923
1174 11.425657805256135
1175 11.368246224860897
1176 11.230917012104365
1177 10.633542786840602
1178 11.106129568323134
1179 11.866907233902271
1180 11.039093477062902
1181 11.186684496575415
1182 11.16808107476917
1183 11.371298475881025
1184 10.517339775955541
1185 11.404442229931227
1186 10.662633054346909
1187 10.251824849502857
1188 11.333260614010726
1189 10.88937182741924
1190 10.730785272959931
1191 11.554361001560787
1192 11.007600163353061
1193 11.226774567036065
1194 11.503401809876594
1195 12.349757608880452
1196 11.393564876083508
1197 11.589545452039857
1198 11.264606677363835
1199 12.385888584707947
1200 12.228761590035623
1201 11.701678096926733
1202 11.957358217607814
1203 12.063708383159762
1204 11.467948188849928
1205 11.574211160222765
1206 11.841140060222452
1207 10.948602304587123
1208 11.122200082266396
1209 11.198377835002379
1210 11.943703586065983
1211 11.60110451810561
1212 11.224548576509678
1213 11.058677978123162
1214 12.167211669898833
1215 11.425891490821956
1216 10.845142020661342
1217 11.207433792020069
1218 11.223356860451306
1219 11.309399474201275
1220 12.004104937630611
1221 11.874948648386194
1222 12.668923655441219
1223 12.17178864908943
1224 11.688901657641104
1225 12.183977433682347
1226 11.546141492562741
1227 11.391132571060874
1228 11.903347597455566
1229 11.21997960719214
1230 10.97922765146671
1231 11.61667129100971
1232 11.98198640185786
1233 11.892136941964113
1234 11.97653944952093
1235 11.133068201878563
1236 11.574425575489538
1237 12.234465808826153
1238 12.953031521339259
1239 12.290677171883521
1240 12.247914713793955
1241 12.147312082231984
1242 12.557951717981629
1243 12.83207445114301
1244 13.561620341892532
1245 12.928776172316136
1246 12.745491735727008
1247 13.134077425901706
1248 13.054264487973102
1249 13.558886486731247
1250 13.960222414003066
1251 13.288424981214154
1252 13.175602428784906
1253 12.229338870096566
1254 12.747084021754185
1255 12.316410157122712
1256 12.21736746491154
1257 12.176614793287472
1258 11.596291807523487
1259 11.613407125231856
1260 12.018900313698438
1261 12.310241432931706
1262 12.648193557712915
1263 12.1469076732728
1264 12.622598102480335
1265 12.651329899939903
1266 12.1305585097384
1267 13.173803567586416
1268 12.83930564649251
1269 12.163029691792783
1270 11.855814623589477
1271 13.255547042041869
1272 13.583554614452874
1273 12.316548960529605
1274 12.978967137314534
1275 12.177579692675211
1276 12.589934002082524
1277 11.879184249423455
1278 12.614856005450996
1279 12.96090891868843
1280 11.60751749519148
1281 12.224484675949995
1282 12.905349670457294
1283 12.675692849394972
1284 13.140346788568783
1285 12.826905300818266
1286 12.898998481277449
1287 12.307930842725431
1288 12.93253487697641
1289 13.44871908542558
1290 13.465546776294397
1291 13.483363325801571
1292 13.845991207982879
1293 13.613692506545586
1294 13.508531718211536
1295 13.721446470600705
1296 13.2988070591564
1297 12.488011655156855
1298 13.309951378310869
1299 13.108579865244351
1300 13.447535064155726
1301 13.293574608226438
1302 12.706130884783821
1303 12.223624827724164
1304 12.515838236317192
1305 12.65758289488585
1306 12.960472566734946
1307 13.011602514680709
1308 12.912260237289969
1309 13.047971591049802
1310 13.44927900250594
1311 14.107542648316246
1312 13.646688444647214
1313 13.326337896499883
1314 13.847639225105556
1315 13.308922515061914
1316 14.058505817906028
1317 13.637608940820972
1318 12.787545626664583
1319 13.74139956868336
1320 13.707677499467719
1321 12.960703909027233
1322 14.34906164502517
1323 13.411219547514229
1324 13.274292879148877
1325 13.758676070093328
1326 13.78627047269519
1327 14.835798764041787
1328 13.516189951751693
1329 14.45741167132945
1330 14.153958114451761
1331 14.324042188577119
1332 13.973211185351817
1333 14.342023601294626
1334 13.694147988133425
1335 13.841532214385524
1336 14.56789629186944
1337 14.523406400559402
1338 14.43352352940909
1339 14.566740374645127
1340 14.411830097279868
1341 14.90726163897746
1342 14.129727486662432
1343 14.305110828566697
1344 14.16063025443779
1345 14.809091197913778
1346 14.602016892143851
1347 14.705190387374063
1348 15.368825071414749
1349 14.93433785710292
1350 14.48770976778368
1351 13.917035392760122
1352 14.828084712831695
1353 16.229488181731607
1354 16.15040231928894
1355 16.52460945036988
1356 16.214867946437977
1357 17.215370099927867
1358 17.646347434586367
1359 16.7292702999708
1360 15.750214511808098
1361 16.380110454827047
1362 17.01465080462345
1363 17.74916949053369
1364 17.875446713161384
1365 18.110355994402912
1366 17.91717819598904
1367 18.241222117130583
1368 19.294922683174292
1369 19.998517514956415
1370 19.461809957495745
1371 19.501838098813458
1372 20.332526425697665
1373 18.75010210163254
1374 18.379269847537735
1375 18.225606130767638
1376 19.75533450715331
1377 19.02071380820986
1378 18.459885477575742
1379 19.6275438294145
1380 20.148291218690964
1381 19.815597193955334
1382 19.850593643270344
1383 19.778878668289515
1384 20.459251085357153
1385 20.115354418423046
1386 20.447575995799486
1387 20.45647506234028
1388 20.087076250145547
1389 19.11528362339435
1390 18.529870310357804
1391 19.774849332861418
1392 19.957629069732132
1393 18.86497922971242
1394 18.40969662888207
1395 17.87671502883379
1396 19.776377906824585
1397 18.90972045492396
1398 18.834998117972756
1399 19.40665468563694
1400 18.764684207371268
1401 18.719619524509543
1402 18.444147126400694
1403 18.636771286463375
1404 18.56754404202337
1405 18.246940427607935
1406 19.195809618769957
1407 18.466027147121697
1408 18.36262238010032
1409 19.01837423219662
1410 19.526954188169157
1411 19.512220601703145
1412 19.268568167907976
1413 18.374742449874432
1414 19.134297439286435
1415 17.700483639087395
1416 19.140018013473846
1417 19.242844087483775
1418 20.679450687672734
1419 19.372099954315033
1420 19.555193543785645
1421 19.283831705124417
1422 20.272724416046657
1423 19.51412474787005
1424 19.718725815684426
1425 19.69194973430642
1426 20.80892894655912
1427 22.273812675687363
1428 20.3949636951257
1429 20.49426057614086
1430 21.146437166352648
1431 19.841115638889143
1432 20.120699108531667
1433 21.16447748477396
1434 21.261024020864
1435 21.307304892566897
1436 20.67207002850408
1437 21.909551017887456
1438 20.36827877765908
1439 21.525203345953045
1440 21.119298009357312
1441 21.58668116917039
1442 20.603241643461846
1443 21.76775499198941
1444 20.59083443881455
1445 20.285686900741474
1446 19.316968344689773
1447 20.74199291139658
1448 21.119100829524164
1449 20.653891756782468
1450 21.839615123810614
1451 21.10545933302877
1452 21.252394264058367
1453 21.72839951636678
1454 21.075893019341738
1455 21.678635199305596
1456 22.76179604328276
1457 21.19737843324409
1458 21.142593369338073
1459 19.39155605868557
1460 19.561673923806254
1461 19.062327611968445
1462 18.521474744351806
1463 18.697274607076643
1464 19.69509116410539
1465 20.59820040510802
1466 21.216893930641632
1467 20.080380705956056
1468 20.967314008863724
1469 21.3455401519247
1470 21.673204466097094
1471 21.432035007708457
1472 22.361694192851555
1473 21.772660158952046
1474 21.86879998221013
1475 21.27924578247375
1476 21.15370243143587
1477 21.572416230391866
1478 21.023175597606368
1479 20.468551947204606
1480 21.143941786223024
1481 21.518994449566403
1482 22.025843523286394
1483 21.32883475630332
1484 21.896348552473018
1485 22.24210059744992
1486 21.98128511939459
1487 21.211138957783355
1488 21.960580890780772
1489 22.030045065001115
1490 21.412944436529024
1491 21.616534954242983
1492 21.692866783507863
1493 22.256190790347283
1494 22.04392869314185
1495 22.754219904277253
1496 22.84168338813144
1497 22.837160178440815
1498 23.007286292887606
1499 22.522463802364193
1500 21.712017972456554
1501 22.979516379755353
1502 22.999348819917728
1503 23.74349051628305
1504 23.277528951968186
1505 23.25768935872058
1506 23.29699670425981
1507 21.873761779688728
1508 22.732210353250373
1509 22.904342945537614
1510 22.70909978023311
1511 23.39124386795841
1512 22.99809131190138
1513 23.335669084125744
1514 23.681367043439145
1515 23.98655585686104
1516 23.252600931857035
1517 23.005202494164692
1518 22.957649831889768
1519 22.194492453380487
1520 22.489800055528985
1521 22.06422835246671
1522 23.20596994059164
1523 21.920532400788453
1524 22.280720976238122
1525 21.01465733719185
1526 20.623704503236514
1527 21.19597918635181
1528 22.421281723570814
1529 21.90643321586167
1530 22.433083252960735
1531 21.425348052363404
1532 21.756879223927896
1533 21.772022483024404
1534 23.55069155089559
1535 23.16780655485756
1536 23.226780065466542
1537 22.383088821400758
1538 21.153609213430205
1539 21.950256014951954
1540 21.98929181487743
1541 21.841843210066155
1542 21.604699715761907
1543 22.29663971057586
1544 21.979180703229034
1545 22.01226470090358
1546 22.09182651481731
1547 22.24141263709675
1548 21.675053092559875
1549 22.074488256700967
1550 22.36375250940258
1551 22.537485181682467
1552 22.007225706678984
1553 22.083988030385246
1554 23.12534256223287
1555 22.112333889600354
1556 22.932929684013715
1557 21.96264939470897
1558 22.587230801221082
1559 21.721476520488036
1560 21.98749824722425
1561 23.436018004209075
1562 23.483630768476978
1563 23.485630716650803
1564 23.022585990141287
1565 23.9940295322868
1566 24.57087147247478
1567 23.875726013329636
1568 22.517092144228226
1569 22.50512640557091
1570 22.25643815262694
1571 23.18779593640698
1572 22.847866592493283
1573 23.444580433983937
1574 23.07347936813639
1575 24.100751706132
1576 23.886908797044565
1577 24.87548919959104
1578 24.167155206720867
1579 24.159600551877347
1580 22.857466999724867
1581 24.572423087270668
1582 24.01047255853936
1583 22.747005979251792
1584 24.089082995873273
1585 24.49067616997935
1586 24.618393279294708
1587 24.640902283053098
1588 24.25590957129046
1589 25.093135207833583
1590 24.600971718244022
1591 24.493093944846237
1592 24.30463475870152
1593 24.080884431150757
1594 25.067454176011562
1595 23.876304433501605
1596 23.42397390936129
1597 24.166731231588813
1598 25.227862433593064
1599 25.22918877397439
1600 23.917309014759812
1601 23.803141300644036
1602 24.884334381561814
1603 24.51139167406407
1604 24.612478921601152
1605 24.738671492935474
1606 24.705591996373556
1607 24.419524652226297
1608 24.794590448141147
1609 25.140248467326565
1610 25.17630569879659
1611 24.173863854788408
1612 23.321540714730602
1613 23.335522478259705
1614 22.99089882239417
1615 22.744473241128603
1616 24.464931623541446
1617 24.98457389898644
1618 25.66951260263881
1619 25.49797772899278
1620 24.348468038147885
1621 24.675167964314124
1622 25.084261867800407
1623 24.254100284983785
1624 24.48852195460977
1625 25.047635126287886
1626 25.72545745508181
1627 26.327110309530322
1628 24.381494344278543
1629 25.403454883679604
1630 24.883537297075634
1631 24.792682584320062
1632 23.803639884525342
1633 23.87570907598482
1634 24.05790458467968
1635 24.595797076085823
1636 23.66088665950288
1637 24.722209161089154
1638 24.472946071353572
1639 24.14037257319432
1640 23.34783346013936
1641 23.454270722577505
1642 25.052147252307705
1643 24.037112968062523
1644 24.91389109972704
1645 25.099756318226483
1646 24.633325556175983
1647 25.058340500919975
1648 23.998309791124896
1649 24.09199691603271
1650 23.292249793810846
1651 23.03478468703587
1652 23.98503268628515
1653 24.777047074179787
1654 23.612645604705083
1655 23.591654649131527
1656 22.651644851081947
1657 23.74342280347775
1658 21.367645183492233
1659 22.448237634327942
1660 23.341406867203347
1661 23.269842085962882
1662 23.58592113596475
1663 24.427984737744598
1664 23.626125238386035
1665 24.431662390662666
1666 23.998367637592295
1667 25.132052781131193
1668 24.641806932958335
1669 25.2713787120017
1670 24.626720123666633
1671 24.912087863171525
1672 25.391015158086674
1673 24.439449731034244
1674 23.592567368236654
1675 24.145247685810727
1676 25.09717445648567
1677 24.022430182116054
1678 25.046578460884948
1679 24.66100643856591
1680 25.14875792093921
1681 24.618859475064387
1682 25.580868054393182
1683 24.599505633325585
1684 24.13614045748914
1685 24.358327407801642
1686 24.829920041485266
1687 24.060330922435323
1688 25.698295358092306
1689 25.169132769032213
1690 26.219551798117823
1691 26.243887886096346
1692 26.846184222118186
1693 26.82457202444302
1694 26.375127619962626
1695 25.392091370210643
1696 26.554524435637454
1697 26.538585757879485
1698 25.894941582316157
1699 27.72731641315947
1700 26.15576778270086
1701 26.804404243327806
1702 26.79125508030699
1703 26.709798317833965
1704 27.78036039742391
1705 27.95279767239097
1706 27.656413674280518
1707 27.63259882688577
1708 26.60371031741031
1709 26.766221893526364
1710 26.318234620007093
1711 26.75705627153797
1712 26.756316239174907
1713 25.33453534321331
1714 25.098161698170372
1715 26.480141172831328
1716 25.60997043812536
1717 26.568942107835547
1718 26.150985184274873
1719 27.153719130930906
1720 25.255446260916816
1721 25.005764055839414
1722 26.799669419679642
1723 26.994259916368676
1724 26.3911086268915
1725 26.435923894353113
1726 26.50968566269456
1727 27.0033739295875
1728 27.38631117714286
1729 28.077909709711683
1730 29.164443961224624
1731 28.69462432621485
1732 27.580780044913936
1733 28.844264433776274
1734 28.82269169731856
1735 28.21469397889027
1736 28.380630628854252
1737 28.973415658835318
1738 29.699013919119295
1739 29.496011134356745
1740 30.038636641749502
1741 29.586402722264854
1742 29.995514715491815
1743 30.002339735095532
1744 29.75334544583411
1745 29.30959798717039
1746 28.489956936615584
1747 29.08013729975476
1748 28.71478504686012
1749 28.357757132166086
1750 27.64242909606493
1751 27.951538150322698
1752 28.47235393779702
1753 28.74368789162558
1754 28.038895114117086
1755 27.687341981748652
1756 27.437863063050695
1757 27.977879224497336
1758 26.93073885974612
1759 27.19007326341775
1760 28.00944293884
1761 28.54087952025354
1762 27.90187102098916
1763 27.691017060446583
1764 28.255402037009365
1765 28.90083003549603
1766 28.620360010582655
1767 29.13866177003879
1768 29.153291059144994
1769 29.06906874433795
1770 28.16624090970308
1771 29.09262487741817
1772 28.97060996493587
1773 30.02926062687681
1774 29.696192671630413
1775 30.476979565642402
1776 30.669188638267705
1777 30.648939377085014
1778 30.808099176913043
1779 31.666435389722228
1780 31.898969385181367
1781 30.927381608098358
1782 31.008673701430904
1783 31.282507445549452
1784 31.028142027157074
1785 31.483317263539398
1786 31.82394044852615
1787 32.03984845606211
1788 31.94750579586039
1789 32.47121322038764
1790 33.367496133675075
1791 32.874306517887675
1792 32.66828126857769
1793 32.6032388347335
1794 32.48557755965331
1795 32.47060159545607
1796 33.40943902636295
1797 33.75635112151216
1798 32.49036591937079
1799 32.40076824638295
1800 32.17048930032437
1801 31.695258594419844
1802 31.894855991552348
1803 31.340901261850558
1804 32.15315426391357
1805 32.18324413572331
1806 32.07092715694915
1807 31.9717597048762
1808 32.747753626004055
1809 31.32964527242114
1810 31.715999469369663
1811 31.598787654512027
1812 32.0866445930604
1813 32.47883241695153
1814 33.06808309462745
1815 33.13437013843719
1816 33.48188232392939
1817 32.65290924758692
1818 32.569098060548775
1819 33.24765057602581
1820 31.944068558345403
1821 31.796338293369423
1822 31.314435845889825
1823 31.71703356853502
1824 32.28959866273826
1825 31.16749704825501
1826 31.29373283627358
1827 31.161956283423397
1828 30.015958677082978
1829 31.780900356549594
1830 31.25447790296694
1831 32.323245577771445
1832 32.037805506419915
1833 32.36773830019029
1834 32.56508614812275
1835 32.76648222667747
1836 32.202885995620065
1837 32.283548659691704
1838 32.074666399454856
1839 31.725653597187847
1840 31.25260195522911
1841 31.710616251386337
1842 31.94097938067237
1843 31.476397630809664
1844 32.313652844172296
1845 32.30123741199452
1846 31.505167178920278
1847 31.862967635645326
1848 31.770881963892673
1849 31.906150926341386
1850 33.07959460299361
1851 32.670507730729625
1852 31.96961179771963
1853 32.02592248429973
1854 31.90801433653841
1855 32.58018501214973
1856 32.412562695913294
1857 32.75064985948423
1858 32.73542568289411
1859 32.42461256755929
1860 33.586343807245555
1861 34.32347228027087
1862 33.19625721250888
1863 33.188453050741934
1864 33.67995731744557
1865 34.404266453383705
1866 33.07924763640921
1867 32.652377628798824
1868 33.56857073057015
1869 33.572193156521806
1870 32.82057462914533
1871 33.03343935649122
1872 32.51098678970442
1873 32.602379922524946
1874 32.35279199652232
1875 33.018249108585614
1876 33.009603403137774
1877 33.2932544685795
1878 33.48838464790389
1879 33.49524767051751
1880 32.924796124306845
1881 33.40858411919534
1882 32.11912176313046
1883 33.70243772252806
1884 32.62053720444739
1885 32.86709392832266
1886 32.802811344662054
1887 33.27461445166591
1888 32.60858340844343
1889 33.00983797672064
1890 33.52087420286514
1891 32.26988236394115
1892 32.647865630377865
1893 33.191579915886116
1894 32.71174650295335
1895 33.20760924077931
1896 32.92930188705804
1897 32.84677620176087
1898 32.584754494526244
1899 32.185720395267616
1900 32.068805491546264
1901 32.23134088083694
1902 32.57496647679295
1903 33.2232215605162
1904 33.548666510952934
1905 33.07927324394895
1906 33.750744500998984
1907 32.853007791583984
1908 32.528244511084445
1909 32.795882713473176
1910 33.23494624515922
1911 33.331560777328356
1912 33.13267205821859
1913 32.716722914040915
1914 32.81892848585897
1915 33.09561026025932
1916 34.15200109529744
1917 33.830385629497634
1918 33.51344315770796
1919 32.614243298840556
1920 34.210627889745844
1921 34.17268812566944
1922 33.47030456303369
1923 34.86720421187579
1924 34.301197167939385
1925 34.05125019626107
1926 34.005334002794626
1927 33.6164264771257
1928 33.074819223009975
1929 33.449796626280786
1930 35.16132793465824
1931 33.833877480282375
1932 34.68765789147877
1933 34.31175924950802
1934 34.40374071241078
1935 34.958878222389295
1936 34.70478327708334
1937 33.620843813476
1938 34.41774716879836
1939 33.10792054527028
1940 33.59811583332642
1941 34.1736584832885
1942 33.94125790552112
1943 34.69594021167344
1944 35.497817761733145
1945 35.3920580409209
1946 34.723565990038075
1947 35.85968910240052
1948 35.49625808093342
1949 34.71110962977323
1950 35.41404495764851
1951 34.960349207862976
1952 35.60097257585008
1953 36.57678566184227
1954 36.085399592530145
1955 35.25497661761658
1956 35.8983018164389
1957 35.33003197814378
1958 35.10714389150624
1959 35.23565761796244
1960 35.433682840880486
1961 35.25553838340361
1962 34.9511791392216
1963 35.161638811009865
1964 35.27172786956373
1965 35.07707497812853
1966 35.15097518071353
1967 35.57550645623216
1968 35.96053708653921
1969 35.28136190636157
1970 35.19648081215839
1971 35.97932012633483
1972 35.529619507111455
1973 34.73353667347479
1974 35.393324029832
1975 36.17465007261457
1976 36.21429784131358
1977 35.678266336833794
1978 36.93221154627557
1979 36.18486426161524
1980 36.59248384901393
1981 35.93117501391061
1982 36.428857515036874
1983 36.1501573366555
1984 36.64258520450833
1985 36.886368587735184
1986 36.57056690022619
1987 36.02877850000313
1988 35.90916413570603
1989 35.68344282653271
1990 35.80066467459385
1991 36.046050592638366
1992 36.11851200196052
1993 35.28638912701565
1994 35.85309822444768
1995 36.30229810307372
1996 35.44399109613475
1997 35.941085004663336
1998 36.15863527164415
1999 36.46132377508817
