0 21.845290867668517
1 22.42771454964174
2 22.333553164648574
3 21.54486987423982
4 21.816896962619836
5 21.349884578322758
6 21.933183977831845
7 22.26954495426413
8 23.10117252924701
9 22.70942521913358
10 23.29432181899304
11 23.070851061839114
12 21.74041683741015
13 22.33432114540189
14 21.364061632706367
15 21.033639876628058
16 21.72167782981272
17 21.635073906976142
18 22.081689436687384
19 21.102766339151025
20 21.472000291975156
21 21.208109141606073
22 22.56960927792576
23 21.970856861754473
24 22.228493188758307
25 22.292642903529316
26 21.59757006087772
27 22.02348898655199
28 22.169691036655955
29 22.14260539589203
30 20.876872893197785
31 21.078423371656626
32 19.661699583231346
33 20.561390002374203
34 19.56643248141754
35 18.961568451154847
36 20.26533044897251
37 20.019507282835573
38 19.929761312889127
39 19.98879067089206
40 20.477597334166834
41 20.40259842796137
42 20.083008327255847
43 19.45204358884682
44 19.38281378540208
45 20.12838962323031
46 20.607332205837917
47 19.90184113354828
48 21.135493586921886
49 20.76918874832989
50 20.6880497520764
51 20.57949889040939
52 20.933810848375135
53 20.83809915791633
54 21.169361054640774
55 20.373672209497588
56 19.897960126631073
57 20.880620574686827
58 21.118805460106863
59 21.203662539214136
60 20.412368782308306
61 20.827346740952706
62 20.351803208850484
63 20.862242820841363
64 20.63357253924397
65 20.498392336916783
66 20.730532019984036
67 20.705106570555763
68 20.70422594876486
69 21.328232371683608
70 21.760325276572146
71 21.49134921166376
72 22.56598649585574
73 22.590937704973072
74 22.475020541615226
75 22.387003069058927
76 22.680110693283243
77 22.651054816173506
78 22.5081990852012
79 21.87136880796533
80 22.511914954890173
81 21.92470365932332
82 23.46141986536981
83 22.240530743722754
84 21.495006741465293
85 22.087971995109722
86 21.403102705498256
87 21.809122709733195
88 21.81772119998326
89 21.930650027774796
90 22.164597149158922
91 22.197499942032927
92 21.405197552259768
93 21.6112829748942
94 20.603832574527623
95 20.831607507166012
96 21.220210760332186
97 22.04025865829099
98 21.313777453662382
99 21.135577335333103
100 21.95696579331693
101 21.21645318426322
102 21.122032304249906
103 20.610880536195666
104 20.565866001842792
105 20.570106669034654
106 20.66362044054934
107 20.44589689918768
108 20.189584967077337
109 20.939690021466525
110 20.82042266146873
111 20.652109771841378
112 20.478179240615056
113 21.161850771761262
114 21.188497250997393
115 20.542745698907087
116 20.508953800751783
117 20.59450997726602
118 20.44036236443138
119 20.395625883964573
120 20.489625963395888
121 20.987727786729153
122 21.562368254953505
123 21.636420732743908
124 21.294431785560068
125 20.150373510972738
126 21.174940108769967
127 20.464325786232006
128 20.516215237247604
129 20.58643757540407
130 20.515879042880048
131 20.281513815020816
132 20.985796753847477
133 21.257093621259592
134 21.82910432540138
135 20.671516767592394
136 20.443822578013194
137 20.969763244525673
138 20.441742003544523
139 20.660954430498407
140 20.24106532311366
141 20.302777275943274
142 20.684789845322218
143 19.89498724972274
144 20.07363697844138
145 20.778513660194783
146 20.5131728373877
147 20.842773802570758
148 20.878313845097235
149 20.79858767201003
150 21.526901366449373
151 21.08241215166904
152 21.026700977677695
153 20.204825884116257
154 20.852461794445222
155 20.650181528290265
156 20.689437081381868
157 21.4007809514411
158 21.100426200405984
159 21.40456470438304
160 21.274300240725807
161 20.329954058632286
162 20.964836836743277
163 20.487307504842935
164 19.394814461217802
165 20.360683850576443
166 20.227921052997484
167 21.43072745965059
168 20.819578093218965
169 20.772678798954814
170 19.792020294827182
171 20.55172149673856
172 21.748600123891563
173 20.68172675242318
174 20.536987391965113
175 20.965840794875994
176 21.84225452876293
177 21.847071759083843
178 21.413385331578777
179 21.88727737405126
180 21.2588666545302
181 21.096715520021963
182 20.77782142107522
183 21.12492831249089
184 20.876097187756127
185 20.409211553566823
186 19.893496087128742
187 21.10207124159786
188 21.09025766170952
189 21.7295353907938
190 20.581973466757265
191 20.296202900422887
192 19.593995024635532
193 20.243951014965667
194 20.069010900431643
195 21.014397964834753
196 20.245972329161123
197 21.031475147882233
198 20.455043355430913
199 19.83714079965904
200 20.555592640534538
201 20.457418593096385
202 20.6319821151413
203 20.48193487808646
204 19.904137338136348
205 21.375800462197773
206 20.21849501670033
207 21.129531774484928
208 20.98388279463504
209 20.76115256980305
210 20.200840895626005
211 20.658306444411263
212 19.774427034647776
213 20.09053882508725
214 19.607100807449637
215 20.1676407736507
216 21.120672413007956
217 20.073431790722253
218 20.218901060956316
219 19.63670863329081
220 19.181877645605194
221 19.97979746202493
222 20.43483411046501
223 20.281686395282424
224 20.832096486643408
225 19.558641156989417
226 19.52279065379986
227 19.962311550901845
228 18.80794619369899
229 19.32936497521469
230 18.54520680184189
231 19.71591927250008
232 19.912904340030348
233 19.753279511379578
234 19.702565178806207
235 19.840417124668352
236 20.609443343410067
237 20.13705799027272
238 19.523928005761082
239 19.28560976335598
240 18.329801395194448
241 17.938301649935205
242 19.103456342026206
243 19.029399982686922
244 18.784501789422173
245 18.599274790856544
246 17.9657997408682
247 18.662099815816568
248 18.98816346281341
249 18.79793805001238
250 18.450722758274914
251 18.618918762577366
252 18.51904169648874
253 19.357842250268337
254 19.637627513206827
255 19.844457106349275
256 18.811425155801583
257 19.67727122607058
258 19.164956408624295
259 18.422658477867248
260 19.106970023620534
261 19.829610577350806
262 18.978342628693845
263 20.226201282990896
264 19.833072504851586
265 20.304214231110446
266 19.981104739985394
267 19.47113503229908
268 19.315380306724506
269 19.353090664015742
270 19.24944388045009
271 19.4747345791901
272 18.79274773508293
273 19.078937408054237
274 19.281690657271124
275 18.810659110886565
276 19.219465791901467
277 18.840228997353677
278 18.920935339405666
279 19.59934379402787
280 19.6517301514399
281 19.15935784434625
282 18.710203113859357
283 19.852498547316614
284 19.1303527514005
285 19.825170059834022
286 19.531809384827888
287 19.243136996765188
288 19.48106733568077
289 19.408697257551015
290 18.9967856906289
291 20.424306136949355
292 20.066422555770437
293 20.100244523970233
294 20.26569131151864
295 19.65022570463883
296 19.500202781982512
297 19.976317548719987
298 19.868559204942038
299 19.490288207901514
300 19.68422955049846
301 19.20766635318336
302 18.48192483146022
303 19.36808791465157
304 18.723460480944883
305 19.530916068837286
306 18.463422046008777
307 19.105971003441702
308 18.317990904232772
309 19.055803142698768
310 19.044544486807983
311 18.567883878875104
312 18.83810665864083
313 18.684167978222305
314 19.131243731860604
315 18.934442281960745
316 18.540435312660417
317 18.986959161289818
318 19.352990019246185
319 19.09566584706449
320 19.088804337490956
321 18.888326860568085
322 19.210981634444234
323 18.561230038254376
324 18.689468246660713
325 19.150020275112013
326 18.772620529206428
327 19.167854699801946
328 19.524760828833553
329 18.53848500340233
330 19.377434925926245
331 18.740200586059707
332 19.16782109926476
333 20.226725022234277
334 18.454952194402217
335 18.718985936535304
336 18.834376043991185
337 18.73954473444678
338 18.693560356470606
339 18.064424168265504
340 18.404517958044416
341 18.434417684810324
342 18.52433054211709
343 18.446832753630048
344 18.233984416585734
345 18.412580986147237
346 18.573100842433337
347 17.640298991956914
348 17.559166564579073
349 18.174696174552363
350 18.05098459872082
351 17.968608014560715
352 17.73482424072403
353 17.75183455641504
354 17.89449529664803
355 17.948388926572765
356 17.656906789728726
357 18.119411962606993
358 18.498379947735977
359 17.64753028725577
360 16.83872304371671
361 17.37326647172477
362 16.33797492176007
363 17.128945741967392
364 16.904628609342023
365 16.762613523341813
366 16.824712863936465
367 17.145138259472855
368 16.631378365218882
369 17.421412542249634
370 17.444736375519845
371 17.995366495612018
372 17.507679235314527
373 17.244620112100034
374 17.471494189985503
375 18.21826534392713
376 17.608816664464282
377 17.98117927209219
378 18.462453431369667
379 17.55188678458644
380 18.265679093710883
381 17.119408985874728
382 16.69774811783502
383 17.59839311653146
384 17.135641825644107
385 16.681894747049302
386 17.379348457721747
387 17.544527916958753
388 17.66529069412109
389 17.700180315749563
390 17.316797134144434
391 16.59908134453036
392 17.140367309629934
393 16.179905888063878
394 16.887882200943437
395 17.697591997888473
396 17.344989339700255
397 17.581347995714655
398 17.094550001167583
399 16.762985636828514
400 17.595807732278193
401 17.68060880724832
402 17.357736349765194
403 17.073270109067632
404 17.675018458314284
405 17.668755468788895
406 17.427841041606797
407 16.668255749208342
408 17.14411674618439
409 16.836260267706553
410 16.76462035799316
411 17.29490233354524
412 17.74297265451359
413 16.239870993515105
414 16.32810889417187
415 16.70908887839363
416 15.976094203753528
417 16.53133715592153
418 16.389159701274405
419 16.600892192828955
420 16.504836162514806
421 17.01213527686266
422 16.55196325734285
423 16.885240751299694
424 17.093482761173927
425 16.51818695102428
426 17.038369383774953
427 17.429928859898617
428 17.12164602195752
429 17.140170405876713
430 16.963760307119912
431 16.338564392277387
432 16.434140735459252
433 16.606177272193868
434 16.24058130018429
435 16.263275055039387
436 15.685912149740867
437 16.822291616922758
438 16.23881730006459
439 15.811926065121979
440 16.69876575283573
441 17.404231371177318
442 16.770587128941184
443 16.46484063995144
444 16.065092331940896
445 17.028740806262956
446 16.92692662076041
447 16.443407130588586
448 16.844407014586533
449 17.68169696220265
450 16.727472471082518
451 15.79520852282319
452 16.825610349471383
453 17.273812491227947
454 16.704690099164818
455 16.53112327151445
456 17.54258131259246
457 17.320973220852313
458 17.630972290447207
459 17.399424567684797
460 17.277724915706397
461 16.39100213819899
462 16.523460991123258
463 16.511002366018236
464 16.54354619443751
465 16.73213467377409
466 16.067560804926117
467 16.417348826149926
468 16.57086833481249
469 16.740723763211783
470 16.252225474679936
471 17.09454711531856
472 16.18171598235301
473 15.40841263696624
474 15.960402953994592
475 15.799312588761186
476 16.26292870971268
477 16.721198283938964
478 15.889445189876964
479 16.26705583758661
480 16.255419291196223
481 15.81307661009372
482 16.095711939143737
483 16.245044257844445
484 16.409650506059997
485 16.18185000088486
486 16.60055126186671
487 17.164285191394868
488 16.87942000712095
489 16.750454564755547
490 15.83805506504082
491 16.15047183086739
492 16.0249102856405
493 17.20956635596445
494 16.6419008546715
495 16.898526689831836
496 16.454032980512984
497 16.59601132391794
498 16.47144143940895
499 16.40374697175278
500 17.315760223761853
501 16.81213166438787
502 16.624539963732396
503 16.339203077619757
504 16.370146168292358
505 15.958545298214606
506 15.742767901449525
507 16.91922151248379
508 16.95032792878523
509 16.35536001812291
510 16.280544658291472
511 15.010392640682316
512 15.938284730311587
513 16.36760188184844
514 16.561866868127513
515 16.546414496331437
516 16.77228497576168
517 16.890217947032234
518 16.353612376563113
519 16.63867776871958
520 16.195424664003582
521 17.277023241659162
522 16.083870756683865
523 16.41498693531526
524 15.83768941767247
525 16.065788719225896
526 15.615632645223346
527 15.300461940043606
528 15.548452364253638
529 14.887987747399588
530 15.462263867614602
531 15.416099020837805
532 15.14895437087687
533 14.92711482337239
534 15.105143269168959
535 14.908891053720621
536 15.215867942316548
537 14.810072959152645
538 14.877533158894272
539 14.63317454327414
540 14.930230525295224
541 14.427068803124772
542 13.235303304216952
543 14.09264848998975
544 14.211179446704822
545 14.726954530100096
546 14.200763423085542
547 14.248888750299374
548 15.338050358812007
549 15.363886940961734
550 15.76126458377726
551 14.853145766803724
552 14.791842323741188
553 15.015610718967716
554 14.678984233960247
555 14.45671453116956
556 14.834350398953482
557 15.977351301644488
558 15.375095564663573
559 15.494757119856375
560 15.704528392421635
561 15.581224093828757
562 14.774351267548413
563 14.107089106504977
564 14.565537616449385
565 14.02032957448045
566 13.337963013834688
567 12.798911193968404
568 13.038216543876548
569 14.080998429060465
570 13.901096445431543
571 13.846395508127356
572 13.58011215236677
573 13.228080574367935
574 13.51182429252042
575 14.199286623829527
576 13.899238255602356
577 13.952305129050478
578 14.020293308536482
579 13.623676045725345
580 13.622672554062552
581 13.693438958793289
582 13.556767426880613
583 13.332566991917725
584 13.249255340999337
585 13.962701558034425
586 13.94314103723986
587 14.024866386334024
588 13.88793350964952
589 14.199189612494486
590 14.029988309303905
591 14.010859561169186
592 14.047718187337443
593 14.486127927862881
594 13.934371451062034
595 13.669704561022186
596 12.735493869713107
597 12.65528543760306
598 13.712760827739112
599 13.521203452534175
600 13.971365887578953
601 14.730322436522385
602 13.536896284312139
603 13.729294594174299
604 13.315931419536206
605 13.904326468960397
606 14.478342344986027
607 13.493194249554733
608 13.257604727795329
609 13.806732451220107
610 13.283328519189869
611 13.477777314049655
612 13.86051897742642
613 13.838472719887772
614 13.826569782816845
615 13.560109038451905
616 14.491154980762785
617 13.952628169745608
618 13.491495401369729
619 13.807592871199391
620 14.217450644915903
621 13.776182025098082
622 13.46757719080514
623 14.301521421004223
624 14.670812345761767
625 14.955198095963
626 14.161403535762057
627 13.748590284490506
628 13.865458868385042
629 14.162642591420436
630 14.489868354198595
631 14.51693894201554
632 15.058025540600072
633 14.913528929709527
634 14.659735236257422
635 14.361553882625417
636 14.577214938893972
637 14.324761867203105
638 14.252702998350987
639 14.67261497245571
640 14.5282332868865
641 14.569442615487674
642 14.499351728452359
643 14.74828116623778
644 14.740574306168947
645 14.149136672086739
646 14.180705682389162
647 13.62804232512325
648 14.718752158568723
649 13.847848324449288
650 14.092360701732552
651 13.477926049972018
652 14.097624089774886
653 13.428645033204573
654 13.774594151637823
655 14.022626104153082
656 14.067472483114233
657 13.824728166856943
658 13.275177995538595
659 14.259608229272319
660 13.309992639428085
661 12.857155098656428
662 13.42272028043996
663 13.854515825239197
664 13.473690967883115
665 13.16427084138384
666 13.85161392664356
667 12.583223014242984
668 13.743575785881845
669 13.673472735964038
670 14.504255513440548
671 13.284944153111628
672 13.854127319094623
673 14.238738405121635
674 13.797251274134062
675 14.318656940868136
676 14.250080741311464
677 13.937846106369312
678 14.252675191194093
679 13.604145000280456
680 14.153043368309076
681 14.818168809468945
682 14.648131285821538
683 13.184394718136371
684 13.473551985596462
685 13.596340541639009
686 13.126615205592719
687 13.605725438241874
688 14.178842990925837
689 14.580496021429855
690 14.789473771960804
691 14.092160257494998
692 14.718596575675992
693 14.03096970695227
694 13.200078034125788
695 13.168721441902292
696 13.783489534829132
697 14.172986080682048
698 15.02855515734091
699 15.033949349750326
700 14.205057482062944
701 14.636048619321922
702 14.054823980087164
703 14.225508163257068
704 14.74014867291643
705 14.620310423695356
706 14.827839139322718
707 14.166903209353336
708 13.911023143954441
709 13.71445577959968
710 15.338439052416925
711 14.428638888956439
712 15.285727536235353
713 14.192115997091156
714 13.8586845408403
715 14.360190549798125
716 13.970586652535083
717 14.43991214576652
718 13.789682592981059
719 14.103423527594034
720 14.38342677878783
721 14.844553292258514
722 14.557847795330575
723 14.076082912581612
724 14.448674346907923
725 14.19024480815292
726 14.146417937540239
727 13.493111634207933
728 12.781419956999686
729 12.560495912083166
730 13.134853567342669
731 14.147746241545821
732 13.799792524241424
733 13.531552717918512
734 13.828729789276984
735 13.60278893139421
736 13.74398329313859
737 14.205544355682639
738 13.92235371884664
739 13.983368132147316
740 14.497097679511189
741 13.93225131822805
742 13.947373715761788
743 13.619554392451452
744 13.747913716752596
745 13.594818853323991
746 13.542090382349768
747 13.867166103993384
748 13.576952919836657
749 13.341816156029346
750 13.847304968882497
751 13.056621184219344
752 13.630310429691185
753 13.24429690958436
754 14.444440388680961
755 14.286066194778131
756 13.36488273192901
757 13.669145354031643
758 13.804389693515875
759 13.627366223560424
760 13.132328240886547
761 13.453912309783668
762 13.339189667561609
763 13.033844061469694
764 13.928660262056322
765 13.135156405731431
766 13.920120219310325
767 12.357449794266445
768 13.012361310160767
769 12.336753406316365
770 12.432645028576966
771 13.769989929891286
772 13.397814258579078
773 13.196326504813403
774 13.818171616057501
775 13.454045600320681
776 13.862824166082204
777 13.522075404606062
778 12.43297341430421
779 12.641208811774924
780 12.931259177054464
781 13.450917038954108
782 13.1089399952043
783 13.074466012670685
784 13.897054923713048
785 14.067230542362605
786 13.198142289813717
787 12.83563280170516
788 12.802659312124291
789 12.707313670834308
790 12.930880771447569
791 12.463037040796458
792 12.497275468093177
793 12.406819747212703
794 13.256572507682689
795 12.914267157938426
796 12.265585895349663
797 12.616793912308768
798 12.890951385554795
799 13.100077257287971
800 12.705773881533208
801 11.785616944942776
802 11.993269077132709
803 12.09701628622754
804 11.280443604998295
805 11.862228415835599
806 10.60318914828179
807 10.135864757560638
808 10.758619622508192
809 11.078796493535302
810 10.90118138153062
811 10.272382670764326
812 10.735693366861307
813 11.443035973534434
814 11.001250347980449
815 10.413480838344071
816 10.71910547909668
817 10.936687950806865
818 10.843201714625048
819 11.01483733662878
820 11.170855997528399
821 11.059184859357789
822 11.327309497138332
823 11.203042178613558
824 10.476884559235762
825 10.4236060830027
826 10.155695726804113
827 10.041489246851153
828 10.515692133856973
829 10.27249100018729
830 10.815672470875764
831 10.06402506560187
832 10.678756969335076
833 10.619146424995998
834 9.868348121918311
835 10.800129425529077
836 9.931527259914258
837 10.840465771855959
838 10.370158013667144
839 10.879817447053432
840 11.332962552810413
841 10.742089457220752
842 11.392647310854585
843 10.167680446492152
844 11.560673337490796
845 10.124756998206731
846 10.097383734347877
847 10.239669142312387
848 11.276364720526567
849 10.585904396350228
850 10.617529250496652
851 10.178495717471124
852 10.187644112337923
853 10.101069922557897
854 10.544496854123771
855 10.296663612533532
856 10.101215796885906
857 9.821877421458153
858 10.187982005408145
859 10.068158244728256
860 10.444587881202118
861 9.462661951661778
862 9.943876357598443
863 9.836648060897108
864 9.403022085509182
865 9.838618223673448
866 9.391998346369062
867 9.581941476204905
868 9.466994585004256
869 9.422686043868017
870 9.438474827500018
871 9.613587646257589
872 9.96977569143322
873 9.581370736314488
874 9.125433687768327
875 9.216359006236218
876 9.934092002104089
877 10.446629665166522
878 10.294299878120867
879 10.369219797999499
880 10.013345069299913
881 9.358642634059676
882 9.107722848282044
883 9.891048237835458
884 9.989802519742156
885 10.00487816152028
886 9.580075983513028
887 9.329757559193654
888 9.978066822463653
889 9.66204616142318
890 9.191425715366746
891 9.610036390625151
892 7.895648204905622
893 7.847562772991798
894 8.731429844473151
895 8.97362959697369
896 8.346884238055537
897 7.702368416643139
898 8.194911060427279
899 7.8063176717945595
900 8.91861134331865
901 8.854892182561569
902 8.283701804894488
903 7.934774668185214
904 8.739469348974131
905 8.39431512689364
906 8.608177212712077
907 7.9023616134078
908 8.28196909330824
909 8.12687342737635
910 7.403259377375726
911 7.782642917328445
912 7.716642506996193
913 7.47449019792603
914 8.300616719408625
915 7.818335699194761
916 7.649261578250684
917 8.01932793318888
918 7.258941218555252
919 8.033783626427725
920 7.157786220353615
921 7.883148023594809
922 7.555376017284367
923 7.416052710117445
924 7.654705411906067
925 7.679599500672314
926 7.713694802404173
927 8.089138155599676
928 8.480494269895301
929 8.268684648230535
930 8.303818535746698
931 7.667956625582555
932 7.843791886774962
933 7.968319495444516
934 6.845753440285451
935 6.648505246785455
936 6.945987034161088
937 7.160523877970219
938 6.870104614085141
939 6.880224553739437
940 6.536570759394307
941 6.165688906511082
942 6.191882391918859
943 6.200238529430558
944 6.168370639916606
945 6.170704611070707
946 6.253448549145915
947 5.420604891015655
948 6.429096932008648
949 6.393559117701875
950 6.738959096648051
951 6.781984653034698
952 7.178033750956312
953 7.037597349057996
954 7.252087481321231
955 6.987424214006044
956 7.063607244428121
957 6.807575719218069
958 7.012639683808287
959 6.807662230384553
960 6.49904058025354
961 6.410977980260465
962 6.793036977874155
963 7.081830223420753
964 7.128550110068976
965 6.95857472833598
966 7.317673772454174
967 7.458554862509508
968 7.5059299939869515
969 6.492125012173642
970 6.660832709474074
971 7.4399785746267835
972 7.182818127450765
973 7.333299475023764
974 7.17222333758201
975 6.722847941411697
976 7.265616372650941
977 6.825293271275556
978 6.935041335367274
979 6.962648688565516
980 6.7451454517544205
981 6.641372856998507
982 7.494774026876579
983 7.623368229219207
984 7.3655475346988935
985 7.188625596416563
986 7.008046795585609
987 6.821115725828772
988 6.893868804659143
989 6.872954141028745
990 6.602028646062204
991 6.400242168947709
992 6.271659214849572
993 7.14324857887291
994 6.503131729028977
995 7.283508754374394
996 6.530132418991112
997 6.587424656308237
998 6.822543803272734
999 7.500740160028381
1000 6.490725379366444
1001 6.3556053552704865
1002 6.800803169966607
1003 6.730421904242505
1004 6.3918453157745505
1005 6.228964593384655
1006 6.855969474555489
1007 7.060923151463282
1008 6.556225672640367
1009 6.646344955001329
1010 7.180043501713903
1011 6.838532267632609
1012 6.389021841775203
1013 6.450348805741629
1014 6.037225925519276
1015 6.019451511263831
1016 6.306225077170727
1017 6.482997082160446
1018 6.431397765417369
1019 6.834702738390985
1020 7.282813972159169
1021 6.789157859274897
1022 6.74684509031946
1023 5.830549302089982
1024 6.352127808338823
1025 6.137158085729783
1026 5.759419840468529
1027 5.220122752432232
1028 5.742888683499278
1029 6.33191742908204
1030 6.883034044523157
1031 5.589047126183687
1032 5.5943904684965435
1033 6.632327736472766
1034 6.345747322698623
1035 6.505988371744959
1036 6.29993422525062
1037 6.276631344448989
1038 5.6144646196016
1039 5.049689873371393
1040 5.485343832936774
1041 3.6981357881752897
1042 4.079824221274663
1043 3.6962775283400875
1044 4.720036649846322
1045 3.397448604616525
1046 3.6465439852939827
1047 3.4810818542901005
1048 3.946468343362113
1049 3.6228878270396
1050 3.316751471532002
1051 3.3732307860027624
1052 3.185452730271781
1053 3.204102343108174
1054 3.377052883100703
1055 3.250776688238442
1056 3.2459733392675054
1057 3.725196572806851
1058 3.2829996172951557
1059 3.2338498534916744
1060 3.071191809573666
1061 3.0862900285000143
1062 3.3168900366418907
1063 3.3512503388913184
1064 3.1437107934427804
1065 3.1384741462780936
1066 3.1090034124081263
1067 3.1578493847010325
1068 3.2324702925948374
1069 3.2431813067795145
1070 3.1815264678866217
1071 3.1873651935623526
1072 3.1983176396238817
1073 3.1364038409973842
1074 3.2792841860327613
1075 3.054352097818977
1076 3.6409380822176227
1077 3.4789693823763685
1078 3.1638309431149563
1079 3.046529730809358
1080 3.3938027258481807
1081 3.2043966969284106
1082 3.111428236864962
1083 3.2154434811830375
1084 3.3278083517677643
1085 3.2125628556916825
1086 3.1422859722970538
1087 3.2656361000636367
1088 3.1819154142243495
1089 3.1802882311999596
1090 3.202731305989888
1091 3.096015821540553
1092 3.3231258463146434
1093 3.233351204398184
1094 3.191297353506184
1095 3.280792351396566
1096 3.2257044775432084
1097 3.1930432628986822
1098 3.2605302195368995
1099 3.1564370781285946
1100 3.355195792349375
1101 3.2092262623168466
1102 3.4336151099930574
1103 3.5489730419702115
1104 3.4144705028670876
1105 3.177752117364733
1106 3.565063388692828
1107 3.358163790280511
1108 3.4158425946281494
1109 3.6488752678831893
1110 3.5073223473058053
1111 3.416300441115142
1112 3.5327824239490613
1113 3.3095252828033743
1114 3.384932197046422
1115 3.47974863503459
1116 3.4655116690710903
1117 3.307248295969445
1118 3.0709942870502593
1119 3.214258013046014
1120 3.212349487112317
1121 3.3536517991621566
1122 3.362698469772272
1123 3.5715799825421324
1124 3.240049522008438
1125 3.1309829283652455
1126 3.2840796918344526
1127 3.066664401306617
1128 3.17022784477842
1129 3.4912650045523748
1130 3.089624082752797
1131 3.229390953039072
1132 3.0669678336691115
1133 3.296300267559921
1134 3.485521148137865
1135 3.2850104626487617
1136 3.3524044652260536
1137 3.255851674593283
1138 3.295439589323175
1139 3.272994072680801
1140 3.1302547593394134
1141 3.3902056735998554
1142 3.191634226620665
1143 3.104164399576607
1144 3.1505600428393654
1145 3.023285808792865
1146 3.3200316108650383
1147 3.5193931002706447
1148 3.43907377039959
1149 3.2449368898519135
1150 3.751952992953903
1151 3.7298218403276815
1152 3.6441664555456907
1153 3.4955096573282147
1154 3.359535047826648
1155 3.5607056543624194
1156 3.494397876874263
1157 3.508507154053878
1158 3.2950422925621528
1159 3.4327532534048752
1160 3.57182786126461
1161 3.3975608916166826
1162 3.3749203564961157
1163 3.3501357750968856
1164 3.079130817414973
1165 3.088678920515304
1166 3.26312018296061
1167 3.273086538435362
1168 3.3373812558731246
1169 3.195432807706864
1170 3.537114763789773
1171 3.25333857438838
1172 3.4260940495627805
1173 3.0681960703595537
1174 3.31541682880545
1175 3.2946079042004435
1176 3.1261706394751205
1177 3.1095958199610947
1178 3.3202664714283987
1179 3.207350369327714
1180 3.0586421356446047
1181 3.2805235368233205
1182 3.3953805735838594
1183 4.083574141458272
1184 3.1859714886728945
1185 3.290142066252654
1186 3.140297802083997
1187 3.4608204293991816
1188 3.509805844354397
1189 3.422711679243038
1190 3.2785268086683597
1191 3.490548108796619
1192 3.6840144476527437
1193 3.3012941010830694
1194 3.377106225676181
1195 3.296148742114827
1196 3.2743901729964655
1197 3.408319258788435
1198 3.474070636683616
1199 3.885288591185592
1200 3.6593077875337348
1201 3.5656947965329935
1202 3.5910822971202023
1203 3.6996398248631217
1204 3.597711683127196
1205 3.648335498554969
1206 3.5740061184956406
1207 3.506253674328595
1208 3.2765514155609363
1209 3.2286992390282476
1210 3.3077403351196613
1211 3.206895363973427
1212 3.2988375454034076
1213 2.9869768954334837
1214 3.2505474791801388
1215 3.253931155647882
1216 3.37126236050606
1217 2.994779673553351
1218 3.414773773957303
1219 3.193596396922109
1220 3.466690126681384
1221 3.5190393767553165
1222 3.4117862894466704
1223 3.30387931325076
1224 3.1610497641323274
1225 3.2163456925193
1226 3.1726193084059524
1227 3.2701166845655436
1228 3.206888729357575
1229 3.237263334518657
1230 3.308826141360056
1231 3.4046407119523097
1232 3.1181134120657146
1233 3.3808494581628974
1234 3.283789789599436
1235 3.3986264285407555
1236 3.211688308142435
1237 3.216429120135909
1238 3.3847945748667714
1239 3.416732778629841
1240 3.61359368045352
1241 3.4669440676021592
1242 3.4157977506291646
1243 3.2107816642666296
1244 3.108694042082186
1245 3.2900415415472506
1246 2.94733450133891
1247 2.9985224452858557
1248 3.4358441707813574
1249 3.110555467862755
1250 3.1753550964944
1251 3.15264949684984
1252 3.4117820129445913
1253 3.4309011702323375
1254 3.289929212644729
1255 3.5234123093299927
1256 3.568202715403493
1257 3.5901971859210224
1258 3.540499941931852
1259 3.4301994676100342
1260 3.499058565797887
1261 3.4031888155339134
1262 3.508653810722212
1263 3.6042071434622316
1264 3.354893659804526
1265 3.446644443324168
1266 3.4792137203335787
1267 3.338973599838993
1268 3.1454009927883226
1269 3.6677573556749485
1270 3.4993488347474275
1271 3.555206610281794
1272 3.5959673839767547
1273 3.4724741321182226
1274 3.7755697608178433
1275 3.271138225182431
1276 3.6149035085933146
1277 3.3679763061641985
1278 3.58143568527089
1279 3.210715342293839
1280 3.234184573727636
1281 3.3673511555492945
1282 3.3668463175269165
1283 3.2827703751491923
1284 3.4912943718633653
1285 3.645746865229923
1286 3.322315493769525
1287 3.4213590323975698
1288 3.2165323469556695
1289 3.5006744688419804
1290 3.464609493441962
1291 3.5897834829731465
1292 3.4372724405357893
1293 3.2438586764378794
1294 3.4369381054085686
1295 3.264172500125409
1296 3.237326270477538
1297 3.3945279571483615
1298 3.388299748255248
1299 3.208496140859089
1300 3.3266407600501218
1301 3.223084903596855
1302 3.2282427661282385
1303 3.034401608768153
1304 3.0058003072972133
1305 3.3734979168761683
1306 3.475666082333247
1307 3.314514090042241
1308 3.1956132917955276
1309 3.2978855685631676
1310 3.837059477724927
1311 3.601307775663568
1312 4.437155762129847
1313 4.617269562830674
1314 4.756908140053597
1315 4.718246766770193
1316 4.7397038758000285
1317 5.420911736571397
1318 4.99134504993731
1319 5.573276973886372
1320 6.032275907830512
1321 6.005139490143356
1322 5.69893466997989
1323 6.181772761084165
1324 6.122311561595111
1325 6.154663140972735
1326 6.06117384247495
1327 5.857998256906411
1328 6.289774608743504
1329 6.218350489926353
1330 6.599411124530267
1331 5.455851745094302
1332 5.575853540759494
1333 5.9716868763748
1334 5.989573332580504
1335 5.7844480335244635
1336 5.691784648173251
1337 5.352601775430766
1338 5.262194392542666
1339 5.856072427825737
1340 5.379389483039625
1341 5.214560949788009
1342 5.650041926582438
1343 4.903955650154464
1344 5.173776681387501
1345 5.11475552961578
1346 6.251056171895966
1347 6.973655859204686
1348 6.222431541162505
1349 7.2027130172805816
1350 5.586829794787016
1351 5.953282424588273
1352 6.076637939988244
1353 5.990352637772356
1354 6.662552442559081
1355 5.986665508272825
1356 5.818383701806809
1357 5.532605404524958
1358 5.391005552713464
1359 5.602124007667298
1360 6.151930068145631
1361 6.285319067120302
1362 7.274875906970872
1363 7.303837501298293
1364 6.873783491524348
1365 6.272383428737688
1366 6.846673853821197
1367 5.929086934375547
1368 5.906875106181941
1369 6.644576022792836
1370 6.469696672822121
1371 5.870729799012665
1372 6.199483020838671
1373 6.437567533436559
1374 6.286847793361486
1375 5.493068390679792
1376 6.4636437424548605
1377 6.958812194376577
1378 7.3100989970400985
1379 7.4483456512230655
1380 7.168719284031753
1381 6.600222054051973
1382 7.0889318667921755
1383 7.419407395991521
1384 7.564046880239317
1385 7.1121777082365005
1386 7.127715207453282
1387 6.554455960923617
1388 7.487668595020447
1389 7.057812183156305
1390 7.260922646601095
1391 6.3133985298171105
1392 6.643384188598965
1393 6.5521973159201
1394 6.405340898611809
1395 6.224157436497371
1396 5.816362878088928
1397 5.251013553892154
1398 5.912569675704639
1399 7.373782464664547
1400 6.627267756239973
1401 6.848959889555105
1402 6.410616620493268
1403 6.810247299565751
1404 6.483172966518663
1405 6.4293967445293045
1406 6.893873474111606
1407 6.372078650927115
1408 6.757461955862366
1409 6.818910530680837
1410 7.001921985590956
1411 6.123383137836304
1412 6.459661234340035
1413 7.11835014865242
1414 7.0803686966525525
1415 6.90674164623888
1416 6.591249903034814
1417 6.43675628951712
1418 6.369930889622489
1419 6.4881291074304785
1420 6.379540747351165
1421 6.574595360363263
1422 6.027888785254615
1423 7.521909413069041
1424 7.198321704046906
1425 7.308826815468396
1426 7.03165313688353
1427 7.4207026737375745
1428 6.9234190229866375
1429 7.3946686182607095
1430 7.224402589850681
1431 7.522347752460406
1432 7.999070704055494
1433 7.419561500570077
1434 6.55907133283569
1435 7.377236847016419
1436 7.370541075033004
1437 6.981720517193126
1438 7.159479495354796
1439 6.473665129709161
1440 6.9204231855350615
1441 7.611874784343989
1442 7.242845965752283
1443 6.789392748566274
1444 6.217150752623069
1445 6.406062058867049
1446 7.055532699958603
1447 7.4971236957590905
1448 7.595116249476873
1449 6.33842726604579
1450 7.10158201868061
1451 6.800786551329468
1452 6.223212486328613
1453 6.744948924306523
1454 7.410744563213257
1455 6.767916114150338
1456 7.8472540784201925
1457 7.472313548608095
1458 7.1454314406463775
1459 7.371917377072679
1460 8.284202477116859
1461 7.456875534446635
1462 7.121099019440704
1463 7.3588669244113385
1464 7.181244584624949
1465 7.0256361755399945
1466 7.198008197903052
1467 7.477969274977289
1468 7.082642377848488
1469 8.146134309096416
1470 7.4578880622801025
1471 7.087496610429871
1472 7.280135947834298
1473 7.572027747142687
1474 8.538948304677698
1475 7.298435744960929
1476 8.19380453221809
1477 8.385331880420576
1478 8.07815248552201
1479 8.080714272263643
1480 7.267319082442859
1481 7.202189476068775
1482 6.8041686513328905
1483 7.028942280158612
1484 6.2985228975652925
1485 6.847710378245378
1486 7.0066097717661
1487 7.062453501740392
1488 6.767291158069061
1489 6.909160206325088
1490 6.8450601255431
1491 8.013949646661723
1492 9.426693110848282
1493 9.574080223452869
1494 8.737617639270075
1495 10.760503017378298
1496 10.992931110053858
1497 11.836419384319814
1498 11.74103946672346
1499 11.437234143669157
1500 12.259020524723121
1501 11.417066208003748
1502 11.52950619411345
1503 12.73421130194015
1504 14.014947028818485
1505 12.699740190586063
1506 13.356621403443066
1507 12.380777728119728
1508 11.346942894919776
1509 12.942869808379745
1510 12.399416873156776
1511 12.546145288932632
1512 11.947408624494612
1513 11.269827170342023
1514 11.808471418441895
1515 12.238134040287308
1516 12.444713842659738
1517 13.224252544547532
1518 13.620979760485751
1519 12.762740501347327
1520 11.656909014936666
1521 11.410616555858958
1522 12.342137336603278
1523 12.23520457954816
1524 12.710257972765916
1525 13.263147662394244
1526 10.928728993877604
1527 12.857410377855533
1528 12.110080582730552
1529 12.891571662013238
1530 12.805754011417518
1531 12.699878946875403
1532 13.463822341738673
1533 12.369217932292395
1534 13.04760331459159
1535 12.722609264506696
1536 13.015531424129456
1537 13.548303064507518
1538 12.785101167992172
1539 13.762542059948478
1540 13.468119474256275
1541 12.933323167900836
1542 13.155998575727468
1543 12.577132664193211
1544 13.123569430397808
1545 13.89314721491298
1546 14.350825971461534
1547 13.54982668257568
1548 14.091860283986307
1549 13.503730910791756
1550 14.043522282587798
1551 13.23667214244179
1552 12.685128536931495
1553 12.866152880572825
1554 14.64806368519211
1555 15.864623647445896
1556 14.35382830323284
1557 14.418743380799317
1558 14.623236870813797
1559 14.511672205846883
1560 13.932943825465752
1561 14.936671480896752
1562 14.880835757346837
1563 16.1891606648481
1564 14.732846998352706
1565 15.114040191625516
1566 15.396990979771079
1567 15.401166143710439
1568 15.833319743826369
1569 16.270165460864423
1570 16.732576493339256
1571 16.48465049056334
1572 15.698516602515635
1573 16.04046728371671
1574 16.44228154135274
1575 16.439847771304898
1576 15.9272808521648
1577 15.560343861369306
1578 16.40617810129169
1579 17.002214609022857
1580 17.088706525616672
1581 17.19117652725943
1582 16.169955975626614
1583 14.435320140794172
1584 14.719868562786026
1585 14.445961398085064
1586 14.53331853373866
1587 15.02792137697175
1588 14.82258577454717
1589 14.731801427618965
1590 16.608820389844187
1591 15.649890031713747
1592 15.686487370855392
1593 16.29189404835217
1594 16.437587543612675
1595 17.77408978435696
1596 17.79573394773793
1597 17.66747297459156
1598 17.347033856745377
1599 17.224093731083865
1600 17.00846444008898
1601 17.23178975827469
1602 17.671208020997412
1603 18.24042269345597
1604 18.687085965042147
1605 18.730978130639823
1606 17.835284703754528
1607 17.25602516612747
1608 17.54794596239932
1609 18.656994319078848
1610 18.057320942020496
1611 18.026181531701926
1612 17.8339696546377
1613 18.337922476611208
1614 16.76529602743277
1615 16.665844449805853
1616 16.755655899094066
1617 16.158208228453738
1618 17.218865336234984
1619 16.591485597869113
1620 15.630156573390899
1621 17.081359221360945
1622 16.481620292374547
1623 16.62043749490926
1624 15.294544816407189
1625 15.568564841535478
1626 15.51008602174198
1627 15.832618398255809
1628 16.01392318329872
1629 15.973327483108289
1630 16.23589828696213
1631 14.889984069860594
1632 13.285225208929159
1633 13.718794873870293
1634 15.711255842276229
1635 14.592403768859006
1636 15.338618609199651
1637 17.075180083947863
1638 17.466492346614952
1639 17.221347588041635
1640 16.50117440992057
1641 16.156681225971546
1642 16.259396705678274
1643 16.60738772248726
1644 17.313570780160166
1645 16.88310845693895
1646 16.701734109789715
1647 17.25003868681987
1648 17.191455891058173
1649 17.561393579889383
1650 16.626621107917003
1651 16.260281437397122
1652 17.423529559988847
1653 17.782243363330355
1654 17.294322799045954
1655 16.510878755661487
1656 16.673868727249634
1657 15.92205057099466
1658 16.301937675732535
1659 17.277967167974026
1660 16.70440748623555
1661 17.01071848391267
1662 17.00346688927313
1663 15.555224112910485
1664 16.612954513091818
1665 16.88809091969506
1666 16.391160151767703
1667 16.31982855457676
1668 17.040709508459404
1669 15.887098693525155
1670 16.01294584483759
1671 15.974147081516294
1672 15.729859313882852
1673 16.786340540149705
1674 17.51411341461831
1675 17.394997831991528
1676 17.270942996428374
1677 16.798149716041323
1678 16.820887657700343
1679 15.83206774370717
1680 16.372673653766334
1681 15.761474353645411
1682 14.914492154288972
1683 14.568884309221605
1684 15.61540312304766
1685 15.390570522875155
1686 15.316413450885104
1687 16.175823532309444
1688 15.852146741110014
1689 16.307995263084546
1690 16.79995915912361
1691 16.486648065993652
1692 16.872647691137935
1693 17.26389448298538
1694 17.377211655433477
1695 16.70463563139192
1696 16.66186768276338
1697 16.584747800079516
1698 16.692537689541478
1699 16.913971242987042
1700 16.983335936249375
1701 17.48471211996721
1702 17.422738227952387
1703 17.957387601022823
1704 17.46253646186105
1705 17.42403742653609
1706 17.398086695761126
1707 17.70708436458131
1708 18.810172762029755
1709 19.255360432626947
1710 19.012893503430117
1711 19.98098167811556
1712 18.62355533355992
1713 18.190122164535108
1714 18.160949060280576
1715 18.689886071313754
1716 18.383417645133854
1717 17.526055513897404
1718 17.33778335636323
1719 18.097229199962857
1720 17.497753598555853
1721 17.42613325540514
1722 18.150007465848578
1723 18.784350873183122
1724 18.857450173594046
1725 19.71450332857058
1726 18.89190796775601
1727 17.92250029730553
1728 18.063556845421036
1729 17.92660882127065
1730 16.77980671878162
1731 18.355302130684667
1732 18.793799627830587
1733 19.488789645896215
1734 18.824625432483206
1735 19.506380025427937
1736 19.678510084564596
1737 19.085573532597245
1738 18.729776982981264
1739 19.99389862470985
1740 19.987897634284618
1741 19.77601653251533
1742 19.991320370434757
1743 19.630098862476665
1744 19.63989180633971
1745 19.910862281450747
1746 19.942762197273513
1747 18.915917216853774
1748 18.616093115334884
1749 19.219758795422823
1750 19.147671726388143
1751 19.858656834664497
1752 17.68331479667122
1753 18.60929299807968
1754 18.02619709492995
1755 17.352675258730486
1756 18.837423513765312
1757 19.5675391014201
1758 19.852047151808677
1759 19.694815317172328
1760 18.99254481024624
1761 19.70355710144806
1762 20.116319340984383
1763 19.83165431974732
1764 19.571923966323997
1765 19.68200617959973
1766 19.532724670307076
1767 19.51134820477264
1768 19.113492689625836
1769 19.626184372742088
1770 20.33138097820156
1771 21.106862497851047
1772 19.71728390676841
1773 18.80029980956296
1774 19.091472385639154
1775 19.623175601954692
1776 20.51531099062631
1777 20.088893116514573
1778 20.74681195992472
1779 21.465740768550813
1780 20.87582264749355
1781 19.998126551562166
1782 20.687153849445654
1783 20.582085091254957
1784 21.097195829367653
1785 20.991735212540604
1786 21.9292260608458
1787 21.86860468288295
1788 21.436842919295017
1789 22.62051230701022
1790 21.094952056899984
1791 21.553752751955727
1792 21.08309914685012
1793 20.672190906123753
1794 19.926164966150342
1795 19.89251795316971
1796 19.99628084587494
1797 18.754132043359792
1798 18.754666171238846
1799 19.411214121639834
1800 19.558958775030565
1801 19.510727177651514
1802 20.4137660513725
1803 19.757885088728795
1804 18.79361297681294
1805 19.452229961298432
1806 20.093100580893882
1807 19.562311117941995
1808 18.970900709618885
1809 17.459257095409615
1810 16.994214320341925
1811 16.837424114489394
1812 17.43430378182507
1813 16.804450781926484
1814 16.359964839913385
1815 16.278727758554417
1816 14.965461079431753
1817 15.453155658195948
1818 15.412429392166622
1819 15.879532382646723
1820 15.56225028294122
1821 15.86987244008949
1822 14.764831592204875
1823 15.884465670256535
1824 16.59172558421039
1825 16.442820919917818
1826 15.773019711329697
1827 15.762184775557738
1828 16.537346985620864
1829 16.46606536689421
1830 16.430550875056994
1831 16.140241683207854
1832 17.26285363463673
1833 15.838111072686084
1834 16.87489193648795
1835 16.71964171063551
1836 17.296706821018873
1837 16.155369736014965
1838 16.979152214489055
1839 16.68963024237143
1840 17.147505398712624
1841 16.7610002342047
1842 15.665328883822257
1843 17.01599160287338
1844 16.488532000190816
1845 16.233065567964857
1846 16.163438433733084
1847 15.431620207227455
1848 16.202909027584415
1849 16.163011440707677
1850 16.541850897292935
1851 16.43933617651369
1852 16.199904722073022
1853 15.465384857018096
1854 15.214432438459111
1855 15.86705196089063
1856 15.9148395564466
1857 15.976617678252644
1858 15.807996190159256
1859 16.35234543510174
1860 16.64256441702234
1861 16.593630425734883
1862 16.150012513434383
1863 16.613152851042923
1864 18.284996283393944
1865 18.201347286700113
1866 16.892698162903084
1867 17.733984530077375
1868 16.808097626509387
1869 18.30329101755751
1870 18.260994331084298
1871 17.38275122866701
1872 16.679145389683832
1873 17.444802725370135
1874 17.861725178126175
1875 17.893941678036892
1876 17.42581957068615
1877 18.06464040523802
1878 18.109318397853375
1879 18.371525241089753
1880 16.569187152713003
1881 17.267860861267863
1882 17.409602598027977
1883 17.812726704418804
1884 17.169452432559503
1885 16.778976210018854
1886 16.112629638695374
1887 16.20933300479261
1888 15.876840592869977
1889 16.881368158621076
1890 16.994332181844012
1891 16.619351092699162
1892 16.83621124609622
1893 16.633908926849678
1894 17.468218147557376
1895 17.73219951926919
1896 17.328963538690154
1897 17.451634336200225
1898 17.19288228884456
1899 17.47093396572549
1900 16.849257939181353
1901 16.48663133202993
1902 16.268294538638866
1903 17.054240124011745
1904 16.685935463441005
1905 16.702427277574607
1906 16.806221184842904
1907 17.04702414317311
1908 17.057243755448773
1909 17.899106767585486
1910 18.25897803008501
1911 17.54451831178236
1912 17.629215104414
1913 18.19097896136368
1914 18.291412684326517
1915 17.87058276377889
1916 17.55745385789357
1917 17.67169881134771
1918 17.684635513527947
1919 17.79780819049791
1920 18.826619313860235
1921 17.535084765080754
1922 17.99006418363636
1923 17.500178944829276
1924 17.861202041119526
1925 17.536047057337157
1926 18.175135391553898
1927 18.90603545485548
1928 19.38881142491661
1929 18.609903830246996
1930 17.52183349274892
1931 18.601139508158532
1932 17.20777606295259
1933 17.823656109826324
1934 18.182150250581483
1935 17.460688782676012
1936 17.40791094285514
1937 17.109703620241064
1938 17.04637035158681
1939 17.811438535545655
1940 16.952105593693084
1941 17.866191943631307
1942 18.606033315677415
1943 18.423354785624397
1944 18.306446912945376
1945 19.980331298340392
1946 19.22229271971339
1947 19.51833127121357
1948 19.483960350454918
1949 19.242653996205494
1950 18.609243330655428
1951 19.85535359722166
1952 20.33642582766759
1953 19.433460326290753
1954 19.84866842083803
1955 20.587417509785304
1956 22.333008319484478
1957 22.8360042763423
1958 21.337634630589577
1959 21.558030480002216
1960 22.31657048113564
1961 22.369390982917274
1962 20.767026086067244
1963 22.31895464422532
1964 21.942186724772743
1965 21.92429945994418
1966 21.70577062503716
1967 21.040063100225456
1968 21.92118977632484
1969 22.73052438342019
1970 23.9574539475052
1971 24.906621655443217
1972 24.356074579907748
1973 24.422332355876097
1974 24.344548359923333
1975 24.45012175127167
1976 24.8050394798542
1977 24.82091060462145
1978 24.74662524874411
1979 24.50211329851036
1980 25.02059017580531
1981 25.67854095608002
1982 25.65918150178931
1983 26.26704356183561
1984 27.316908672579054
1985 27.35360459639153
1986 26.29994644767508
1987 26.914454154715667
1988 27.67256666885476
1989 28.18789783702417
1990 28.74518224676954
1991 27.986215556606385
1992 26.936000055016567
1993 26.83869598126289
1994 27.201878789370788
1995 27.604092528848767
1996 27.362686451075472
1997 27.193512514437884
1998 27.65185525962021
1999 27.23320943602219
