0 21.192227849554225
1 21.78554727691118
2 22.533397481053203
3 22.295679270747303
4 21.181469869553172
5 21.800227348604093
6 21.49975622125933
7 22.176107041842048
8 21.777530070761575
9 22.163968135908842
10 22.04992994920149
11 22.214324345063943
12 21.672304248474063
13 21.104448937751673
14 21.62165437558544
15 21.769204661431687
16 23.006745966317176
17 22.27451276738625
18 22.313052570348102
19 21.745672682318382
20 22.114761416241116
21 21.682081838148378
22 21.832200157450544
23 21.355370998610347
24 21.250154790602974
25 21.822428993170178
26 21.228216934220026
27 21.96136120914169
28 22.696270917826972
29 22.19596770522211
30 22.43195460321374
31 22.320152284625674
32 22.167560729704984
33 21.564014280727182
34 21.314277061188637
35 21.819501224262932
36 22.494033234454385
37 22.60742183464529
38 21.81204330954938
39 22.75899265458772
40 22.14273359192748
41 22.60764518394339
42 22.556460570558034
43 22.880654927573794
44 23.393018781899414
45 22.963275146467257
46 23.62673992844416
47 21.745374758116547
48 22.212657001619096
49 22.327015628595237
50 22.65376528710163
51 22.295459421498183
52 22.983521282094458
53 22.452467392002298
54 22.050360704263127
55 22.111378056368213
56 21.761138413616628
57 21.55987820989405
58 21.85079205278832
59 22.273544747041093
60 21.780735533264497
61 21.43833416038994
62 21.52029806710733
63 22.22993444641332
64 21.26137164811519
65 21.956288822597546
66 22.154637381994426
67 21.903062404289624
68 21.96022766279323
69 21.676932994996207
70 21.830175830913994
71 21.7972042705264
72 21.753531041445054
73 21.291506925109857
74 21.46905081758744
75 22.525667645385198
76 21.968430099135443
77 22.141180206745503
78 22.060311322494314
79 21.612944867952997
80 22.527243389566255
81 22.002342517033917
82 21.596043947405832
83 21.48874852102462
84 21.214231657334363
85 21.362357843761668
86 21.95166897924406
87 21.796478135110444
88 21.985813888622022
89 22.215867517704307
90 21.803794311251878
91 21.198186602101963
92 21.950654961247462
93 21.416027025139382
94 21.039775371896546
95 21.91644711869855
96 21.216428810133465
97 22.17067096270466
98 21.70895682976061
99 21.699583446537375
100 20.944266487092627
101 22.021584884223195
102 21.676632828397082
103 22.08835963796225
104 21.532606902070683
105 20.7529637016088
106 20.766309885429408
107 21.117128380344614
108 21.116231285249135
109 20.79302441688178
110 21.18705336199328
111 20.901882168600977
112 21.288426276899138
113 21.422153710213262
114 20.736484558674096
115 20.53203187577764
116 20.312311730650407
117 21.286861840524658
118 19.934844998121083
119 20.49880659465428
120 20.345270439582567
121 20.98445624488766
122 21.015296539379456
123 21.590100901044238
124 20.93999429397539
125 21.38804463359445
126 21.542450246456543
127 21.17400224721414
128 21.5749180321319
129 20.98812966972667
130 20.672633071545384
131 20.65460682498451
132 21.404070465465622
133 20.8873878550381
134 21.056653032548525
135 21.84229451705669
136 21.267032317476744
137 21.801747673635724
138 21.254894059704874
139 20.63282723187389
140 20.61871416624533
141 20.5260258407843
142 20.09351361007451
143 20.56021942333913
144 20.319592870194004
145 20.322102637201283
146 19.752668156852963
147 19.856759031715306
148 20.29806258835498
149 19.22861178205557
150 19.814558148882227
151 19.67092777476591
152 18.90351618138166
153 18.90676367499519
154 19.119823190328898
155 19.069826805843146
156 18.2064440605357
157 18.279661124064106
158 17.729365437374383
159 18.563483762417707
160 18.581753969952487
161 18.077952334373613
162 17.149145876074968
163 17.50027376339579
164 18.387274494336047
165 18.547175642689297
166 19.03094685764775
167 18.816449885897235
168 19.323860637044834
169 18.625795155302885
170 18.120339269902956
171 18.043091836744
172 18.01095136822361
173 16.621361203895216
174 17.128547469368154
175 17.415027351636223
176 17.488580349320152
177 17.21604267918629
178 17.240020349670218
179 16.060538638563894
180 16.952952130383117
181 16.901884060096158
182 15.93513449974986
183 17.085797274351663
184 16.997501676814718
185 16.563050155618058
186 16.92656894703136
187 16.79650411452781
188 16.22568886880427
189 16.707314217921077
190 17.883091450410767
191 18.249027661843655
192 18.094184001996584
193 17.471479893303435
194 17.71665189456467
195 17.040501693039836
196 17.14072681269873
197 17.994874960227232
198 17.06480024489964
199 16.870129164365572
200 17.024854278845467
201 17.89515942411744
202 18.13010782743276
203 17.650428308052188
204 17.910272730792606
205 17.09834253607916
206 16.943102192708913
207 17.116193664685884
208 16.635333500828956
209 17.032299183272727
210 17.75514102678809
211 17.411672940996247
212 16.268156207933668
213 16.485491308744344
214 16.10807460476453
215 16.409869672587494
216 17.13361024461427
217 15.75460975667853
218 17.49005407400218
219 17.591978214428494
220 17.085687933140626
221 17.52523906728026
222 17.32808547063134
223 17.77450632381202
224 16.330159620352767
225 16.358696161494823
226 16.12420282843068
227 16.317315417378687
228 16.14445422212297
229 17.219775460084815
230 17.921470806704637
231 18.17265875822652
232 18.23264002014579
233 17.41019612691984
234 16.90714878032203
235 18.062839527372997
236 17.272597750883524
237 16.68151768664153
238 17.240702398151615
239 18.213929728583
240 17.608868032164498
241 17.753624437487854
242 17.467409749142725
243 18.973092218924023
244 18.68572929135798
245 18.929310690070626
246 19.05625974025108
247 19.767071489215056
248 19.200948703876264
249 19.59922887306497
250 20.013629366978897
251 19.550072285462374
252 19.552478171165745
253 18.818073223083374
254 19.336778685618487
255 18.485941750749195
256 17.679176950265763
257 17.160233195687386
258 17.407137137675587
259 17.923933309858537
260 17.84723777282113
261 17.679888585206292
262 17.084842967185395
263 16.71624001705515
264 16.82430659878969
265 16.239083442361473
266 16.61882551629391
267 17.042116191070658
268 16.886453140602825
269 16.642092469200644
270 15.432583976901627
271 15.998725137111744
272 16.10177951914682
273 15.30307287603688
274 15.715780525672963
275 15.093857345477348
276 15.563448072058705
277 15.87495664563904
278 16.281582378632685
279 16.400109212751868
280 17.183642787267438
281 16.53457578979119
282 15.80255222147765
283 15.95728860849364
284 16.8134122351883
285 16.41136131240322
286 17.239205217262157
287 17.079118766613213
288 16.48758862110898
289 16.722727606354567
290 16.447370409448066
291 16.84687739835309
292 16.770904899574248
293 17.229793351254457
294 17.00628179974274
295 16.675551110392323
296 15.787259438537378
297 16.43835707722202
298 16.4276252804512
299 16.721209701097557
300 17.409547904318373
301 17.306722360744338
302 16.814541679450617
303 16.80565583145869
304 16.824809062893728
305 16.086015719589852
306 15.001526617737433
307 14.511416179588819
308 15.144779636684937
309 15.4863383707158
310 14.336465916041291
311 15.436687778389034
312 14.817010743420942
313 15.320312646067563
314 13.909555918734121
315 14.26658696284131
316 14.17546046673074
317 13.139890492103229
318 13.88894878682565
319 13.851851844808566
320 13.952739857491927
321 12.960752981239619
322 13.377146989957772
323 14.48049289668589
324 13.73010633389942
325 14.305019135173263
326 14.537251423812029
327 14.465731977027735
328 14.24880365485294
329 14.553605246120467
330 14.83420163742684
331 14.283740094540862
332 14.361641912506204
333 13.360338386544012
334 13.566932184761994
335 13.165455675241732
336 13.250174661127511
337 12.2525400483337
338 13.066775401470936
339 11.51853682132034
340 11.58171114713238
341 11.546878819354149
342 12.355839076102015
343 11.527731798559644
344 11.183164862646851
345 11.904744174786563
346 11.429619713516011
347 11.296832032860891
348 11.602922430967778
349 11.734423813252263
350 11.445378271104174
351 11.27821117073923
352 11.67892247252473
353 12.299877215561294
354 12.586467586034365
355 12.094527527747243
356 12.546215539865575
357 12.260605116333956
358 12.086927749068682
359 11.407548705116563
360 11.158958325770168
361 10.836065542540604
362 10.401207273549574
363 9.623914290322606
364 9.898418411656595
365 10.261180879642096
366 11.436906452376757
367 11.769852996377919
368 11.388312838593587
369 11.37850027135933
370 12.697409644647173
371 11.690542654731793
372 12.775323059963704
373 11.892529407629603
374 12.449895266365795
375 12.724340609875668
376 12.6305689715691
377 11.939952259461691
378 11.333309586216085
379 11.560453844711569
380 11.397020855026325
381 11.738061876693457
382 11.50132857186596
383 12.454762510152568
384 11.929182538408904
385 12.193691274551758
386 12.010792575859059
387 11.878592476824716
388 12.436361160269884
389 12.177590638627397
390 12.791846461245044
391 12.652680654365847
392 12.28288501500539
393 11.934041214839018
394 11.441496675449859
395 11.935774677445696
396 12.390929155175817
397 12.57968490009071
398 12.433794664935702
399 11.300549427068075
400 11.973691663167303
401 12.942993096874456
402 12.637440826524353
403 12.464992168965901
404 12.833888231877088
405 13.039338282931412
406 13.316717802071855
407 13.148331191128865
408 12.952713686757118
409 13.348986889166204
410 12.764395111985067
411 12.556143438092638
412 12.23509010901735
413 12.251511677995865
414 12.716041903553647
415 12.03612482896738
416 12.169289171572553
417 11.88390632534969
418 11.639407669905706
419 11.722419184777676
420 11.215599882929457
421 12.260063628025886
422 12.25093534766993
423 12.320684166876037
424 12.76868377664678
425 12.543104553844696
426 11.601875255724545
427 12.100292241334744
428 12.393928020423724
429 13.346788499666276
430 13.72254528538491
431 13.509888747218348
432 12.389649404569521
433 12.467188528122753
434 13.100227829834253
435 13.85047240855097
436 13.4781804912555
437 13.139028317967222
438 12.989459111035288
439 13.004464224483307
440 13.176209601196732
441 12.463170378767165
442 12.840337896026965
443 12.26448970055734
444 12.03551534506904
445 11.744471397506173
446 12.664608833797733
447 12.57945872416749
448 12.061233085342211
449 11.680983128900648
450 11.272538562269741
451 11.636108066710175
452 11.822221439868475
453 11.396126348911961
454 10.605598619543942
455 11.379874267109194
456 11.360465679052721
457 12.252176047112993
458 11.307214769259218
459 10.993501057312994
460 11.901820761530002
461 11.053220831406891
462 11.079281045075762
463 12.140266561920914
464 11.12589194002342
465 11.825327100113093
466 11.292519438712864
467 11.978622310933462
468 11.016655670509014
469 10.844857864871633
470 10.867500887947054
471 11.556038699946745
472 10.973739013932423
473 11.227489231203835
474 11.874522153403975
475 11.62072512044842
476 10.744084336657995
477 11.263055324130121
478 10.67318109039727
479 10.990244219343637
480 11.26598455840639
481 10.58914967492098
482 10.44421312741709
483 10.550576278245824
484 11.58172269665591
485 10.655294436974728
486 10.959226122080906
487 11.36908190597886
488 11.432215077554254
489 10.914937378343309
490 10.612211681235246
491 11.235910041026289
492 11.426012298470022
493 11.468794311388763
494 11.701138991540946
495 11.885786248318675
496 10.81871986428464
497 11.073396270946242
498 11.799802924241945
499 11.79930890016363
500 10.000466496828153
501 10.597693557975788
502 10.694804746182093
503 10.56517043015012
504 10.814465553397536
505 10.788267396947889
506 10.594360774584382
507 10.664993370689528
508 10.977718489088675
509 10.696308000685178
510 10.780012023229101
511 11.14779379313751
512 10.439623677923281
513 12.06315885216216
514 10.81873583199232
515 10.946161407991855
516 10.542443407985488
517 10.930223037960904
518 10.907594467912201
519 10.807913438779481
520 10.596232532576238
521 10.960551376567535
522 11.084356770169611
523 10.877061031700789
524 11.388549869539503
525 10.735773345102995
526 11.565177561790321
527 11.360339362458864
528 11.765807269458195
529 11.193267034383458
530 11.42108862200779
531 10.856331127109108
532 11.294000743433594
533 10.787570636341657
534 10.556230535473654
535 11.108424133823224
536 10.414398319903691
537 10.759350060384056
538 10.914997468882444
539 11.046326402487084
540 10.327890586453261
541 10.542535920730964
542 11.219285095810278
543 10.326066766425543
544 10.102684546841315
545 10.018374976068705
546 10.626253546269941
547 11.357165904862
548 10.984322110795048
549 11.839036644637337
550 11.30099365822975
551 10.925110016691725
552 10.53280811572993
553 11.253771957613553
554 11.030992620049835
555 11.599929108359749
556 11.155277365887347
557 10.91256957856312
558 11.410772256336594
559 10.73314409482127
560 10.922729798848232
561 11.578692413747675
562 11.46596926595414
563 11.688866605791045
564 10.976647508520161
565 10.439081735675682
566 10.99890916637804
567 10.313893663844317
568 10.569522564413113
569 10.158333100197071
570 9.839285035564528
571 9.330345920714931
572 9.752326189711754
573 9.470048999651887
574 10.438494998139374
575 10.052990292265784
576 10.099463078600412
577 10.773125645043118
578 10.579855561855057
579 10.673344327042715
580 10.522390608553216
581 10.559834557339443
582 10.687769149238953
583 10.394057296005446
584 10.289914310563649
585 11.259287426236927
586 9.694867070562474
587 10.344043941678878
588 10.016816695201236
589 9.975465994794488
590 10.156976663786516
591 10.457981476250994
592 10.054803870385795
593 10.016885198498018
594 10.68472336321956
595 9.583639078417537
596 10.267894046319588
597 9.98559126134705
598 9.297036979125814
599 10.203117061954929
600 10.191232777074484
601 9.299062442288337
602 9.9553738734725
603 10.19675885922442
604 9.122469954238444
605 10.566914614838671
606 10.634382378283618
607 10.581366099494442
608 11.265694922257708
609 11.010532950132824
610 10.827605526856368
611 10.367336601680579
612 10.45202257973362
613 10.10950328051564
614 10.713663341894001
615 10.268881423594996
616 10.92912808291895
617 10.829389464404196
618 10.112993349579515
619 10.111343073612986
620 10.10293232698021
621 10.158526377881094
622 10.496105356965645
623 11.650691309510306
624 12.14125503087808
625 12.68960631105155
626 11.702803172744666
627 11.842203950945486
628 11.824825662128253
629 11.385851848380506
630 12.120416387778064
631 10.964021179451922
632 10.005406818288158
633 10.953602452306452
634 11.032886801645297
635 10.794803426618651
636 10.737762580657977
637 10.87594596430654
638 10.062756095008952
639 11.36615580270936
640 10.71469069537114
641 10.461994625481625
642 10.318261290033183
643 10.451243192723604
644 11.411986126608985
645 11.747376519977305
646 11.576551103340336
647 11.190121091383611
648 12.021866116111958
649 11.472048823690779
650 10.691644849969776
651 11.285791856458896
652 10.79707175712913
653 10.971086038206952
654 9.960241988696572
655 10.178759080770819
656 10.500149957929494
657 10.254001970683795
658 10.181551383604678
659 9.950012079963356
660 9.76351912560668
661 9.868871782807574
662 9.965334951276462
663 9.49635293176537
664 10.216849571867094
665 10.996560597676986
666 10.112141978860109
667 10.46335342733288
668 10.522271056687025
669 10.124666632639096
670 10.732036869263757
671 10.304885942941597
672 10.725609815279695
673 10.807675111624857
674 10.948523267455561
675 10.250074927807562
676 10.79712832658085
677 10.579480315706075
678 10.146535870560568
679 10.064369371396937
680 10.46284745447524
681 10.063955133765415
682 10.115119313267394
683 10.612994695734066
684 10.154393306090983
685 10.711570167456335
686 10.374645900522497
687 9.808392289118261
688 10.431593034385518
689 10.472543908910673
690 11.061671040733776
691 10.380973471859507
692 10.455195302077895
693 10.249685507360292
694 10.427356549616485
695 10.501332877943268
696 10.413231607907559
697 10.165440738345854
698 10.522019138032732
699 10.77872549806416
700 10.693965935044313
701 10.376338560037086
702 10.506039584624578
703 10.738912737889438
704 10.381422993682008
705 10.512670710022709
706 10.341878809557098
707 10.190578071098503
708 10.105801771439273
709 10.115295161596402
710 10.167492332196574
711 10.090721182586407
712 10.280020434334554
713 10.393174714872883
714 9.951972566153405
715 9.973245501748448
716 10.02903382677124
717 10.348324512133066
718 9.745466914213461
719 10.478316456351584
720 10.990028377023219
721 9.912833453247538
722 9.37501181781505
723 10.132599576508264
724 9.862255646020962
725 9.637296030093479
726 9.937467602412122
727 10.471579108829815
728 10.153456925090044
729 9.96742934427606
730 9.65539699376025
731 9.958206700339327
732 10.03749811608319
733 9.788081453430824
734 10.026404083714244
735 9.852397088756994
736 9.731999709124356
737 10.53191745210628
738 10.640755221516324
739 10.457618736989112
740 10.363909118289728
741 9.689267893762569
742 10.05214501336888
743 10.334592137773802
744 10.49723144535048
745 9.799170465802066
746 10.151143521749612
747 10.130093639884628
748 9.908296393583095
749 9.52444682550508
750 9.590628557772789
751 9.05597188418051
752 8.891184449988668
753 9.94984104806191
754 9.612828887609513
755 9.525319195817215
756 9.51740404789926
757 9.333242522989822
758 8.673830567618003
759 9.047238329984953
760 9.439766149733256
761 9.405586450805334
762 10.11517738577977
763 9.714461756726298
764 9.76011898384983
765 8.956889078201213
766 9.623997367097056
767 9.54490774745453
768 10.220750386051847
769 9.369578227803046
770 9.771039576183206
771 9.456621928212202
772 9.339292975972638
773 10.41845749047586
774 10.35071151036196
775 9.754623063203402
776 9.64207176381617
777 9.568799495391463
778 9.948454550608869
779 9.276736116431584
780 9.818817749773173
781 9.527468225429573
782 9.622107870520509
783 9.055457610136125
784 9.574212326261257
785 9.776792461277486
786 9.569865589551297
787 9.140559909788339
788 8.671097008486177
789 8.813195770930783
790 8.53860505721414
791 9.398966843498975
792 8.615805860658341
793 8.55145122580506
794 8.535997906249474
795 8.604999946261424
796 9.47968838253418
797 9.297887320983127
798 9.37746993719773
799 8.899417567315867
800 8.536869523616083
801 9.317309669805786
802 9.513461626240687
803 9.258132787976699
804 8.096691793304009
805 8.925657373918266
806 9.066865677126964
807 9.071200045454614
808 9.059121408929089
809 8.5486324258093
810 9.456802449776614
811 8.942774909236396
812 8.588548395791126
813 8.36095186337924
814 8.044981528795025
815 8.612878085934794
816 8.628684006729427
817 8.766214911769227
818 8.391944566705018
819 8.4152307578274
820 8.264456845475342
821 8.478222930399633
822 7.725780985752746
823 8.296444232684376
824 8.116671589301555
825 7.860734916424041
826 8.42169482763048
827 8.430351127218248
828 8.486805393212657
829 8.009766095077012
830 7.569387342808447
831 8.12777287667322
832 8.224723955074206
833 8.28457690550757
834 7.987263722305159
835 7.802574344522127
836 7.675082552497286
837 8.705908029747704
838 7.951906428621457
839 8.571155214169176
840 7.566808321016657
841 8.007545824722634
842 8.585295687094744
843 8.651176551033688
844 8.023964925359218
845 8.29036559822193
846 8.261419374500584
847 8.170001247446752
848 8.51495944270302
849 8.218794503687347
850 8.932677352313657
851 8.826070305060044
852 8.580973554342524
853 8.698470403244693
854 8.499109840447858
855 8.83625533306754
856 8.29536842262493
857 8.714336266553412
858 8.592470553287981
859 8.080785772979954
860 7.656496179446297
861 7.351680562735633
862 8.108365705500807
863 9.229951209618608
864 9.090796455966357
865 9.06788980665358
866 8.063355115078076
867 8.404394059568645
868 9.098890299888202
869 8.682142847718158
870 8.360975266045097
871 8.407093325190148
872 8.246628337417542
873 8.878355562645131
874 8.664034664932393
875 9.210041884920185
876 8.664167144458242
877 8.925972632609579
878 8.326587395219098
879 7.9960475336948456
880 8.754423079110387
881 8.560594997999017
882 8.874266625108788
883 8.788839906980753
884 9.12578860514649
885 8.458977213955341
886 7.894644480857988
887 8.34404068164938
888 8.386050852287923
889 8.919403542962147
890 8.657399995942702
891 8.394730327810494
892 8.824346736885124
893 8.72265707025094
894 8.66986934203828
895 9.122553889676395
896 9.07597920705295
897 8.787481046946032
898 9.032605840699318
899 9.115192317825706
900 8.229784092530815
901 9.10951914446625
902 8.85774783888302
903 8.798962233229055
904 9.480613862958124
905 9.176039777640295
906 9.197724051224887
907 9.440679893335403
908 8.987252929463573
909 9.09104234754704
910 9.500608967467967
911 9.33348095946621
912 8.751930908689738
913 8.658800920829131
914 9.541163658041212
915 8.122312614494058
916 9.140896099274412
917 8.738280584911344
918 10.343459664753341
919 10.816938601441331
920 10.192101653568463
921 10.2701506367879
922 10.037224648298768
923 10.05132986795092
924 10.351007308321998
925 9.622710217797696
926 10.301575053285218
927 10.107713088333488
928 10.186872043440781
929 11.04081781197608
930 11.375693735321017
931 11.363048285273125
932 10.844291171035204
933 10.821450303133393
934 10.393254553278986
935 9.723827734679059
936 11.029268199934682
937 11.036020825276461
938 11.255405452708517
939 11.008791063064592
940 11.854944861713577
941 10.922759334936416
942 11.005585990633772
943 10.4445120517931
944 10.800127935984134
945 10.589281345775188
946 11.31282337840474
947 10.402396148850555
948 11.116737665860786
949 9.986567509601652
950 10.485736437864501
951 10.864806960295697
952 10.66975525405965
953 10.91414139213554
954 10.399711942996023
955 10.616709884119821
956 10.53982904445351
957 10.232323026648169
958 10.30414417963169
959 8.987913192542731
960 9.34977301937948
961 9.138055970093633
962 8.393401566267295
963 9.645410204730183
964 9.368027911603022
965 9.878612148442219
966 9.953145003879902
967 9.711428547342313
968 9.729613021463308
969 9.903682893158724
970 10.293049151010855
971 10.39159283638864
972 10.330965378907415
973 9.955331513515398
974 9.041509532982538
975 9.054892737105746
976 9.755627197699646
977 10.227119077783449
978 9.828975569988904
979 9.4379684627511
980 9.699651618012378
981 9.96479330022978
982 10.813092703193401
983 10.08619255707593
984 10.30117645010589
985 9.85671799534765
986 9.774289738376147
987 9.684170883369744
988 10.966480329393553
989 9.770171153705917
990 10.507207362378434
991 10.766062490137529
992 11.421129824182115
993 10.61524383673289
994 10.94800363640008
995 10.52524117253298
996 9.739022932429497
997 10.11958976427802
998 10.094824941193554
999 9.179809405349797
1000 10.552283733410821
1001 10.498083211911288
1002 10.285227521506949
1003 8.66878977466355
1004 9.686275909257335
1005 9.62270157527155
1006 9.36434538919784
1007 8.97452370922529
1008 8.876227350917405
1009 9.524853238503052
1010 9.590827706170513
1011 9.317500942241491
1012 9.355821715120893
1013 9.622331687688897
1014 9.424248577778984
1015 9.445999491430316
1016 9.331916322140744
1017 9.496740251391955
1018 9.119209062139394
1019 8.640152179266318
1020 9.511602595699248
1021 9.609896524414921
1022 9.14835678570821
1023 9.20510964676275
1024 9.415582921407442
1025 9.018515248138625
1026 9.03853373603002
1027 9.149941834382078
1028 8.894599878119383
1029 9.220198815472996
1030 8.994434663665789
1031 9.153570878818616
1032 8.528619646049213
1033 8.702011275654256
1034 8.680535266403506
1035 8.995892994880966
1036 7.958326907558147
1037 8.853403478488492
1038 8.726820288426648
1039 8.779136669899135
1040 8.42502443946051
1041 8.803252038788223
1042 9.159135205759883
1043 8.274149602745991
1044 8.43463606418754
1045 8.915004484299436
1046 9.096505654519687
1047 9.34982241531783
1048 9.0503876455348
1049 8.328112340041384
1050 8.631114008090213
1051 9.309633821775263
1052 8.398454638169175
1053 8.076556776730877
1054 9.541653869402788
1055 9.642652943300996
1056 9.208826536074035
1057 9.65980694324493
1058 8.581673762357477
1059 9.210021633765757
1060 10.15667277683132
1061 8.909705544396454
1062 9.521854853302848
1063 8.930775395810606
1064 9.319584895045582
1065 8.720067834063022
1066 8.701884534659314
1067 9.065946317331381
1068 8.23433092343905
1069 8.825979976991666
1070 9.16405029141193
1071 9.020478973744394
1072 9.12467888360543
1073 9.410623832592504
1074 9.18935171631583
1075 9.751456682727778
1076 9.935130582962774
1077 8.889931152222031
1078 9.40647543037015
1079 9.573126782148368
1080 9.174404770998933
1081 9.58329735529499
1082 8.829702886093552
1083 8.883785967236555
1084 8.531124849930318
1085 8.938215745189082
1086 9.308209940124197
1087 8.656979679475468
1088 8.694349562298134
1089 8.989768401605806
1090 8.904664920816272
1091 9.555162331773962
1092 8.990971509294187
1093 9.42571900129645
1094 9.222593733392536
1095 9.037667121436368
1096 8.71425409592205
1097 9.327059837364738
1098 8.909415406717198
1099 9.269863093593417
1100 9.711390973208868
1101 9.841475497631315
1102 9.361282318911588
1103 9.582358482542466
1104 9.157788074414903
1105 9.1588929437434
1106 8.461731307357091
1107 8.570114963036312
1108 8.342727730459641
1109 8.134185464613532
1110 8.886878170943373
1111 8.771269378622312
1112 8.405485126009953
1113 8.678534440278781
1114 8.949643941342961
1115 8.978919559405501
1116 8.533348982328747
1117 8.402076875143008
1118 8.500319112360977
1119 8.868807218278073
1120 8.63614531378388
1121 8.463845073340515
1122 8.922965946550176
1123 8.887418916077651
1124 8.858076776756747
1125 8.368626644924511
1126 8.868685915846395
1127 8.63746994047503
1128 9.176685157771871
1129 8.593718990716393
1130 8.818982512790894
1131 8.653345881620696
1132 8.71670940456405
1133 7.931343633305587
1134 8.300158256631438
1135 8.057876931647565
1136 8.970270564073076
1137 8.705661764318595
1138 8.727086282840572
1139 8.429376383624456
1140 9.59946107051416
1141 9.601077340931424
1142 9.170152704898955
1143 8.594422223569868
1144 9.227095649592975
1145 9.228446138407334
1146 8.887764215552284
1147 9.187291308675315
1148 9.261068252875251
1149 8.609370999542993
1150 8.700639892239355
1151 9.250479107523566
1152 8.299417866891442
1153 8.460433899682984
1154 8.635364181623485
1155 8.39178692215386
1156 8.242701759247307
1157 9.544091127627958
1158 9.724624657944535
1159 9.074120394199682
1160 9.093888612360468
1161 8.825491464383697
1162 8.665999315649403
1163 9.698853048338329
1164 9.450042384540932
1165 8.778719516018066
1166 9.20468805322853
1167 9.137654705447565
1168 9.39627313784094
1169 8.683379228138165
1170 9.147001324177307
1171 9.03926537572333
1172 9.061173131308855
1173 9.29734248822766
1174 8.79262309877632
1175 8.795645105432806
1176 8.448292138040136
1177 8.655989169060732
1178 9.460230344865174
1179 9.567203898951206
1180 8.90694803790012
1181 8.388222920668431
1182 8.383171313086494
1183 8.390246438126123
1184 8.57463021923046
1185 8.580672710551
1186 8.39007483075752
1187 8.229583051472176
1188 8.40098240449376
1189 8.200260493471145
1190 8.125512401230624
1191 8.045840315947174
1192 7.993113754525355
1193 8.26489315202145
1194 8.138016456963861
1195 7.233061554824599
1196 7.821912556816936
1197 7.356960577024558
1198 7.543379202513476
1199 8.097158423645862
1200 8.012543978151111
1201 8.230862181809155
1202 7.7193236074097245
1203 8.19126216864975
1204 8.122693717174657
1205 8.44927755503459
1206 8.27982993174037
1207 8.358670677648536
1208 8.148139510897895
1209 7.5304054558300555
1210 7.558102943010029
1211 7.299058384155908
1212 7.3881198160176105
1213 7.271972977637969
1214 8.294688759788002
1215 7.316697140304041
1216 8.431875518272285
1217 7.873994679936268
1218 7.8349917958054185
1219 8.103254258435792
1220 8.299911213540362
1221 7.62463296341602
1222 7.985717476662145
1223 7.982793189115194
1224 8.309026488958827
1225 8.564016790335927
1226 8.037948414220946
1227 8.370702028456439
1228 8.166642503369703
1229 8.160818834032899
1230 8.239885236308176
1231 7.8978763324775505
1232 7.762774595042928
1233 7.718833341610827
1234 8.250189410296125
1235 7.385718428216866
1236 8.191315257207053
1237 7.656273893998208
1238 7.7558399270431835
1239 7.422849210395917
1240 7.516785398822612
1241 7.803195811684208
1242 7.465650909751837
1243 7.515143577496056
1244 7.2823088033899745
1245 7.81294149205217
1246 7.21314253029424
1247 7.615928274230645
1248 7.232738476271119
1249 7.362540808998793
1250 7.533400562136507
1251 7.136305377694429
1252 7.132446705746798
1253 7.195063812542932
1254 7.129248617770954
1255 7.174311311339436
1256 6.8543318939287365
1257 6.907645324280851
1258 7.130586259728479
1259 7.72974313700731
1260 7.513306212572985
1261 7.941614645181159
1262 7.366621139523607
1263 7.790809181104731
1264 7.450321628558528
1265 7.291037662484028
1266 7.994493255392061
1267 7.627656957859674
1268 8.290043295774678
1269 8.184334616252732
1270 7.719783148305288
1271 7.566338428555736
1272 7.874904176854207
1273 7.67438653372423
1274 7.598952115724431
1275 7.672445446754523
1276 7.431239533200402
1277 8.010395929223575
1278 6.832484910549987
1279 6.397392841146593
1280 6.852123177202296
1281 6.515335174607334
1282 5.468001691164815
1283 6.53122252942567
1284 7.190310644048891
1285 7.114793789255071
1286 6.893132928109079
1287 7.050028101513016
1288 7.167090860474335
1289 6.725249529041799
1290 6.272283818379206
1291 5.805316700916557
1292 6.563090831247896
1293 6.382848481917053
1294 6.999143656429643
1295 7.463458337839656
1296 6.8573727999589815
1297 6.538455983398464
1298 7.109942415444714
1299 7.378566708338839
1300 8.13974557444596
1301 7.2109630597734755
1302 7.1866709077198285
1303 7.146018093647217
1304 6.602521869518864
1305 7.194772755540005
1306 5.9321227060849395
1307 6.040017679275229
1308 5.901650543283109
1309 6.23688082053641
1310 6.227165884190239
1311 5.850480332846726
1312 6.1215730855152195
1313 6.274805659166098
1314 6.473962712300699
1315 5.781049384152626
1316 6.258334157932033
1317 6.454730625401192
1318 6.671848336571271
1319 5.940987543508208
1320 6.261778742843877
1321 6.912489654772529
1322 7.011161588706294
1323 7.599253046571108
1324 7.740979607451535
1325 8.2454678620912
1326 7.549830417845579
1327 7.385020716168142
1328 7.788035327652276
1329 7.463736000330885
1330 7.680929472491519
1331 7.639349631166523
1332 7.694537491577938
1333 7.9353590299534975
1334 7.94605523231295
1335 7.629441576457477
1336 6.817102805206418
1337 7.39420893067611
1338 7.485540899776521
1339 7.676813266755318
1340 7.332876770046234
1341 8.17224914539648
1342 7.599483182367775
1343 8.316848342761817
1344 8.286289209318207
1345 7.711364623535347
1346 7.8115955926357765
1347 7.366171051349895
1348 7.5351580295038385
1349 7.266101078576677
1350 7.689536571467117
1351 7.9997581589937115
1352 8.825060015269063
1353 8.779499147351451
1354 9.086480400736349
1355 8.226734739717271
1356 8.120440802537901
1357 8.011718950083393
1358 7.434912840120993
1359 7.617929149085637
1360 8.3978138814663
1361 7.571196754919992
1362 7.89326861884706
1363 6.654761254514531
1364 6.439235491818126
1365 6.754627649048393
1366 7.602638161123522
1367 7.912367312163897
1368 7.69168380492058
1369 8.73357783753816
1370 7.8902584807867795
1371 7.421600174695909
1372 7.6685076070606195
1373 7.8498844416948135
1374 7.725303458982395
1375 7.666095502531901
1376 7.340690315343521
1377 7.338700023571278
1378 7.510168498151244
1379 7.869991511220369
1380 7.7238946820740955
1381 7.3271756239618675
1382 8.103983829838802
1383 7.701520827974694
1384 7.42470467532772
1385 6.824198223299917
1386 7.449804539357457
1387 7.927840567545287
1388 7.790330172147588
1389 7.172632994012245
1390 7.837601173908861
1391 7.857567540980731
1392 8.43018194797964
1393 7.883972940089456
1394 7.734622153064325
1395 7.385620937121124
1396 8.04001901540415
1397 7.522657373206182
1398 7.377270735352344
1399 8.20440591717705
1400 8.441611865499866
1401 7.493658605208896
1402 7.493767837563132
1403 8.027975821152332
1404 8.324356259089948
1405 8.099051094546446
1406 9.142979733896961
1407 8.171368603096179
1408 7.636712898609267
1409 8.359853781040472
1410 8.113598024911825
1411 8.21018699657598
1412 8.258976476695596
1413 8.090820141988312
1414 8.353603927276003
1415 8.6102460327044
1416 8.03377312475976
1417 7.943189935873389
1418 8.05409024464974
1419 8.331909345096562
1420 8.002253722084438
1421 7.933521421752886
1422 8.38402727457577
1423 7.990085225286223
1424 7.587649878676213
1425 7.74739074618122
1426 7.986451916447323
1427 6.953038979710184
1428 7.037866754493544
1429 6.713488083162109
1430 7.881837176901752
1431 7.838712016741358
1432 8.223008264284537
1433 7.5486658219774805
1434 7.480933631647307
1435 6.895697524180838
1436 7.017440707723938
1437 7.147943914883438
1438 5.99555040087352
1439 6.654893982765905
1440 6.404516403379122
1441 5.922234236139278
1442 5.677983941317054
1443 6.60516825226684
1444 5.981574116760825
1445 6.429211835811152
1446 5.542434899545029
1447 7.043158088467896
1448 6.824445631038865
1449 6.851865643055821
1450 6.601919560660793
1451 7.360329081050751
1452 7.65545523777058
1453 6.970757295409478
1454 6.971402724343873
1455 6.838534004670243
1456 5.663200925669399
1457 5.607931907909128
1458 6.282866029527402
1459 5.772717697686005
1460 5.347771408163032
1461 6.225404178854822
1462 5.968525202041026
1463 5.7909565318183756
1464 5.70892856905178
1465 6.111653497193364
1466 5.592789712540877
1467 5.468549962780458
1468 6.033362483284542
1469 5.931717819212856
1470 6.219402553185487
1471 6.326286430334377
1472 5.4183601043102545
1473 5.542736637987245
1474 5.830116060283661
1475 5.9242561639541425
1476 6.0593950890777
1477 5.644225555182821
1478 5.614445685901339
1479 5.731244366886413
1480 5.520363156388972
1481 5.3473204896262105
1482 6.013554122984522
1483 5.719153050146639
1484 5.928476647860761
1485 6.025110285020052
1486 5.231153871589719
1487 6.262631266287102
1488 6.066946244735093
1489 5.879883115652577
1490 5.367449995434098
1491 5.475219342413583
1492 5.480760963489396
1493 5.322564578389062
1494 5.831081138364034
1495 6.270519604313589
1496 5.745046799590399
1497 5.540976853712971
1498 5.526846232638079
1499 6.112442482526532
1500 5.785392122950547
1501 5.375783645108871
1502 5.026243294659043
1503 5.831376910991595
1504 5.023540209216166
1505 5.827387422266647
1506 5.432055297355607
1507 5.011239243837901
1508 5.516705612070111
1509 4.913501805035051
1510 5.280299595160515
1511 5.247426438227162
1512 5.019628195654407
1513 5.98094794058699
1514 5.7538102916605585
1515 4.70353402065232
1516 4.718821172136288
1517 5.348789898750491
1518 5.30147230944007
1519 5.44436666660951
1520 5.369246570423053
1521 4.9048157118695705
1522 5.582070717513403
1523 4.937823203015128
1524 5.479797103068705
1525 5.169871295933296
1526 5.406784180277926
1527 5.091574984424037
1528 5.32550642463326
1529 6.062198312334847
1530 6.675007982668568
1531 6.260774952418638
1532 6.207500871314125
1533 5.392170599912123
1534 5.167705371089912
1535 5.111311812657252
1536 5.2479005364539075
1537 5.353763052906693
1538 5.305946891046472
1539 5.9286481494809244
1540 5.311491834866039
1541 6.0981542731934795
1542 5.916348025484728
1543 6.746605267379391
1544 6.346187729503338
1545 6.62905618513211
1546 6.461179001518042
1547 6.200137581668717
1548 5.861587214394614
1549 6.210232716712874
1550 5.868846603889959
1551 5.446111693063495
1552 6.067452915892376
1553 5.245290459891756
1554 5.774121805255825
1555 6.669009058213807
1556 6.593002453539587
1557 6.896653089498766
1558 6.635634520244005
1559 6.120674110928312
1560 6.167879978763278
1561 6.8283181537694135
1562 6.318713443000601
1563 7.559501337511748
1564 6.289140340063387
1565 6.199999017109465
1566 7.059219477882112
1567 6.15224365302241
1568 6.409791412870906
1569 7.025240779451886
1570 6.376004126414744
1571 6.719458278414307
1572 6.518426339024983
1573 6.550670457091636
1574 6.5918051768802775
1575 6.276074811578238
1576 7.025722802548319
1577 6.22300843563495
1578 6.38432305698175
1579 7.169992070033988
1580 7.693438824805206
1581 6.200559997745361
1582 6.262332686381381
1583 5.947997330153099
1584 5.759336455229756
1585 5.610896282438442
1586 5.863804293204914
1587 5.565998319063923
1588 5.586424430410018
1589 5.61133462835131
1590 5.470408558958376
1591 5.429819769590592
1592 4.5996390697194505
1593 5.3479315164214105
1594 5.420816763058052
1595 5.804971859475842
1596 6.439630936047621
1597 5.690665392977032
1598 5.2122169070295765
1599 5.462240170149009
1600 5.8440253603991845
1601 6.809154722559969
1602 6.336663066618069
1603 6.14578529959109
1604 5.807093047775328
1605 6.0197228054778575
1606 6.689280890927593
1607 6.681657924392455
1608 7.0121679333102
1609 6.801983292845886
1610 6.581764222811234
1611 7.297592909993652
1612 7.628063187831218
1613 7.65665612953829
1614 7.052366325605424
1615 7.739680466544666
1616 7.692020134858464
1617 8.445765630441189
1618 7.72929815794801
1619 8.0642322391417
1620 7.248607257381462
1621 7.20791867687692
1622 6.999134397131247
1623 6.591623373548689
1624 7.251687570283775
1625 7.242449814237027
1626 6.968775019597078
1627 7.9054818799901145
1628 7.333916761586942
1629 8.397287791343945
1630 7.932350633163594
1631 8.005612784355584
1632 8.23344715872301
1633 7.757030188292832
1634 7.8870080491134065
1635 8.544244152776404
1636 8.474294734011867
1637 8.55869093456709
1638 7.820202038184903
1639 7.768642125541851
1640 6.96984221217757
1641 7.4008724839149815
1642 6.8667546875347645
1643 8.496732489668904
1644 7.605236339560475
1645 6.80509150271986
1646 7.256762922814512
1647 8.128428458857526
1648 8.452452639860217
1649 8.550602257838138
1650 7.93558498576177
1651 7.311987505990025
1652 8.155328015298902
1653 7.469398790392526
1654 7.538102373002407
1655 8.20504944580443
1656 7.172908047775494
1657 7.494439272994891
1658 7.7576709379835185
1659 8.490122573854949
1660 8.685239333328896
1661 8.245893554687619
1662 8.828061225314174
1663 8.692264823159539
1664 7.920000496877106
1665 8.796965186808466
1666 8.885949346767799
1667 8.77358504381022
1668 8.290590960552976
1669 8.542051552187663
1670 8.442424503620002
1671 8.051015345071702
1672 8.040887400205117
1673 8.336195721364586
1674 8.025925752108787
1675 8.107005023874665
1676 8.058832952871994
1677 7.444634175656855
1678 8.086705400304544
1679 7.199856123983348
1680 8.118199600516485
1681 7.626244327554016
1682 8.367208203137313
1683 8.08119641513239
1684 8.059356872905402
1685 7.531156853011891
1686 8.273585621221144
1687 8.580567577226542
1688 8.962960915539108
1689 9.273157225427404
1690 8.22349317686778
1691 8.033752691619325
1692 8.052194999071595
1693 8.505301672412111
1694 8.785329162752031
1695 8.14383197134513
1696 8.235662637871059
1697 8.271067063643804
1698 8.549956413077563
1699 8.796630714796166
1700 9.331898497274219
1701 8.924747566053643
1702 8.683721057338383
1703 9.187290719747622
1704 9.150943799190339
1705 9.591285214641493
1706 8.700894254675884
1707 8.62049335636113
1708 8.918237149530917
1709 8.401061147905665
1710 8.01907214581555
1711 8.176946590730363
1712 8.646435479600457
1713 8.84188327046605
1714 7.533937728895391
1715 8.7986573115094
1716 9.521170191302586
1717 8.373039971986241
1718 7.877660954613832
1719 8.29108996192106
1720 8.658180317115468
1721 8.344400873537912
1722 8.427957504645063
1723 9.536440598143887
1724 9.604604067340654
1725 8.406897722257078
1726 9.578356963884257
1727 9.334944778885667
1728 9.522118745788502
1729 8.47782329348078
1730 8.46974335841521
1731 9.434977770925219
1732 9.068420836422098
1733 9.430002402096301
1734 8.437100303718747
1735 9.079926750287852
1736 8.996810858324219
1737 9.198300905793435
1738 9.633630124244608
1739 9.697291180608428
1740 9.581324195114238
1741 9.535913351468366
1742 9.66051913514812
1743 8.781853028171414
1744 8.897678580435368
1745 9.499006894523061
1746 9.853586139870316
1747 9.227553477642076
1748 9.4207207494167
1749 9.472935651579496
1750 8.310755337429288
1751 9.362731248766938
1752 8.503261829524815
1753 9.284262136193703
1754 8.525315127917029
1755 8.945531636053207
1756 9.396092801641233
1757 9.130593086385193
1758 8.762206245112878
1759 8.468964188423696
1760 8.646978522272628
1761 8.468635348281762
1762 9.15709921839346
1763 9.325976998691985
1764 8.311046586761156
1765 8.801752436950363
1766 8.74867574117729
1767 9.204152827378739
1768 10.331240834047195
1769 10.804373032598338
1770 9.683645335159603
1771 10.307254961379106
1772 9.854085388649136
1773 11.106853284585569
1774 9.340993330669574
1775 10.226534378394785
1776 10.858304154580871
1777 11.30584556228304
1778 10.435288465341145
1779 10.050960297222982
1780 9.77116688999165
1781 10.578053768354339
1782 9.377628797632111
1783 10.529954190505684
1784 10.55043560655507
1785 9.395912576618873
1786 9.547910391007767
1787 10.164147673694064
1788 9.582481415888598
1789 9.623131634919414
1790 9.955881318601405
1791 8.81694845697656
1792 9.099612937215252
1793 9.376605548489506
1794 9.344015684343274
1795 9.117186825508524
1796 10.407911211120403
1797 9.670223959268869
1798 9.527440098310402
1799 9.963356276529668
1800 11.446350440474614
1801 11.326814508026027
1802 12.033898255660992
1803 11.861635491963625
1804 11.476250342920904
1805 11.008093425785193
1806 11.638383712860831
1807 10.05665429197031
1808 10.40955544957548
1809 11.372544451260097
1810 11.111785594841905
1811 11.331188311761633
1812 10.977840737722616
1813 10.588584867273992
1814 9.42476599111228
1815 10.504676204216658
1816 11.147296769188056
1817 10.907864209549865
1818 10.813213415761437
1819 10.086906129326195
1820 9.826074529214058
1821 11.269420701306524
1822 11.741166505586023
1823 10.955414087758822
1824 11.735977289952785
1825 10.06812303285659
1826 10.543787718554299
1827 10.746217111794651
1828 10.365793439368224
1829 11.130680459016588
1830 11.374510637752142
1831 10.309853264477868
1832 12.341368585743199
1833 11.299780950777693
1834 9.568415695931828
1835 10.52007318049643
1836 10.579069876370665
1837 10.09634257901707
1838 9.644911378054342
1839 9.300309323292232
1840 10.28757730101924
1841 9.771463310566158
1842 9.512927031662333
1843 11.74630124028506
1844 11.045876328056163
1845 11.079935972321953
1846 11.0880644100887
1847 10.866563883713896
1848 11.808616013061789
1849 11.790794745889963
1850 11.378815895654387
1851 11.947632867629345
1852 12.025378455925965
1853 12.854796835091092
1854 11.683668415687869
1855 11.822220879538099
1856 10.376127674095171
1857 9.87091341772484
1858 10.21361941178413
1859 10.202484808958285
1860 10.142991890096367
1861 10.56300934838658
1862 11.961751212810572
1863 12.356125232240377
1864 12.66836742307249
1865 13.034042430902002
1866 11.345974863542684
1867 12.762973018609546
1868 12.844580839777358
1869 13.109728627509831
1870 12.861648938939371
1871 11.90271646538437
1872 12.564645841093487
1873 13.08246615198789
1874 12.832599339221572
1875 13.013928233344961
1876 13.80650032064377
1877 12.583909216777679
1878 11.744859673273679
1879 12.459416455434132
1880 12.711270598183114
1881 11.717076647525747
1882 12.83678258706759
1883 13.104847401592371
1884 11.599178577658442
1885 12.106553447258193
1886 11.720868845397968
1887 11.961700651977857
1888 12.564664696569075
1889 13.343580686926094
1890 12.602958268792452
1891 13.093498155761246
1892 13.011414968342482
1893 12.686681486291711
1894 12.834556337745763
1895 12.937120238146601
1896 13.166174468971722
1897 12.782083726181371
1898 12.636051314245925
1899 13.258654191947455
1900 13.328241282482889
1901 13.55615924052867
1902 11.795508349821372
1903 11.555761634198454
1904 11.261364801589592
1905 12.51495132726076
1906 12.941662963484381
1907 11.584668991986328
1908 12.968148146241738
1909 12.052841131417718
1910 11.512540114801164
1911 13.110623883325315
1912 14.124952213850388
1913 13.895781711331118
1914 14.430349548417254
1915 15.64416880652668
1916 14.65195734996403
1917 13.902639797933489
1918 12.743307681891343
1919 12.620805615899897
1920 12.487973492333076
1921 13.63582165139945
1922 13.952637893062565
1923 14.76285877212161
1924 14.795025861372844
1925 14.402607855664582
1926 14.41570440306789
1927 14.23388485237548
1928 15.900748932991977
1929 15.513149225105728
1930 16.112563089913778
1931 16.443057846637586
1932 15.541619095160268
1933 15.659551981172294
1934 16.800541948816154
1935 16.473104428652064
1936 16.257953410059336
1937 16.73432578872034
1938 16.107924623074105
1939 17.42862291084077
1940 16.68108917243762
1941 16.871402640804643
1942 15.94679485588715
1943 15.68234254133268
1944 16.17279459716106
1945 14.475571958846283
1946 14.930603507400194
1947 13.994311159581633
1948 14.097413613455652
1949 14.206908055563026
1950 14.56587291245458
1951 15.37733450112166
1952 14.961142158374457
1953 14.164487279884646
1954 15.408936251311253
1955 15.196007278553793
1956 15.390358261567197
1957 13.493696903385862
1958 14.388598975627763
1959 13.665269202112032
1960 15.269284579957764
1961 15.467230950074093
1962 16.09207320384831
1963 16.082131271420607
1964 15.410767784876272
1965 16.007089836457432
1966 17.845418215360283
1967 17.44640277953355
1968 18.115777774415616
1969 17.982981322273655
1970 18.919119542355453
1971 17.989511309085145
1972 18.514004154432605
1973 18.837469193489643
1974 19.218425477166647
1975 19.54191819583245
1976 19.434949456668374
1977 18.22913468742017
1978 17.61316054838953
1979 18.61096159429344
1980 17.751961472027407
1981 17.19607508452366
1982 16.395012623806643
1983 16.060131609215347
1984 17.810330519104042
1985 17.41020902907067
1986 18.338468907031977
1987 18.91635899866439
1988 19.485075946970454
1989 18.749949079660418
1990 19.507418800211635
1991 18.263767042489963
1992 17.13664726594452
1993 16.63227794981861
1994 16.88614297061181
1995 17.44137388901109
1996 18.700034993320696
1997 19.326370658086677
1998 18.848305827788803
1999 18.75423257066724
