0 15.608331815286288
1 16.280769684428464
2 16.40733442312353
3 15.872251522312823
4 16.06203488541438
5 15.002834064370292
6 15.348869335820467
7 15.03254206680665
8 16.06483535018886
9 16.287837422056977
10 15.706405147314776
11 15.187587044996134
12 15.379135881199414
13 14.936907120283347
14 14.962920814352385
15 14.204905961765222
16 15.128381240521751
17 15.68255229431345
18 16.06660029074481
19 14.554364646953234
20 14.347713801533514
21 14.404798522302665
22 15.443437729119449
23 15.157529980522042
24 15.235135734596064
25 15.811073480400093
26 15.560406899045505
27 15.841752211264549
28 15.763083366053063
29 15.919652324002824
30 14.875173009007982
31 14.380161230564378
32 13.468163983175717
33 14.670472080712406
34 14.179528222554845
35 12.83671449158473
36 14.341872197718237
37 14.161778206155079
38 13.842440801463235
39 13.67507850960358
40 14.255793295481485
41 14.46786057591539
42 13.856763221416399
43 12.834150622904378
44 13.693757278113683
45 14.118459889801231
46 13.759921481083014
47 14.581968329249895
48 15.245965338468439
49 14.495130587046438
50 14.781694642134541
51 14.36521695593664
52 14.593206009410503
53 14.683778303741098
54 14.518792940855555
55 14.146969060193289
56 13.396966940041699
57 13.814878330321994
58 14.565381599462386
59 14.41864853665743
60 13.87175759863209
61 13.451085127524655
62 13.952061109052947
63 14.044629427552126
64 14.028145040786704
65 13.551005317551411
66 14.67039497108401
67 14.405136951538475
68 14.33959444008252
69 14.926506037017214
70 13.013216524322017
71 12.519333407583417
72 13.619622184044307
73 13.430853898109243
74 12.10343312609531
75 11.746635643689729
76 12.757536841324352
77 12.721482837705237
78 11.837785260666761
79 11.846310616051454
80 12.081465690967722
81 11.625561762299315
82 12.001306318502985
83 11.431831447696046
84 11.215335921657422
85 11.805647790093676
86 10.793614719585387
87 12.348842025307055
88 12.393192701322462
89 12.105002603739235
90 12.738538943521212
91 11.903731895169011
92 11.556304294078679
93 11.819107574825217
94 11.322661964780712
95 11.585577077610917
96 11.293022604784356
97 11.418864599514073
98 10.8062873193081
99 11.531786909526174
100 11.250601516618321
101 11.257823564545063
102 11.337658120848667
103 11.153216268488165
104 11.650208317974814
105 11.809125671585207
106 11.828965195639384
107 11.159672918449948
108 11.630172154267038
109 11.85678361937933
110 12.644105803443278
111 12.282552790482965
112 12.288646275181687
113 11.996662266001138
114 11.77789090430464
115 11.504716979894228
116 11.045380981506685
117 10.937032266541504
118 11.7878774755084
119 11.850524935248165
120 11.354321796242571
121 11.704226607054556
122 12.280109311096698
123 12.699129827769571
124 11.850651163075193
125 11.374776561023987
126 11.844466024468277
127 11.07147907182167
128 11.07635674092467
129 11.065686171594054
130 11.137640078608081
131 11.274813121966076
132 11.573586216153265
133 11.720961243483314
134 12.04160062020175
135 12.02116000913712
136 11.89033325964173
137 12.108405722852925
138 11.4190418367249
139 11.328469891481085
140 10.790044163324108
141 10.84626684603841
142 11.239716312409483
143 10.893220492627743
144 11.037846047433183
145 11.579602016259566
146 10.95228816991521
147 11.09432057000871
148 11.568187188186142
149 11.35171292471718
150 11.86749386023331
151 11.960106381346517
152 11.19916592840719
153 11.067580779068017
154 11.37595385561544
155 11.536515000277502
156 12.142266359596823
157 11.958609658668491
158 11.498144307765077
159 11.194801847617073
160 12.072361485595925
161 10.725881811552147
162 10.744072719269873
163 11.598535261665212
164 10.955724743899115
165 11.394782971635859
166 11.465426318405898
167 11.520558363698079
168 11.872505085706205
169 11.576125285708411
170 11.11303828738222
171 10.754662016808767
172 11.600134867360882
173 11.099597528813213
174 11.650447898922936
175 12.393689745122114
176 11.930740821086303
177 12.416008443068893
178 12.385935726069137
179 12.271157945053071
180 12.550558490510362
181 12.726362906998684
182 12.203854355550861
183 11.900247644658709
184 12.81985123511552
185 12.117871929514203
186 11.783488442554425
187 12.288841739661374
188 11.916032979051367
189 12.023689363978542
190 12.069153083175925
191 11.774418377134799
192 11.884431904381456
193 12.293256504299409
194 11.664487296381271
195 12.368145092721246
196 11.510222198247035
197 12.288865846532293
198 11.705602455640758
199 12.02286262572876
200 12.03949289516643
201 12.00543617031019
202 11.40603071685749
203 11.856311313161124
204 11.703378511482029
205 12.180184627613839
206 11.466530255368898
207 12.101250883544527
208 11.810930860373187
209 11.651381532265106
210 12.068632539407885
211 12.325028942136786
212 11.359470495307969
213 11.59183213557452
214 11.839470837741912
215 11.089146446143992
216 12.335966786613113
217 11.766181555088849
218 11.443473283513722
219 11.177096036175522
220 11.391496578019023
221 11.863067809221029
222 11.753079390791346
223 11.935003277092651
224 12.002821566290063
225 12.149199261165649
226 11.940595686943814
227 12.276520505098901
228 11.300639782361868
229 11.793606111082838
230 11.529031775836936
231 11.55216956519327
232 12.029406798013508
233 12.092067123337278
234 11.543194405368187
235 11.639127970725001
236 11.833671368507003
237 11.548397965462401
238 11.058405660333293
239 11.06693327175461
240 10.976346278039488
241 10.700043862596992
242 10.879749136695516
243 10.710816642734105
244 10.73346103538146
245 10.885846555045477
246 11.058266944816479
247 11.159670306548438
248 11.292902323241634
249 11.603003324872075
250 11.201757976542236
251 11.425792933311392
252 11.781919823407797
253 11.776106001229788
254 11.845017352451991
255 11.851624728098495
256 11.531028275865618
257 12.005649720316786
258 11.565661210184146
259 11.073186594539685
260 11.685752195579832
261 11.816916786702633
262 11.767156318082005
263 12.16927514696221
264 12.055232352482289
265 12.450470767206925
266 12.211592270016613
267 11.950653889729503
268 12.264885998037943
269 11.495105145063716
270 12.297121360480554
271 12.236435854141023
272 11.719995167911305
273 12.169320602471176
274 12.260160987276366
275 11.905923628888257
276 12.651250878178137
277 12.329301473196782
278 12.105118920491487
279 12.556494416374482
280 12.164189680774372
281 12.399271352418145
282 12.770535307751844
283 12.913869826517749
284 12.785936269043926
285 12.874896996651058
286 12.740265569307518
287 12.397902171167729
288 12.11008259434152
289 12.523228968577643
290 12.341849205996942
291 12.128908051265881
292 12.13028112392203
293 12.469396206074087
294 12.506448096066046
295 13.140991782067038
296 13.005638581173079
297 12.497146460755006
298 12.802594925607835
299 12.81028383503642
300 12.689398951821437
301 11.866142225678923
302 12.60510252473814
303 11.89586543043563
304 11.810072433700366
305 11.989037902631885
306 11.531976926632058
307 12.500336672094909
308 11.84474071464012
309 12.377329666722751
310 12.52196686272657
311 11.821436145126354
312 12.636916067568668
313 12.65346613530312
314 12.516196647074697
315 12.568909210353086
316 13.315658695067237
317 13.154936305581764
318 12.947642395649154
319 12.826970150219967
320 13.142089207631077
321 13.123126390098497
322 12.480125957381373
323 12.048110351868367
324 12.797631218901875
325 12.752899172914056
326 13.404337167332024
327 12.721396456905275
328 13.764025433988966
329 12.866673882188712
330 13.188244757561856
331 13.919814960566248
332 14.659733618365012
333 13.943056746409747
334 13.171038642329595
335 12.79504746733932
336 12.402555540193509
337 12.232870731183827
338 12.321610427045139
339 11.318652327969177
340 12.475429402924881
341 12.582413237691899
342 12.759714017371039
343 12.02709962249864
344 12.228442191477772
345 12.707725307206065
346 12.627236600449274
347 11.75250106071747
348 11.53551779345072
349 11.39758074163109
350 11.178364242572181
351 11.135940994377629
352 11.568226252609437
353 11.529703983829398
354 12.071624088507695
355 12.071659991840813
356 12.039226151964657
357 11.771502229636454
358 11.330446065516712
359 11.62185548632786
360 11.514113827854883
361 11.458622034441882
362 11.817156089432077
363 11.840241204066446
364 11.62825668413334
365 12.051993654209758
366 11.003481344878688
367 11.158942212048803
368 10.802240301612763
369 11.016160078152321
370 10.437825367566873
371 11.667112415958464
372 11.021298037412711
373 10.665187041004769
374 10.987818971728988
375 12.103758773884715
376 11.460813273434532
377 11.500561108428668
378 11.180327901523123
379 10.569215881117483
380 10.257691222546002
381 10.409519376716673
382 9.972363912772785
383 10.406388235598275
384 10.202324402923809
385 10.29500108798387
386 10.580589719957803
387 10.427208964535222
388 10.274911665476283
389 10.496800230568407
390 10.113570205606685
391 9.97124459731768
392 9.662441356749653
393 10.066768703603554
394 9.767811223473954
395 10.191787553185218
396 9.924450572167066
397 10.244404653758572
398 10.10171785570522
399 10.07430027955073
400 10.702914904060666
401 11.09620095768208
402 11.690258452062743
403 11.548039916328172
404 11.525610634664353
405 10.975893623066733
406 11.083899800606305
407 9.981969885706858
408 11.0736789260049
409 10.00249771829454
410 10.543175617237422
411 10.877876503402621
412 11.090273136963406
413 9.818727261148787
414 10.350439193868757
415 9.968189389525289
416 10.007281501621287
417 10.199145389959833
418 9.57617796759647
419 10.00665632447343
420 10.541761584698078
421 10.47016367805171
422 10.285526721545265
423 10.340087824973313
424 10.518011536026787
425 11.445838701589063
426 10.26854762946651
427 10.696617959517319
428 10.900670947383901
429 11.601834467302412
430 10.79644045836068
431 9.977861085273064
432 10.691377555621122
433 10.743313161665723
434 10.472091175718493
435 10.391566528508918
436 10.33977797196034
437 10.967428875374708
438 10.365580750831132
439 9.93588842629189
440 10.20695956592125
441 11.301397949212376
442 10.620107592512525
443 10.0407277500584
444 10.98652926538195
445 10.346760696117071
446 11.003119301184867
447 10.423916343637691
448 10.58808430196165
449 11.23442903858654
450 10.687469518715695
451 10.631844058519556
452 10.332058123214559
453 11.250397200008768
454 10.521880987983065
455 11.449151583788566
456 11.289600950272028
457 10.829142061725408
458 10.510476906072741
459 11.017387499522576
460 10.745721049444725
461 10.533675354164835
462 10.361795885243305
463 10.958637453210287
464 10.399509302778974
465 11.1869948255062
466 10.949788700851435
467 10.432585823328367
468 10.375184506553538
469 10.207908545396892
470 10.164412387096137
471 10.887051805851453
472 10.748220689709452
473 11.107447386243596
474 11.196141682713447
475 11.242492673490936
476 11.125669109481906
477 11.137226433793476
478 10.613005337069092
479 10.296693747830085
480 10.946800767534649
481 10.972085821132898
482 10.83770915051231
483 11.088800935604924
484 11.141456527607714
485 10.59146424976961
486 10.32446672252413
487 10.791305595990686
488 11.397463147559975
489 10.775946682420518
490 10.562799076936585
491 11.057487706619112
492 11.15394098608503
493 11.063470412301356
494 11.17772455713263
495 10.873867693865835
496 11.710395912353412
497 11.617986000082157
498 11.379132161408936
499 11.188578473530372
500 11.293262861483957
501 11.812618372408417
502 11.33918397940441
503 10.8961138247825
504 10.86995511225802
505 10.321912012265445
506 10.92051238706174
507 11.262177586180234
508 11.192429055850262
509 11.454858477792213
510 10.709542642103802
511 10.595765127122531
512 10.636985115945972
513 11.733749523823354
514 11.65326944163025
515 11.407676808861858
516 11.367381883830424
517 11.770697056060229
518 11.765063190769714
519 12.265447360167627
520 11.144726798062718
521 11.982475439214577
522 11.721775988928078
523 11.376154721914952
524 11.115851921745351
525 10.830844634123764
526 10.308149136193624
527 10.14847285363325
528 10.91192791976789
529 10.979887520417636
530 11.384965277953087
531 11.159540743285609
532 9.907092894784096
533 10.690237814706872
534 9.740666639361569
535 10.449262702551069
536 9.976421757779278
537 9.933129136211369
538 9.722924011951346
539 9.465183586253001
540 9.45687489134596
541 9.046062811117272
542 9.026619789918811
543 8.05878506884827
544 8.808048829276588
545 9.700032840524477
546 9.957978769280398
547 10.123511758610428
548 10.811736624863874
549 9.834947892185015
550 10.74001667404212
551 10.01933606432789
552 10.787194585068022
553 9.65316796048883
554 9.640941777230612
555 9.810224216947734
556 10.226462460145513
557 10.387764336455405
558 10.605482797494526
559 10.548738161872595
560 10.96512760827545
561 11.106831985672686
562 9.967907388329284
563 8.49790461295866
564 9.501572335904779
565 9.378785311688985
566 8.283490191405155
567 7.911923049581418
568 7.7531397909732895
569 8.294712797180667
570 8.664269046609945
571 7.76923639265946
572 7.83940453787422
573 7.5453070753785
574 8.349009535832886
575 8.448723238162364
576 8.331508352215343
577 9.003402786802654
578 8.369223186238973
579 8.554624077592573
580 8.470539574906383
581 8.214581355391653
582 8.90668064989253
583 8.67272128915877
584 8.611836040068596
585 8.966696721501275
586 8.762363618745791
587 8.83240676879668
588 8.986753332081646
589 8.821961769428773
590 9.62418054373885
591 9.148063277938588
592 8.120068116366683
593 8.827587572751874
594 7.949993391323123
595 9.19632319596708
596 7.979876562343111
597 7.196468392503782
598 7.812120743568305
599 9.032526351397541
600 9.35670141791046
601 9.371866366785095
602 8.667776708538858
603 9.10706976935799
604 8.642746035914522
605 9.654072159547308
606 9.563394848847635
607 9.453728199567154
608 9.323115336739786
609 8.667919107586787
610 7.994873919545046
611 8.452663270491808
612 9.74182372804741
613 8.474121887303031
614 8.207098304851673
615 8.2808355977138
616 8.276268669725424
617 8.504416646136669
618 8.193043915761026
619 8.131611843320325
620 8.853075966263521
621 8.766733534464944
622 8.870951813779083
623 9.425670757446877
624 10.201801512236282
625 9.984598107376936
626 10.00152086993402
627 9.531012304086804
628 9.708722579439511
629 9.848460715673287
630 9.28510614128397
631 10.09652216626349
632 9.806053936611292
633 10.024745029055131
634 9.218438949627203
635 10.391574808134893
636 10.238533488791973
637 8.99409150862284
638 9.472318119683424
639 9.577399880208226
640 9.796816195716014
641 8.953841200160264
642 8.860490814708912
643 8.790648824035099
644 9.360888431987448
645 9.701821912219565
646 8.484351494974394
647 9.281931386749914
648 10.639350143550544
649 8.117948143792477
650 8.708115761084482
651 8.787662422987745
652 9.018312937102086
653 8.366078313271286
654 9.16674397583051
655 8.901112410380726
656 8.288008718954995
657 8.470266369013396
658 8.91861270181262
659 9.419217670165828
660 9.233040543650553
661 8.194275764828737
662 9.617110868108051
663 8.680120184335696
664 8.158252175486568
665 7.717364708610721
666 8.578055170744403
667 7.892856631073087
668 8.566121744980517
669 7.881252225749639
670 8.755217079611198
671 8.032938599957863
672 8.245109347714791
673 8.980501360620297
674 8.397302596661836
675 9.577673934047706
676 9.224709549251925
677 8.334320024027866
678 8.531231437049478
679 8.684162325851537
680 8.68836966008658
681 9.62054448784714
682 9.539676533196962
683 8.5438682620658
684 8.884574498933176
685 8.357040967837607
686 8.121174276401984
687 8.5844551827821
688 9.277116964920125
689 9.885939544967389
690 8.463298837026542
691 9.155072132535002
692 8.527011133445916
693 8.712165522054484
694 7.958296392527439
695 7.78581339250462
696 8.65100185323763
697 9.171704214607923
698 9.435084428242106
699 9.028279527992646
700 8.697701826735571
701 8.902048188605363
702 8.149432611883473
703 8.779872923119457
704 9.304608037794953
705 9.498120889955317
706 9.423328794715617
707 8.922317725324532
708 9.603757260236202
709 9.717899918748241
710 10.020852335610114
711 8.858271205777415
712 8.901976007591351
713 9.200962589771494
714 8.804896252463594
715 9.135714478185717
716 9.874422807502624
717 9.673990068223997
718 9.975080578861874
719 10.517680306751082
720 10.546914427006588
721 10.394485967542481
722 10.736960860098426
723 10.149097176398685
724 9.892657577124693
725 10.113153273984457
726 10.239185783722252
727 8.61222229143526
728 9.236218080428296
729 8.63410631323516
730 8.374932058743521
731 9.477992861352327
732 8.62919726250094
733 9.089007915945787
734 9.422649805601921
735 8.933217005019399
736 8.333241300047984
737 9.34364037552939
738 9.30711198353778
739 8.60174546002174
740 9.432745478385561
741 9.016328497270484
742 8.33757511222531
743 8.063804949275784
744 8.073105058571597
745 8.242840933449289
746 7.607937783357536
747 7.809100511704178
748 8.219724989489102
749 8.26327037870111
750 10.040847529089856
751 7.98076622412342
752 8.45382925639996
753 9.488702185791896
754 10.816908513483188
755 10.514637813044878
756 9.863837492892841
757 9.655269009430059
758 10.570501444004234
759 9.650707104336455
760 9.667454733812578
761 9.38401528588458
762 9.284716453135934
763 8.926748219846244
764 9.37939583784695
765 10.41034740984586
766 10.783982231130283
767 9.432675539782222
768 9.81330682082945
769 8.994397842620034
770 8.5891921779548
771 9.53168431801219
772 9.891619786909613
773 10.09201541956395
774 10.080658175342773
775 8.890441920114636
776 9.500619483755163
777 9.693095504037505
778 9.699780310925647
779 8.913222123884157
780 9.04017982235025
781 8.39009993457008
782 8.740370800114281
783 8.660794056324548
784 9.348639578947957
785 9.478466860331077
786 9.643082489407117
787 9.277898677487208
788 9.70272526661979
789 9.715671282818706
790 10.570832011513668
791 9.724411329433698
792 10.725238967364074
793 10.52976189235181
794 11.480353607921797
795 11.107404151843166
796 10.794211042622647
797 10.849245880808075
798 10.825243831947068
799 11.033937187705174
800 11.079797969499902
801 10.601185950152445
802 11.02881383496479
803 11.181542206933752
804 10.525801579865114
805 11.224398503200494
806 9.883188316474135
807 9.246033714982342
808 9.545431741460941
809 9.480037333985823
810 9.76779553047486
811 9.448255093423175
812 9.279662634446904
813 9.440496823801675
814 10.083475506945732
815 9.534046234234077
816 9.703393521940495
817 9.593767953267477
818 8.200763881047852
819 8.862124370371543
820 9.338756119090803
821 9.643927124508938
822 10.424058880430504
823 9.872068082344038
824 10.29796573343593
825 9.4884755256112
826 9.925646684536227
827 9.105929208298647
828 9.640244915955746
829 8.898354928601078
830 8.20664925726128
831 8.766610794917753
832 8.908370581520698
833 9.484306808476061
834 8.57096755866671
835 10.575427014817429
836 9.63737463821489
837 9.545551911910847
838 10.279099953144318
839 10.186597376085134
840 10.244896957622487
841 10.139237378918276
842 9.553448751176168
843 9.52262942780459
844 10.625018833307374
845 9.052839014187427
846 9.284440132363523
847 9.48891213788798
848 10.275895344084292
849 9.330078657291695
850 10.290582627479063
851 9.889239482895889
852 9.731733494260563
853 9.412391921289057
854 8.610949704190965
855 9.321722306466397
856 9.122551813355082
857 8.918192987835527
858 8.272696522297412
859 9.279149013316596
860 9.198559227892906
861 9.987721953933974
862 9.560736352972334
863 9.140490609257009
864 8.491176356956709
865 8.813318609303279
866 8.826888966873838
867 9.123791627796617
868 8.53271193087858
869 8.826011243863192
870 8.961587177009973
871 9.758001003946225
872 9.842941839759723
873 9.707726638379565
874 8.948006342521026
875 9.353798333803272
876 10.004781922581504
877 9.935085131858875
878 10.028920015750861
879 9.829120348881947
880 8.444287039964692
881 9.416050910443241
882 9.25355767204057
883 8.90070031683334
884 9.50873606345117
885 10.186469475752483
886 9.392264803610912
887 9.94302151929887
888 8.954064651907759
889 9.58660144645197
890 9.785409995013325
891 8.751226957235252
892 8.648457429543889
893 9.252523656471874
894 9.159129096974546
895 8.462062777889795
896 9.180172194767168
897 8.501806373401365
898 8.478186822918047
899 8.379371684052678
900 8.299528670647637
901 8.284826127375432
902 8.830286347250787
903 8.257243829185867
904 9.028516627300357
905 8.403345464639864
906 8.570887907962572
907 8.357596901844708
908 8.659140445225244
909 7.797771254444396
910 7.509101084595257
911 8.436400959100487
912 8.334623986399148
913 8.169807157718543
914 8.191134980658825
915 8.810866589114926
916 8.733275076911035
917 8.381379768995924
918 9.574475828923058
919 9.409263879143811
920 9.380332387850132
921 9.56838735985475
922 9.823982854499123
923 9.626415276173447
924 9.559155719766775
925 9.792514503247066
926 8.998011352837509
927 9.472255299860553
928 8.547544858277597
929 9.557627637277067
930 9.39122129503031
931 9.471458942230603
932 9.625807083209905
933 9.351661595927165
934 8.528963689631384
935 8.982638861343107
936 9.13059987532969
937 9.539004336530676
938 9.778000566089773
939 9.14021452670343
940 8.947172048336302
941 8.076454126913102
942 8.376473431236112
943 8.166794296591897
944 8.157233563865343
945 9.125034412462178
946 8.333988312852467
947 8.71379693561946
948 8.01016435228041
949 8.07511211994292
950 8.1393682310663
951 8.487926901847615
952 8.863897493406418
953 8.397748096147414
954 9.337708310419249
955 8.878955591998324
956 8.880623980166584
957 9.57341478678245
958 8.777184733886624
959 9.269257940469808
960 8.914427868297503
961 8.768031076551976
962 8.774189606295673
963 9.254596761546676
964 9.547542269372347
965 8.970549932369785
966 9.625666079674543
967 9.897997348754046
968 8.812142550987051
969 8.508303425806533
970 8.865642510656636
971 8.255284463256986
972 8.144256377805023
973 8.771858044922931
974 9.07496045757011
975 9.188619748386849
976 8.542162999698329
977 8.463918750515212
978 8.658006288445373
979 9.00622525223654
980 9.013710093358371
981 9.08704770107058
982 8.931462523849605
983 9.066229158232426
984 9.621439138060847
985 9.075778053355094
986 9.55768869279695
987 8.827817727180502
988 9.482009442411522
989 8.571042297365844
990 8.399191814581311
991 9.173423759331067
992 8.932105765509219
993 8.909794532387094
994 9.782848046429601
995 8.624825181786663
996 8.8950711222983
997 8.61008561336353
998 8.820847884960632
999 8.824586466728615
1000 9.037193512042727
1001 8.849832921797796
1002 8.630228201992937
1003 8.393705524828077
1004 9.293767149798827
1005 8.65160335956813
1006 9.259186233822556
1007 9.502039539783706
1008 9.688324832126185
1009 9.408010218104481
1010 9.961842755475333
1011 9.268725702975916
1012 9.370841367646388
1013 9.850815575463267
1014 9.705750809492065
1015 9.80713408691707
1016 9.167486528919214
1017 9.93477402565725
1018 9.439636175479249
1019 9.759590009113486
1020 9.249067837389408
1021 8.400749426715707
1022 9.514638740060972
1023 9.727204733598915
1024 9.685668934672746
1025 9.318764669100101
1026 9.58245814790123
1027 8.597693250762354
1028 9.151008786647376
1029 9.467014673583309
1030 9.056101749579652
1031 9.272369235837322
1032 8.94117801424741
1033 9.701647373586892
1034 9.272250700563074
1035 9.579063815472752
1036 9.366222387403576
1037 9.373532658639162
1038 9.578196302073918
1039 9.000457791279796
1040 9.36427862517219
1041 9.186273197518373
1042 9.6648379171231
1043 8.967811785100544
1044 9.24733259398725
1045 9.029265955528539
1046 9.048243793288721
1047 9.586257601666077
1048 8.579579469641798
1049 9.631013143550422
1050 9.512109395211104
1051 9.214267477054259
1052 9.712471943500253
1053 9.510586446616664
1054 8.65805575604518
1055 10.013123904690103
1056 9.664342131481302
1057 9.42552165663802
1058 10.023239861514648
1059 10.20964607131029
1060 10.961130653555625
1061 11.399315755210784
1062 12.186546160894663
1063 11.289720313075236
1064 11.060075140940627
1065 11.243589340123641
1066 10.445750834379263
1067 10.213905666668373
1068 10.74178099257183
1069 11.06203085797191
1070 10.192535640396668
1071 10.629408733978776
1072 10.94299178671911
1073 10.646912536231389
1074 10.86845767611092
1075 10.756010683069453
1076 10.193786072661414
1077 10.890738724966985
1078 9.851080597195702
1079 11.171334302009956
1080 10.928488419993972
1081 10.70802124281085
1082 10.929053353091753
1083 10.603213604403896
1084 10.720708112256423
1085 11.356183984495344
1086 11.453167833678265
1087 11.45953344248977
1088 11.68182555759374
1089 11.413498854688426
1090 12.040425741366393
1091 11.20754846621595
1092 11.151479193477886
1093 11.214154075429
1094 11.505063894131311
1095 11.801755066242064
1096 11.973009458345363
1097 11.694790467877684
1098 12.12263475780799
1099 11.577414409485176
1100 11.366051884525328
1101 12.143478348366717
1102 11.297486483479739
1103 11.648348693917118
1104 11.646536178375788
1105 11.24551726193701
1106 11.668522581072565
1107 11.393248640880433
1108 11.419262618763256
1109 11.696693103245488
1110 11.861939745336043
1111 11.87648316787319
1112 11.600027867970125
1113 11.357921334198226
1114 10.903197339842164
1115 11.58451069437903
1116 11.325436230269265
1117 12.264630475095618
1118 11.390753610908984
1119 11.338043657258927
1120 11.714561048000084
1121 12.126622721028728
1122 10.987177487062441
1123 11.669444987146147
1124 11.372211589773334
1125 11.883647334768602
1126 11.803647520858789
1127 11.549781813571354
1128 12.17273412835353
1129 12.210152004127714
1130 11.44231021893709
1131 11.203202849866575
1132 11.407961878229779
1133 11.073124863626795
1134 10.941202708149746
1135 11.265194843968331
1136 10.655509783998234
1137 11.73833649378976
1138 11.787309339321387
1139 11.08699754181854
1140 11.274599944200476
1141 11.136173110928969
1142 11.47264868967091
1143 11.525207771677279
1144 11.777604191493918
1145 11.869862408597735
1146 11.504225628960548
1147 12.277437832145827
1148 11.842616884601085
1149 12.302426733028836
1150 13.27741337056618
1151 11.67856595728347
1152 12.720068158995835
1153 12.204631708527874
1154 11.755755239578743
1155 12.26654794751863
1156 12.263462887522964
1157 13.220569336238867
1158 12.806308061031311
1159 12.639722005427762
1160 12.576481907784077
1161 12.828143786048006
1162 12.062140230545182
1163 12.173910395250367
1164 12.485370138970373
1165 12.554641836262217
1166 11.900561082571462
1167 11.852618962973404
1168 12.071784851440535
1169 12.124144024857369
1170 12.251786179446423
1171 11.974122939261491
1172 11.92470678234199
1173 11.76087207533244
1174 11.43822070285265
1175 12.121018200085308
1176 12.038341976510937
1177 12.092870951682777
1178 12.086524066433473
1179 11.850239237983095
1180 11.901090970867685
1181 11.510412309269284
1182 11.875760059431952
1183 12.410879612930454
1184 12.235867811194682
1185 13.815536955307198
1186 12.145178929717648
1187 12.511924512136329
1188 12.410971691639292
1189 13.013348792209186
1190 13.427691500958552
1191 12.900860111795511
1192 12.31374168030686
1193 12.128204209782611
1194 11.516895697248701
1195 12.515153783912826
1196 11.615127005037944
1197 12.72503975150655
1198 12.393569837041486
1199 12.767462215416398
1200 12.47969791918707
1201 12.139406437589317
1202 13.157445445631858
1203 12.863491847015426
1204 12.52626820700408
1205 12.549979418941637
1206 13.048343486533573
1207 12.925627101038483
1208 12.91434691292541
1209 13.010256621175309
1210 12.354605003874495
1211 11.681986883542566
1212 11.659771973728008
1213 11.217559513325876
1214 12.088272520290076
1215 12.26712602985818
1216 11.671503368175234
1217 12.018431360928762
1218 11.941895325745408
1219 12.246931040582622
1220 11.948991521653426
1221 12.745957068715006
1222 12.164542229876115
1223 12.270565893598304
1224 11.217998810167392
1225 11.573823576711977
1226 11.90518899395789
1227 12.064508871842825
1228 11.726836766440837
1229 11.432970943425763
1230 11.63124502210979
1231 11.942164682256577
1232 11.488880877285109
1233 12.13752794281115
1234 12.160120047468446
1235 12.25744948096462
1236 12.348090281635832
1237 12.350587987747188
1238 12.453723798810275
1239 12.598908767306138
1240 12.664193669269675
1241 11.645638492577653
1242 12.535525066407338
1243 11.8270648081946
1244 12.30933363639017
1245 12.23583885511734
1246 11.730949610715674
1247 11.96903447932923
1248 12.887473165012405
1249 11.767966078023559
1250 12.507840911377201
1251 12.772851697579243
1252 12.403990972343445
1253 12.50914158789501
1254 12.755377806984905
1255 12.56355984775265
1256 13.497688081572598
1257 13.56480576035462
1258 13.419416990389086
1259 13.322739873753633
1260 13.163543256524017
1261 13.468546505245836
1262 14.186697005552986
1263 13.816157904787488
1264 12.764531089893653
1265 13.434988888099591
1266 12.836512307009478
1267 13.161969357742414
1268 12.557436882143053
1269 12.963300547933427
1270 13.441014590614975
1271 13.611678249119604
1272 13.600598555360763
1273 13.379107621827329
1274 13.64616216870713
1275 13.975125584351828
1276 14.340220503696186
1277 14.120358552208753
1278 14.370090437075904
1279 13.524489343802639
1280 13.862602956296538
1281 14.037575880458123
1282 13.993463559345129
1283 13.796818946492706
1284 13.248343921365931
1285 13.974381575639452
1286 14.189070858957816
1287 14.043885300814638
1288 13.395042562471133
1289 13.662027946053854
1290 14.42574575693127
1291 14.597734964311279
1292 14.461126167982135
1293 14.284133467246884
1294 14.653283824065447
1295 14.212776628469568
1296 13.611613484506778
1297 13.985126745376592
1298 14.187256569887698
1299 13.721418230913656
1300 13.551682703046442
1301 13.324707139060058
1302 13.475298319153923
1303 13.645605265323844
1304 13.792926782583601
1305 14.589737249663749
1306 13.862537988674537
1307 13.6539792552487
1308 13.148208588604017
1309 13.720253502959363
1310 14.304545171923406
1311 13.98615161466159
1312 14.901484131837877
1313 14.248528247494773
1314 14.209677367711517
1315 14.53238066596996
1316 14.364036872065812
1317 15.112410683356304
1318 14.228462845294892
1319 15.177302974230127
1320 15.214088920011513
1321 15.741343116115162
1322 15.3822568796094
1323 15.721755472568475
1324 16.28373746941252
1325 15.600056623521498
1326 14.496290321325338
1327 14.722852008467845
1328 15.647340057768355
1329 15.565518328105236
1330 15.763613182776872
1331 15.903663564615012
1332 15.421053702783212
1333 15.252721991286352
1334 15.108462335715688
1335 16.144814998099545
1336 15.270623993925106
1337 15.430452744311715
1338 15.875114557548319
1339 16.942375924170392
1340 16.532967115396417
1341 16.83103953573271
1342 16.417649042197528
1343 16.222292512578584
1344 15.47581389668782
1345 14.986070706342582
1346 16.33346275581048
1347 16.754158637150866
1348 15.969923662732919
1349 17.229218956647596
1350 15.46175122184735
1351 14.830319452082563
1352 15.965865024786849
1353 15.938164732410176
1354 16.437565999960846
1355 15.854327568632081
1356 15.758623384781234
1357 15.802921966307505
1358 15.394798638755859
1359 15.665467647345336
1360 15.702826310890071
1361 15.753315855596181
1362 16.915136609885437
1363 16.49630869511697
1364 16.49006106247296
1365 15.826219033037338
1366 16.190868216274467
1367 15.878535518371613
1368 15.70259170544012
1369 15.768394790742146
1370 15.902487942930582
1371 15.807567284784994
1372 16.145302604377886
1373 15.840588616122481
1374 15.907017903313717
1375 15.701903403429043
1376 16.394489463213056
1377 16.34897763181922
1378 16.491765430409746
1379 16.999338193744993
1380 16.538879415228767
1381 16.096884395206974
1382 17.13634015442011
1383 17.116770637273547
1384 17.20681809850919
1385 16.34736225897918
1386 16.460051476245635
1387 15.657446209229088
1388 16.778454273113436
1389 16.85408716349217
1390 16.630694474952648
1391 16.890554490898
1392 16.52877524991576
1393 16.725023587138466
1394 16.552595338980403
1395 16.67214572274621
1396 16.18655449397683
1397 14.465273235678582
1398 15.706220918736937
1399 17.12209311439863
1400 16.673448282451524
1401 16.36521528226421
1402 15.934796307491402
1403 16.790571912774183
1404 16.316389401325228
1405 16.398766998937106
1406 17.073025050530934
1407 16.020779709055404
1408 16.436230562549085
1409 16.04213851708541
1410 16.479393941282346
1411 15.968432987480075
1412 15.85882435417158
1413 16.649599596536795
1414 16.96868514860552
1415 16.39886897096234
1416 16.573429347197703
1417 16.193046233898407
1418 15.835595659997415
1419 17.23021262791556
1420 16.991625657282807
1421 17.205948042388524
1422 16.741873652257574
1423 17.118804314483928
1424 17.31073457035171
1425 17.315758979599707
1426 17.29425057435349
1427 17.3666198032974
1428 17.296874376944725
1429 17.352710425036996
1430 17.714250540366738
1431 17.6798951744888
1432 18.483172830607653
1433 18.441668045309825
1434 17.228561163088244
1435 17.58236148437395
1436 17.505784895011196
1437 17.60150714499143
1438 18.19800767536226
1439 17.443066685877028
1440 17.21351828120152
1441 17.46714466365588
1442 17.390161893910072
1443 17.840069230972677
1444 16.80117944819673
1445 17.142161340325266
1446 17.397810330128173
1447 18.34654430132247
1448 18.100309046595697
1449 16.995917437629068
1450 17.453029190542683
1451 17.46005607387969
1452 17.40479635863344
1453 17.297056537134377
1454 17.5421448654984
1455 17.467199654693353
1456 18.357019404974178
1457 17.6084391392037
1458 17.37280316022119
1459 17.369209185336512
1460 18.521253747220918
1461 17.302152355537167
1462 17.062551365085344
1463 17.282898820144755
1464 17.4507276138991
1465 16.798003402940584
1466 16.73106164240375
1467 17.368562173773466
1468 17.00920507592005
1469 18.54971695402809
1470 17.22644273265315
1471 17.273068869911445
1472 16.64334913183283
1473 17.389711246154814
1474 17.036086055089317
1475 16.223137827669664
1476 17.448389537698553
1477 17.97801360074041
1478 16.96417717101412
1479 17.45742743650987
1480 17.043099110672824
1481 17.09877967291159
1482 17.24559836188438
1483 17.8044818390011
1484 16.951944474304547
1485 17.72999847679555
1486 17.995282162294643
1487 17.6980067800423
1488 16.815099966256085
1489 17.35214526558669
1490 16.800581340779953
1491 18.36062374777401
1492 19.12286568257295
1493 19.394757663046914
1494 19.184204662621465
1495 20.922462512926796
1496 21.69861721279415
1497 21.419490016354345
1498 22.327713954874824
1499 21.67755818828425
1500 22.033129856222622
1501 22.282399853021484
1502 21.732868373480024
1503 22.45817304084738
1504 23.731095204487445
1505 23.071190545751744
1506 23.69994706972142
1507 22.64227281317876
1508 21.57385750004746
1509 23.116427299812607
1510 22.296027826642764
1511 22.410685967887215
1512 21.677535324459633
1513 21.55625699528505
1514 21.14549675981602
1515 21.39413035516286
1516 21.44479167315668
1517 22.561142907415835
1518 22.318298238391133
1519 22.112335913113835
1520 21.840190813998763
1521 21.78689831441446
1522 22.129213774291433
1523 21.735374407041338
1524 22.56734014836211
1525 22.337720228273643
1526 21.443808998627546
1527 22.506533905415623
1528 21.220276792613816
1529 22.455844078383468
1530 22.70695184594692
1531 21.81041644266973
1532 22.816934742623097
1533 21.930677563499458
1534 22.189452306408352
1535 21.992195337481007
1536 21.575494569783483
1537 21.84861392374947
1538 22.07496696272612
1539 23.223323511387694
1540 22.34405740304078
1541 22.615337175488513
1542 22.41461473629602
1543 22.069475718536157
1544 22.02025799591927
1545 23.884303813708957
1546 23.408229355823728
1547 23.391148650695463
1548 23.618562937277606
1549 23.29532855061718
1550 23.81670169731311
1551 22.915251773654877
1552 22.77920071422696
1553 22.724040503054148
1554 23.537719316846378
1555 24.915542072831347
1556 23.668083657725703
1557 24.181336045839803
1558 24.026034259914965
1559 23.98965290669446
1560 22.6544212283114
1561 23.958747838609845
1562 24.541749177160398
1563 25.264041774668094
1564 23.071030886731464
1565 23.70840993723632
1566 24.24726152886219
1567 24.147478484891515
1568 24.828980210650897
1569 25.212495366820974
1570 25.76192763885869
1571 25.745007762241453
1572 25.435362928418144
1573 25.334999957342703
1574 25.712910157600774
1575 25.17789385858966
1576 24.879544768639988
1577 24.86558391009466
1578 24.966383596706745
1579 25.337492068355964
1580 25.562490787611015
1581 25.822144707738587
1582 25.08454003836847
1583 23.541955635049067
1584 24.3235920623596
1585 24.32271642835899
1586 23.78240459284435
1587 24.93383309677981
1588 24.545754595757693
1589 24.244393099807354
1590 25.325057834744264
1591 25.628785892192354
1592 26.255873223805548
1593 25.710731172719324
1594 26.096975722357378
1595 27.081925981692493
1596 27.404491287411144
1597 26.858808951347296
1598 26.70885394114045
1599 26.61205113520007
1600 26.333751111903783
1601 26.943978932598775
1602 26.952019077746115
1603 27.005917664403707
1604 27.446606401362708
1605 28.02408661763534
1606 26.398923043391516
1607 25.834566131178377
1608 25.65485026708212
1609 26.825028634891783
1610 26.42041437437852
1611 26.85685014362523
1612 26.24596397359321
1613 27.009582832996053
1614 25.560370934841732
1615 25.700280208514588
1616 25.90618761814486
1617 24.987157508511434
1618 25.736725763653048
1619 25.572307931271954
1620 24.843485671268326
1621 25.972295482381714
1622 25.071223284023198
1623 25.510653906207896
1624 24.036014749021657
1625 25.11321823633652
1626 24.342404889757628
1627 25.056314648576226
1628 25.094348447004347
1629 25.14924228812844
1630 25.086938462031444
1631 24.050497263038753
1632 22.764892693606857
1633 23.14349585594022
1634 24.56533942138738
1635 24.0396231016324
1636 25.94874328047934
1637 25.979823435111342
1638 25.961243133557343
1639 25.801471389492136
1640 25.22544057247388
1641 25.257282832928905
1642 24.493966479490435
1643 24.790016913276304
1644 25.7899940193033
1645 25.374839042179307
1646 24.71128784484847
1647 25.20993411557994
1648 25.111692546628372
1649 25.528253506202677
1650 24.72895471029016
1651 24.34766579480704
1652 25.89592995658518
1653 25.84378953901113
1654 25.866251979961405
1655 25.175829340753808
1656 24.311082092180094
1657 24.13008240666966
1658 24.675866596405417
1659 26.031123953781066
1660 25.203558958269273
1661 25.023949301406983
1662 25.423510151078638
1663 23.59063367281704
1664 24.53292416441371
1665 25.394447893356578
1666 24.302873177195476
1667 24.52700777392066
1668 25.21864253088941
1669 24.763575707181758
1670 24.367903813848837
1671 24.613362376976685
1672 23.97320212874793
1673 25.10859028413209
1674 25.746697496696545
1675 25.37190705531388
1676 24.959293484095127
1677 24.774943470629648
1678 24.537185431605156
1679 24.762886586795577
1680 24.703687155912302
1681 24.512605457479854
1682 23.287907180224362
1683 23.14797566392988
1684 23.838219696756823
1685 23.710740982044623
1686 23.80236235117988
1687 24.611415052952257
1688 23.879813692521555
1689 24.435665912639042
1690 25.015323934120783
1691 24.748048281597224
1692 24.85514930298979
1693 26.178487139358328
1694 26.11633781536375
1695 24.899248361393667
1696 24.748609630936933
1697 25.196818421019394
1698 25.16392405348872
1699 25.169931568422307
1700 25.4840446871239
1701 25.612694321632123
1702 25.566751486014862
1703 25.218673040775045
1704 25.27938356521732
1705 24.913529510180872
1706 25.88005628041719
1707 25.99183892988744
1708 26.805575030438987
1709 27.92089137762227
1710 26.918143885568792
1711 28.20221615800721
1712 27.148881299312386
1713 27.621254465883734
1714 27.571853600879948
1715 27.012852938192715
1716 26.996879320158307
1717 25.6377912977458
1718 26.52017961499249
1719 26.67276608118605
1720 26.5290619990632
1721 26.328576715737523
1722 26.20898354663863
1723 26.635131124663747
1724 26.38783714697438
1725 28.017383265074823
1726 26.665152119115433
1727 26.043915926325678
1728 25.817991470442955
1729 26.639703404778864
1730 25.39617975623925
1731 26.489160203897274
1732 26.428924614275427
1733 27.138135296637554
1734 26.647398412858962
1735 27.057252868300555
1736 27.042412591571857
1737 27.784497057858825
1738 26.84370514840637
1739 27.828688917604655
1740 27.566386941072576
1741 27.47560865050533
1742 27.67824036380969
1743 27.92765666281452
1744 28.22478910018482
1745 28.150992213235106
1746 28.555481075626965
1747 27.309300895005517
1748 27.82669239347428
1749 27.97752294482269
1750 27.269563349222555
1751 27.7730275581493
1752 25.851281568864007
1753 27.35908276849836
1754 27.02319324068111
1755 26.297435267622927
1756 27.082502135831206
1757 28.189412932903625
1758 27.703523306041305
1759 27.276538673784245
1760 27.11226125248563
1761 27.942169387352553
1762 28.55297214902731
1763 29.010665195057097
1764 28.54508244500542
1765 27.694656668574822
1766 27.239758359686842
1767 28.071653642234264
1768 27.913696258244705
1769 28.165359756770574
1770 28.444740782838064
1771 28.738406278836514
1772 27.65819711791683
1773 27.062013138664522
1774 27.81853208974328
1775 28.165046709537183
1776 28.186554050159447
1777 28.155456471341324
1778 29.172421298935937
1779 29.72356397916669
1780 28.90231322224548
1781 28.44936105456541
1782 28.957172485099438
1783 28.843665926253365
1784 28.942712298484327
1785 29.121185068151448
1786 29.269189160559126
1787 29.83880214413262
1788 29.956586159035716
1789 30.573109878276203
1790 28.944236466770896
1791 29.63031682491784
1792 29.201666991861394
1793 28.779017462158148
1794 27.771449608641337
1795 27.83246074099843
1796 27.853735257136066
1797 27.329637915381337
1798 26.723004651911456
1799 27.26949348587971
1800 27.31374013592294
1801 27.46688951019664
1802 28.204918813889513
1803 27.57985002634777
1804 27.371445007298
1805 27.273161145077886
1806 27.280585688479682
1807 26.76250209647715
1808 26.72976360465867
1809 25.350022470171147
1810 25.22376956377132
1811 24.60478221924501
1812 25.03701788690216
1813 24.711556035190153
1814 24.926538412362493
1815 24.410487533876243
1816 23.540310946285604
1817 24.774986566101653
1818 23.44968814965675
1819 23.910062373288515
1820 23.93876232188114
1821 23.878320067120455
1822 23.276686675925035
1823 23.243183885876928
1824 24.3725037079806
1825 24.829336552692702
1826 23.88009235376669
1827 23.55780210510911
1828 24.006254447267533
1829 24.433917101210852
1830 24.04558466879012
1831 24.17057647327213
1832 24.33060932589973
1833 24.14179537462156
1834 24.661727195397905
1835 23.696197017531706
1836 25.06784994344967
1837 24.799538265354116
1838 25.124319324007896
1839 25.33896037219558
1840 25.418353790107336
1841 25.353310336332992
1842 23.78447075208189
1843 24.179768942160624
1844 24.6465239734189
1845 24.76204068969451
1846 23.973638935157794
1847 23.436915408027556
1848 24.334484930005072
1849 24.527805692576095
1850 24.708906578795496
1851 24.92572123290974
1852 23.795907344993097
1853 23.987517421461202
1854 24.232444263824224
1855 24.891662921172127
1856 24.089199207094595
1857 23.61906579724063
1858 23.98761544003653
1859 23.93797942082358
1860 24.693672731977482
1861 24.265136391478517
1862 23.858734746770875
1863 24.335465566680657
1864 25.721327940211168
1865 25.38042257116444
1866 24.016832898007962
1867 24.971974294297087
1868 24.617992125378233
1869 25.171806478153396
1870 25.202069017986243
1871 24.531479310267954
1872 24.685168066419276
1873 25.28033198260165
1874 25.749503408756908
1875 24.945528095464443
1876 25.652764384335352
1877 25.788905000644846
1878 25.901977907003868
1879 25.883846364984702
1880 24.84976753597626
1881 25.40883041804913
1882 25.495896601857257
1883 25.83021035094094
1884 25.16623205424987
1885 25.05123425170876
1886 24.68171678437676
1887 24.35708796540802
1888 23.986365460570415
1889 24.538079681860328
1890 25.086225212031177
1891 24.99259613004755
1892 25.30910125808239
1893 25.014935052175808
1894 25.096738354689954
1895 24.65658878266831
1896 24.90564869134616
1897 25.253245375513504
1898 24.901702148638726
1899 25.097392618258386
1900 25.4357400802196
1901 24.85942028488262
1902 25.021326492468948
1903 25.394686008076118
1904 24.56174293551232
1905 24.23137836657508
1906 24.94259288587667
1907 25.748548572951158
1908 25.058220712304365
1909 25.096889758673814
1910 25.807341916911607
1911 25.79871109486875
1912 25.548433695747693
1913 26.118008544605708
1914 26.30212891390155
1915 25.94506517239198
1916 26.13438228674284
1917 26.15435384538135
1918 25.870669171046845
1919 26.47624187068518
1920 26.26445083884636
1921 25.865013841905306
1922 26.30441335987934
1923 26.1960132936709
1924 26.199065849546606
1925 26.108477040207003
1926 27.067259043913612
1927 27.22050616847582
1928 27.919869994352027
1929 26.780783568415984
1930 26.18284685733457
1931 27.112782783107512
1932 25.378040812556986
1933 26.512171277277957
1934 26.704541417622
1935 26.416432397095463
1936 25.60794496534249
1937 25.443841265609407
1938 25.364610377189955
1939 25.842036712084518
1940 25.113013600848273
1941 25.934095901191643
1942 26.419387214492623
1943 26.238852359111572
1944 26.173367651947856
1945 27.40119523443003
1946 27.718674326990573
1947 27.23008627965912
1948 27.809444468073785
1949 27.18036918699186
1950 27.08709167546525
1951 28.203182180412703
1952 28.758027002214842
1953 27.714165518174678
1954 28.146509668587527
1955 29.266081105462373
1956 30.66442470632708
1957 31.122544704938203
1958 29.196202688853287
1959 28.996103555837994
1960 30.48112706593279
1961 30.971807071372677
1962 30.139551643523102
1963 30.477554112758988
1964 30.211697684312767
1965 29.90021875832705
1966 29.124578516090363
1967 28.70792057777985
1968 29.46313730771666
1969 30.81976544443869
1970 31.415812562757136
1971 32.780052571194496
1972 31.87595194255791
1973 31.94643157788389
1974 31.524663131095082
1975 33.306589112874484
1976 32.38463574259009
1977 32.72305069383019
1978 32.3211955407998
1979 32.56814421521473
1980 33.11536247643985
1981 33.76278004468491
1982 33.33899056844483
1983 34.39181866297703
1984 35.538561504981104
1985 35.59806501142056
1986 34.81599517490715
1987 34.931867760964145
1988 35.60391046119247
1989 36.386688365186096
1990 36.877834764908954
1991 36.180945503994
1992 35.84073325727635
1993 35.280422012087314
1994 35.20450438515444
1995 35.54367255109049
1996 36.10667529368523
1997 35.67801055326039
1998 35.95215442281529
1999 35.55121965466769
