0 21.57755616761243
1 22.56685418679327
2 22.404700839607536
3 22.874841479376236
4 21.628083984904798
5 22.120808873789954
6 21.118432139309192
7 21.47156935373061
8 21.81389191855195
9 21.467242255316613
10 21.70739810702717
11 20.683010492245703
12 20.97120015738403
13 21.443380617476887
14 21.68611601257614
15 21.868222620024728
16 22.250173485288904
17 22.712315775038125
18 22.39947391413107
19 22.21098354202385
20 21.580840144354728
21 22.73718065759395
22 22.743945097900287
23 22.66019547828032
24 21.534662014702025
25 21.695200082397008
26 22.105314351530424
27 21.706007198729562
28 22.412471314992864
29 21.740174833274192
30 21.880123777713973
31 22.376134097723764
32 21.46335449499617
33 21.635092521532865
34 22.05872714929905
35 22.203199952111103
36 21.27211233698404
37 19.906784915068624
38 20.381453074860563
39 19.981964701092412
40 21.324600809258115
41 21.612443261208146
42 21.474033838675066
43 21.586028520971865
44 20.48103895090831
45 20.439799327750965
46 20.065466964196958
47 20.382044835544765
48 20.184734164162602
49 21.058470641634457
50 20.00014888117362
51 20.384187780166247
52 20.787038435773248
53 20.85636547510109
54 21.051838340220527
55 20.36163506086644
56 20.42958451054459
57 19.893293514678987
58 20.04709496223636
59 19.64425648041363
60 21.279027999524658
61 20.585371491482206
62 20.795356938716218
63 21.41985224798195
64 20.5957537730024
65 21.42479599180097
66 20.35359769954955
67 19.873308803005308
68 21.05419261331357
69 20.26679004462036
70 20.606226651691774
71 20.14255010976525
72 20.454233669437503
73 20.13206578021423
74 20.98751593370926
75 21.369986725663022
76 20.481933794232276
77 19.53620204813919
78 19.823461851311254
79 20.706820098165714
80 20.83199362527607
81 20.986823885587054
82 20.23470309708266
83 20.504514343197027
84 20.681443200369472
85 19.770277471545448
86 19.868649515999717
87 19.000844610465112
88 19.46093883605898
89 19.491182951196393
90 19.779076440273204
91 19.806434131232084
92 19.57737514524079
93 20.473759636680985
94 19.692390220312642
95 19.163148863984464
96 18.877987708434816
97 19.3711536729204
98 20.0435605710429
99 19.810988134992673
100 19.948448287756527
101 20.70653180432513
102 20.432097268774445
103 19.21935430780002
104 19.82709701609015
105 20.198015224391995
106 18.644658550319672
107 19.346771145299606
108 20.213084059413923
109 19.93525059427232
110 20.078372415963546
111 19.700905665219146
112 20.411386523877226
113 20.407791423114933
114 21.296273743406285
115 20.02773077068056
116 19.9446081102071
117 19.922566960354807
118 20.699187361665313
119 20.26205107935913
120 20.08398255060565
121 20.964194293601206
122 20.303767473250474
123 20.790664320580465
124 20.95424026914506
125 20.835771531063276
126 20.2411917493697
127 20.361081001376306
128 19.52441869600261
129 19.948939313594966
130 20.425168823400526
131 20.968368683183133
132 20.25083694540012
133 19.921303893625804
134 20.703401648302957
135 21.52933489450367
136 19.727173006453853
137 21.116489536373344
138 21.2822133511244
139 21.254684320171975
140 19.50794087693236
141 20.226980591050708
142 21.9233262184937
143 20.96478874106785
144 20.765902055471237
145 20.57547237434759
146 19.773102129266515
147 19.209547770575412
148 19.321624355709034
149 19.473391702401898
150 19.773650888953803
151 19.09454983422854
152 19.025901325968047
153 19.809936473550405
154 18.601600593274878
155 19.3837164410095
156 19.612513156902708
157 20.808867335852806
158 20.26599083258323
159 20.981223837476584
160 20.305080693808822
161 20.666704119362585
162 19.785030616856925
163 20.83069907754725
164 21.123952840706277
165 22.935603280970422
166 21.686644453669476
167 20.955717532389173
168 22.867228381551705
169 22.499445178979343
170 22.366148203556705
171 21.457745159634452
172 22.973059777757715
173 22.765628380288256
174 22.545472643446576
175 23.05959624362691
176 23.782848915418548
177 23.16556360846354
178 23.19271576855907
179 22.193690812780414
180 22.809815204999726
181 22.458576666032748
182 22.060826404377277
183 22.483205222520297
184 21.44518268901135
185 21.493821339682526
186 21.853536320902926
187 23.367958679631023
188 23.249620654382895
189 22.063039079020875
190 22.388064390622475
191 22.424028457950183
192 21.959888231840736
193 21.356133704083092
194 22.188083760122954
195 22.263610586471792
196 21.530749542578814
197 22.36105651539299
198 22.424922258108356
199 22.45542597287358
200 22.501477917518244
201 21.528507199715897
202 21.581889614307045
203 22.12140603093794
204 22.630700545507494
205 23.012928381678577
206 23.016090932301093
207 22.74355958690895
208 23.463723287143477
209 22.955030524140092
210 22.067126952253197
211 22.252179042408255
212 21.836708074206527
213 21.447542630157024
214 20.288452168857944
215 20.19642501934192
216 20.62800644966995
217 20.342987385601955
218 20.343810014927417
219 22.2146563741176
220 22.353260548583044
221 21.106945563439975
222 21.70693462815784
223 21.01401741305911
224 21.07798253231131
225 21.143491109480433
226 20.05180599702526
227 20.51452149114717
228 20.38410035569475
229 21.267743117873152
230 20.965165664654254
231 20.652138975505007
232 20.89807679433367
233 20.62399857620185
234 21.040755541904385
235 21.330160051892314
236 20.857704754048704
237 21.225235833895372
238 20.387314167474045
239 19.99365226589231
240 19.967299430797677
241 20.265851777336653
242 19.783298139906105
243 19.545087099642757
244 20.085668362175017
245 19.81691009212628
246 19.514804380252457
247 19.36365884819245
248 20.20887306827894
249 20.08350474684342
250 20.078250963585983
251 19.94220381101328
252 20.093467482267563
253 18.727768947109737
254 20.43451627289471
255 19.76508009070457
256 18.881714617602636
257 19.61651062016265
258 19.716773630698313
259 19.363656309756436
260 18.60939754964998
261 19.484426592581773
262 19.63731460938454
263 19.147808354290316
264 19.740804934362263
265 20.636604403924256
266 20.566761099955876
267 19.367880085964693
268 19.609642005939325
269 20.19769836282744
270 19.950446910978894
271 20.394054172634878
272 19.98009459333034
273 19.885301421822344
274 20.258003716892084
275 20.38674096308583
276 20.274700049258957
277 19.977982888344695
278 19.655634692018225
279 20.382046536817285
280 19.966608287531947
281 19.667356113162988
282 20.14296413226567
283 20.378428681126863
284 20.574727974914044
285 21.353611055586672
286 20.399182862006548
287 20.42285216987643
288 20.23598425541359
289 19.58531842449429
290 19.716757033955563
291 20.123957470611565
292 19.557273867839896
293 19.65265472198681
294 19.727418699145247
295 19.714409387766068
296 19.800587030615926
297 20.097415598326222
298 20.057941910971298
299 19.64098208251753
300 20.252759056753014
301 19.587817183506274
302 20.450004761250863
303 20.218604225370118
304 19.788083720884
305 19.466588653897713
306 19.413128094824227
307 19.872000254556827
308 20.56510023984408
309 20.140650744480265
310 19.994308374482696
311 20.652224808842888
312 20.807901805015195
313 20.315646036024713
314 21.35999723008999
315 21.024639040099306
316 21.607384776018847
317 21.338185292942544
318 21.086000417280985
319 20.731287119996853
320 21.057453087920333
321 20.491982813618737
322 21.12099630248164
323 21.048980489890198
324 20.272544084549942
325 19.791216992049907
326 20.32153368572011
327 20.457896331640924
328 21.095413228455694
329 21.08711295952519
330 20.72837307489599
331 20.699891982087
332 20.829024581437572
333 20.554559633085415
334 21.115758890303635
335 20.39774655807331
336 20.323417865611624
337 20.043959053856273
338 21.002444996514754
339 20.00474880274274
340 20.164720587809697
341 20.350646906635102
342 20.47501892848478
343 20.041941984800506
344 20.453478906410567
345 20.768302556254845
346 20.76466322499175
347 20.276386513713227
348 19.9581625874136
349 20.41238816427237
350 20.427341218151035
351 20.493750513566876
352 20.06856785978831
353 20.693405794916618
354 19.1380459358341
355 19.764453107681792
356 19.653231888525138
357 19.82336578819287
358 19.818978360979642
359 20.00083382896724
360 20.02385050187261
361 19.541667490137566
362 19.71225985114901
363 18.57440283227759
364 19.381533882957232
365 19.781236471054115
366 19.234307352827408
367 19.17789545774678
368 18.855815962113766
369 19.213834187784986
370 19.18781269621593
371 19.645083992141736
372 18.434175437461068
373 18.307975999159115
374 18.21840493533685
375 18.04428334858959
376 18.471077491081942
377 18.008183729701866
378 18.858215794557147
379 18.52804623153667
380 18.789975638285547
381 18.403524031900556
382 19.28401709228729
383 19.35152093964765
384 20.07966923308975
385 19.352535667613317
386 19.17576148948134
387 19.593877638300423
388 19.328410337791205
389 19.041743506506897
390 19.33870320483796
391 19.469003241142925
392 18.89665889225262
393 18.985835636061243
394 19.550314908467538
395 18.51077583584622
396 18.913019483854473
397 18.67554602443828
398 18.713165247926813
399 18.542529341781226
400 18.872966282924253
401 19.080338737227763
402 19.19091826076538
403 19.28445885626189
404 18.86191503420016
405 18.282390263876536
406 18.70345332453522
407 18.83566055890533
408 18.32128278987199
409 18.712133824270225
410 19.267470653024198
411 19.18271276191274
412 18.902359458738
413 18.833402377564504
414 18.26094563174625
415 18.265028794379642
416 18.80411435715912
417 18.028540046922288
418 18.159516948907235
419 17.988349694931674
420 17.909655214302223
421 18.493858055083415
422 19.053159907849558
423 19.235873672371522
424 18.41774024356233
425 19.24886594873246
426 19.22432134929824
427 19.93730178327327
428 19.202080270808654
429 19.409362807210456
430 20.002677121532596
431 19.69050442460561
432 19.32393146986196
433 19.5129909794353
434 18.808443198347785
435 18.68759187361455
436 18.91159620190084
437 18.783160411759862
438 19.326599724003756
439 18.88166262095154
440 19.218049867561557
441 19.109146550944978
442 19.446948534449838
443 19.16140218795527
444 19.145657809057756
445 18.588334242096614
446 18.2246200455077
447 18.279336197495397
448 18.63876099230719
449 19.055962488825006
450 18.92597125833602
451 18.85766489405769
452 18.187230128855578
453 18.62486474474702
454 19.00749077146227
455 18.82466913629341
456 19.251125390096988
457 18.396975740812497
458 18.713173913086138
459 18.899309482796948
460 18.979127392241416
461 18.612582611939764
462 19.514552130385702
463 19.568209617907783
464 18.62954901984648
465 18.507142663123275
466 19.10063137675651
467 20.115268235388804
468 19.026811888461438
469 19.587967474200408
470 19.095543919496006
471 18.565263913299617
472 18.646937268176934
473 18.67158976162527
474 19.22793723158417
475 19.237284517037747
476 18.42545186494059
477 18.3740459913235
478 18.88744315738557
479 18.483645639381518
480 17.40956408712121
481 19.165496282844025
482 18.776987876800888
483 19.597575143546486
484 18.995791732554377
485 19.63627296952478
486 18.9611078958985
487 18.85774561303036
488 19.58389113507987
489 19.293295409252895
490 20.024323917744354
491 19.95169666839251
492 19.706641200586656
493 19.588998496045015
494 19.09070798900323
495 18.66629965265524
496 19.260357030021225
497 18.89271011672736
498 18.92220605076253
499 19.317517803141808
500 18.39620339990251
501 19.19369886454539
502 18.825066338358663
503 19.11181771127037
504 18.485109571678276
505 17.954477881826435
506 18.067812701365217
507 18.13975156326567
508 17.851325649973965
509 17.299584519697955
510 18.006841336442083
511 17.97346795893083
512 18.516686182141857
513 18.552421173641868
514 18.19215906270597
515 17.560238293680676
516 17.80237467366156
517 17.765364294988768
518 18.06420746082767
519 18.92729158844672
520 17.529749133642223
521 17.93552898956886
522 18.180767264772637
523 17.713610413534564
524 17.446202227593737
525 17.302470304660407
526 16.78328014128729
527 17.15221444763449
528 17.669930898470092
529 17.60964000212208
530 17.844561219504158
531 17.39827896993803
532 17.792853288040362
533 17.23046996728785
534 16.7237206249338
535 17.07473069883815
536 16.788497463739184
537 16.64586167479733
538 16.775195049819455
539 16.002815530960678
540 15.946530572654863
541 16.447714385361813
542 16.901068646972764
543 17.21203475909699
544 17.246804139029287
545 16.959055084638468
546 16.652433308523992
547 16.34715817301568
548 16.566714670086913
549 17.261517593790135
550 16.946396539975666
551 16.960854187300953
552 17.219682134997594
553 17.87194461818297
554 17.050570596845166
555 17.433146685257174
556 17.290270683822282
557 17.25829587229244
558 17.406401948869334
559 17.174352743395758
560 17.680246193202326
561 16.665382952248304
562 16.762431692123048
563 16.751874011844905
564 17.206934307291554
565 17.948126094453354
566 16.657297381260335
567 15.785998072602233
568 16.069715047551867
569 15.950139742728949
570 15.597175491822304
571 16.501542635901142
572 16.378036298385855
573 16.299630652575587
574 16.790067899434696
575 15.899547731748097
576 15.764302246551237
577 15.99977884240172
578 16.56044225030749
579 16.4976852424875
580 16.526149254147743
581 16.01302756088929
582 16.127613407860583
583 16.271479298695976
584 15.499521106659854
585 15.39976812421675
586 15.653075709818626
587 15.468363766177577
588 16.057019906463665
589 15.911034492429108
590 16.365022277401955
591 16.19036928327933
592 16.391152918460133
593 16.14972412853213
594 16.147611807156217
595 15.888664983263252
596 16.162775253370974
597 16.151251708058037
598 16.232296499510074
599 16.51422945067156
600 16.945911615998444
601 15.834689314531474
602 16.057905287478466
603 15.911057670451434
604 15.929765690422334
605 15.794647784450559
606 15.626664489006593
607 16.128973628700976
608 16.338057676897943
609 15.585716267317055
610 15.566108005697913
611 16.013021530211002
612 17.016194213419716
613 15.679057564920774
614 16.017974569022766
615 15.518924568343081
616 15.41132656158933
617 14.844520842758104
618 14.739155147157355
619 15.725934110706731
620 15.384724887620944
621 14.980433396138736
622 15.360486139505653
623 15.128642841041007
624 14.950634801708823
625 14.909363967643026
626 14.726789925300327
627 14.24773913434044
628 14.391101742699691
629 14.441871833500347
630 14.77642611055654
631 14.924902315671533
632 14.117821321636525
633 14.312356808989366
634 14.805123800940299
635 14.995270709229084
636 14.529400057468443
637 15.106016132060164
638 14.464051790887547
639 14.738663161526596
640 14.387859009825323
641 14.428520981657991
642 14.337420723994608
643 14.192026689058364
644 14.67391099607583
645 14.436233934465884
646 14.451819779290688
647 14.975093152884272
648 14.443783782112744
649 14.776719670721775
650 14.422364710338861
651 14.909615186310553
652 14.28820500066357
653 14.630325076809664
654 15.053656623516755
655 14.83023729492796
656 15.146126396429308
657 15.176960737205269
658 15.48092731658227
659 14.929547399992469
660 14.621432030666462
661 14.606263873321485
662 14.786682343328746
663 15.053634839683312
664 15.094253893331992
665 14.02276624481126
666 14.929676400685265
667 14.997929595888447
668 14.702535704075508
669 15.2872549540948
670 14.548997256209228
671 14.402268488229407
672 13.898918545439829
673 13.89309531431346
674 13.949347885994593
675 14.798239342251927
676 15.104582479497372
677 14.620264782728912
678 14.589048760653533
679 13.68383317957601
680 13.966627950472247
681 13.508702368288752
682 14.074630885311613
683 14.396153288247861
684 14.779217133525714
685 14.191432953557944
686 14.187773834949606
687 14.06044560051345
688 14.272801364757221
689 14.156745302591206
690 13.548022478225862
691 14.179576816144635
692 13.860128229386603
693 13.97502552184803
694 14.270426185271955
695 14.041448921696047
696 13.93080701640628
697 13.81482374993655
698 14.12757860446974
699 14.256431560317832
700 14.258445889561969
701 14.615580617679559
702 13.843419394756493
703 14.049199456267969
704 13.51338633235078
705 14.178870840038131
706 14.039151988499842
707 13.699488143665596
708 14.446691974150534
709 14.276796222584462
710 13.689552226387098
711 13.47968562127197
712 13.301452072418753
713 13.645320505030162
714 13.746620567884158
715 13.828823811997406
716 14.73340449303147
717 14.009705690973293
718 14.51974310790209
719 13.628949265615855
720 14.040518255466518
721 14.026014582183617
722 13.73932208805819
723 14.448581030406412
724 14.164584623463009
725 13.596589989621965
726 14.036577777258174
727 14.529492953330907
728 14.45907764993126
729 13.523350219336587
730 13.8516589652333
731 14.32436526763237
732 14.688903028471916
733 14.903734684769832
734 14.431354035806546
735 14.911166831943092
736 14.086096358586577
737 14.407900649786692
738 14.836413561469568
739 15.379307043733958
740 14.866984909860951
741 15.144158014354268
742 14.955835562491027
743 14.640954185066162
744 15.110675710860516
745 14.900213827899893
746 15.536467278077756
747 15.039155869943563
748 15.344973883064675
749 14.383172727474191
750 14.67539639157311
751 14.910571580335272
752 14.378569423725503
753 14.359680040264049
754 14.433235232520204
755 14.106701658241068
756 14.243474888289425
757 14.086862319454006
758 14.060093166649542
759 14.097296623052138
760 14.625791691221059
761 15.338613320974373
762 14.53354013306347
763 14.899882290957425
764 14.552197123401807
765 13.88566079289499
766 14.762243341305654
767 14.097886452669181
768 13.774456624326973
769 14.327172285735172
770 13.326971345232685
771 13.834128073506145
772 13.553719534977171
773 13.690881288321195
774 13.854971243534022
775 13.799575073049596
776 13.783056206973278
777 14.581435170412265
778 14.353275314084824
779 13.282090103242307
780 13.75924036571154
781 13.926735648632325
782 14.061514038165242
783 13.964655807085125
784 13.47421986354253
785 13.538035939486996
786 14.776072732791695
787 14.792052205943905
788 14.724214741880353
789 14.631359961779381
790 14.837605300665087
791 14.492492263223793
792 14.446287525683866
793 14.098843252189177
794 14.016623491008838
795 14.28590941792178
796 13.779364156086999
797 14.272436394539987
798 14.399202065573244
799 13.883895875356
800 14.23118472540579
801 13.965963610635518
802 13.503342002029461
803 14.30877125814168
804 14.118208953198064
805 14.368528427335978
806 13.919457442864429
807 13.600653331335938
808 13.867904145226827
809 13.758512305322693
810 13.589767976126033
811 14.00996556603941
812 14.084309521968692
813 13.773279966270806
814 14.220376583809756
815 13.557184701410515
816 13.367745018705392
817 13.90355342124897
818 13.686972223991434
819 13.783421332572019
820 13.753354638868457
821 13.510745449381526
822 13.724323224843912
823 14.112556800748477
824 13.591183760646251
825 14.126100757269834
826 14.034856821125766
827 14.169613037713294
828 15.116288163771738
829 14.303796854303165
830 14.431807276929181
831 14.947609306725846
832 15.090886331437368
833 14.978854137491998
834 13.66785509416089
835 14.276842212825715
836 14.409827724709155
837 14.166234260143717
838 14.659939602285888
839 14.488818655475836
840 14.58507287018429
841 14.530490553298732
842 14.686053949258005
843 15.012174680242
844 15.13778856540027
845 15.035845344046997
846 14.604891323383681
847 14.814387391923482
848 14.934891222612256
849 14.01729427650476
850 13.912675250556049
851 13.696478775814203
852 13.541510983308092
853 13.776817470654374
854 14.089603914363416
855 14.840909029266593
856 14.94189436256796
857 14.207179627801812
858 14.30813871677212
859 13.414238981691081
860 13.897926494107997
861 14.052704273298419
862 14.11564644668777
863 14.067057123817513
864 14.960533117828193
865 14.176215616871238
866 14.356793936801289
867 14.662087187229094
868 14.402114774793889
869 14.274670668402939
870 14.955868692893977
871 14.508184593187304
872 14.770835751987601
873 14.65115230648302
874 13.849105218226063
875 13.507681354690998
876 13.493750703553193
877 13.083126771509788
878 13.375598755073886
879 13.775151452011682
880 13.215059218588268
881 13.013343643939237
882 13.09351911907739
883 12.693263397549943
884 12.72577845394886
885 12.280490411061942
886 13.14368654721494
887 12.568236440798083
888 12.032528167226213
889 12.438847267781119
890 12.850175789501343
891 12.46167076223611
892 12.203844007743335
893 12.61450533682753
894 12.366602279886312
895 12.325024440365713
896 12.208199461006377
897 12.21198218738787
898 12.457458283075992
899 12.586859428782873
900 12.49129985169381
901 12.72256338956131
902 12.566992124448994
903 13.005273741451601
904 12.368718825698364
905 12.455688724166935
906 12.421926972784792
907 12.7177682147682
908 12.41012969287276
909 12.685093505983934
910 12.390110518836405
911 12.254399403008478
912 12.404868999885444
913 12.415803975790588
914 12.476321524019918
915 12.44405506346167
916 12.791687789581443
917 13.162538863767987
918 12.434974114025541
919 12.802061133048769
920 12.375358603783834
921 12.110916729104552
922 12.487809455111096
923 12.664498494523476
924 12.316833943610343
925 12.568744685491621
926 12.77410411947763
927 12.852085759678488
928 12.27402195656882
929 12.341937123904039
930 12.556056106520652
931 12.880319892517953
932 12.644228796762485
933 12.537123808025985
934 12.00505941046224
935 12.823962882907963
936 12.784482812992886
937 12.265578294871327
938 12.627941806134725
939 12.365661365525595
940 12.58873158653481
941 12.633881125510932
942 12.177253341267837
943 12.447946594641914
944 12.41769290638152
945 12.696509105913742
946 12.452938435018508
947 12.538627322799723
948 12.29282461907724
949 12.37556298463457
950 12.435651717335665
951 12.6026030063273
952 13.001515131377603
953 12.472389997705994
954 12.490757839951119
955 12.38967023232432
956 12.202041740127207
957 12.761479357929504
958 12.473910485255999
959 12.190703527357789
960 13.068031158591035
961 12.549989277594653
962 12.442077070012308
963 12.237995354557983
964 12.390811068667881
965 12.432808995180071
966 12.08699099033636
967 12.421563522928567
968 12.665027612644044
969 12.366823042889674
970 12.37887440340826
971 12.225643116526589
972 12.167492026042853
973 12.418750256796624
974 12.645257384312755
975 12.606617565654576
976 12.194615056636135
977 12.356223797787706
978 11.916462435981757
979 12.218661556409357
980 12.365798922429084
981 12.329253754148544
982 12.103088075156093
983 12.619554517093393
984 12.396340682856442
985 12.431684751013398
986 12.261406799375896
987 12.300165086474712
988 12.663325424666365
989 12.777180649078131
990 12.609681017643577
991 12.58323619199479
992 12.275458605308526
993 12.26636744615004
994 12.389273952311555
995 12.238336472936913
996 12.51016057736636
997 12.160609350853782
998 12.185619736195747
999 12.231613319919774
1000 12.59627754293167
1001 12.185805405848482
1002 12.265020128401027
1003 12.509131209417303
1004 12.323998100905358
1005 12.316811344875397
1006 12.42138541609366
1007 12.223642800775831
1008 12.606143726624051
1009 12.310792863602076
1010 12.574295480703675
1011 12.1744018053544
1012 12.19026169923784
1013 12.703889128080128
1014 12.4320531620879
1015 12.13642734889574
1016 12.476111046188185
1017 12.518092073395218
1018 12.34449214452509
1019 12.201950341852706
1020 11.912916680624022
1021 12.20004610410292
1022 12.44470859790152
1023 12.465882428120716
1024 11.88162664915485
1025 11.867144505301273
1026 12.855210161942113
1027 12.948030910286738
1028 12.341238638356154
1029 12.00322876543975
1030 12.054786895230306
1031 12.153863844565624
1032 12.422835863084202
1033 12.502270563531178
1034 12.073675795719822
1035 12.707696656811615
1036 12.255483765708458
1037 12.149900292671802
1038 12.289516190073597
1039 12.118161118639245
1040 12.13862143931389
1041 11.878913190771867
1042 12.59466664304784
1043 11.521529774838138
1044 9.864848982484663
1045 10.166021135714857
1046 10.299396440918363
1047 10.290523232469257
1048 9.746540546833424
1049 10.100673944688536
1050 9.635220656095855
1051 9.985933069760069
1052 10.472076116753714
1053 10.126118615911786
1054 10.154214303827775
1055 10.0083589327149
1056 10.04171678733141
1057 10.04772526464085
1058 9.99248718335849
1059 10.020153088869451
1060 9.7998834479627
1061 9.835551156670682
1062 10.180001703106356
1063 9.728548972852618
1064 9.949805292931577
1065 10.137483870630376
1066 10.102801065174498
1067 9.663683039537524
1068 9.787952617285779
1069 9.919224766479497
1070 10.107112179091413
1071 9.934312803092274
1072 10.104487418234298
1073 9.609206281771103
1074 10.44487545313705
1075 9.925489917892182
1076 10.448541578900667
1077 10.787961895141532
1078 9.24811364312075
1079 8.303964284752194
1080 8.51549245903677
1081 8.797372414076104
1082 8.916566192106616
1083 8.42388794049828
1084 8.312387509229808
1085 8.753367082198034
1086 8.21474473255986
1087 9.17887510416892
1088 8.65381531431771
1089 8.463573804147076
1090 8.727168510491623
1091 7.831594642366419
1092 8.521174024234464
1093 8.929827157961245
1094 8.824834546728336
1095 8.556700431441529
1096 9.017837746551228
1097 8.838139124350777
1098 8.833520643081279
1099 8.737460093051453
1100 8.320274900508885
1101 8.711521592426969
1102 7.862902425823396
1103 7.770911544795047
1104 7.8086482470690886
1105 8.198942813085466
1106 8.599912312209522
1107 7.567971208945746
1108 6.804865486698969
1109 7.858654264942825
1110 7.764467758803629
1111 7.924966927084987
1112 7.522013013182343
1113 7.812359959593426
1114 7.977194728541877
1115 8.112917598264904
1116 7.4129735702724755
1117 8.021834874554898
1118 8.17812367664302
1119 8.03576062547289
1120 7.821416638871763
1121 7.638198861144886
1122 7.737098621916254
1123 7.848119964630971
1124 8.18966649584654
1125 7.3175116002708425
1126 7.95774607654156
1127 8.158070931229854
1128 8.523333472981186
1129 7.659737530004108
1130 8.155680109388555
1131 8.383175645379508
1132 7.899690184726542
1133 7.285688319443949
1134 7.545537786192304
1135 7.095580534251369
1136 6.4104397390563435
1137 7.12121032296615
1138 6.349862691419082
1139 6.849004640235168
1140 6.940440106321567
1141 6.885159105860135
1142 7.109011069874486
1143 6.751158787290062
1144 7.07070506073175
1145 7.11527407023606
1146 7.052760502490335
1147 6.965505953014741
1148 6.814091449484058
1149 7.473914088049292
1150 6.822173439606082
1151 6.8725170047221065
1152 7.281042508546499
1153 6.677913843244076
1154 7.1715423199189745
1155 6.9284473643946916
1156 6.89008768432757
1157 6.836686670671147
1158 6.840055360320929
1159 7.009696475128613
1160 7.312715754271062
1161 7.314387147122102
1162 7.363228417692764
1163 6.574243622537827
1164 6.7049184497325065
1165 7.2528779300581885
1166 7.219202429753153
1167 7.378588817333101
1168 7.390739449423778
1169 7.48906915689364
1170 7.349781222790547
1171 6.680102379637526
1172 7.30276649269158
1173 6.908364550689397
1174 6.787416350939306
1175 6.568061631589436
1176 6.620043735234258
1177 6.76904058614544
1178 7.127085786535447
1179 7.368838809978956
1180 6.330400750193245
1181 7.547758383771952
1182 7.010180004799877
1183 7.063196036132078
1184 6.9548412389933025
1185 6.672630069273726
1186 6.73381755309916
1187 6.305799071844044
1188 6.870748474583056
1189 6.411231026828291
1190 6.504071358933252
1191 6.950320249801543
1192 6.528867928657029
1193 6.727122940734296
1194 7.055871113443103
1195 7.029698924933688
1196 7.16179952061271
1197 7.219901707961714
1198 7.300587200952895
1199 6.92788426515176
1200 7.523145793627813
1201 7.269564960661947
1202 7.596225104382488
1203 8.240172595981171
1204 6.811065738517341
1205 7.162375261873503
1206 6.959296708369456
1207 6.902775045872503
1208 6.991001991808077
1209 7.157788557061394
1210 7.075371124783722
1211 7.4887079385724515
1212 7.23921309371854
1213 6.577156015219061
1214 8.027403215774868
1215 7.356673159618614
1216 7.043292533267524
1217 6.9025783046360445
1218 7.083131864256591
1219 7.231418085454586
1220 7.442972809462542
1221 7.708873294885247
1222 7.8597531550085895
1223 8.288909282554425
1224 7.808767711246218
1225 8.120741650937916
1226 7.611759432991941
1227 6.724405400216003
1228 7.602948785060787
1229 7.134559210698018
1230 6.932257643037254
1231 6.367603955093627
1232 7.160797836829348
1233 7.411786615756919
1234 7.603306108154814
1235 6.81726951690474
1236 7.84078959460223
1237 7.57844629630478
1238 7.774061881462641
1239 7.6706875583725695
1240 7.719143085159299
1241 7.493307550382889
1242 7.573469146477748
1243 7.4822654458661955
1244 8.05661985530667
1245 7.550157059382886
1246 7.690643725483044
1247 8.1292161874172
1248 7.472834146615834
1249 8.291364581884253
1250 8.312080090177718
1251 7.861940724752197
1252 7.717550226218743
1253 7.631179481282328
1254 7.251738162545365
1255 7.014742800830809
1256 7.549401780940616
1257 7.792056268214834
1258 6.806382623919295
1259 7.162896333580294
1260 7.441721612276707
1261 7.18625900865748
1262 7.447234718365705
1263 6.759083363449137
1264 7.706438509831284
1265 7.195468264934721
1266 7.095450090757734
1267 7.753456026302855
1268 7.8852528325974385
1269 7.209482701394383
1270 8.24513173890288
1271 8.416788982334806
1272 9.017873847526996
1273 8.294566730023687
1274 9.127045880984298
1275 7.430121107618182
1276 7.589627722780631
1277 7.3369325729296255
1278 8.368827479086951
1279 7.357433740555315
1280 6.592537650650649
1281 6.31560241358018
1282 6.918640723266181
1283 6.391437228450039
1284 7.0098090474196715
1285 6.817004148966633
1286 7.133040969281874
1287 7.059197268678374
1288 6.806799641600509
1289 7.134725768873764
1290 7.478742263072145
1291 7.865483355565938
1292 8.46876672752683
1293 8.268692532907577
1294 7.76015660133442
1295 7.640524990084141
1296 7.026264347398997
1297 6.456073934723482
1298 6.530778115674589
1299 7.290666335243821
1300 7.320676483348802
1301 6.414211306804362
1302 6.434183972717422
1303 6.256477004966734
1304 6.56759764672761
1305 6.03750827143124
1306 6.704976771222744
1307 6.01651693967626
1308 6.026788438995384
1309 6.353248945014232
1310 6.060742950027227
1311 6.06366364270221
1312 6.512760364765856
1313 6.465174042280143
1314 6.456654090139367
1315 6.5597361110252725
1316 6.1341224162096095
1317 6.779564251807038
1318 6.709482250703824
1319 7.144938758333041
1320 6.861951265954577
1321 6.352615321018623
1322 6.987385383330729
1323 7.011891754029314
1324 7.023140355276053
1325 6.789714548529488
1326 6.780341345601788
1327 7.221053679382129
1328 6.629835249482555
1329 7.515678369160763
1330 7.336012304220838
1331 7.2371363983115655
1332 7.016455626880015
1333 7.623420089453225
1334 7.188290610837817
1335 7.086813148150174
1336 7.159771428145931
1337 7.139120189012519
1338 6.646990534455335
1339 7.776991068919675
1340 6.277523364128978
1341 7.24849502944166
1342 7.045883278551641
1343 6.982514247238292
1344 7.491462544291421
1345 7.664758089434959
1346 7.560936955433233
1347 8.207900540779285
1348 9.084028788769029
1349 8.436164586778812
1350 7.658676484002481
1351 7.6152600785476965
1352 7.977796118372368
1353 9.26696554237807
1354 9.368351451511593
1355 8.981909504209622
1356 9.029769142075287
1357 10.195888697770574
1358 10.267012411040808
1359 10.030179446307635
1360 8.978010713689557
1361 9.203308950350788
1362 9.637950991715183
1363 10.116715238379102
1364 10.227423333892691
1365 10.595080704312235
1366 8.925378377452743
1367 10.339661580863206
1368 11.517494116407624
1369 12.024864221700238
1370 11.436961257917543
1371 11.375026473518817
1372 11.958675834836868
1373 10.249956456258866
1374 10.084170536351607
1375 10.35187203340536
1376 11.932855292758388
1377 11.173175559321791
1378 10.713111917316715
1379 11.104748084237135
1380 12.73324532338228
1381 11.06505485639231
1382 12.043592919870157
1383 12.514446491932548
1384 12.17837683837751
1385 12.183267816734812
1386 12.321267351298074
1387 12.21767560789804
1388 12.39764426899572
1389 11.187120215640887
1390 11.182232687008415
1391 11.987709183614836
1392 12.312151274299556
1393 11.277228442650982
1394 9.68919721071807
1395 10.267437698555593
1396 11.565743985186296
1397 11.000454952253156
1398 10.361608148823436
1399 11.663389841682966
1400 10.48801536848553
1401 10.861520952851922
1402 10.307044086092274
1403 10.736650584249341
1404 9.975411820431647
1405 10.129941257841066
1406 10.348162041271042
1407 10.115356510291129
1408 10.296886211286633
1409 10.476311813628001
1410 10.988775528754497
1411 10.589558978223995
1412 10.810851664692699
1413 10.288568568076256
1414 10.617680092827204
1415 10.063533144602351
1416 10.93581672135297
1417 11.094705946437072
1418 12.907981522181236
1419 11.259400544072944
1420 11.399316035297941
1421 11.260935505390991
1422 11.947639093231047
1423 11.347269509185669
1424 11.30723306062684
1425 11.502592770965316
1426 12.340767376960514
1427 13.915589803783428
1428 12.309399397290347
1429 12.255239341597516
1430 12.096572548821978
1431 11.522939529037185
1432 11.693908689106207
1433 12.828647371132131
1434 12.876718731148634
1435 13.55298252813228
1436 12.794548465069834
1437 12.64258719999821
1438 11.765274331076391
1439 13.068459922884918
1440 12.231231231900562
1441 13.262797444130657
1442 12.528108573670446
1443 13.069507008721617
1444 12.057098850545374
1445 11.693131289835039
1446 11.67302143031715
1447 12.398360398971269
1448 12.998131474498683
1449 11.819276924157883
1450 13.356377312944478
1451 13.038780358890708
1452 13.168362062576687
1453 13.551702654706778
1454 12.890138655100037
1455 13.726275757488358
1456 14.851778463146324
1457 13.331426137314804
1458 13.841031421272785
1459 12.382275992057354
1460 12.45089990312087
1461 11.424582345202074
1462 10.459925487144547
1463 10.966114727483673
1464 11.56799061135831
1465 12.589498105205914
1466 13.982800143108125
1467 12.630766519887212
1468 13.392096134436628
1469 13.941744430497602
1470 14.350215700888354
1471 14.286240550194965
1472 14.9430226130266
1473 14.689439605773947
1474 14.47884115321362
1475 14.277107728697947
1476 14.227130583326465
1477 14.18082507291799
1478 13.863484923093738
1479 13.796798798869503
1480 14.2491386506631
1481 14.882013729638434
1482 14.908282290510817
1483 14.448968200290278
1484 14.740185385532484
1485 14.66005596591902
1486 14.888434629971238
1487 14.216540387766686
1488 15.054489777988568
1489 14.976604775055181
1490 14.686260049655104
1491 14.876311811218985
1492 13.85249639500819
1493 14.340605311973508
1494 14.744013386143587
1495 15.157247942316676
1496 14.582206178841542
1497 15.000892043433408
1498 14.59912363099511
1499 14.140218301653228
1500 13.98947333798187
1501 14.548076216926056
1502 14.592258438417494
1503 15.648856333809436
1504 14.844988228780542
1505 15.235304416559332
1506 14.845314226361586
1507 14.367218043615608
1508 14.455450823297495
1509 14.12584244517061
1510 14.531936495764088
1511 14.893653013865416
1512 15.559828100318565
1513 15.191646617562373
1514 15.078233579141664
1515 15.231759992366717
1516 15.01157950933249
1517 14.69936857182878
1518 14.843389766712328
1519 14.263799607677374
1520 14.619062137463601
1521 14.122825116059424
1522 14.692882289390134
1523 15.021001889940914
1524 15.195902450793238
1525 13.871882640200631
1526 13.535633333233225
1527 13.80492826572839
1528 14.303329108135793
1529 13.47889805374837
1530 14.622984945115082
1531 13.622225183038887
1532 13.81168498071908
1533 13.942826148123144
1534 15.436016009299927
1535 15.351697556724464
1536 14.765873166493913
1537 14.598794038608103
1538 13.325298187365366
1539 13.267356944136258
1540 14.044471682288528
1541 14.832161342723648
1542 14.332034412293563
1543 14.530408137790493
1544 13.939902192585278
1545 14.232930661874724
1546 14.737577259406507
1547 14.977837415050956
1548 14.588960908414302
1549 14.719037421520813
1550 14.765557558976917
1551 14.822067032713596
1552 14.296621888934803
1553 14.780888503666226
1554 15.348455915059732
1555 15.077185063457776
1556 15.599472291733418
1557 15.34835489925461
1558 15.543059212122158
1559 14.525124789244106
1560 15.187348006057876
1561 15.625567838802159
1562 16.13354974710476
1563 16.383296229723822
1564 16.15071500391077
1565 16.332745036335716
1566 17.101760409992917
1567 17.275504045315635
1568 16.084481076110038
1569 16.16129679095781
1570 16.110300176390776
1571 16.63118957015691
1572 16.214024581267434
1573 16.21373974487732
1574 15.839370900968659
1575 16.436262271717045
1576 16.567548269683037
1577 16.870118826651442
1578 17.153258982953513
1579 16.66539377861761
1580 15.85213731828846
1581 16.90349912939149
1582 16.97249339340426
1583 16.087751161710678
1584 17.202931149138582
1585 17.23311465567515
1586 17.671925764864856
1587 17.732464182123746
1588 17.28198540843098
1589 17.780475443892215
1590 17.645485556814666
1591 17.457959205912683
1592 17.279045995678032
1593 17.260772431929862
1594 17.557745332132196
1595 16.715484169737216
1596 16.567910528301564
1597 16.838542113161683
1598 17.689047322044328
1599 18.381158569738286
1600 16.595759133045682
1601 17.351437483466714
1602 17.75122674610589
1603 17.69793719691163
1604 17.29084095289215
1605 17.69360747001326
1606 17.259507658062947
1607 16.356714511364636
1608 17.46643748224576
1609 17.537080059097768
1610 18.33845632109827
1611 17.33492826076754
1612 15.85752972906778
1613 16.14599702754687
1614 16.358052102909383
1615 17.090054564182484
1616 17.776374674289944
1617 18.18920857164985
1618 18.754783461987866
1619 18.319650723148115
1620 17.591802667859195
1621 17.647132552273625
1622 17.593354951615428
1623 16.978854460697733
1624 17.106638344355932
1625 18.21632030376533
1626 18.938844191721387
1627 19.287474552052966
1628 17.114264030677194
1629 18.405762726499276
1630 17.290295572111773
1631 17.60293834199276
1632 16.850713146366658
1633 17.57578897742505
1634 17.530227600770402
1635 18.039206618742252
1636 17.315319245958044
1637 17.853637720402386
1638 17.528902829341117
1639 17.42565345556571
1640 16.651714512047157
1641 16.461728687660898
1642 17.54399114037539
1643 16.632483558593982
1644 17.461955822040288
1645 17.153299521939807
1646 17.7249143962541
1647 18.067898730175912
1648 16.864095215675558
1649 16.367339008896924
1650 15.949583121131058
1651 15.905959259371203
1652 16.366009040363355
1653 17.719909499718565
1654 15.360662674445999
1655 15.625744076149257
1656 15.321692851018359
1657 16.467600275941955
1658 13.724376942858164
1659 15.635008911028088
1660 16.043744619483697
1661 16.188047765230834
1662 16.987739244640583
1663 17.359344876066928
1664 16.45510395778822
1665 16.887882753344506
1666 16.49267822785391
1667 18.234495828812932
1668 17.63634589589287
1669 17.987059824669384
1670 17.731991708430684
1671 18.09603272188943
1672 17.93780330849432
1673 16.63020456088377
1674 15.999164924143466
1675 17.21578790477751
1676 17.876062097959437
1677 16.894302042529905
1678 17.674557376161175
1679 17.41819287369606
1680 17.47286370693753
1681 17.048154712439572
1682 18.124966098955046
1683 17.46158596526453
1684 17.117353937660255
1685 17.46535800535916
1686 17.52597800832053
1687 16.56684200951414
1688 19.027505094332884
1689 18.455058134976586
1690 19.4139749084947
1691 18.71554476581932
1692 19.59462981219995
1693 19.651783855254088
1694 19.598859131011967
1695 18.18533784057059
1696 18.83851291753374
1697 18.9372278925385
1698 18.423837838243294
1699 19.601318041116766
1700 18.65551835348377
1701 19.551114104533923
1702 19.043954643016363
1703 19.152408128166098
1704 19.472492730762404
1705 20.182329598256896
1706 20.17346190856187
1707 20.020379944868495
1708 19.283224480287966
1709 19.675617556158098
1710 18.970126036724242
1711 19.236394743884805
1712 19.29674019798948
1713 18.193703459439444
1714 18.029498040325738
1715 19.133144599537076
1716 18.868702992365968
1717 19.552824373381778
1718 18.8812460809164
1719 19.46206509995835
1720 18.245108945299176
1721 18.17990906536803
1722 19.292843422429108
1723 20.15106276994399
1724 18.493504550475514
1725 19.49529235369696
1726 19.147677040321984
1727 20.183365381325395
1728 20.199688300096525
1729 20.862069992918435
1730 21.44690543772458
1731 21.01474646868354
1732 20.559313038331045
1733 20.925378377444275
1734 21.51430244485624
1735 21.19696138573544
1736 20.9507964411238
1737 21.815410142433915
1738 22.46786447689566
1739 21.790295427503672
1740 22.201263471651316
1741 21.424388802445176
1742 22.17225787316861
1743 22.43853500346473
1744 21.92894391992097
1745 21.907224752338518
1746 21.392320947875813
1747 21.7741981155093
1748 21.8392061295595
1749 21.069863442933336
1750 20.340004688251476
1751 20.112256796693824
1752 20.98712793103723
1753 20.24941707801977
1754 20.58210960357021
1755 19.647188632418125
1756 19.80345437535013
1757 20.207048203922238
1758 18.91489349618046
1759 18.818741682200706
1760 21.004069396146157
1761 21.91436694914257
1762 19.70903690402798
1763 20.243755090295124
1764 21.008037386468246
1765 20.330837629341552
1766 21.449829310753525
1767 21.40855773374636
1768 21.39568074074503
1769 21.61805643734577
1770 21.239371442431956
1771 21.189363307413153
1772 21.837962712657365
1773 22.669674068285964
1774 22.12967807412346
1775 21.88931559721729
1776 22.964970050911397
1777 23.79370102963826
1778 24.045480630089465
1779 24.75382882650681
1780 24.393236863465035
1781 23.39883252779961
1782 23.620013628476475
1783 23.629093050904856
1784 22.708341368767776
1785 24.79922378191129
1786 24.611452789650187
1787 24.846326231629465
1788 24.945285878536346
1789 25.12691956917734
1790 25.848206996349862
1791 25.94114884758225
1792 25.70730026471356
1793 26.04025001476222
1794 26.19908784508854
1795 25.499367166247048
1796 25.95595959656994
1797 25.849139117353346
1798 24.875691294302932
1799 24.874710914397713
1800 24.539587481016515
1801 24.89338492981484
1802 24.95439257396147
1803 24.50581596413366
1804 24.742875025143103
1805 25.443752326624036
1806 25.427510435189944
1807 24.86181860756676
1808 25.76508838028606
1809 24.249697088614347
1810 25.28611090249126
1811 24.82674985151194
1812 24.869366379347458
1813 25.951265908865626
1814 25.75681561084388
1815 25.997724128853598
1816 26.016650459424525
1817 25.508491850934032
1818 25.159323448293215
1819 25.785809568469357
1820 24.843208367431327
1821 24.997606532433455
1822 24.67913476190207
1823 24.648344726283092
1824 25.051565937588602
1825 24.589436470435206
1826 24.401251081616113
1827 24.042383869949397
1828 23.158992711187118
1829 24.898195090074232
1830 24.523037910563342
1831 25.53766056827062
1832 24.853601420126974
1833 25.349693784628236
1834 26.02490840046505
1835 26.18397970226367
1836 26.137698130569394
1837 25.326632911401102
1838 24.864019277605873
1839 24.755700055985123
1840 24.748245023279683
1841 24.553105776009907
1842 25.208287637463613
1843 24.41641314256537
1844 24.881905165177425
1845 24.820361163009476
1846 24.370286208326295
1847 24.996041516616085
1848 25.02402719639608
1849 24.096089655551474
1850 25.080144258356658
1851 24.075652017662694
1852 23.914573360676563
1853 25.12182460181122
1854 24.431778764183086
1855 25.622231384969975
1856 25.179890059693996
1857 26.18802433191485
1858 26.11393273252518
1859 25.64402310605319
1860 26.18746231326844
1861 27.660596842259476
1862 26.544238750415662
1863 26.27431186692261
1864 26.933014230664707
1865 27.812020757513917
1866 26.099285636965313
1867 25.52570582864926
1868 26.02414912197519
1869 26.450398510107703
1870 25.241272036064657
1871 25.557560376567842
1872 25.335364155092222
1873 25.115994728138993
1874 24.6951967378359
1875 25.949355345800424
1876 25.677982065362567
1877 26.147387710514334
1878 26.428302254396435
1879 26.68707177973638
1880 25.860420030502087
1881 26.19842962800868
1882 25.038130070987993
1883 26.460203348678927
1884 25.990029680042007
1885 25.523781769380285
1886 25.469775487478262
1887 26.059793132692022
1888 25.54792832708269
1889 25.96249789015394
1890 26.4066664024948
1891 25.419762162777698
1892 25.57964265612707
1893 25.876173942377527
1894 25.39491767059534
1895 26.13582257966971
1896 26.023122780938188
1897 25.632483359348036
1898 25.569528876248587
1899 24.781403765498354
1900 25.479150956133267
1901 25.62776830299183
1902 25.717159043430915
1903 25.95753234761625
1904 26.264659400818648
1905 25.72140639825521
1906 26.487533360672874
1907 25.995916471041205
1908 25.56199132312452
1909 25.786477674597588
1910 25.875607061103505
1911 26.74123022059089
1912 26.340246882104918
1913 25.935581001570057
1914 26.247126545341267
1915 26.57292286878669
1916 27.208860338460678
1917 26.23484135136098
1918 26.704797403587097
1919 25.891638263391226
1920 27.72350097998407
1921 27.08958163974692
1922 26.585146760792572
1923 27.81487179837914
1924 26.98341967709388
1925 27.01890697060283
1926 26.81036259615129
1927 26.31785311585491
1928 26.035173390978546
1929 26.283396907767585
1930 28.208031875185196
1931 26.800918085223326
1932 27.68904616689421
1933 27.0024736496995
1934 27.722358333417006
1935 27.185371153165498
1936 27.752370890098117
1937 26.823874744481323
1938 27.366149315379204
1939 26.886576282796632
1940 27.230204783453143
1941 27.68313118221273
1942 27.71747069775579
1943 28.166764843202426
1944 28.37335208895736
1945 28.24092800086293
1946 27.619667948439677
1947 29.09601976854138
1948 28.970217984151446
1949 28.063120138228925
1950 28.643324631527044
1951 28.179161696760183
1952 28.758638905369786
1953 30.09383250313094
1954 29.498863453424676
1955 28.695317669854692
1956 29.799226898606403
1957 28.476345458301914
1958 27.964509990773234
1959 28.94383830222194
1960 29.10181995619385
1961 28.446422096890178
1962 29.20760059590171
1963 28.834050241828326
1964 28.502933665866124
1965 28.878713843030216
1966 28.650913956115165
1967 29.153006878749434
1968 29.470338112680906
1969 29.29724485130208
1970 29.092959702367896
1971 29.268565276074067
1972 29.08850163421455
1973 28.104965770178914
1974 28.764658650246762
1975 30.611491732896628
1976 29.276761986093156
1977 29.20948031990155
1978 30.753300741278803
1979 30.106138664945878
1980 29.958295687795985
1981 29.843291037271417
1982 29.785775061024477
1983 29.38569858530863
1984 29.633361591939238
1985 30.369928906249417
1986 30.086449421952153
1987 29.067856094180936
1988 28.997270884206607
1989 28.559320774522806
1990 29.03433333741477
1991 29.994790613717758
1992 29.29326594418276
1993 28.127306505483364
1994 29.331588195988804
1995 29.906214294334063
1996 28.850155796784097
1997 29.451808352053682
1998 29.800848697364426
1999 29.887513032336308
