0 21.589613814546695
1 21.608312843877492
2 21.088250551611704
3 21.84897856217738
4 22.126246376670785
5 21.682486413525716
6 21.94725484865558
7 21.363164613158236
8 22.584385017811723
9 21.826285127133318
10 21.91797485178348
11 21.48932582495712
12 21.18324041908325
13 22.024620808255822
14 21.198126382341915
15 22.024387014399046
16 21.234093062355797
17 21.673093115490143
18 20.973966716835637
19 20.840036175552605
20 21.068454138015767
21 20.903153826001464
22 21.674307766463627
23 21.646461657006373
24 21.79183467875596
25 21.16171913226749
26 20.71708067680869
27 21.2769717220507
28 21.233632530575218
29 20.493742628840625
30 20.84902289224529
31 20.452793491149997
32 20.582989625794692
33 20.42309866051285
34 20.973819456692716
35 20.82569237565096
36 20.72900953422457
37 20.25930534176436
38 20.21471364905971
39 20.08638731167839
40 19.981379326927026
41 19.648273989328892
42 20.40934211733034
43 19.449432941046577
44 19.71885743522549
45 19.881861331376506
46 20.353151922620384
47 21.089115597531787
48 20.6422858492484
49 20.384980714921674
50 20.3121735963878
51 20.620548306691262
52 19.679850867201363
53 20.030958864486387
54 19.228558055324715
55 19.522437170340776
56 19.711806395264844
57 19.112808762351758
58 20.75264672294568
59 20.661779827973668
60 21.232458231051382
61 21.08571208179393
62 19.928907604638965
63 20.592438340643803
64 19.82688850474919
65 19.298931243916282
66 18.598929288970684
67 20.09677066035987
68 19.172489352144627
69 19.194185831245377
70 18.770879953264423
71 19.63757550268144
72 17.736086011898585
73 17.77402568067603
74 18.536069029930765
75 18.98576579947112
76 19.061925483053447
77 18.49843231946387
78 19.216283755830798
79 19.066115166581593
80 19.846294015860817
81 19.626352742223727
82 19.348895708982745
83 19.770834940028983
84 20.22480413787843
85 18.761138820595928
86 18.54905076892667
87 18.80705534114998
88 19.073578878435185
89 19.79465632228546
90 19.322513130699477
91 19.936124222037083
92 19.569507375749833
93 20.409140732100624
94 19.68465822075165
95 19.288268764522478
96 18.608778502980677
97 19.181150463763085
98 18.32069926331526
99 18.41543315285659
100 18.755464778473723
101 19.473132830403905
102 18.648108973993118
103 18.67320663202376
104 18.703980634754572
105 19.482729601145
106 19.56904538648063
107 19.834139450195515
108 19.25521152588549
109 19.237378990282362
110 19.194359019137373
111 19.056641121265912
112 18.831793882982804
113 18.778316479891394
114 19.65202876508297
115 19.442445440907377
116 19.972086909003753
117 19.419691078549747
118 18.51535680569532
119 18.950362091881907
120 17.896411277885406
121 18.137062945620187
122 17.676804029408462
123 16.978693745224437
124 18.512116553607477
125 19.840363576444815
126 19.33706790082356
127 18.905035091099286
128 19.241976594713005
129 19.250239337100464
130 19.316391525059593
131 18.68614092879404
132 18.18550187555458
133 19.058895043674173
134 19.38043435178262
135 18.90884901066804
136 19.87217984374156
137 18.946011374399834
138 20.086973958756253
139 19.0855986883557
140 18.465617301986626
141 18.55854142150565
142 18.758083814381614
143 17.550428828736383
144 17.756489125651772
145 17.931506586200246
146 18.150703891816953
147 17.648441689438346
148 17.31015522750335
149 18.79046361571721
150 19.000107047520565
151 19.580982991749497
152 18.81755376869959
153 19.03946814686322
154 17.70822879680653
155 18.67737274736557
156 18.56666400189281
157 18.633655275713817
158 17.649467102160575
159 17.35000598896458
160 19.05401607445815
161 19.358525429884956
162 18.208367548914474
163 17.17861553502927
164 17.503268636405245
165 18.415247627610427
166 17.31903868727777
167 17.609872843953745
168 18.187035818656785
169 16.71723385315888
170 16.723489975235697
171 16.253642776678486
172 18.17332779458775
173 16.57175153259441
174 16.334164734452006
175 16.0958711749817
176 16.482313480547464
177 16.29989027702873
178 16.668511982610685
179 15.73621891749792
180 16.453083954480856
181 16.1518671807434
182 15.823370409140807
183 15.585785822601322
184 15.962185823245587
185 16.58792376022181
186 16.22528338229983
187 15.58125381324841
188 16.87319172488972
189 15.227813090938694
190 15.813626503070457
191 15.66518354579364
192 16.138916050100338
193 15.502249088634873
194 15.455606973606665
195 16.2959740529613
196 16.42688277454712
197 16.276562267102076
198 15.693249466190732
199 15.886737442458852
200 15.55550033255273
201 15.951534953608155
202 16.029075575110447
203 15.740459781945756
204 15.151007001024976
205 15.319966284439074
206 15.37112726285715
207 15.672658079285316
208 15.884369661198525
209 15.340904402673749
210 15.254843720458203
211 14.881652076801668
212 14.611149667430066
213 14.316211898436867
214 14.420724514600936
215 14.707626013769183
216 14.311915304201452
217 14.431032304825537
218 15.256253921265667
219 13.743503301489802
220 13.727217199199503
221 13.667368928425471
222 13.362908352441744
223 13.48706156681084
224 13.995270343343165
225 13.938838506474825
226 14.079421930424864
227 14.471569221138944
228 13.907317625924714
229 12.9343722874515
230 13.493434912366999
231 13.09494274248399
232 13.542050828725728
233 13.121903612883056
234 12.12029996932955
235 13.23945529041252
236 13.1495908119483
237 13.0697073444302
238 12.93515813981954
239 13.401443880628033
240 12.675011264207345
241 12.498096367860136
242 12.963462266141375
243 13.59475631001562
244 13.247130367763669
245 13.782578035511223
246 12.339330611597521
247 14.363052653551733
248 13.710802061855668
249 13.840053012852662
250 12.766817453257781
251 12.462218982276271
252 13.759922808564207
253 13.882185396572089
254 13.452231898299562
255 13.383856290529474
256 13.751590407969799
257 13.114780269040043
258 12.77269891997369
259 13.767368072328818
260 13.4250804718066
261 14.094122045639091
262 13.51231232703495
263 13.612893341702106
264 13.32699445865714
265 13.495895483122247
266 13.427346984505581
267 12.413147677789116
268 13.986887211788622
269 14.473209097066098
270 13.309641003251187
271 12.233338392296746
272 13.711200587678778
273 13.907884594223932
274 13.172868222364384
275 13.551121275832116
276 13.181538290486353
277 13.777789653876438
278 14.20375227909166
279 14.124565794946685
280 13.767412615258339
281 13.051116059905848
282 13.729484871276899
283 13.001667443250339
284 13.217604036926291
285 14.598147751562195
286 14.281820449249311
287 15.030112278885127
288 15.570517075884164
289 14.798868967564312
290 14.314451909753057
291 14.330554342887
292 14.179856477072383
293 14.3265349315915
294 13.458478060577994
295 14.549651706827762
296 15.200374536092205
297 14.751007104418361
298 14.55623262595419
299 13.717877614272982
300 14.037813784443564
301 14.47597975853183
302 14.71663380670758
303 14.34825226618459
304 14.404836076119494
305 15.709591678749678
306 14.04582278650406
307 14.48923414198571
308 14.604389945321156
309 13.323285379738072
310 12.263981413415499
311 12.122514197081149
312 12.48529351685956
313 12.051773078697488
314 11.942398743132907
315 11.812594529940473
316 11.952414026297737
317 11.83330269867951
318 10.98552802431734
319 11.609280294517385
320 11.660074727866794
321 10.112687155099747
322 10.914270112919633
323 10.605483349911589
324 9.932988849962243
325 9.412140996153305
326 10.033692466255378
327 9.696453524859102
328 9.129450751266283
329 9.96782714573121
330 11.472364018832572
331 11.551244400026443
332 10.971866988733563
333 11.50512646010149
334 11.186648933617127
335 9.797188901283711
336 10.70224126695836
337 11.301264294253947
338 12.157592325182856
339 11.34607972708039
340 11.465778707736728
341 11.998202215538905
342 11.339419672094367
343 11.8741141853869
344 10.094759475579997
345 11.152141357329816
346 12.063661969941496
347 12.401459660826156
348 11.412745735457307
349 12.271913133878703
350 12.5557337176463
351 11.835500983150814
352 11.655251407076848
353 11.856697339266477
354 12.609555547333652
355 11.966530581676862
356 12.642328302863163
357 12.569411126475808
358 12.50150072472763
359 13.190254619705842
360 12.727031862700965
361 13.043945366848344
362 12.919397040280417
363 13.382514965829532
364 13.202133521006502
365 12.048339773974932
366 12.716412315969018
367 12.439242017829864
368 12.099386658175298
369 11.867318985406948
370 11.690212296469662
371 11.626338948516446
372 11.733377486751793
373 11.008849939362085
374 11.846259114183315
375 10.862840235512426
376 10.943018434201935
377 11.798947673439296
378 12.063211899182871
379 12.144105691319705
380 11.951825869001238
381 11.15216228192296
382 11.467588900401083
383 11.883099363032871
384 10.520481435671918
385 12.249539234583196
386 12.326375030130361
387 12.65541526179958
388 11.609969368056845
389 11.599629783504701
390 11.638983541845583
391 12.073346055517227
392 11.434662354297927
393 11.251136426400423
394 11.945037887238252
395 11.918844418743191
396 12.216016308180816
397 11.795909284285795
398 12.572468814495018
399 10.949131089921751
400 12.235111911532394
401 11.383691910832395
402 11.65237365970104
403 11.28881896987411
404 11.182759445943296
405 12.609657558407308
406 11.369086128712434
407 12.015688102513966
408 11.70459293687768
409 11.878997485116153
410 11.711148832561742
411 11.385127032128846
412 11.849129946105881
413 12.482791963195616
414 12.761435913592914
415 13.354434450244979
416 13.820008940831041
417 12.976818679280822
418 12.71476911550028
419 13.255054213172663
420 12.21625777933386
421 12.921834674836886
422 12.95977980922174
423 12.902367692944793
424 13.32046911589079
425 13.483482533947921
426 13.585083973557186
427 13.21900067323892
428 12.712708883855827
429 13.59907587397783
430 13.071661261303738
431 12.137506853672095
432 12.567156693704229
433 12.520297614602102
434 11.990074650245807
435 11.38519051775159
436 12.37487269191032
437 12.007709525943984
438 12.657024523328483
439 12.545260600272805
440 10.990769919348267
441 9.71957644997821
442 10.010229905310386
443 10.4694855765807
444 10.575532437282344
445 10.649921686540454
446 10.667999769656474
447 9.190211934023086
448 8.550441495770835
449 8.589529828136257
450 9.141137563976013
451 8.689464321270597
452 8.909999577437873
453 9.512256124672293
454 9.045314508314164
455 9.802715294214442
456 9.632386542353508
457 8.665501464016716
458 8.819407340798032
459 9.182721838899226
460 9.467470286329355
461 9.45764052341998
462 9.784322320517212
463 9.297280251156568
464 9.213033901651132
465 8.89226893228268
466 8.960637321793794
467 9.279218253921599
468 8.573928849582224
469 8.792748070331752
470 8.147285090429456
471 8.425999246357014
472 8.593744232148211
473 9.330511770984163
474 8.180593595199372
475 9.322851868203964
476 9.311587774637822
477 9.125489901898224
478 9.202012424852027
479 8.901895934316228
480 9.519023258827735
481 8.813889444542326
482 8.956038753024743
483 8.772914494367617
484 9.746231442597074
485 9.477451657923538
486 8.821686172631825
487 8.509772918362874
488 8.986684599831143
489 9.430832546540385
490 8.745050403976803
491 8.705181299783746
492 9.4219902950866
493 9.921018607914577
494 9.598642183780381
495 10.062037321434536
496 8.908222667238975
497 9.461440147417926
498 9.754643805721075
499 9.024984917331821
500 8.825129930771817
501 9.017144126908333
502 9.330191719409552
503 9.32644349202762
504 9.090954014587656
505 8.803462696279993
506 8.48260453730562
507 9.080500076129733
508 9.06332441333733
509 8.862151733795818
510 9.084783715454321
511 9.432015731287017
512 9.25467655570771
513 8.962032851344192
514 8.39156923238026
515 9.655232060848432
516 8.73919973001387
517 9.098042098548923
518 8.310019004909147
519 8.97780917354693
520 8.48691014523182
521 8.399089387151342
522 7.835983810220596
523 8.527648132258348
524 8.415946457783875
525 7.905338543155129
526 8.305498394305154
527 8.654158280960424
528 8.792051566611246
529 9.154911048540168
530 8.603149644904336
531 8.731686621450212
532 8.563373413936542
533 8.315177379564771
534 8.403025204827317
535 9.063485362306464
536 9.340416233401927
537 8.259790637417504
538 8.466884044360464
539 9.018389592677256
540 8.97276245794999
541 8.708538406356418
542 8.506875890825505
543 8.838500689249816
544 8.601461106101231
545 8.127599530910292
546 9.194384872903573
547 8.996108891666006
548 9.558062665194928
549 8.4021007150445
550 7.956080360236191
551 8.29715638138999
552 8.142990385555189
553 8.28621628976559
554 8.651283603147121
555 9.07504723065075
556 9.30466781752948
557 8.919209374589105
558 9.256216790669239
559 7.791372973591464
560 8.358669086954105
561 8.405316526368523
562 8.212855103164747
563 8.257632564694607
564 8.761394061333966
565 8.099034402729632
566 8.221701303762742
567 8.42434331977315
568 8.473924155762266
569 8.109624031715526
570 7.687176426460089
571 7.629356384831718
572 8.225982040560345
573 8.550962704259405
574 8.096757136698539
575 8.212685977472605
576 8.214509750952663
577 8.001530472455743
578 8.33988245441604
579 7.861406316998774
580 7.810648118682369
581 7.6820031251356
582 7.397672545364531
583 6.829630295766681
584 7.736941459065289
585 7.923484788155359
586 8.364247108652206
587 8.220147077829035
588 7.697367486986123
589 7.819621108288767
590 7.8718717350139285
591 8.15498417216245
592 8.752607349962796
593 8.265098329243594
594 8.183161712545461
595 8.315839836605308
596 8.50283742865944
597 8.722304267253982
598 8.403516449133624
599 8.510341381178407
600 8.531196131044883
601 8.806934501433988
602 8.033879430906326
603 8.697071886187349
604 8.865166702809553
605 8.899287626117433
606 8.777599984124935
607 8.601801154247022
608 8.709952114736506
609 8.457340761516353
610 8.295729725056114
611 8.203876290294032
612 8.39233579900232
613 7.985095060603871
614 8.217303661209334
615 8.98513268757682
616 8.42401224850248
617 8.06120787080331
618 8.48050875122865
619 8.83118731892662
620 8.375362813029131
621 8.258824217528318
622 8.366367555762002
623 8.393422882629201
624 7.787955693983197
625 7.866210388848635
626 8.365966635624126
627 8.34905956732935
628 8.58198193123738
629 9.17756722985828
630 8.093540973900605
631 8.352803014846844
632 8.427863815535686
633 8.521458716564922
634 7.941163947647618
635 7.66813234395773
636 7.800250205976403
637 7.620721026619144
638 7.6103356533652216
639 6.946632225391662
640 7.408006734504963
641 7.5573429813951165
642 7.64506923596999
643 7.916752186188482
644 8.029401473281414
645 7.911805967798466
646 8.331459089301317
647 8.031396663077306
648 8.320040826779973
649 7.953636864575161
650 7.994313777462284
651 7.847682081033225
652 7.677888865648441
653 7.772657109916995
654 8.019467757192366
655 7.636376942136752
656 8.392183555696004
657 8.041340550661312
658 7.710374777726354
659 7.663138008551385
660 7.715261976668955
661 7.677316409975492
662 7.898301862140847
663 8.036661055646842
664 7.258115296177563
665 7.837896957859732
666 7.548385648357819
667 7.786361180811482
668 7.549010793227573
669 7.574623275879329
670 8.033775584596258
671 7.8360282101660195
672 7.8583621914447095
673 8.25921474691035
674 7.700468223637257
675 8.461075111970363
676 7.8896061820919074
677 8.578703097354124
678 8.210949268539297
679 7.819996670815412
680 8.095684985181027
681 7.566526661836283
682 7.140041016524595
683 7.735933978350591
684 7.410001258009167
685 7.416790316356919
686 7.715460068374436
687 7.496794477517885
688 7.507225316870797
689 7.9391192654214935
690 8.263818445386757
691 7.912345208824892
692 8.245011656433483
693 8.029124042543382
694 8.25673937389142
695 7.855821364568951
696 8.112292708621439
697 7.950499358541926
698 8.389083034814334
699 7.9107469216380135
700 8.131469921268552
701 7.970387673656167
702 8.092469828927065
703 8.031986816166603
704 8.12376150936957
705 7.744205988830077
706 8.053310656699914
707 7.560673777042896
708 8.040509925533662
709 7.314294636009983
710 7.425636685626407
711 7.799652966606896
712 8.037930837734772
713 7.111348057982276
714 8.052653919847737
715 7.311055166934329
716 8.120038564363492
717 7.955092490027789
718 7.679356095760825
719 7.614808640765206
720 7.1361099144229625
721 7.812052585858806
722 7.623546473947522
723 7.345814280189462
724 7.784597491966457
725 7.880716646133759
726 7.943436031471865
727 7.45078759283339
728 7.488706383338489
729 8.10000612940293
730 7.621869012541088
731 7.908660503682963
732 7.945794929635657
733 8.329368014284134
734 8.086267168792054
735 8.017510075894789
736 8.180286721776644
737 8.309026175453846
738 8.3827358417046
739 8.463214668493773
740 8.729841860890717
741 8.062768441923954
742 8.385998871698083
743 7.771742712728544
744 7.9896363243430315
745 8.217526739038696
746 8.692054174675969
747 8.174814257845021
748 7.641074490138064
749 8.23881565806343
750 8.019850289176429
751 8.331324202070803
752 7.889203911932816
753 8.006701084694171
754 8.063373258924488
755 8.40160524076675
756 8.064285558953236
757 7.915317227387541
758 7.854467382633915
759 8.237159551963197
760 8.299572886325672
761 7.916043407336371
762 8.224883641624357
763 8.254427039896585
764 8.278815734167264
765 7.683423806726612
766 8.225474404798213
767 8.42254025942509
768 8.25493783558092
769 8.468300768414734
770 8.53057760921961
771 7.773099551923073
772 7.831232017011025
773 7.879706851998014
774 7.915136112977213
775 8.204085256303564
776 8.836444773509974
777 8.028388391809456
778 8.390531331180439
779 8.399532979615573
780 8.473056503998695
781 8.123414008207149
782 7.840436073608916
783 8.168217773951163
784 8.470779097885988
785 8.466267838421206
786 8.16541563254737
787 8.043388045295163
788 8.510204342998057
789 8.18877863923191
790 8.605207751197643
791 7.666091177352726
792 7.677585267841463
793 7.9288819855462025
794 7.996462226035326
795 8.346084624680438
796 7.97597865946893
797 7.664671636784583
798 7.793951118489138
799 7.717719503366615
800 7.780557330260965
801 8.405160937510628
802 7.755327194383841
803 8.261198361918758
804 7.979504162430787
805 8.113235183215524
806 7.6482693965687565
807 7.541927334639369
808 7.640525292411216
809 7.994562652530133
810 8.349535351144787
811 7.796986245985486
812 8.354118050789529
813 7.904070265732296
814 7.370952443294014
815 7.6936995296528945
816 8.010237485049426
817 7.801397863472972
818 8.237951145158227
819 8.387583772395484
820 8.10878359747133
821 8.463035220049314
822 8.18064148328665
823 8.463971648705874
824 8.598315896815636
825 8.412038693593285
826 8.49151546642552
827 9.69099626193933
828 8.03897194686697
829 8.281147561115668
830 8.212146370503927
831 9.004743078224337
832 8.606729632607097
833 9.426274048227336
834 9.22186463505471
835 9.20492718421844
836 9.392082137163959
837 8.976263578222934
838 9.16702989117332
839 8.52321620810489
840 8.74643168416317
841 9.007259023346245
842 8.971405535341841
843 8.997448081862482
844 9.068885233362963
845 9.42559258860909
846 8.59345077027628
847 8.747002784801523
848 8.426470180399983
849 8.72007510233407
850 7.935088700977216
851 7.949895921304486
852 8.205283336238104
853 8.26336204519113
854 8.307391739115118
855 8.765533128123202
856 8.3949977914278
857 8.599102009994173
858 9.139970776515641
859 9.072879432057986
860 8.951552813457289
861 9.309499587899435
862 8.944689575412175
863 9.550004256726705
864 9.509985285558244
865 9.52746687827655
866 9.150791870743845
867 9.17159287515788
868 8.792775040570163
869 9.132442648741009
870 9.314589914898727
871 8.789404743710444
872 9.20020688576358
873 9.075712045641277
874 9.345326402452201
875 9.132469726601483
876 9.168695533234178
877 9.294975581811393
878 8.879307724813488
879 8.932187781911338
880 8.32398857090164
881 8.290094291011185
882 8.697284548915302
883 8.92072396330291
884 8.26156108324207
885 8.207605710149235
886 8.097203209223878
887 8.456703727909515
888 8.520158557207179
889 8.801660054779095
890 8.127823485133161
891 7.94714037597535
892 8.548588323918624
893 9.252845400061416
894 8.31132807662275
895 8.720182832593032
896 7.98225096570069
897 8.884243753813593
898 7.872244626235947
899 8.148156522509483
900 8.005027136456407
901 8.802165234153946
902 9.15636390050204
903 9.03743357959733
904 9.412472247176346
905 9.390676314709337
906 9.897139928241714
907 10.046557151556643
908 9.616485172749302
909 9.373218058834683
910 9.608657507644017
911 9.741104727919817
912 9.401774741033835
913 9.881467323754988
914 9.684313899314246
915 8.962863824886393
916 9.13726986288455
917 10.266112924451145
918 9.81430398762789
919 8.836413068992053
920 9.458018008902105
921 9.613145767173892
922 8.841937913559285
923 8.26133253179163
924 9.295289580487047
925 9.86289964859553
926 9.408911863975478
927 10.138584453314216
928 9.514196491795646
929 9.510832819966677
930 9.51996369539121
931 9.360503621896274
932 9.000997180099503
933 9.259009009476001
934 9.438940491735515
935 9.369806236572819
936 9.896901802493188
937 10.079459788021842
938 9.57302919058142
939 9.584668444132426
940 9.5640993695132
941 9.646555774796909
942 7.981405931889443
943 8.258890060002924
944 9.076496831675657
945 8.643008461101514
946 9.704406912894266
947 9.027315512264819
948 9.801666959079045
949 9.07157694569487
950 9.285504845624146
951 9.46412658501583
952 9.589509593835489
953 9.335534100684237
954 9.338668605503884
955 8.88604825128143
956 9.003958263281202
957 9.56329718964782
958 9.169384142933913
959 9.029313023156863
960 8.867468685832142
961 9.669692646972381
962 9.5703669273636
963 9.217045520442781
964 9.821115286721538
965 9.863291878534817
966 8.805389217732724
967 9.1218891724319
968 9.543906363859064
969 10.056982402316423
970 9.547561199648301
971 10.217452814283783
972 9.772219760549644
973 9.478690382586802
974 9.13906268870606
975 9.871618923197925
976 9.68529623073579
977 9.883182245873995
978 9.733415920591352
979 9.984982155087183
980 9.914829426526506
981 10.177339393908174
982 9.867533884752271
983 10.348750797871224
984 10.027508600584936
985 10.126895825820455
986 9.922312251855255
987 10.38489788454586
988 10.114038281761903
989 10.166399200821779
990 9.683708488072444
991 9.558880727645082
992 9.562535938533342
993 9.145292675668355
994 9.601017336657987
995 9.610828993022553
996 10.009825731582566
997 9.724621496461443
998 9.117605021553016
999 9.73764321433507
1000 9.695567514658915
1001 9.875897578130312
1002 10.357568152312753
1003 9.76435425296631
1004 9.615318939211557
1005 8.685701969963906
1006 9.29285984677908
1007 8.526333338528927
1008 9.170020718736776
1009 8.926444283218636
1010 9.234420716919283
1011 9.268289294753565
1012 8.842246455937115
1013 9.128345841254582
1014 9.111420488868271
1015 9.609709679989175
1016 9.345940334188588
1017 9.191829117320008
1018 8.002947064046303
1019 8.872317579643196
1020 9.267958332972983
1021 9.174666898749827
1022 8.3577884561201
1023 8.369071246133334
1024 9.050246570521798
1025 8.803250455157562
1026 8.781415507398721
1027 8.122092201997738
1028 7.819614954320391
1029 8.461384966030781
1030 8.141908860208934
1031 8.182912814882895
1032 8.20945558125065
1033 7.906342773048015
1034 8.03393481756602
1035 8.930174718041156
1036 8.221272486929681
1037 8.758216248907466
1038 8.525138049658022
1039 8.731824129924103
1040 8.98413839449552
1041 8.634378227511814
1042 8.746887252483525
1043 9.008075762814864
1044 9.234307117413332
1045 8.98983580102142
1046 9.482159029899092
1047 8.74986327589133
1048 9.029040366175373
1049 9.486637872847917
1050 9.137450157162455
1051 8.344121309565638
1052 8.869871025779103
1053 9.395359942634634
1054 9.73861016766222
1055 9.05465065567928
1056 8.954222697160276
1057 9.83062372801495
1058 9.58021210250141
1059 10.38653667107357
1060 11.000437261021887
1061 11.500745239119682
1062 12.383009316378432
1063 11.619100275147316
1064 10.891900927846851
1065 9.162627058974259
1066 10.167288061926996
1067 11.685457021304563
1068 10.592661039777004
1069 10.078183724397773
1070 9.966516471638341
1071 9.725441593929968
1072 9.629951098186343
1073 9.771539908921062
1074 10.890467012750836
1075 9.99255582570189
1076 10.337230333737184
1077 10.49254538920263
1078 9.659021616600674
1079 9.326877937649858
1080 9.562986403468258
1081 9.804750977673487
1082 10.013041822819648
1083 10.323411470541288
1084 10.557421634999667
1085 9.979318499928185
1086 10.905555913448346
1087 10.267103122477218
1088 10.843487502468902
1089 9.895637377131834
1090 9.698527069710876
1091 9.502968177624776
1092 9.472413317199413
1093 9.511801968442784
1094 8.98975440645534
1095 8.875320800000248
1096 8.730728613791607
1097 8.465245099642585
1098 8.72104985891021
1099 7.975821217567124
1100 8.754035832347622
1101 8.489952723725974
1102 8.39052184798629
1103 8.91168320053813
1104 8.41538567062089
1105 8.291332501412358
1106 8.45890338496384
1107 8.610679349368105
1108 8.679903177802581
1109 8.77378182107497
1110 9.467462754525748
1111 9.367211231491579
1112 8.68121665523929
1113 9.059556681142688
1114 9.216140380878949
1115 9.472344405021836
1116 9.767933198547906
1117 8.13843621888107
1118 8.781654807473569
1119 8.738546921688899
1120 8.65539786464496
1121 9.667440830493026
1122 9.302540620930793
1123 9.033673717606021
1124 9.299300235953236
1125 9.831241238190831
1126 8.272808217257122
1127 9.567435240479305
1128 9.396119001437512
1129 10.381317872910008
1130 9.785994982208157
1131 9.18218910104964
1132 9.992699393235158
1133 9.228148441076714
1134 9.383910492314232
1135 8.743030907554397
1136 8.40337439689768
1137 8.937208999705675
1138 8.562132251390091
1139 8.225974877720496
1140 9.08352355745812
1141 8.669528256209245
1142 9.451383407707635
1143 9.218465857576591
1144 8.745192085856166
1145 9.231203252574982
1146 9.413363350637201
1147 9.537626151794413
1148 9.743675668838229
1149 9.85226768053202
1150 9.830072300083954
1151 9.507090550481191
1152 8.9024345385409
1153 9.340529793019828
1154 9.060302060218248
1155 8.377249778185174
1156 8.619354370211125
1157 8.647977320353053
1158 8.48438691682338
1159 9.30101475945394
1160 9.235240598854425
1161 9.35635608791173
1162 9.601013471483036
1163 9.25391038701855
1164 10.107394788725456
1165 9.578869018623038
1166 9.353991410758418
1167 9.4988873161348
1168 10.478655177662255
1169 9.527644365729971
1170 9.727710180992922
1171 10.530287534766838
1172 10.35856677379663
1173 11.107805243101616
1174 10.280594605988842
1175 9.928976802650048
1176 10.39123167405672
1177 10.618333506889751
1178 10.288458315693171
1179 10.229030648869081
1180 10.293515503647022
1181 10.725346788706654
1182 9.764437221874042
1183 9.812219847140913
1184 10.555290959146282
1185 11.028831224267334
1186 10.739643819054553
1187 11.090657185492326
1188 11.110714699802589
1189 10.358334441816405
1190 10.948288775826661
1191 11.276574704469626
1192 11.080873453268731
1193 10.562072874769983
1194 11.102430814813536
1195 11.193784422444113
1196 11.54924287818439
1197 11.687298493575135
1198 12.067751303456287
1199 11.504242495223457
1200 11.217459588810792
1201 11.354648175271658
1202 11.778141196077053
1203 11.553002093673111
1204 11.973773377587518
1205 10.703358887343168
1206 10.788270002072382
1207 10.940563347255612
1208 11.630885936400954
1209 11.173689655705235
1210 11.566200114169956
1211 12.221624468046054
1212 11.68439612441507
1213 10.519132563973336
1214 10.910662568011954
1215 10.174985301479234
1216 11.714905184286298
1217 11.422207997393391
1218 11.16101198657674
1219 11.477066079358993
1220 10.8099489031465
1221 11.537579976543025
1222 12.383316056521442
1223 12.072218348549288
1224 11.339272329674872
1225 11.587363457453664
1226 11.35905419643201
1227 11.827160108043541
1228 11.930299299139959
1229 10.814228172042109
1230 11.70315970579221
1231 12.472560166823106
1232 11.840479861060722
1233 11.35736034258215
1234 11.441602060602076
1235 10.95770014299077
1236 11.339255566302233
1237 10.799085713497494
1238 10.293841937214118
1239 10.157136907359618
1240 10.705991167420727
1241 10.769630023843554
1242 11.640088379211813
1243 11.050504126964222
1244 11.348826522790212
1245 11.645179123160517
1246 11.641666141299343
1247 11.236903841006976
1248 10.49823055685445
1249 10.598244058371916
1250 10.721210572893222
1251 10.703898185813504
1252 10.137762650674476
1253 10.55802556967713
1254 10.593281209395517
1255 10.240229642309728
1256 9.910311663000446
1257 10.235813165465238
1258 10.110671970163736
1259 11.11262520363468
1260 10.951923054057032
1261 11.633804665583238
1262 11.122196801943574
1263 11.022640464538055
1264 11.499713078705055
1265 11.427694955225588
1266 11.80027743914012
1267 11.90893965027253
1268 11.8534724136538
1269 11.012072151639375
1270 10.60020466972951
1271 10.635828573621499
1272 10.907965468346042
1273 10.739775163365179
1274 10.558387734376591
1275 10.016918661348994
1276 11.754540050826698
1277 11.418646804390844
1278 11.462118596027482
1279 11.348616005902873
1280 11.905903033806567
1281 11.08786272185821
1282 10.87467647771874
1283 11.424497190358954
1284 11.528232658018412
1285 10.78071953745928
1286 10.749318509549962
1287 11.622069188912718
1288 10.703081721863528
1289 10.945955553962479
1290 11.259083706891806
1291 11.369594138845084
1292 11.842737673680581
1293 12.056449213090442
1294 10.66681660037852
1295 11.559270002130972
1296 11.329590125673809
1297 12.098268018684523
1298 11.482317684006912
1299 11.827382837226336
1300 11.969079641626767
1301 11.452783227392194
1302 11.467838757313034
1303 12.146989091056172
1304 11.204269376121013
1305 11.247502711712695
1306 11.071628319986369
1307 10.240001072847459
1308 11.161509767654904
1309 11.002216322054833
1310 11.247383315323258
1311 11.791751053560603
1312 12.086228176841605
1313 11.819780305153067
1314 11.542535269161112
1315 12.301794694248239
1316 12.582256375487137
1317 12.368365042428339
1318 11.565300536988458
1319 12.533097599675692
1320 12.083228022442958
1321 11.838973882258946
1322 11.334672440750651
1323 11.5651760387265
1324 12.482944564725523
1325 12.279029004867883
1326 12.62311248318787
1327 12.097168770549594
1328 11.72037879137781
1329 12.189781230647567
1330 12.844332088970132
1331 12.108550332042213
1332 12.714882600475377
1333 12.836057042343171
1334 12.39427365334705
1335 11.313828029492013
1336 10.861251092936183
1337 11.561016497210437
1338 12.064985752492754
1339 11.701272417507
1340 11.665688615252002
1341 11.882965320564468
1342 11.941364893422591
1343 12.675561184123515
1344 12.66286601988514
1345 12.370410110212017
1346 13.108414322382295
1347 12.562917806381426
1348 12.09649125589244
1349 12.358264270539642
1350 11.839410776885332
1351 13.023885691263125
1352 11.981719059354862
1353 11.359411749063614
1354 11.774199452982907
1355 12.86417195071499
1356 12.292574681887794
1357 12.736200291927341
1358 12.101674233338043
1359 11.935033362627108
1360 12.175811540952582
1361 12.190599703169354
1362 12.094797756114112
1363 12.172519965175091
1364 11.78394488974505
1365 12.386218357098452
1366 11.879178476101297
1367 13.17215251484246
1368 12.736113696108358
1369 12.335999289163698
1370 12.063240528832061
1371 12.30956083874962
1372 12.404945716243857
1373 12.781510016577577
1374 12.458010149351447
1375 12.05321123735658
1376 12.964629800423012
1377 12.99025316482657
1378 13.064681477639473
1379 13.290667762523949
1380 12.708923320727312
1381 13.252014260425547
1382 13.367215859071042
1383 12.12334049719671
1384 11.689883622489782
1385 11.845364559846624
1386 12.282899339590408
1387 13.738555224606955
1388 11.843131569760311
1389 11.545601052692644
1390 12.4308596064741
1391 11.144827944123326
1392 10.99891281480929
1393 11.903697584302737
1394 12.214038166484297
1395 12.120486425492727
1396 11.995486463652771
1397 11.460920966687386
1398 11.31457507372954
1399 11.261987762407037
1400 11.280680221864136
1401 11.346994800277198
1402 10.270599549072257
1403 11.609256297401208
1404 11.857554720877584
1405 11.523964601279951
1406 12.559437243047213
1407 12.201355864900904
1408 12.196293449909419
1409 13.744448010141566
1410 12.796009281360224
1411 12.81474680622225
1412 12.244679464402521
1413 12.618959981632388
1414 13.381186536099978
1415 13.480089459920702
1416 13.32180530665965
1417 12.905134747210983
1418 12.977350927703277
1419 13.057410600266541
1420 13.274473992842537
1421 12.825019299529647
1422 13.80911061306051
1423 14.730215709759777
1424 12.954111315198267
1425 13.146086488956055
1426 14.419096258097143
1427 14.517905282266515
1428 13.902979936900401
1429 13.49308978005291
1430 13.88762398255766
1431 13.750552490820933
1432 14.068407092327208
1433 13.35610567658398
1434 13.490074802328957
1435 13.903176313188522
1436 13.787899800218003
1437 14.384079042595491
1438 14.483871671787556
1439 13.8981986860164
1440 14.186655197749289
1441 15.056635643204318
1442 14.881858434283927
1443 15.813002334915964
1444 15.147788937382769
1445 15.546950237995631
1446 14.96566000553998
1447 15.066140895846234
1448 14.069091252911141
1449 14.43228695878578
1450 13.870901183605913
1451 14.79650593207434
1452 15.362913248711246
1453 15.31926576816433
1454 14.346516682423738
1455 15.2867977814809
1456 15.72222015869682
1457 15.157375841949777
1458 14.9045948232838
1459 15.065684349540506
1460 15.381501317021742
1461 16.42402110063519
1462 16.10667596283324
1463 15.507541470711743
1464 15.402201072464829
1465 15.15705876350063
1466 14.895950934322084
1467 15.376122520904365
1468 15.675871794366678
1469 15.839124823056759
1470 16.021295538981924
1471 16.31188788297803
1472 17.684405571059276
1473 15.49583591140306
1474 16.397660237212826
1475 17.304751137920782
1476 17.229661338002398
1477 15.800520984524352
1478 15.716675458812073
1479 15.47767950224728
1480 14.102853421841537
1481 14.295890696617807
1482 14.672792104032228
1483 14.924313798758464
1484 15.179715396983982
1485 14.689990812611287
1486 14.859293014399578
1487 14.929311005530973
1488 14.856706258320417
1489 14.420414000264676
1490 15.178417878122522
1491 15.51592669718463
1492 15.26952241897733
1493 15.199770996724828
1494 14.697192067221241
1495 13.983260065320115
1496 13.289338036628894
1497 13.870069698533642
1498 13.744010609674488
1499 12.285068500600104
1500 12.3485686255042
1501 13.247457193238857
1502 12.680359151038996
1503 14.429424242885135
1504 12.844978108440207
1505 12.698522871923135
1506 12.49168258595659
1507 12.318719216730091
1508 12.923985190025029
1509 13.227282594440823
1510 11.997178759886348
1511 13.589016616438059
1512 12.842289779029434
1513 13.161608802113463
1514 13.09277646851574
1515 12.799306708482888
1516 13.210778103560262
1517 14.657517233937849
1518 14.500706763913636
1519 14.436728906936827
1520 14.60322176805502
1521 14.171258244276878
1522 13.272152947946653
1523 12.62934204101198
1524 14.788953428328279
1525 13.5956034588658
1526 14.050476675229088
1527 14.596273553108729
1528 14.384951348932045
1529 14.322852049566995
1530 12.668831137877005
1531 14.017097303609892
1532 14.047979772516713
1533 13.082232871868506
1534 12.086222044228801
1535 12.741622415806232
1536 12.35456052643665
1537 11.797096301805446
1538 11.211463154432945
1539 11.935122578725752
1540 12.374319916517821
1541 12.889536018630613
1542 12.14951758313804
1543 12.47712109517937
1544 13.341731914866676
1545 12.873723857024789
1546 14.176290792761034
1547 15.689122347635243
1548 15.443428458235495
1549 14.882572770900591
1550 14.14406746079119
1551 14.071805788578551
1552 14.18168745040303
1553 14.930747902105256
1554 14.224219420928424
1555 14.50036999173853
1556 13.974684414740404
1557 14.0190517487487
1558 14.602198407547595
1559 13.272086778198412
1560 15.000041829187111
1561 13.367785292524607
1562 14.459993765711816
1563 13.490359174004096
1564 14.101840467881118
1565 14.000270977276577
1566 13.956997548019059
1567 13.980712991479303
1568 14.278989096524201
1569 14.010005533756962
1570 14.886335497525236
1571 13.110577762534128
1572 13.993191169445193
1573 14.110357690368174
1574 13.807959186921034
1575 14.092435328126841
1576 13.37377302489584
1577 13.76413762932719
1578 14.383206959989263
1579 13.09792817806775
1580 15.115014756458748
1581 14.050948070868804
1582 13.766898272956041
1583 13.875929411441156
1584 14.475392459390566
1585 14.919150150590946
1586 14.56686372408421
1587 15.049961796512031
1588 14.978234133969336
1589 13.425954188332307
1590 14.257129998440783
1591 16.180965587369545
1592 15.793797349146
1593 15.968786753309525
1594 16.21384741337806
1595 15.69382685547651
1596 14.089996808412902
1597 14.002048184236005
1598 15.287320943894198
1599 14.37424985736194
1600 12.90213303069806
1601 13.437110811324768
1602 13.225203454985191
1603 12.693087699877763
1604 13.3451156928303
1605 13.08657249239001
1606 13.98909729173724
1607 13.654485105594878
1608 12.875068238643808
1609 13.505822875694237
1610 13.418918491196152
1611 13.29323950962136
1612 12.827034159165098
1613 12.668227125519202
1614 13.043078157795104
1615 13.808845201608463
1616 12.859361048010541
1617 11.995297448587648
1618 12.885407014529001
1619 12.653319820357607
1620 12.67744111925134
1621 13.319210326963423
1622 12.817236414797483
1623 14.796871384421
1624 14.786824942832546
1625 14.256317306709956
1626 15.011539250728163
1627 14.621072473843679
1628 14.220747143212954
1629 13.980845778033455
1630 13.788193467631867
1631 13.871896099332558
1632 13.293185466084285
1633 13.935345359200744
1634 14.388852068798329
1635 16.10932622481224
1636 15.014065069754603
1637 15.352303229889786
1638 15.259147075148613
1639 15.427482802922267
1640 14.193539431187245
1641 14.173883635888503
1642 14.65705939915823
1643 14.173674563280477
1644 13.492259350078642
1645 14.06019872945744
1646 16.02758515881339
1647 15.513770697706526
1648 13.18718644614603
1649 14.393525801462586
1650 13.938988013642254
1651 13.578243862526678
1652 14.774294992271479
1653 15.709288924237677
1654 14.931514436124672
1655 14.72267393511846
1656 14.845235981769257
1657 15.426145680729523
1658 15.966734720862476
1659 16.360376276460173
1660 16.450563277357407
1661 16.806120191845654
1662 16.423604492095834
1663 17.230950325858423
1664 18.473453430713196
1665 18.285093258662137
1666 17.849008142004998
1667 18.12622731912791
1668 17.238336521820795
1669 17.325654840000958
1670 18.40880755559529
1671 18.543766924994493
1672 18.294337703006025
1673 18.632840529887282
1674 18.491375322656438
1675 18.401774035984683
1676 17.866318994046892
1677 18.119057700005236
1678 18.89767622135665
1679 19.07187729336181
1680 18.45200548530336
1681 18.776418046074856
1682 18.530460170070395
1683 19.241933174908493
1684 19.432438207074252
1685 18.424181955268285
1686 17.94765491643531
1687 18.401614528039328
1688 18.61993017569684
1689 18.774887954187896
1690 18.980352734246217
1691 19.07685116228346
1692 19.975139422030626
1693 19.097613580190107
1694 18.757497130196203
1695 19.886409735391755
1696 19.033845646030404
1697 19.282473428730768
1698 19.469442772188664
1699 20.24358350246264
1700 18.987620126229867
1701 19.416666422259983
1702 19.448942281967458
1703 18.647957917958554
1704 18.071784968632667
1705 19.285980262583816
1706 19.64243526242151
1707 19.784775280572838
1708 19.34990822430886
1709 19.776105098190023
1710 19.25475306692488
1711 19.20612993601478
1712 19.02522422193413
1713 19.76869633816068
1714 19.36858847406036
1715 20.110169811306243
1716 19.504180500432103
1717 18.726821040070693
1718 17.657048728123147
1719 19.350989960371304
1720 19.09055629242002
1721 19.737922498199854
1722 20.294776630634725
1723 19.02928996306294
1724 19.710910572980026
1725 19.43020682122153
1726 18.762926514851177
1727 19.274058877953365
1728 18.816386209930304
1729 18.56406336810311
1730 20.122401247114457
1731 19.279933472362952
1732 19.114959599536164
1733 19.622028898272745
1734 19.487850459685177
1735 20.176505629215434
1736 19.014783637824078
1737 20.38278063181791
1738 19.988709603313854
1739 20.674821243415828
1740 19.7492682680975
1741 19.086973906897498
1742 20.305196884278423
1743 19.18843208580294
1744 19.046395748181283
1745 19.510536334620095
1746 19.44743897173762
1747 19.571015097224446
1748 19.154713002763675
1749 19.11887596248959
1750 19.165823415789934
1751 18.944111705894983
1752 18.674001140082044
1753 17.900881389668083
1754 18.303596314835797
1755 18.856206407873337
1756 19.122964585779982
1757 18.752475192353586
1758 18.191204949224595
1759 19.51118672477891
1760 20.597887892285904
1761 20.106707027348026
1762 19.819703399948114
1763 18.261647615615846
1764 19.605031000578386
1765 20.411262839485737
1766 19.940540086103354
1767 20.488503474696163
1768 20.652171716486954
1769 20.489583400183932
1770 21.94226264997977
1771 21.870393475347548
1772 22.105494322886475
1773 21.7914553181413
1774 21.96484942425785
1775 21.733007760527567
1776 22.330777548735433
1777 22.500295200271513
1778 23.40235057297984
1779 22.71734041600437
1780 22.66586050420537
1781 22.422252457763946
1782 22.164867347188704
1783 22.476390749799048
1784 23.48948628494671
1785 23.457193884902274
1786 22.774353932359265
1787 22.35356962937805
1788 23.492624246312484
1789 24.07251205107766
1790 23.616749677165423
1791 23.850391558504104
1792 23.42362379801772
1793 23.75592836740122
1794 23.33571139810946
1795 22.515561460053828
1796 23.952056302054853
1797 22.493318524053475
1798 22.840712520116238
1799 23.17212422491448
1800 23.33499660939767
1801 23.31566244995283
1802 23.453058453294428
1803 23.006690810543486
1804 22.14683596333682
1805 23.49971540617424
1806 22.726306834824843
1807 23.87785394508361
1808 24.383610366386428
1809 23.538105283397712
1810 24.69457868559875
1811 24.13909688665646
1812 23.585941280952227
1813 23.047839742852545
1814 23.362513872964158
1815 23.423033264034412
1816 23.22105441667593
1817 22.758033618151654
1818 22.67794255287651
1819 22.356282171424862
1820 21.885007669542684
1821 21.392268485331854
1822 21.657472649923324
1823 21.47795338706338
1824 22.603908041914593
1825 22.519120584781493
1826 22.291150975116196
1827 22.389266318074707
1828 21.076637197059135
1829 20.793905218318805
1830 20.640711607721318
1831 21.529206210655744
1832 21.066117623955787
1833 21.333215436085148
1834 22.140448163765083
1835 22.044778867237806
1836 22.270237457685514
1837 21.948271120587606
1838 22.578773135212366
1839 21.44268516025185
1840 21.558353604351833
1841 22.327985390448493
1842 21.916080658491826
1843 22.29683152999922
1844 21.22025806322644
1845 21.35019184061947
1846 21.633822895609004
1847 21.153049630328102
1848 19.8344392521979
1849 20.770908748973323
1850 20.056258365057605
1851 19.585662895041917
1852 18.812330167775727
1853 19.453567317786028
1854 19.683462142772406
1855 19.657365123130248
1856 19.62495030008875
1857 19.248411278418185
1858 19.095496491320134
1859 20.57698142180304
1860 19.45661990385337
1861 19.98577894602606
1862 19.5238948727807
1863 19.395542075226025
1864 20.309000514405522
1865 19.908970050839304
1866 20.193629969928093
1867 19.097492812130557
1868 19.77222554542748
1869 20.36473815160415
1870 20.80756206907591
1871 20.386648564428704
1872 20.2765682598732
1873 19.87102156155705
1874 19.961980432518562
1875 20.663935694973958
1876 21.039698602258227
1877 20.876790034167115
1878 21.336103825398798
1879 22.05736426704884
1880 20.855922284871735
1881 20.704526037361454
1882 19.615397568258835
1883 19.32752403957984
1884 20.409075125298042
1885 21.007929577938377
1886 20.550954532904054
1887 20.418503583459557
1888 21.396608449746886
1889 21.765352082127983
1890 21.179929660785756
1891 20.532242648858947
1892 21.005248004360336
1893 21.573936896629053
1894 22.84123148655643
1895 22.562287337016564
1896 22.896779959455323
1897 21.13933964137384
1898 21.418833543093882
1899 21.058588374529677
1900 21.4934097454874
1901 22.417576238465248
1902 21.371202716951885
1903 20.863582857905296
1904 21.015136515358353
1905 21.206399204471
1906 21.04371307842587
1907 20.303899975435648
1908 21.09663097944892
1909 22.97008164180422
1910 22.19868787336791
1911 22.217517344334848
1912 22.64744670761823
1913 22.49406254353892
1914 21.435120085695587
1915 21.86548195602761
1916 22.051516960074967
1917 21.171083492483778
1918 22.19368531084976
1919 21.190664610509266
1920 21.915618781053535
1921 20.568478251667074
1922 20.25759351247093
1923 21.430093457812138
1924 21.504153280258965
1925 21.391133300254918
1926 20.864152699767658
1927 21.516213685750895
1928 20.78609583013079
1929 21.375175546391784
1930 21.787484260633754
1931 21.543032844712343
1932 21.407860820463668
1933 21.31561478581174
1934 21.701403045422296
1935 21.131175718235408
1936 22.196605388807424
1937 22.234801029362465
1938 21.508979980274706
1939 22.226288985725475
1940 22.05266682235571
1941 21.572462044259066
1942 22.10137217257993
1943 22.815946248776786
1944 22.326380738459488
1945 23.350712375249625
1946 22.318088447037763
1947 22.861373143360776
1948 23.57732987118476
1949 24.59847120486212
1950 24.983575585539842
1951 24.820914979490723
1952 25.144322718728095
1953 25.07432150828908
1954 25.010549296782354
1955 24.356412179607776
1956 23.844391809647625
1957 24.217139587825407
1958 24.101540555994188
1959 23.73931779922545
1960 24.25578959064654
1961 23.74599720402069
1962 23.280851653345017
1963 24.18184242660189
1964 24.229152327109922
1965 23.953962620309607
1966 23.526339400614788
1967 24.037070674784648
1968 23.78832279909325
1969 24.953042951368307
1970 23.95170930576184
1971 23.681782594505815
1972 25.34466820129958
1973 24.9485157822497
1974 23.8811929657613
1975 26.22870905223076
1976 26.35781957816765
1977 25.83471533498053
1978 26.03561566658905
1979 26.001403094200047
1980 26.232065627555635
1981 25.664514252351164
1982 25.9100949053321
1983 26.529353881311234
1984 25.552917885513633
1985 24.940873626708807
1986 25.49145182238681
1987 24.556180291960402
1988 24.960230002901255
1989 25.62731182100476
1990 26.409112945456975
1991 26.0403640990631
1992 26.55372418624038
1993 27.597617904425302
1994 26.289442368239108
1995 25.598671691944567
1996 26.011367587548968
1997 26.35736500643077
1998 26.737620320320968
1999 26.33276216890055
