0 14.935454049134586
1 15.846830683109834
2 15.189709812574822
3 15.540314151675187
4 16.493683709887275
5 16.504791488672538
6 15.29327329624243
7 15.616082960092482
8 15.828767742789282
9 15.749666377298864
10 15.515216216581138
11 15.319463394985034
12 14.966384529806913
13 15.563307815199822
14 15.244590918239735
15 15.159576903885858
16 16.02071889509075
17 17.061579718541466
18 17.234798317022147
19 16.16877240699429
20 15.545676797774846
21 15.773895519181913
22 15.201784119717548
23 15.263531275721162
24 15.834345816261036
25 15.450032289144763
26 15.302646764954709
27 15.917667279733685
28 15.723573327907008
29 14.243407931802874
30 15.024229310938546
31 14.394476190815274
32 15.11126633825433
33 15.28194929900085
34 14.565821611720361
35 14.283265659104893
36 15.411271020451508
37 14.103321418068163
38 14.76109968769853
39 14.488878493765274
40 14.460612646745721
41 14.825851276239137
42 14.528674148239125
43 14.021196083152077
44 14.400417020248714
45 13.460323510935702
46 13.771768399597626
47 13.340901198753146
48 12.560524755055845
49 13.699471997748166
50 13.682214998805273
51 14.375421519081597
52 14.188089491426112
53 13.228644470230464
54 13.695284674061526
55 13.758867494816677
56 13.699244343851145
57 13.157390448706654
58 13.150384908981543
59 13.845533422094425
60 13.560962946513868
61 12.850415315670787
62 12.87167349807353
63 12.935811838317205
64 12.731199962670354
65 14.000246927951036
66 13.6207760258689
67 14.374585194902394
68 14.348365216490567
69 14.429709018209667
70 14.078768948507792
71 13.69160781787463
72 14.072865014848523
73 14.342378873200923
74 14.572840370594879
75 14.170464087779134
76 14.087872766799753
77 14.930820375398826
78 15.32220273941903
79 15.21835820961081
80 14.573532247321685
81 14.76328194611797
82 14.39908773727069
83 14.45122641677518
84 14.725427233771338
85 14.545374527116772
86 14.132579075281681
87 13.806634668879372
88 14.278581149791963
89 13.90806523801757
90 14.341393555032852
91 14.276741690533463
92 15.249129722602417
93 14.542107328129127
94 13.869578565171787
95 14.471859245222959
96 15.08203812860962
97 15.129614504210599
98 14.472329937390285
99 14.544772810087231
100 14.870899313878985
101 15.26307444474987
102 14.311378146637136
103 13.899717660338183
104 13.921722838055857
105 14.558376641446745
106 14.254939705527335
107 13.890582052157916
108 14.329026726655668
109 13.916440583720686
110 13.672279202534465
111 14.147526503743812
112 14.062249380881696
113 13.931960716582273
114 14.41580608334788
115 13.497895569032988
116 12.776154803827142
117 12.435680801521194
118 13.717378172474982
119 12.248955921031605
120 12.295117287940293
121 13.362181073710412
122 12.764457706405173
123 12.81820489000677
124 12.136887174375056
125 12.645648393946557
126 13.306136423429624
127 12.439988294899864
128 12.677952234619775
129 12.562771125312526
130 12.48535985356417
131 12.48323671708188
132 12.995205721477715
133 13.250789946231063
134 12.86455366909239
135 13.054673147377015
136 13.34116092320557
137 13.008454838031595
138 13.28706812098807
139 13.326052342963715
140 12.237497251126472
141 12.696127861857637
142 12.230683961831613
143 12.307561274641714
144 11.753393968450549
145 12.20977882326309
146 12.018754794303842
147 12.452824908689298
148 12.071505660784412
149 11.881746114144784
150 11.985237542648248
151 11.693237022395897
152 11.829409262474975
153 11.847177181048721
154 11.71216037661776
155 11.631227304095356
156 11.453154529438642
157 11.70866326504664
158 11.60395384038046
159 12.027783855378553
160 11.689580132553775
161 12.664775404380505
162 11.794618525391494
163 12.257384891239507
164 11.570706811182804
165 11.912806764855528
166 12.087291387456185
167 11.553795340603147
168 11.740141450477916
169 11.360212508022292
170 11.21169522612487
171 11.47694699333219
172 11.27067165910724
173 10.719958120924531
174 11.567281802192563
175 11.724960317951156
176 11.409418913392535
177 10.731211304740842
178 11.1604124981528
179 10.217099459634545
180 10.165546347545002
181 10.44126655543927
182 10.176981002932413
183 10.39406335496422
184 11.000089588402332
185 10.88095960013391
186 10.82291406379776
187 10.57153275659176
188 10.429070670483311
189 10.555908013991326
190 9.674786173373471
191 9.579742355430461
192 10.321106010590356
193 9.96669629202851
194 9.560005264073762
195 10.089318254000851
196 10.093834673338977
197 9.922509447475433
198 9.562458676976368
199 9.674537425941788
200 9.875692407594055
201 10.100905478245876
202 9.98385596899095
203 10.582757527167216
204 10.663738141332477
205 10.4142961507714
206 10.209347325297786
207 9.130996332706568
208 9.389858571269315
209 9.274874157094658
210 9.572870864962312
211 10.008623644935085
212 9.587470576758259
213 9.924936348985367
214 9.833833347835295
215 9.86875879849815
216 9.346003514357506
217 9.287925952216675
218 8.906210639842966
219 9.383670704081247
220 9.536370125269412
221 9.587373416668612
222 9.58948870501291
223 9.932613890687644
224 10.022785231069136
225 9.814705493094403
226 9.579765064385338
227 9.64202974054461
228 10.071004677952908
229 9.320717318154607
230 9.577072182487923
231 9.300072625207639
232 8.924873819094406
233 9.824148851906862
234 9.496623051000455
235 9.76594783685682
236 9.600729941300148
237 9.509188315422712
238 9.915508053931992
239 9.477120331786931
240 9.30420070046988
241 9.634703681504467
242 10.180499147715329
243 9.647377467211971
244 8.862743189683481
245 9.411712956668111
246 9.838102346302682
247 9.261419665931195
248 9.369429069517727
249 9.537656292974596
250 9.963236199607502
251 9.63571611625577
252 9.596959357827101
253 9.628032745251545
254 9.61193621511397
255 10.007620306144792
256 9.624476846276282
257 9.225012335821287
258 9.148929156207062
259 9.291857739692668
260 9.808341622119247
261 9.458944180903812
262 9.433553520036089
263 9.515107939201132
264 9.212222086705976
265 9.694759875223331
266 9.465894249299312
267 9.547271476309891
268 9.36213519537571
269 9.384710658026338
270 9.346488779660737
271 9.351538331102942
272 9.240016059778144
273 9.669239939531174
274 9.121286840135461
275 9.405305412064283
276 9.180989958767203
277 9.258730518036755
278 9.311991128915867
279 9.258450990436783
280 8.89794735213463
281 9.314877867960806
282 8.966439515007297
283 9.453126723558672
284 8.955984792432384
285 8.458468992519885
286 8.853565953989163
287 8.974686859288253
288 8.830514618998016
289 8.953638110433573
290 9.533113990740324
291 9.946756035786112
292 9.396087753778437
293 9.430776698199393
294 9.31869837195173
295 9.422433899230299
296 8.94674312750734
297 8.934028238887027
298 9.030114243054282
299 9.104901785248304
300 8.954965336780132
301 8.703419524495873
302 9.002338720742781
303 9.272720678575746
304 9.448895934304659
305 8.631111648762532
306 9.119951206834488
307 8.512639673559432
308 8.803843080256536
309 9.113903214459347
310 8.61073003165899
311 8.437147792200237
312 8.793067356693356
313 9.01149592636918
314 8.706580903052373
315 8.716214378048539
316 9.110828289003003
317 8.681832046858366
318 8.593975793911257
319 8.611780919901257
320 8.798108108208964
321 9.015584236395197
322 9.268124528406446
323 9.117850152380772
324 9.196437204193098
325 9.227386555095064
326 9.261318500082943
327 9.233585384089197
328 9.336617759921234
329 9.799544317420501
330 9.656429640596139
331 9.825729720064677
332 9.73494759393584
333 9.844635406201332
334 9.519016496843927
335 9.554409172207444
336 9.480089596820939
337 9.419075473798664
338 9.566001953657482
339 9.300454347768728
340 9.871493999885288
341 9.446054268963886
342 9.604053379566015
343 9.444970599017063
344 9.245170296917864
345 9.384641670974476
346 9.117963776195214
347 9.522303970904035
348 9.22116300872544
349 8.986134232311558
350 9.231518512485751
351 9.233807153331133
352 9.093618389377827
353 8.68545926690278
354 9.243643480124181
355 9.052336575639421
356 9.04831596637611
357 9.057891040535234
358 9.39644061595055
359 9.592897282465652
360 9.211105128027512
361 8.828536352459324
362 9.5550400476124
363 8.958203501841245
364 9.21216559732922
365 9.328450383904142
366 9.315586584265686
367 9.47512687228326
368 9.480016380238828
369 9.903898642390494
370 9.47457570572558
371 9.296344788223056
372 10.413736639346505
373 10.015597496282233
374 10.222863905835204
375 9.74257916228524
376 9.789795896163348
377 9.445422929666819
378 9.242402567409265
379 9.47965957503711
380 9.085817949291568
381 8.899222581896295
382 9.567330496254348
383 8.889152092523739
384 9.066865419804978
385 9.986504155146905
386 9.669390952421873
387 9.037853139723454
388 8.767558870140252
389 8.9713353170871
390 8.82364045308093
391 9.40948246040143
392 9.354807925937134
393 10.157783305809808
394 10.546810959179203
395 11.036066248036652
396 9.440518904451638
397 10.375702760517743
398 10.363427804870952
399 9.814014621294106
400 10.455877785604773
401 10.825282895097024
402 10.386868815018135
403 10.498655986649256
404 10.46952457748515
405 11.369271315600564
406 10.999914110004964
407 10.375813103219013
408 11.012852238570854
409 11.096617142494681
410 10.985674836468307
411 11.574261087026814
412 11.793397772482233
413 10.740902402916873
414 11.180520133946409
415 10.516910193054024
416 11.046557519024384
417 11.103586700133594
418 11.223551111263596
419 11.061741835966442
420 11.30695487896963
421 11.473980804884453
422 10.639920185740078
423 11.103242947549562
424 11.216502243732807
425 11.763573994482243
426 11.217320396820543
427 10.8385280292323
428 11.137214146097174
429 10.565257745894751
430 11.611757908573331
431 10.912079921601508
432 10.789199244895373
433 10.195820130939385
434 10.652183286941234
435 10.315590596654465
436 9.9894738921059
437 10.659590061936482
438 11.365332167893103
439 11.208089267040554
440 11.904922165543347
441 12.170849254914735
442 12.01401757372131
443 11.346883888605074
444 11.554161810449827
445 10.9487712865254
446 11.071521211080539
447 11.067831940263476
448 11.340767321074242
449 11.290119652426748
450 10.929570035986153
451 10.142690581066958
452 10.935627753922677
453 11.774384549901134
454 11.362799991883227
455 11.354313777647727
456 11.894480795490786
457 11.144549661940939
458 10.714879255814765
459 12.033772217732965
460 10.329584021210056
461 10.737657488082636
462 10.674967188914522
463 11.114966771047705
464 11.985594029581929
465 11.70703693145744
466 11.334195877926101
467 12.146767318707575
468 11.927163770749587
469 11.997256070912021
470 11.953806263866385
471 12.126880639082296
472 11.358579445990623
473 11.647954694305502
474 11.530119287263414
475 10.541136527651432
476 11.080465001026651
477 11.2858333557821
478 11.32039259881775
479 11.8491853983594
480 11.617328165473241
481 11.15225833493705
482 11.499996582657557
483 12.070853595177425
484 11.450960590117697
485 12.157468636413688
486 11.51504713604284
487 11.09486556963115
488 11.35765179937709
489 11.486420110284998
490 11.519613366383254
491 11.248130911698212
492 11.859862045701473
493 11.31975772342818
494 11.608470917526963
495 11.62135311327751
496 11.515035798084913
497 11.468171974221251
498 11.996527986306283
499 12.204420117908496
500 11.79930710969009
501 11.547954232448435
502 12.108634705394572
503 11.22268772716861
504 10.95695108247259
505 10.744395536120093
506 10.367548860629956
507 10.682292635716822
508 10.334763810693685
509 10.661662951732662
510 10.36016742112783
511 10.608921430367307
512 10.774403602908247
513 11.662478606021393
514 11.154577430712607
515 10.93749977802854
516 10.842978125746544
517 11.26526217241633
518 11.775314345894223
519 11.419110706877406
520 10.859006348688581
521 10.766303829221282
522 10.701224771466585
523 10.37778858399539
524 10.774763171650248
525 11.292811340415982
526 11.474128266935237
527 12.070764572903855
528 11.367918023201012
529 11.475093041612144
530 10.867721573365051
531 11.166643921474519
532 10.289123100758882
533 11.125474622775096
534 10.448762356079575
535 11.245826870749077
536 11.73821865008279
537 11.450808697508753
538 12.225397129295095
539 11.578487261574153
540 11.45282554042176
541 11.979689235461583
542 11.435351454173276
543 11.550174853055514
544 11.292183890415508
545 11.676543180920481
546 11.430630205976493
547 11.502676411849492
548 11.99093335029307
549 11.88153681328668
550 12.278888548595267
551 10.87361571954983
552 11.27274653073964
553 10.985388822695676
554 11.209407582347241
555 11.262195453512328
556 11.81769788438259
557 11.76342486455572
558 11.45879283360302
559 11.218774411032955
560 11.641265869266782
561 11.226315427605755
562 11.241522273934715
563 11.592691020870767
564 11.281973637702034
565 10.890128854862413
566 11.564669047990089
567 10.081333448813753
568 11.345999042325909
569 11.785427586437452
570 12.050986903515593
571 11.992214607146416
572 12.03320578971766
573 10.944535327707051
574 10.777818761260626
575 11.294553123013973
576 11.034132125717186
577 10.706591126464296
578 11.370512408628926
579 11.12267272046691
580 12.21078648533916
581 11.586268130149184
582 11.671916724830663
583 12.098925082710151
584 11.219926293084944
585 11.353927099183814
586 10.436972714924115
587 11.338823571420248
588 11.589673892049053
589 11.204623187556003
590 10.88155691894574
591 11.184920523682983
592 10.947388481062722
593 11.27214636058008
594 10.93813266610346
595 11.253820183702194
596 11.767724369885126
597 10.435881753621517
598 10.826314674924147
599 11.073152443929953
600 10.87912474216852
601 11.880551443726423
602 11.84471901443867
603 11.273243503157616
604 11.72529577173023
605 12.149602361723034
606 11.6520182757637
607 11.864049521855014
608 11.545253583009169
609 11.784691081256787
610 12.242100211112158
611 12.342434745122077
612 11.85809234202537
613 11.891908322855018
614 10.194414061534355
615 10.252123081158476
616 11.965322366345623
617 10.746987100692687
618 11.23827003309972
619 11.142511117230713
620 10.123551846479035
621 10.04022247969928
622 10.662406811940375
623 10.965793907549267
624 10.759034725127236
625 10.476070740508188
626 10.630709943911961
627 10.609443751928072
628 9.969968486388055
629 10.486044585077341
630 11.050101482112222
631 11.12013646305904
632 11.382747941617664
633 11.681889518403567
634 11.349177846273424
635 11.08613811011284
636 10.394215922376356
637 10.765720866893679
638 10.9595875200409
639 10.950929638517037
640 10.315367768013889
641 11.083443189525765
642 10.682227696277856
643 10.250059891823078
644 11.486848724575845
645 12.065685618199229
646 11.551382916989407
647 11.556733661814505
648 11.301528992282677
649 11.043214134155589
650 11.152334326188804
651 10.969366981620396
652 11.512091670153309
653 11.263030072113754
654 11.323099114342817
655 11.06565625650921
656 10.423650368418922
657 10.504636856914233
658 10.340013259518386
659 9.569250203076777
660 10.646290669109327
661 10.446017097642613
662 10.645189058843567
663 10.39333343700251
664 10.366776987584633
665 9.99842664163924
666 10.260942879973951
667 10.387021778425009
668 11.04834600952615
669 11.489642420600225
670 11.02953198749751
671 11.07982469446606
672 11.00461422400678
673 10.442914257156326
674 10.546485164394536
675 10.35510373175209
676 10.881974589773362
677 9.72939941009729
678 9.081879091981275
679 9.778312414999078
680 9.878944884689792
681 10.464772644386068
682 10.319664230468536
683 10.118729263578079
684 10.423530911395867
685 9.94160164073985
686 10.028161312606418
687 10.09965871892591
688 9.87912361144111
689 9.86229540188262
690 10.74993609985663
691 10.026416714951619
692 11.076959259429982
693 11.043699074394166
694 10.446401138926223
695 11.017272179625843
696 11.278461628300098
697 10.950896725203242
698 10.451229771235091
699 10.962690285510472
700 10.95631621700669
701 11.276893103599395
702 11.068030133706367
703 11.466011308256565
704 11.418638456071218
705 10.688459035047867
706 10.90648052610868
707 10.723691728537224
708 10.752084172546766
709 11.287217139417749
710 11.260818825312175
711 10.734020238101705
712 10.987872011332339
713 10.71867554099755
714 10.952567486040047
715 11.435298873632252
716 10.877667122303828
717 11.06830030956663
718 11.067986083073544
719 10.815261850882935
720 10.895102019502252
721 11.551794153303444
722 10.584121725707094
723 11.065081954975389
724 12.045051672490002
725 10.958537974534996
726 11.5861597931734
727 11.397736804968954
728 10.949252707111329
729 11.37797667184901
730 10.543700633415467
731 10.376953993768597
732 10.383159362903319
733 10.260736940143792
734 11.086927435520728
735 10.711147358236401
736 10.873871468065358
737 11.07528215964417
738 11.016536088925307
739 11.033788276038026
740 10.893606956857683
741 11.0810763677523
742 10.699911269811505
743 10.96522329005892
744 10.512709395774422
745 11.017467959754473
746 10.460169242322522
747 10.501629189405689
748 10.42743979306947
749 10.66623469025899
750 10.521331730629484
751 10.491942513486842
752 10.753275636128508
753 10.823825837141896
754 11.215191501750422
755 10.74765560022176
756 9.782940451265986
757 10.90831773101477
758 10.583081747108354
759 11.493498096111308
760 11.103848237751288
761 10.951069759213226
762 11.868971737158985
763 10.059263101118958
764 10.566245950679114
765 11.247262401887955
766 10.986537359934832
767 11.311108819743449
768 11.08694665354741
769 10.855353197609904
770 11.15629236379908
771 11.33718072920724
772 11.368168320623694
773 11.004064647789162
774 11.369453951633984
775 10.516897519695988
776 11.064150774541858
777 10.678391844171982
778 11.903267748738426
779 11.579739384196442
780 11.03122215088521
781 10.788132418260373
782 10.84463238880412
783 11.246000944537034
784 10.513346927436155
785 10.692712142468084
786 11.234693324063418
787 10.951397393768465
788 11.483718967547523
789 11.821860136630919
790 10.552765690136441
791 11.545945749979687
792 11.512648640894579
793 11.744703137851948
794 10.907563000852658
795 11.342402203642681
796 10.681272696394606
797 10.801494849418106
798 11.956958101387485
799 10.67526453820319
800 11.4103283976421
801 11.185793479411393
802 11.594688300870532
803 11.670871003594009
804 11.25618614229045
805 10.58948778733156
806 11.437683620154221
807 10.652602154478169
808 11.218422269034862
809 10.916317853257313
810 11.47598013685329
811 10.82301894558728
812 11.45490821317894
813 11.18373007207823
814 11.509942437937175
815 11.05982678416743
816 11.279476379859764
817 11.811789014511996
818 11.907831275454972
819 11.290263631351296
820 10.999270088377834
821 11.60311349019813
822 10.829209235684457
823 10.932495903551056
824 11.079857775966143
825 10.838286327903704
826 11.877977239058744
827 10.431954646812937
828 10.854160001750712
829 10.938761273004463
830 10.872062127808837
831 10.671551910553692
832 11.494167712647188
833 10.363631590016599
834 11.2861351646774
835 10.625047654516685
836 11.084917212224935
837 11.34194509501052
838 10.573605085393877
839 10.54636994188374
840 11.111113514282623
841 10.914562860862368
842 11.115701256175203
843 11.147762367924697
844 11.19972805447191
845 11.192362209693027
846 10.201226613195612
847 11.119871413802757
848 11.417944883941077
849 11.231383911877613
850 11.96168236447558
851 12.113461032804194
852 11.91173545101174
853 11.640098885751506
854 12.02768581642082
855 12.023406192674843
856 11.906574558016576
857 12.337002972447303
858 12.54070509425106
859 12.775498969339997
860 12.578526780349677
861 13.142806134213808
862 12.83431487933588
863 12.895976054826594
864 12.535370742000254
865 12.892572993267908
866 12.707712679732863
867 12.88522284382098
868 12.795363626116593
869 13.123904581769638
870 12.711905676217604
871 13.023663406160525
872 13.036816545688957
873 13.067885889899284
874 13.11244585395511
875 13.054192517455096
876 12.874123569518666
877 12.680681053568652
878 12.596664301376743
879 12.218684655280176
880 12.399464409462865
881 12.893799503780611
882 12.323630311369403
883 12.80871732336237
884 12.244625188278805
885 12.897615205387169
886 12.799851206954086
887 12.592830927965187
888 12.641866477242836
889 12.865336359588408
890 12.416160840048267
891 13.183788254113706
892 12.55424192246749
893 12.909862934874377
894 12.806295631299204
895 12.96015631157666
896 13.239457773351205
897 13.057672798124765
898 13.231336771485923
899 12.868294746562905
900 13.133838877952845
901 13.284893512992621
902 13.0151883829353
903 13.062950761872052
904 12.61443068650207
905 13.142203715603575
906 13.096029824577856
907 13.559265014535939
908 13.873162597102706
909 13.108133409581544
910 13.422518019389207
911 13.24094271502079
912 13.355959334187057
913 13.325508118753962
914 13.440745709750148
915 13.363976664574272
916 12.673596049613332
917 13.636728343948313
918 13.789436344256703
919 13.496504710311987
920 13.703839904877885
921 14.203286129513929
922 13.300219311743028
923 13.284967195857638
924 13.118754130274404
925 13.146881209315666
926 13.140293574170315
927 12.845149984110368
928 13.123040698870891
929 12.889985860637353
930 13.20715754402267
931 12.93810223887853
932 13.646652525524628
933 13.461420781615026
934 14.384508057215768
935 13.617901277233178
936 13.691788752690911
937 13.273100560499442
938 13.747320055796457
939 13.6125882443142
940 12.747260122736487
941 13.799326237051462
942 13.314549127966933
943 13.390771084870748
944 13.132813096830942
945 13.481534955501289
946 12.877258568194684
947 12.577152025337286
948 13.029643874689693
949 13.221858892026868
950 12.99678900787094
951 13.283719894301518
952 12.933977673873388
953 13.430627667799556
954 12.947845906562204
955 13.772125883439724
956 13.071437800389726
957 13.42851174259726
958 13.312688545050378
959 13.0051168025588
960 12.877228712303301
961 12.899272490687876
962 12.78971110694977
963 12.659648300160635
964 13.78167167092455
965 13.900655413750737
966 13.43548577624537
967 13.600040815004123
968 13.64014188222315
969 12.236961193712563
970 13.967182539095859
971 13.209069491944321
972 13.085633145991903
973 12.754053093255088
974 12.33128758665248
975 13.300351400082791
976 13.04360505930883
977 13.537492100362732
978 12.783401242409976
979 13.037778266191937
980 12.74160191239327
981 13.286680266492166
982 13.195822902202975
983 13.0030570749684
984 12.83899171639004
985 12.912290619906978
986 12.748915343241125
987 13.810785107680953
988 13.632295110697136
989 13.93142675792413
990 12.930989307775857
991 13.387033024273924
992 12.590930396897035
993 13.476081281566872
994 13.364839176643162
995 12.743876325222775
996 12.744752436578418
997 13.058311432280812
998 13.330767946751104
999 13.042990218381531
1000 12.89721004595653
1001 12.938125200021945
1002 13.852354498244136
1003 13.514882902903034
1004 13.36636452962883
1005 13.97799321538111
1006 13.172761775982597
1007 13.183162911843107
1008 12.788958117284954
1009 13.038372359609635
1010 13.327280801224994
1011 13.328169497943748
1012 12.915641063914885
1013 13.624547153887887
1014 12.794881649563392
1015 13.332677001432353
1016 13.308670248689372
1017 12.680106124197412
1018 13.411043463622809
1019 13.261022035582425
1020 13.209260264765401
1021 13.381922883724066
1022 13.451025758932923
1023 13.470848122237093
1024 13.529249942018266
1025 12.837711918752767
1026 12.959293754558958
1027 13.51968733834831
1028 13.812324663347322
1029 13.655912718314323
1030 13.800550966712288
1031 13.621717578424034
1032 13.820706079989677
1033 13.29237006768125
1034 13.810513568630695
1035 14.534819349221701
1036 13.856620277392654
1037 13.855650556991794
1038 13.515613864344129
1039 13.76894671104602
1040 12.996383087726562
1041 13.185632560933755
1042 12.605766716310885
1043 12.206109204916148
1044 13.0763470440441
1045 12.898329626672382
1046 13.034757418988827
1047 13.057731339395533
1048 12.976478566567378
1049 13.709603367260518
1050 13.46499303284996
1051 13.418718786134747
1052 13.08943067789741
1053 12.977087061742104
1054 13.273469974870638
1055 13.09429537318936
1056 13.210535384182625
1057 12.21353466642066
1058 12.892548387961424
1059 12.87398515229414
1060 13.32294456549126
1061 12.86247964381445
1062 12.943059928886532
1063 13.02479826291796
1064 13.36941635337204
1065 13.005759471620303
1066 13.436307677626507
1067 13.680781646687754
1068 13.741187423898133
1069 13.016279681031799
1070 13.40552459843391
1071 12.841286709808944
1072 12.726101156578585
1073 13.474130459627688
1074 12.424787814455431
1075 13.20127967017667
1076 12.378919516605766
1077 12.847274920602038
1078 12.87380264053318
1079 12.847424589638141
1080 13.579481582654195
1081 13.237836996059935
1082 13.052357994749935
1083 12.70634713227459
1084 12.54095985112785
1085 13.359907694967116
1086 13.14082457335034
1087 13.212557155648195
1088 13.09890955993485
1089 13.034345415984266
1090 13.101778953201856
1091 12.152880724473476
1092 13.051429851692037
1093 12.519083099679284
1094 13.526924397830642
1095 13.202546994593465
1096 13.33567650693421
1097 13.02057883111496
1098 12.98861743293521
1099 12.66162202188528
1100 12.826439027120815
1101 12.486315498524085
1102 13.41961303235721
1103 12.825747318833416
1104 12.790877404115923
1105 13.123171502229523
1106 12.649217259934671
1107 12.573807116760639
1108 12.449373104405442
1109 13.239956880105753
1110 13.006662657078957
1111 13.316750352534916
1112 13.39142638353888
1113 12.974605777779262
1114 12.938232994988285
1115 13.060983891781678
1116 13.636702471651791
1117 13.231464996075864
1118 13.119414453796542
1119 13.4719519605137
1120 13.253199756449087
1121 13.180540228778263
1122 12.754759912138555
1123 13.045526108037697
1124 13.294880693124302
1125 13.27324071154923
1126 13.235403016716601
1127 13.913534560389364
1128 13.160964522024875
1129 14.256322078370415
1130 12.814781397953533
1131 13.922851694596773
1132 14.243267777885027
1133 13.555243899870142
1134 13.22556943402893
1135 13.262422352344679
1136 13.544200929827051
1137 13.082035697788275
1138 13.451108894977073
1139 13.637270400554419
1140 13.82366615680256
1141 13.538799512557574
1142 13.18290468273464
1143 13.648839617678801
1144 13.887288313853874
1145 13.251038288217709
1146 13.71735420031411
1147 13.910747541227062
1148 13.339194337783159
1149 13.610766318380467
1150 13.876268728781978
1151 13.56541151271042
1152 13.479009516754541
1153 13.538109843257121
1154 13.63143562936259
1155 13.42467866985466
1156 13.009643617643048
1157 13.59971001682368
1158 12.735041153866456
1159 13.014383677069654
1160 13.905258909493849
1161 13.788096672731395
1162 13.341209417973769
1163 13.043947974395905
1164 13.470278133192702
1165 13.826551809211152
1166 13.2976304711941
1167 12.966262270907894
1168 14.02325934553921
1169 13.51776183942215
1170 13.836585230380978
1171 13.693159950945013
1172 14.256824725432967
1173 14.126427149767457
1174 14.625613965688734
1175 13.78681628418749
1176 13.993100505727332
1177 13.212563358942665
1178 14.09022039649412
1179 14.118835320256691
1180 13.88284098409
1181 12.704420933694827
1182 13.56215339799117
1183 13.202293709325316
1184 13.394220989949691
1185 13.34298816426119
1186 12.380571038049501
1187 12.557781772336085
1188 12.8033346599699
1189 12.341768858623324
1190 13.824513388222512
1191 13.319701728013174
1192 13.030741667035754
1193 13.460857150953442
1194 14.266458754689452
1195 13.430009942731449
1196 13.381503445497064
1197 13.713451470920033
1198 13.918693792194057
1199 13.444788823838024
1200 13.47346576147927
1201 13.674654191827843
1202 13.001247145801347
1203 13.869158408266061
1204 13.786873965390361
1205 14.16435182872165
1206 13.792268420295176
1207 13.862916519729298
1208 13.372304953888063
1209 12.878108182752445
1210 12.954120783788962
1211 13.75797126432578
1212 14.268884723554235
1213 13.82714427987132
1214 13.774587222421568
1215 13.358548784584599
1216 13.819725305301306
1217 13.508130751953377
1218 14.04485394976321
1219 13.529473136964203
1220 13.76761657043077
1221 14.056672023990759
1222 14.024989602445629
1223 14.196360672810249
1224 14.20912815004556
1225 14.552997891655096
1226 14.34268096664748
1227 14.187489717968864
1228 14.082843209980306
1229 14.529883277507015
1230 14.009450064422088
1231 14.559402883833208
1232 14.011851493315021
1233 14.541033453496887
1234 14.576776165341213
1235 14.505737410776932
1236 14.592955565314847
1237 13.625246376421035
1238 14.398798417715343
1239 14.572315740834853
1240 14.103001903365678
1241 14.289980825535437
1242 13.905128534367451
1243 13.636210765900241
1244 13.999508935205311
1245 13.387993429487869
1246 14.48995606706904
1247 13.903572698781584
1248 14.122951775323084
1249 13.682181610651941
1250 13.631332151897514
1251 13.454572936027592
1252 14.013393216801337
1253 13.558399884115222
1254 14.128208461709068
1255 14.274994348601483
1256 14.16543114355398
1257 13.708643524751553
1258 13.51947337823355
1259 13.990346865735019
1260 14.548447984451876
1261 14.349458291026991
1262 14.102252565806367
1263 14.279591228290263
1264 14.374433856334825
1265 13.993810649411648
1266 14.389266450844932
1267 14.08970542023931
1268 14.107931573433104
1269 13.916323422282362
1270 14.230395465171753
1271 14.224396887214933
1272 14.010578277103209
1273 13.922880937058952
1274 14.302455342333852
1275 13.259759528889791
1276 14.135851168038533
1277 14.25746796331449
1278 13.98453191663594
1279 13.962043290006553
1280 13.988114256100214
1281 13.318819895354627
1282 13.857807865440241
1283 12.957333534698067
1284 13.694108595544131
1285 13.308229022385545
1286 13.489142632835785
1287 13.14109647115212
1288 12.883178201315404
1289 12.922437303647785
1290 12.848713811774106
1291 13.112513725709737
1292 12.973672259025944
1293 13.647694989857353
1294 13.687934332761781
1295 13.913508913083378
1296 13.190188990156125
1297 13.81983735219383
1298 13.283855063771659
1299 14.477199460329334
1300 14.368281467184024
1301 13.703143207717998
1302 14.139190723814776
1303 13.782404033547783
1304 15.016830998104702
1305 14.542831120813792
1306 14.522558884203239
1307 13.492836378340488
1308 14.024079852914696
1309 13.813060787616774
1310 14.513002295555173
1311 14.279897022759224
1312 14.444548983124687
1313 14.190415456682262
1314 14.065909521156023
1315 14.269366264712977
1316 13.37184421345575
1317 14.464784575108744
1318 14.191747264053374
1319 14.815034431510378
1320 14.918657160478269
1321 14.957178805623215
1322 15.598604714489849
1323 15.539620372565661
1324 14.794518147066102
1325 15.291923736569291
1326 15.765554510641483
1327 15.405876982173378
1328 15.418803005972054
1329 15.67612692955982
1330 15.58222400017236
1331 15.384873410226797
1332 16.110500956104513
1333 15.974392600246151
1334 16.05230325623261
1335 16.192566076001157
1336 15.603936010253381
1337 15.805692201322133
1338 15.281965759379158
1339 15.640152698707597
1340 15.645500669917306
1341 15.844301626228697
1342 15.560409852139546
1343 15.598863367215424
1344 16.407582217639987
1345 15.686412247668889
1346 15.601790477604057
1347 15.682477627111895
1348 15.865667262355425
1349 16.309834897763213
1350 15.434718925193813
1351 16.198992180824437
1352 16.42758746991596
1353 15.20852240271099
1354 15.816280321861512
1355 15.268269574109103
1356 15.475300295612989
1357 15.141616028279147
1358 14.87552210369517
1359 14.812662720310964
1360 15.51511885426057
1361 15.41513851786373
1362 15.081480635971191
1363 15.243315069570626
1364 14.70257740816079
1365 15.008223421759162
1366 14.784028562142922
1367 15.649553044592599
1368 15.935447163609393
1369 15.45172334272965
1370 15.067611620239004
1371 15.225084047084467
1372 15.87727234628251
1373 16.148538213623567
1374 16.3417235891312
1375 15.930401208622984
1376 16.330314119398516
1377 15.45840789629118
1378 15.2440439668394
1379 15.147783797471314
1380 15.49509627078837
1381 15.72683787992225
1382 14.94103589540346
1383 15.530850339854195
1384 14.367671535132569
1385 15.094228020723865
1386 15.29742287766675
1387 14.217721701421421
1388 14.16671439522706
1389 14.822969800198717
1390 15.178134285884244
1391 15.180425294455437
1392 15.50070273924476
1393 15.527587832279112
1394 15.81298225494627
1395 15.446335683159772
1396 15.373069946995342
1397 14.879624392951927
1398 15.250636337282387
1399 15.05592201716383
1400 15.60519578975641
1401 16.047776745766072
1402 14.947105469477009
1403 14.555799330648412
1404 15.30349173254619
1405 14.786884253312335
1406 15.516252338217042
1407 16.529824566627745
1408 16.41893905245442
1409 16.37400809721042
1410 16.55338354135906
1411 16.02136738898371
1412 15.982173059370323
1413 16.196911496894423
1414 15.865571532503548
1415 15.573800432408103
1416 15.219256557293996
1417 15.705991331058524
1418 16.812441914325923
1419 16.73743030732229
1420 16.750288697856945
1421 16.646388180933904
1422 17.397365655422615
1423 16.589068643384767
1424 16.954500079969954
1425 16.633535577617597
1426 16.972436251960787
1427 16.393475967417345
1428 16.499867503328545
1429 17.10547111164806
1430 17.032782655322155
1431 15.92633924705352
1432 15.723537546321802
1433 16.85639625065761
1434 17.178534442229132
1435 17.003186265319837
1436 17.022720138924935
1437 16.570796187333222
1438 15.488042954428352
1439 15.402721253845199
1440 16.483471659210977
1441 16.457290761851613
1442 16.010534078646817
1443 16.376256481395114
1444 16.33503936137371
1445 16.84931623645506
1446 15.386617902590938
1447 16.256713173529775
1448 16.758852700108427
1449 17.913052986585036
1450 17.607635998791462
1451 18.3506557840725
1452 19.04204307428979
1453 18.38719604504671
1454 17.24950108517194
1455 16.867653085583115
1456 16.20726574191417
1457 16.12882354393278
1458 17.156754534598914
1459 17.222574815501385
1460 16.35935504455742
1461 15.615034603115884
1462 15.562967232406393
1463 17.010998460219685
1464 16.507902059076674
1465 16.433332728216552
1466 16.349692612633003
1467 16.37590069513355
1468 17.58663779083446
1469 17.415142290176636
1470 16.09458929035416
1471 15.72402261583721
1472 16.84825544040748
1473 15.94983446395139
1474 15.912509247995272
1475 15.16846610944872
1476 16.795578675182348
1477 16.36397079134139
1478 16.283909599435333
1479 16.10825685881318
1480 15.688927206038247
1481 15.653236821411262
1482 15.877450163580423
1483 16.041784147225947
1484 15.81223021172024
1485 15.67792556733526
1486 16.473849787469085
1487 16.26340222404038
1488 16.308287953863307
1489 16.347785604606976
1490 16.03242081591748
1491 16.420737684836094
1492 15.80114708334657
1493 16.516288447324346
1494 16.479830291826467
1495 16.138150765792552
1496 16.16849746130757
1497 17.080075383444946
1498 17.564060632120533
1499 17.415973180717362
1500 17.07772306430552
1501 17.47736813969129
1502 18.10016110251092
1503 17.776375536802025
1504 18.092066787365678
1505 17.465401857806
1506 17.9648712649963
1507 17.91554804489416
1508 18.301087114965433
1509 18.153771050820207
1510 18.062146914265263
1511 17.885483316756808
1512 17.237272759913775
1513 17.721980579248417
1514 18.38521073096581
1515 18.603907625078307
1516 18.653864213446823
1517 18.888615116364672
1518 17.50672316660087
1519 17.722886984585173
1520 17.717844380731737
1521 16.964814186884457
1522 17.399062310020955
1523 17.35647846157889
1524 16.830589440802758
1525 17.58218995029503
1526 17.51534029626182
1527 16.924380223530886
1528 17.08855950603235
1529 17.289864634221136
1530 17.914913679725956
1531 17.790257251119137
1532 18.29752195677002
1533 17.93307586118456
1534 18.211642085017484
1535 18.08051597709058
1536 18.28218854991927
1537 17.94888975003502
1538 17.896372592554002
1539 17.849326431212976
1540 17.613308114744402
1541 17.748706439984865
1542 18.099852887399802
1543 18.056712537431487
1544 17.801695235525038
1545 18.717370557017315
1546 18.585984555822378
1547 19.253800887641376
1548 18.312975527635235
1549 18.20412097206323
1550 18.499639837319133
1551 17.870654690600546
1552 18.51109450264543
1553 18.742226115890002
1554 18.56952068006555
1555 18.30303476661549
1556 17.905775818825504
1557 17.36467824539505
1558 17.63131186361322
1559 17.576474813769703
1560 17.594970914009206
1561 17.412175847378176
1562 17.79598730342682
1563 18.531414404440497
1564 18.152970463614743
1565 17.746742517720158
1566 18.250601129357452
1567 17.435321474106058
1568 17.888137088153254
1569 18.837019873607016
1570 18.401426028511015
1571 18.242715580614398
1572 18.16066249391975
1573 18.171054806701555
1574 18.946490181837962
1575 18.165203519396076
1576 18.020550532870875
1577 18.115443958935845
1578 18.455869695925184
1579 18.724859835078504
1580 18.024317135071133
1581 18.102550543570825
1582 18.139286470573655
1583 19.191055855767235
1584 18.21021474391603
1585 18.3493043016799
1586 18.08929532786816
1587 18.451434054771568
1588 18.168807796814217
1589 18.90386324021902
1590 19.071103888699355
1591 18.345204873330932
1592 19.890076127792
1593 19.302339668965093
1594 19.086209531029116
1595 19.495063339868317
1596 18.699296682863682
1597 19.001072060213872
1598 19.758550746838964
1599 18.068176245158558
1600 19.404640005861907
1601 18.491433364826616
1602 19.678086383581217
1603 19.04953289184542
1604 19.432744542479448
1605 18.93919452685092
1606 19.592194916901075
1607 19.563974614502374
1608 20.173957977186742
1609 20.624660576684235
1610 20.769277154750686
1611 21.330777941121877
1612 21.71658917185825
1613 21.57203281734926
1614 22.47903744225887
1615 21.841157689806966
1616 21.45661969117455
1617 21.4781019756291
1618 22.070830537498644
1619 20.41164520036042
1620 19.825375686396967
1621 19.771881038120323
1622 20.321511046812223
1623 19.726610517315176
1624 21.44048585022734
1625 20.959032391895153
1626 21.099284583956546
1627 19.87064675731534
1628 20.232918656325545
1629 21.129869145943502
1630 21.28654850149832
1631 21.829302901792296
1632 21.320939359041613
1633 22.10822208108284
1634 21.838034556620357
1635 22.995570127659345
1636 22.823308441266004
1637 22.689248914876774
1638 21.870176535848078
1639 22.84992880440032
1640 22.33158882088092
1641 22.066749980613796
1642 23.828060593075936
1643 22.894669523297285
1644 24.875151685002667
1645 23.693535891575422
1646 23.903687063553924
1647 24.23325309911591
1648 24.61663292517496
1649 24.114184126052006
1650 25.018700705676224
1651 25.420027390961835
1652 25.390525032192077
1653 24.82387326724114
1654 24.83515599674537
1655 24.853272746577847
1656 24.799493879046203
1657 25.51027706201376
1658 24.850550688680304
1659 25.089207102879644
1660 24.34221988017157
1661 24.04779671515203
1662 24.012989597137906
1663 23.6032393978262
1664 22.4576896806285
1665 22.356456715498073
1666 22.780703547685665
1667 23.30952643557664
1668 24.03151953774546
1669 22.819107937095005
1670 21.692031750241384
1671 21.778073206378103
1672 21.898342981583564
1673 23.312844759067634
1674 22.83215731071248
1675 22.79941590153189
1676 23.360381615732425
1677 23.419554026163883
1678 23.367444268096268
1679 21.90793923432836
1680 23.12445541628236
1681 23.45852867404728
1682 23.160345877513755
1683 23.930702762823447
1684 22.940966325020863
1685 23.59146235219684
1686 24.91230105248183
1687 24.20141435079915
1688 25.75432644350303
1689 26.716270846991133
1690 27.030673904773536
1691 25.884494510032066
1692 25.058965306289476
1693 24.714515432480944
1694 24.927380125094942
1695 25.72624928465982
1696 25.770146772988063
1697 24.73426406541231
1698 25.464445097622416
1699 25.392819885545713
1700 26.061638210713937
1701 26.9252372365875
1702 26.567428541025503
1703 25.771888032511576
1704 26.01724847710978
1705 26.11151223722002
1706 26.420691768807643
1707 26.9530102658483
1708 26.90243366023917
1709 26.677560125722703
1710 27.673351580111813
1711 25.934346887087735
1712 26.50062021777213
1713 26.279450269846812
1714 27.09551680894156
1715 26.79517047660992
1716 27.30000274467552
1717 27.541807225706354
1718 27.333042211779848
1719 27.482597594002232
1720 26.898019664148276
1721 26.241996801164817
1722 26.245930143981965
1723 27.180743628921984
1724 27.272506686838714
1725 26.25431072453917
1726 26.058563578056717
1727 25.83016417289686
1728 26.56570201770185
1729 27.050067224451485
1730 26.499696556602018
1731 26.85752894668963
1732 27.464362330652307
1733 27.160984258121083
1734 27.197865781001575
1735 28.59621949821846
1736 28.116982057692525
1737 28.25905538551908
1738 27.49292545697506
1739 27.937950830362002
1740 27.623277155580634
1741 27.633109796915985
1742 27.527289583336778
1743 28.391996382535567
1744 29.13424166925018
1745 27.65697436493361
1746 29.261460324218817
1747 29.133428720600097
1748 29.264737522006573
1749 29.062776771084575
1750 29.693741323971494
1751 30.090081293048826
1752 29.86300686265973
1753 29.069228046281353
1754 29.19957437215772
1755 29.715910146030886
1756 29.54205510575492
1757 27.910561187634254
1758 28.281872194985986
1759 29.055469120724844
1760 29.409115739052424
1761 27.99024475399113
1762 28.316343315285685
1763 28.663568718439418
1764 27.970246400548167
1765 28.673414550153137
1766 27.56377325062446
1767 27.418658946801067
1768 28.60923364572498
1769 27.402213980466815
1770 28.065620843338984
1771 28.077057044786553
1772 27.624508874187047
1773 28.15898895449856
1774 28.33683211153931
1775 29.27083406026919
1776 28.098947612614076
1777 28.842043975163485
1778 29.38306912944589
1779 29.58238864498705
1780 29.657186005758636
1781 29.470114908229537
1782 28.972739101568074
1783 29.531785245394662
1784 29.55884154289624
1785 30.112705585957002
1786 29.724433461055092
1787 30.149775093176896
1788 29.826932333714765
1789 30.104755938343853
1790 29.890817551289167
1791 30.03250608277604
1792 29.53355116658136
1793 30.26532725575835
1794 29.522880458846974
1795 30.489529250643642
1796 29.601783383288375
1797 29.04339007939395
1798 29.179915137235636
1799 28.526068285598196
1800 29.2750206947223
1801 30.718833992144496
1802 29.827355942428813
1803 28.70951460897634
1804 30.18726401364406
1805 28.944840129783955
1806 29.26206176871314
1807 30.343266109253875
1808 29.363756828515374
1809 29.04344234976269
1810 28.320158345936925
1811 29.352975599119137
1812 29.6830594948825
1813 29.44334780053674
1814 29.52020636138664
1815 29.252850870046174
1816 29.96385363187981
1817 30.46416375501877
1818 30.02286102863287
1819 30.376808938670973
1820 30.070940952889654
1821 29.492754828374178
1822 29.444112622408895
1823 29.78311787519314
1824 29.630130089950626
1825 30.673124284651717
1826 30.041566130945366
1827 30.140926201633487
1828 29.73607308199111
1829 29.501145550971785
1830 29.563318909169542
1831 30.409963246197915
1832 29.69685029166704
1833 29.824306716406397
1834 30.103770965429707
1835 29.842874547251306
1836 30.73141134582183
1837 30.30802332711268
1838 30.237217095912683
1839 29.872697985012305
1840 30.889029432963284
1841 30.965190948254094
1842 30.56637067569001
1843 29.69778203453518
1844 30.508039642810477
1845 30.374499742379395
1846 31.503540273153604
1847 30.543516009712373
1848 31.624701181187767
1849 31.17613175985449
1850 30.892207924950235
1851 31.192689833011027
1852 31.399522709310848
1853 30.242682872805414
1854 30.020261207918406
1855 29.92441330686359
1856 30.397528095534298
1857 29.53350285339106
1858 29.38894579390142
1859 27.764850436682714
1860 27.073508671412117
1861 27.809300518251387
1862 27.890528602396056
1863 29.64391393589029
1864 29.692340072060652
1865 29.151197416996716
1866 30.536516022735775
1867 29.686683423551816
1868 30.040869902678647
1869 29.78369771868092
1870 29.935251447331847
1871 30.67159188353969
1872 30.64282842553
1873 31.279213221572217
1874 30.987108690163538
1875 31.17995457955698
1876 31.39350919948242
1877 31.743190928985516
1878 30.933393658677335
1879 31.127723891905262
1880 31.016206206194834
1881 30.569202321653925
1882 31.27062463161563
1883 31.46679547767256
1884 31.23205712579114
1885 31.979295816095235
1886 31.3120258491118
1887 30.158441614334595
1888 31.227648951791004
1889 31.288817593151638
1890 31.30421714829674
1891 31.33830095329935
1892 30.292176642376553
1893 29.19185475211456
1894 29.861185213892266
1895 31.010883480338666
1896 29.9127194269043
1897 31.328256605236316
1898 31.009922114550324
1899 30.649155576049374
1900 30.80471246849403
1901 30.03162828944489
1902 29.83923027414912
1903 29.622443807699266
1904 31.205638111167648
1905 32.43137668261781
1906 31.871734278725736
1907 31.573266972647136
1908 32.95110259123341
1909 32.7425538130765
1910 32.035105513110786
1911 32.519665801947575
1912 32.81839511295098
1913 33.034158374541754
1914 33.26999972340754
1915 33.125861936878955
1916 33.34623878432912
1917 33.9544956529405
1918 32.86102989597157
1919 33.57964405993686
1920 33.222943398214575
1921 34.27340945002787
1922 33.4235959788671
1923 33.67220887751044
1924 33.46996071762674
1925 33.46748238483966
1926 34.10638067852586
1927 33.95280287609297
1928 33.988190704897065
1929 33.8433618176039
1930 33.39728853963437
1931 34.293371597043475
1932 34.960977283049004
1933 34.56062607155324
1934 33.86119039266911
1935 35.027812404013716
1936 34.02965555261612
1937 34.58461067110039
1938 33.98140668959718
1939 33.786695306176206
1940 34.05170317258576
1941 34.9464653593413
1942 35.083791012617375
1943 35.04023933090497
1944 34.60322713602727
1945 34.37690727614103
1946 34.882977344425264
1947 34.822820331614174
1948 34.085681056907234
1949 34.94707892129705
1950 33.651230569433054
1951 35.557331536927464
1952 34.94331272251452
1953 35.0421667888605
1954 34.85031776039272
1955 34.50419969360686
1956 34.98779383842222
1957 34.2445905178293
1958 34.66891447391667
1959 34.90230412363245
1960 34.52325199478686
1961 33.63847681060885
1962 35.20482669996598
1963 35.21587573165825
1964 34.14117179855421
1965 33.65466504939269
1966 34.654635968693555
1967 35.06333365588258
1968 34.02401221093377
1969 34.680727826825375
1970 35.0063835114074
1971 35.342217456366086
1972 35.147599449774745
1973 36.21878612563808
1974 34.96996227248225
1975 35.07536748601474
1976 34.64333503394595
1977 35.47687764181299
1978 35.05140311910344
1979 35.43978829585388
1980 34.73290169577901
1981 35.152177296773765
1982 35.32052159334397
1983 35.232092602224036
1984 35.58242818595299
1985 35.726747069865766
1986 34.08890192179743
1987 35.36494032657443
1988 35.027929795012625
1989 35.184197613164194
1990 35.872573484571966
1991 36.14001434614272
1992 35.75327530060813
1993 36.14738391917176
1994 34.928056861220696
1995 36.19988360979808
1996 36.02236976945303
1997 36.2722711348563
1998 35.557428341994665
1999 35.85814869777841
