0 0.0
1 1.2353458404541016
2 0.9814945459365845
3 0.796247661113739
4 1.2031000852584839
5 1.1960904598236084
6 0.9700520038604736
7 1.1424543857574463
8 1.0515620708465576
9 0.7688939571380615
10 1.4087849855422974
11 0.579225480556488
12 1.1714540719985962
13 0.9292761087417603
14 1.3724112510681152
15 1.4639575481414795
16 1.1882404088974
17 1.2013417482376099
18 1.198238492012024
19 1.187913179397583
20 1.2493252754211426
21 1.2147550582885742
22 1.5703033208847046
23 1.1895849704742432
24 1.5836998224258423
25 1.512762188911438
26 1.256984829902649
27 1.5721375942230225
28 1.8434540033340454
29 1.5970350503921509
30 1.4084969758987427
31 1.2231847047805786
32 1.463682770729065
33 1.5170027017593384
34 1.294569730758667
35 1.4456257820129395
36 1.7411357164382935
37 1.7859200239181519
38 1.7319302558898926
39 1.5020865201950073
40 1.4728745222091675
41 1.4993855953216553
42 1.3621751070022583
43 1.717314600944519
44 1.5004559755325317
45 1.5692147016525269
46 1.4300919771194458
47 1.7141422033309937
48 1.409021258354187
49 1.701155662536621
50 1.4488909244537354
51 1.7015588283538818
52 1.4850735664367676
53 1.8048275709152222
54 1.8991925716400146
55 1.6287111043930054
56 1.697716236114502
57 1.6958504915237427
58 1.263270378112793
59 1.2422001361846924
60 1.6462876796722412
61 1.392653226852417
62 1.4993984699249268
63 1.5756800174713135
64 1.2406165599822998
65 1.5461868047714233
66 1.6380736827850342
67 1.329099178314209
68 1.2429144382476807
69 1.6377354860305786
70 1.4386646747589111
71 1.7018274068832397
72 1.3014860153198242
73 1.3094874620437622
74 1.5179507732391357
75 1.3454041481018066
76 1.3473398685455322
77 1.3001539707183838
78 1.2507877349853516
79 1.152848720550537
80 1.486268401145935
81 1.3815690279006958
82 1.3408633470535278
83 1.120212435722351
84 1.3643969297409058
85 1.2882946729660034
86 1.3635841608047485
87 1.1173971891403198
88 1.6085304021835327
89 1.0434367656707764
90 1.540899634361267
91 1.7388312816619873
92 1.7704685926437378
93 1.4323570728302002
94 1.6336208581924438
95 1.121946096420288
96 1.47634756565094
97 1.3769868612289429
98 1.526680588722229
99 1.503167748451233
100 1.5231831073760986
101 1.2678483724594116
102 1.3988606929779053
103 1.4346812963485718
104 1.2890552282333374
105 1.4576905965805054
106 1.422102689743042
107 1.0357240438461304
108 1.394554615020752
109 1.441877841949463
110 1.2893788814544678
111 1.4664263725280762
112 1.4514743089675903
113 1.6284161806106567
114 1.5840537548065186
115 1.5352505445480347
116 1.7047115564346313
117 1.581862211227417
118 1.4534467458724976
119 1.1522338390350342
120 1.6145508289337158
121 1.4324477910995483
122 1.6632826328277588
123 1.650417685508728
124 1.3502691984176636
125 1.5790528059005737
126 1.3936707973480225
127 1.666488766670227
128 1.1584827899932861
129 1.6489313840866089
130 1.17550790309906
131 1.4073359966278076
132 1.3174971342086792
133 1.060093879699707
134 1.4419764280319214
135 1.64897620677948
136 1.600011944770813
137 1.6396958827972412
138 1.445814609527588
139 1.3613718748092651
140 1.390063762664795
141 1.501936912536621
142 1.519579291343689
143 1.4245257377624512
144 1.671413540840149
145 1.2716864347457886
146 1.397233247756958
147 1.7457313537597656
148 1.391236662864685
149 1.5438792705535889
150 1.4707233905792236
151 1.5255643129348755
152 1.3650647401809692
153 1.60163152217865
154 1.5380269289016724
155 1.371910810470581
156 1.6904059648513794
157 1.361240029335022
158 1.5469096899032593
159 1.7397269010543823
160 1.6001437902450562
161 1.705293893814087
162 1.4494340419769287
163 1.433470368385315
164 1.406425952911377
165 1.2551071643829346
166 1.3084169626235962
167 1.4762067794799805
168 1.6807955503463745
169 1.8223198652267456
170 1.4810612201690674
171 1.751630425453186
172 1.7846750020980835
173 1.657773733139038
174 1.643997311592102
175 1.7578694820404053
176 1.712857961654663
177 1.67836332321167
178 2.1066248416900635
179 1.7827467918395996
180 1.6079142093658447
181 1.9441416263580322
182 2.131005048751831
183 2.0545458793640137
184 1.4632679224014282
185 1.663124680519104
186 1.244175672531128
187 1.5478755235671997
188 2.0019524097442627
189 1.4934406280517578
190 1.783854365348816
191 1.289744257926941
192 1.7141231298446655
193 1.5745819807052612
194 1.5497630834579468
195 1.4278762340545654
196 1.6245875358581543
197 1.4739965200424194
198 1.4879642724990845
199 1.476078748703003
200 1.631388545036316
201 1.5194975137710571
202 1.613520622253418
203 1.5570040941238403
204 1.1635442972183228
205 1.6654233932495117
206 1.7791696786880493
207 1.4900463819503784
208 1.3371158838272095
209 1.2950432300567627
210 1.43340265750885
211 1.5013542175292969
212 1.8430135250091553
213 1.5761151313781738
214 1.6999377012252808
215 1.613316535949707
216 1.7298362255096436
217 1.7151975631713867
218 1.4806346893310547
219 1.654606819152832
220 1.7286372184753418
221 1.4332541227340698
222 1.3837069272994995
223 1.212303638458252
224 1.4288411140441895
225 1.6132688522338867
226 1.321770429611206
227 1.8040534257888794
228 1.3955351114273071
229 1.4543571472167969
230 1.2851088047027588
231 1.3780280351638794
232 1.6448582410812378
233 1.70539391040802
234 1.7048561573028564
235 1.3647844791412354
236 1.3057522773742676
237 1.2261532545089722
238 1.5799505710601807
239 1.337605595588684
240 1.2878559827804565
241 1.4068623781204224
242 1.3874671459197998
243 1.6683547496795654
244 1.5060527324676514
245 1.590709924697876
246 1.6693320274353027
247 1.5803654193878174
248 1.5183634757995605
249 1.4534744024276733
250 1.4554247856140137
251 1.4772199392318726
252 1.607961654663086
253 1.6218712329864502
254 1.5455440282821655
255 1.2624417543411255
256 1.272790789604187
257 1.3227750062942505
258 1.2612581253051758
259 1.4852672815322876
260 1.6814881563186646
261 1.9061508178710938
262 1.739909291267395
263 1.4265766143798828
264 1.2390567064285278
265 1.7006535530090332
266 1.4833632707595825
267 1.404626727104187
268 1.4775140285491943
269 1.310573697090149
270 1.4877263307571411
271 1.3937801122665405
272 1.2756633758544922
273 1.2661596536636353
274 1.4023911952972412
275 1.6822282075881958
276 1.4365462064743042
277 1.5270148515701294
278 1.3988666534423828
279 1.2864470481872559
280 1.1893576383590698
281 1.286967396736145
282 1.6033189296722412
283 1.2587602138519287
284 1.6122682094573975
285 1.6336052417755127
286 1.2117937803268433
287 1.60699462890625
288 1.244452714920044
289 1.417365550994873
290 1.5413755178451538
291 1.3570747375488281
292 1.4111520051956177
293 1.8094615936279297
294 1.4503060579299927
295 1.3344998359680176
296 1.3133249282836914
297 1.4996567964553833
298 1.4017332792282104
299 1.2831038236618042
300 1.2440632581710815
301 1.2910605669021606
302 1.7163459062576294
303 1.264019250869751
304 1.271958589553833
305 1.36609947681427
306 1.224425196647644
307 1.575142741203308
308 1.3744391202926636
309 1.418148159980774
310 1.1438000202178955
311 1.1648932695388794
312 1.1364206075668335
313 1.4099600315093994
314 1.3971123695373535
315 1.4674322605133057
316 1.2916616201400757
317 1.5435960292816162
318 1.6751242876052856
319 1.4536174535751343
320 1.4497698545455933
321 1.2659523487091064
322 1.1060888767242432
323 1.3617585897445679
324 1.353305697441101
325 1.247010588645935
326 1.3879613876342773
327 1.1075433492660522
328 1.4745994806289673
329 1.5006641149520874
330 1.311056137084961
331 1.3900344371795654
332 1.5167068243026733
333 1.2124197483062744
334 1.4981838464736938
335 1.1821420192718506
336 1.2164874076843262
337 1.3834044933319092
338 1.582854151725769
339 1.345483422279358
340 1.336644172668457
341 1.4093204736709595
342 1.2947436571121216
343 1.4615365266799927
344 1.4427268505096436
345 1.385422706604004
346 1.4049512147903442
347 1.4514837265014648
348 1.4466159343719482
349 1.4930899143218994
350 1.5865205526351929
351 1.2533692121505737
352 1.5200433731079102
353 1.4294531345367432
354 1.2928029298782349
355 1.241782784461975
356 1.1927132606506348
357 1.4051342010498047
358 1.4598344564437866
359 1.3861476182937622
360 1.3871725797653198
361 1.112177848815918
362 1.5917315483093262
363 1.5579547882080078
364 1.3890442848205566
365 1.006994605064392
366 1.255849003791809
367 1.4737673997879028
368 1.3574612140655518
369 1.3572096824645996
370 1.2513291835784912
371 1.5356550216674805
372 1.1693836450576782
373 1.462214708328247
374 1.4577276706695557
375 1.4489991664886475
376 1.3467991352081299
377 1.4538880586624146
378 1.4300743341445923
379 1.4528143405914307
380 1.6870768070220947
381 1.2536215782165527
382 1.471484661102295
383 1.5121291875839233
384 1.1854941844940186
385 1.4251052141189575
386 1.4119949340820313
387 1.5911883115768433
388 1.284302830696106
389 1.4639424085617065
390 1.300451397895813
391 1.4482117891311646
392 1.3571817874908447
393 1.6272305250167847
394 1.3926548957824707
395 1.4581098556518555
396 1.3357326984405518
397 1.7918864488601685
398 1.4336986541748047
399 1.7105873823165894
400 1.5118285417556763
401 1.3515874147415161
402 1.4508143663406372
403 1.839830756187439
404 1.5865917205810547
405 1.8918280601501465
406 1.6900800466537476
407 1.5305331945419312
408 1.2630952596664429
409 1.7694472074508667
410 1.5052995681762695
411 1.3805553913116455
412 1.4408485889434814
413 1.252845287322998
414 1.725968837738037
415 1.59365975856781
416 1.51912260055542
417 1.6254127025604248
418 1.600077509880066
419 1.5509672164916992
420 1.653967261314392
421 1.516211748123169
422 1.5522446632385254
423 1.7257497310638428
424 1.3895769119262695
425 1.43952214717865
426 1.4706767797470093
427 1.5509461164474487
428 1.4511260986328125
429 1.334803819656372
430 1.3195501565933228
431 1.49506676197052
432 1.507695198059082
433 1.641832947731018
434 1.7922093868255615
435 1.4714345932006836
436 1.3182902336120605
437 1.2856730222702026
438 1.5033082962036133
439 1.4368314743041992
440 1.557440161705017
441 1.3783267736434937
442 1.7738829851150513
443 1.6336339712142944
444 1.7733429670333862
445 1.8359946012496948
446 1.5032681226730347
447 1.5877325534820557
448 1.8447068929672241
449 1.6117680072784424
450 1.751049518585205
451 1.628669261932373
452 1.8119275569915771
453 1.8114135265350342
454 2.0257482528686523
455 1.7302837371826172
456 1.6676965951919556
457 1.6742959022521973
458 1.7356529235839844
459 1.7088589668273926
460 2.059880495071411
461 1.9296072721481323
462 1.5559238195419312
463 1.5099893808364868
464 1.7240492105484009
465 1.7326123714447021
466 1.5178464651107788
467 1.648160696029663
468 1.6217737197875977
469 1.4335120916366577
470 1.257872462272644
471 1.4929766654968262
472 1.4788845777511597
473 1.6967719793319702
474 1.4946612119674683
475 1.707590937614441
476 1.6490675210952759
477 1.8105442523956299
478 1.6073871850967407
479 1.8641587495803833
480 1.4811992645263672
481 1.449965000152588
482 1.6748046875
483 1.82096529006958
484 1.5591484308242798
485 1.5939230918884277
486 1.5510791540145874
487 1.5573086738586426
488 1.3948209285736084
489 1.3374065160751343
490 1.2157377004623413
491 1.710635781288147
492 1.420515537261963
493 1.575230360031128
494 1.785094976425171
495 1.6655404567718506
496 1.420901894569397
497 2.058677911758423
498 1.8335518836975098
499 1.5503288507461548
500 1.435646653175354
501 1.4783235788345337
502 1.4523154497146606
503 1.5722777843475342
504 1.5326857566833496
505 1.5006812810897827
506 1.6179616451263428
507 1.3512065410614014
508 1.738005518913269
509 1.7318087816238403
510 1.9753159284591675
511 1.5835754871368408
512 1.6494746208190918
513 1.557224154472351
514 1.6300292015075684
515 1.656957983970642
516 1.733870506286621
517 1.6648598909378052
518 1.730900526046753
519 1.5571279525756836
520 1.6083303689956665
521 1.648945689201355
522 1.59682297706604
523 1.848300576210022
524 1.6895718574523926
525 1.8126081228256226
526 1.5408815145492554
527 1.628036618232727
528 1.5467915534973145
529 1.5802217721939087
530 1.5731117725372314
531 1.4128222465515137
532 1.6191294193267822
533 1.4243249893188477
534 1.7890477180480957
535 1.5615359544754028
536 1.3320834636688232
537 1.499014973640442
538 1.4917048215866089
539 1.741674542427063
540 1.7190533876419067
541 1.5813896656036377
542 1.6908665895462036
543 1.6977121829986572
544 1.5854605436325073
545 1.6162556409835815
546 1.5994737148284912
547 1.466474175453186
548 1.5962660312652588
549 1.6647840738296509
550 1.6926921606063843
551 1.7001144886016846
552 1.4187517166137695
553 1.4160070419311523
554 1.5919512510299683
555 1.6460109949111938
556 2.089674234390259
557 1.6126899719238281
558 1.6423507928848267
559 1.9463937282562256
560 1.866180419921875
561 1.9719372987747192
562 1.819301724433899
563 1.4949249029159546
564 2.144495964050293
565 1.31061851978302
566 1.7886426448822021
567 1.507673978805542
568 1.4180067777633667
569 2.006671190261841
570 1.9292980432510376
571 1.650527834892273
572 1.7037482261657715
573 1.6471326351165771
574 1.7256908416748047
575 1.9918416738510132
576 1.6246893405914307
577 1.8046009540557861
578 1.5824706554412842
579 1.8469446897506714
580 1.7598018646240234
581 1.616344928741455
582 1.6292169094085693
583 1.4871304035186768
584 1.5638301372528076
585 1.8331273794174194
586 1.6068569421768188
587 1.6310490369796753
588 1.577607274055481
589 1.560470461845398
590 1.8055791854858398
591 1.7544782161712646
592 1.67638099193573
593 1.9119271039962769
594 1.8193707466125488
595 1.660770058631897
596 1.8017961978912354
597 1.6099358797073364
598 1.7263983488082886
599 1.7553033828735352
600 1.6625803709030151
601 1.52813720703125
602 1.7657910585403442
603 1.5463695526123047
604 1.8243448734283447
605 1.6058236360549927
606 1.7011253833770752
607 1.5880345106124878
608 1.966496229171753
609 1.8402725458145142
610 1.9962289333343506
611 1.875057578086853
612 1.8399238586425781
613 1.7730239629745483
614 1.5372363328933716
615 1.8429656028747559
616 1.6582229137420654
617 1.9209327697753906
618 1.977266788482666
619 1.7406952381134033
620 1.7848798036575317
621 1.5903997421264648
622 1.85341477394104
623 1.8654407262802124
624 1.6790934801101685
625 1.5382684469223022
626 1.5778864622116089
627 1.8556259870529175
628 1.8600510358810425
629 1.7606977224349976
630 1.887354850769043
631 1.6110188961029053
632 1.5645757913589478
633 1.8374435901641846
634 1.9816465377807617
635 1.8851932287216187
636 1.7999740839004517
637 1.5452123880386353
638 1.6043235063552856
639 1.49881112575531
640 1.4174233675003052
641 1.6420552730560303
642 1.5994236469268799
643 1.9770026206970215
644 1.389444351196289
645 1.2533763647079468
646 1.4114868640899658
647 1.5347950458526611
648 1.5431299209594727
649 1.629713535308838
650 1.311155080795288
651 1.5897209644317627
652 1.7897042036056519
653 1.3943567276000977
654 1.724613904953003
655 1.4760626554489136
656 1.6240676641464233
657 1.461835265159607
658 1.5497158765792847
659 1.2858691215515137
660 1.8291199207305908
661 1.5647777318954468
662 1.742224097251892
663 1.5454384088516235
664 1.7286301851272583
665 1.610958218574524
666 1.684921145439148
667 1.6567753553390503
668 1.711263656616211
669 1.4195914268493652
670 1.2245256900787354
671 1.4327151775360107
672 1.4417626857757568
673 1.6544336080551147
674 1.606010913848877
675 1.5647798776626587
676 1.7361634969711304
677 1.588126301765442
678 1.3706411123275757
679 1.4797897338867188
680 1.3888462781906128
681 1.5670335292816162
682 1.4371192455291748
683 1.5596412420272827
684 1.5247471332550049
685 1.5046614408493042
686 1.5595312118530273
687 1.5397177934646606
688 1.5043249130249023
689 1.3320000171661377
690 1.4885838031768799
691 1.5379968881607056
692 1.627940058708191
693 1.6430047750473022
694 1.5450516939163208
695 1.631876826286316
696 1.577332615852356
697 1.5414321422576904
698 1.512742519378662
699 1.3320059776306152
700 1.6032813787460327
701 1.5808234214782715
702 1.3840099573135376
703 1.3032562732696533
704 1.2675037384033203
705 1.173087477684021
706 1.1676926612854004
707 1.2966303825378418
708 1.5030537843704224
709 1.3618063926696777
710 1.491688847541809
711 1.4239997863769531
712 1.316612958908081
713 1.302158236503601
714 1.4754414558410645
715 1.193561315536499
716 1.304399847984314
717 1.4530493021011353
718 1.3010575771331787
719 1.4557005167007446
720 1.7241151332855225
721 1.389159917831421
722 1.6403015851974487
723 1.656644344329834
724 1.6359286308288574
725 1.4477425813674927
726 1.2551665306091309
727 1.2346148490905762
728 1.3333697319030762
729 1.3290319442749023
730 1.4145190715789795
731 1.274886965751648
732 1.2537511587142944
733 1.3599210977554321
734 1.322111964225769
735 1.2983566522598267
736 1.3694769144058228
737 1.4125702381134033
738 1.3505148887634277
739 1.6213390827178955
740 1.2922279834747314
741 1.4686912298202515
742 1.0917788743972778
743 1.1650195121765137
744 1.2731680870056152
745 1.0580867528915405
746 1.551557183265686
747 1.518419623374939
748 1.4318132400512695
749 1.2817810773849487
750 1.072095274925232
751 1.303899884223938
752 1.5027750730514526
753 1.2747745513916016
754 1.211491584777832
755 1.169969081878662
756 1.5003454685211182
757 1.4556519985198975
758 1.292808175086975
759 1.5028434991836548
760 1.3116109371185303
761 1.3380793333053589
762 1.3392821550369263
763 1.2350152730941772
764 1.2946209907531738
765 1.382891058921814
766 1.4168957471847534
767 1.3658921718597412
768 1.3697232007980347
769 1.165574550628662
770 1.400711178779602
771 1.3048876523971558
772 1.279094934463501
773 1.2513978481292725
774 1.3841323852539063
775 1.3123469352722168
776 1.027113676071167
777 1.2177437543869019
778 1.1344867944717407
779 1.1145524978637695
780 1.280963659286499
781 1.2537851333618164
782 1.4402776956558228
783 1.299748182296753
784 1.1824235916137695
785 1.0904591083526611
786 1.232739806175232
787 1.3380967378616333
788 1.0939677953720093
789 1.7133150100708008
790 1.4275518655776978
791 1.1339269876480103
792 1.2195590734481812
793 1.257219672203064
794 1.4324554204940796
795 1.2362946271896362
796 1.2252134084701538
797 1.4624965190887451
798 1.5399233102798462
799 1.4430936574935913
800 1.486521601676941
801 1.4953964948654175
802 1.3530287742614746
803 1.200552225112915
804 1.1935642957687378
805 1.6925218105316162
806 1.4525783061981201
807 1.3601081371307373
808 1.5060878992080688
809 1.6185914278030396
810 1.5498853921890259
811 1.5926345586776733
812 1.9949133396148682
813 1.5460504293441772
814 1.6764793395996094
815 1.5827900171279907
816 1.508719801902771
817 1.724738359451294
818 1.6109380722045898
819 1.9125094413757324
820 1.6847752332687378
821 1.502812147140503
822 1.626194715499878
823 1.5506097078323364
824 1.4390954971313477
825 1.2514082193374634
826 1.5878174304962158
827 1.6421078443527222
828 1.1546006202697754
829 1.424311637878418
830 1.7616368532180786
831 1.6246016025543213
832 1.5823010206222534
833 1.8994371891021729
834 1.7777690887451172
835 1.6123278141021729
836 1.696427822113037
837 1.456251859664917
838 1.8382850885391235
839 1.767784595489502
840 1.6299190521240234
841 1.6910086870193481
842 1.046807050704956
843 1.3675215244293213
844 1.3427666425704956
845 1.412131905555725
846 1.2257806062698364
847 1.3569839000701904
848 1.686226725578308
849 1.469245195388794
850 1.251840591430664
851 1.4261971712112427
852 1.4381780624389648
853 1.494340419769287
854 1.2725566625595093
855 1.511735439300537
856 1.3359428644180298
857 1.6684597730636597
858 1.467792272567749
859 1.1272944211959839
860 1.1516143083572388
861 1.5147743225097656
862 1.3375896215438843
863 1.394102692604065
864 1.5722042322158813
865 1.5531585216522217
866 1.4193651676177979
867 1.613678216934204
868 1.4138517379760742
869 1.432873010635376
870 1.4127827882766724
871 1.3326646089553833
872 1.521098017692566
873 1.707196593284607
874 1.410056233406067
875 1.2736289501190186
876 1.4966294765472412
877 1.4221161603927612
878 1.1847606897354126
879 1.3239505290985107
880 1.6135611534118652
881 1.2498964071273804
882 1.2753853797912598
883 1.524951696395874
884 1.6398468017578125
885 1.1707141399383545
886 1.2483887672424316
887 1.586482048034668
888 1.6118848323822021
889 1.5563167333602905
890 1.473513126373291
891 1.5218505859375
892 1.4882391691207886
893 1.8137956857681274
894 1.6535730361938477
895 1.3794711828231812
896 1.3300544023513794
897 1.4675546884536743
898 1.55958092212677
899 1.2781693935394287
900 1.4595481157302856
901 1.742936134338379
902 1.4201810359954834
903 1.6352598667144775
904 1.6864928007125854
905 1.4928401708602905
906 1.434387445449829
907 1.660737156867981
908 1.8139735460281372
909 1.9875432252883911
910 1.8428140878677368
911 1.62860107421875
912 1.8381240367889404
913 1.5455402135849
914 1.570006012916565
915 1.5020427703857422
916 1.3671997785568237
917 1.7150461673736572
918 1.4390671253204346
919 1.6246259212493896
920 1.5791926383972168
921 1.4727466106414795
922 1.9942690134048462
923 2.026015043258667
924 1.5962257385253906
925 1.5521820783615112
926 1.5471975803375244
927 1.736311912536621
928 1.5319098234176636
929 1.381838321685791
930 1.830405592918396
931 1.6602915525436401
932 1.6308410167694092
933 1.476004719734192
934 1.57801353931427
935 1.4065160751342773
936 1.5470271110534668
937 1.3938815593719482
938 1.9759303331375122
939 1.7021331787109375
940 1.7319751977920532
941 1.7194147109985352
942 1.4901436567306519
943 1.5253283977508545
944 1.6006184816360474
945 1.683432936668396
946 1.4654991626739502
947 1.8058967590332031
948 1.7208399772644043
949 1.5021982192993164
950 1.4134328365325928
951 1.6465883255004883
952 1.662569522857666
953 1.6722623109817505
954 1.6539572477340698
955 1.6025967597961426
956 1.9074149131774902
957 1.7042839527130127
958 2.0037646293640137
959 2.8416287899017334
960 2.78346848487854
961 3.7395265102386475
962 3.1947686672210693
963 2.7966058254241943
964 2.8730030059814453
965 2.3615028858184814
966 3.177936553955078
967 2.821784496307373
968 2.6289446353912354
969 2.6887810230255127
970 2.7563834190368652
971 2.366271495819092
972 2.5498619079589844
973 2.44819712638855
974 2.323866128921509
975 2.6189076900482178
976 2.6229512691497803
977 2.426074504852295
978 2.7368533611297607
979 2.897214412689209
980 3.0454955101013184
981 2.522104024887085
982 2.7452924251556396
983 3.110117197036743
984 2.9214351177215576
985 2.9877538681030273
986 2.7318150997161865
987 2.507445812225342
988 2.735491991043091
989 2.8753502368927
990 2.911011219024658
991 2.6429455280303955
992 2.6906261444091797
993 3.074270009994507
994 3.809274673461914
995 3.153282880783081
996 3.255396604537964
997 3.129788875579834
998 3.473949670791626
999 3.6753017902374268
1000 3.7382333278656006
1001 2.5448901653289795
1002 2.993774890899658
1003 3.100217819213867
1004 2.8980703353881836
1005 3.121792793273926
1006 2.826195240020752
1007 3.49525785446167
1008 3.3035659790039063
1009 3.413926124572754
1010 3.4358131885528564
1011 3.0917487144470215
1012 2.8917558193206787
1013 2.7970027923583984
1014 2.9608497619628906
1015 2.659684658050537
1016 2.9314301013946533
1017 3.2172696590423584
1018 3.1883654594421387
1019 2.974787712097168
1020 3.094888687133789
1021 2.8610925674438477
1022 2.5405831336975098
1023 3.2057158946990967
1024 3.19596004486084
1025 3.395665407180786
1026 2.887948751449585
1027 2.942105531692505
1028 2.7983028888702393
1029 2.917478322982788
1030 2.5078318119049072
1031 2.884535312652588
1032 3.054011583328247
1033 3.3772132396698
1034 2.5689990520477295
1035 3.0838301181793213
1036 2.9236695766448975
1037 2.885509729385376
1038 2.853541374206543
1039 2.794747829437256
1040 2.724412202835083
1041 2.945150375366211
1042 2.704920530319214
1043 2.8040575981140137
1044 3.3548810482025146
1045 3.121084690093994
1046 2.952293872833252
1047 2.8861680030822754
1048 3.1104094982147217
1049 3.1512129306793213
1050 2.964224338531494
1051 3.48854398727417
1052 3.5514307022094727
1053 3.733978509902954
1054 3.592836856842041
1055 3.6387765407562256
1056 3.799088478088379
1057 2.990243673324585
1058 3.524116039276123
1059 3.4078209400177
1060 3.294203281402588
1061 3.436779737472534
1062 3.3147590160369873
1063 3.574310779571533
1064 3.09550404548645
1065 3.012653350830078
1066 3.6460120677948
1067 3.414215326309204
1068 3.253635883331299
1069 3.4108104705810547
1070 3.4193778038024902
1071 3.689419984817505
1072 3.1936967372894287
1073 3.468006134033203
1074 3.5184035301208496
1075 3.6704111099243164
1076 3.445662260055542
1077 3.584028959274292
1078 3.693598747253418
1079 3.1833107471466064
1080 3.7562153339385986
1081 3.497148036956787
1082 3.2262449264526367
1083 3.6861422061920166
1084 3.341393232345581
1085 3.644641399383545
1086 3.5599117279052734
1087 3.465153694152832
1088 3.192106008529663
1089 3.5237512588500977
1090 3.700589418411255
1091 3.5370638370513916
1092 3.834249258041382
1093 3.1236205101013184
1094 3.3770911693573
1095 3.5340375900268555
1096 4.092723846435547
1097 3.1633758544921875
1098 3.294132709503174
1099 3.396198034286499
1100 3.469831943511963
1101 3.1807281970977783
1102 3.2808775901794434
1103 3.370539426803589
1104 3.2814652919769287
1105 3.1439414024353027
1106 3.8655099868774414
1107 3.446988105773926
1108 3.531876802444458
1109 4.15331506729126
1110 3.9999959468841553
1111 3.457594871520996
1112 3.2332029342651367
1113 3.709878444671631
1114 3.4634628295898438
1115 3.677091598510742
1116 3.6195743083953857
1117 3.430980920791626
1118 3.5443992614746094
1119 3.6467065811157227
1120 3.670802116394043
1121 3.160722494125366
1122 3.4658279418945313
1123 3.65017032623291
1124 3.3202834129333496
1125 3.4556000232696533
1126 3.4024240970611572
1127 3.6400089263916016
1128 3.670274257659912
1129 3.50950288772583
1130 3.717107057571411
1131 3.3714561462402344
1132 3.2026689052581787
1133 3.573617935180664
1134 3.977642059326172
1135 4.373386859893799
1136 4.847437381744385
1137 4.7159104347229
1138 4.7767462730407715
1139 4.506644248962402
1140 4.251702785491943
1141 4.219256401062012
1142 4.324610710144043
1143 4.6642866134643555
1144 4.662149429321289
1145 5.060821056365967
1146 4.72006893157959
1147 4.489166736602783
1148 4.410139560699463
1149 4.644343852996826
1150 5.041741371154785
1151 4.562410354614258
1152 4.707546234130859
1153 4.777698040008545
1154 4.552319049835205
1155 4.719257831573486
1156 4.408565044403076
1157 4.754390239715576
1158 4.691811561584473
1159 4.439110279083252
1160 4.69258975982666
1161 4.367462635040283
1162 4.630092144012451
1163 4.008313179016113
1164 4.52719259262085
1165 4.7129106521606445
1166 4.497368812561035
1167 5.044707775115967
1168 4.508737564086914
1169 5.099992275238037
1170 4.7877936363220215
1171 4.745988368988037
1172 5.236854553222656
1173 4.761416912078857
1174 4.620328903198242
1175 4.852911949157715
1176 5.199466228485107
1177 4.974150657653809
1178 4.555759429931641
1179 4.794714450836182
1180 4.355246067047119
1181 4.106389999389648
1182 3.9052226543426514
1183 3.757622003555298
1184 3.7908363342285156
1185 3.739185333251953
1186 3.831953525543213
1187 3.712798833847046
1188 3.3696060180664063
1189 3.918670415878296
1190 3.4922075271606445
1191 3.85795521736145
1192 3.7512686252593994
1193 3.7956717014312744
1194 3.2873263359069824
1195 3.3721923828125
1196 3.4438018798828125
1197 3.3072617053985596
1198 3.1583657264709473
1199 3.580084800720215
1200 3.485752582550049
1201 3.8055598735809326
1202 3.037015914916992
1203 2.92063307762146
1204 3.341784954071045
1205 3.7982892990112305
1206 3.636197090148926
1207 3.415911912918091
1208 2.889988899230957
1209 3.5127415657043457
1210 3.193655014038086
1211 4.265425205230713
1212 3.83489990234375
1213 4.342886924743652
1214 4.431094646453857
1215 4.24123477935791
1216 5.260860919952393
1217 4.539881706237793
1218 4.746030807495117
1219 4.817015647888184
1220 4.531824111938477
1221 4.626179218292236
1222 4.712538242340088
1223 4.932275772094727
1224 4.751894950866699
1225 4.769518852233887
1226 4.796938419342041
1227 4.938191890716553
1228 5.233402252197266
1229 5.080275058746338
1230 5.2359619140625
1231 4.7969536781311035
1232 5.012516975402832
1233 4.044851779937744
1234 5.227758884429932
1235 5.522838115692139
1236 5.01802396774292
1237 4.772889137268066
1238 3.7892730236053467
1239 4.04573392868042
1240 4.702983379364014
1241 3.9917972087860107
1242 4.320377826690674
1243 4.110803127288818
1244 4.668368816375732
1245 3.871502161026001
1246 4.015416145324707
1247 4.29700231552124
1248 3.9295125007629395
1249 4.600711345672607
1250 4.208261966705322
1251 4.281365394592285
1252 4.771387577056885
1253 4.774959087371826
1254 5.405667304992676
1255 5.192656517028809
1256 4.881382465362549
1257 5.296482086181641
1258 5.932210445404053
1259 6.1468682289123535
1260 6.580854415893555
1261 6.24661111831665
1262 6.349624156951904
1263 5.9161763191223145
1264 6.272212505340576
1265 6.202399730682373
1266 6.843622207641602
1267 6.488260746002197
1268 6.268942356109619
1269 5.710494518280029
1270 5.4773173332214355
1271 6.004707336425781
1272 5.903030872344971
1273 6.363496780395508
1274 6.597351551055908
1275 6.644405364990234
1276 6.359529972076416
1277 6.0686869621276855
1278 5.74066162109375
1279 5.3586039543151855
1280 5.084713459014893
1281 4.3771772384643555
1282 5.012641906738281
1283 4.884838581085205
1284 4.014719009399414
1285 3.6491329669952393
1286 3.7415122985839844
1287 4.644084453582764
1288 3.65202260017395
1289 4.383145809173584
1290 4.152658462524414
1291 4.160491466522217
1292 3.792590856552124
1293 4.184319496154785
1294 4.742376327514648
1295 5.103494644165039
1296 4.87131929397583
1297 4.762824058532715
1298 4.565783977508545
1299 4.422233581542969
1300 4.7967424392700195
1301 4.731993675231934
1302 5.312891483306885
1303 5.650777816772461
1304 5.185760021209717
1305 4.614072799682617
1306 4.677687644958496
1307 4.434056758880615
1308 4.82132625579834
1309 4.293920993804932
1310 4.89488410949707
1311 4.7090535163879395
1312 4.982371807098389
1313 4.120871543884277
1314 4.478919506072998
1315 3.9592666625976563
1316 3.8767266273498535
1317 4.09654426574707
1318 3.9061601161956787
1319 3.888808250427246
1320 4.315597057342529
1321 4.073935508728027
1322 4.440984725952148
1323 4.607326507568359
1324 5.059237957000732
1325 4.5474348068237305
1326 5.004942893981934
1327 5.272972583770752
1328 4.12624979019165
1329 4.856180667877197
1330 4.609632968902588
1331 5.086923122406006
1332 5.0410943031311035
1333 5.183391571044922
1334 5.123251914978027
1335 5.742733955383301
1336 5.312438488006592
1337 6.09220552444458
1338 6.041116237640381
1339 5.674408435821533
1340 5.97912073135376
1341 5.147152900695801
1342 5.345592498779297
1343 5.656802177429199
1344 5.846067905426025
1345 6.188658714294434
1346 5.787869453430176
1347 6.407982349395752
1348 6.551321506500244
1349 6.466416835784912
1350 7.366625785827637
1351 6.941664218902588
1352 5.829023838043213
1353 6.100459098815918
1354 6.0738725662231445
1355 6.084878444671631
1356 5.532908916473389
1357 6.061193466186523
1358 6.442863941192627
1359 6.509706020355225
1360 6.152319431304932
1361 6.008376598358154
1362 5.661708354949951
1363 5.624831676483154
1364 5.354717254638672
1365 6.059447288513184
1366 5.6837005615234375
1367 5.515476226806641
1368 6.125113487243652
1369 5.202083587646484
1370 5.949141025543213
1371 4.969233512878418
1372 5.725996017456055
1373 5.283278465270996
1374 5.602752208709717
1375 5.8581061363220215
1376 5.8432817459106445
1377 5.436404228210449
1378 5.770875453948975
1379 5.756295680999756
1380 5.305510997772217
1381 6.055239200592041
1382 5.480906009674072
1383 5.680284023284912
1384 5.829062461853027
1385 5.0476861000061035
1386 5.202710151672363
1387 5.090480327606201
1388 4.936180591583252
1389 4.219971179962158
1390 4.656533241271973
1391 4.06848669052124
1392 3.374128580093384
1393 4.554811954498291
1394 4.424578666687012
1395 5.460354328155518
1396 4.944037437438965
1397 3.817727565765381
1398 4.572814464569092
1399 4.844712257385254
1400 4.727852821350098
1401 4.019928932189941
1402 3.962599754333496
1403 4.293708801269531
1404 4.337409496307373
1405 4.098019123077393
1406 4.367135047912598
1407 4.574990749359131
1408 4.400619983673096
1409 4.576776027679443
1410 3.744633674621582
1411 3.9764068126678467
1412 3.972733736038208
1413 4.0539116859436035
1414 4.704268455505371
1415 4.247061252593994
1416 5.05473518371582
1417 5.296030521392822
1418 4.692380428314209
1419 4.597122669219971
1420 3.4677815437316895
1421 4.403522968292236
1422 3.494065523147583
1423 4.014854431152344
1424 3.8803582191467285
1425 4.125000953674316
1426 3.555788278579712
1427 3.745683431625366
1428 4.799449443817139
1429 4.774009704589844
1430 5.184243679046631
1431 4.472205638885498
1432 4.432417869567871
1433 4.5337090492248535
1434 4.713077068328857
1435 4.504585266113281
1436 5.361651420593262
1437 4.742805004119873
1438 3.974414348602295
1439 3.8116095066070557
1440 3.695432424545288
1441 4.064683437347412
1442 4.545841217041016
1443 4.535411834716797
1444 4.161149978637695
1445 3.987291097640991
1446 4.072603702545166
1447 4.401814937591553
1448 5.083627700805664
1449 4.20458984375
1450 4.107204914093018
1451 4.151863098144531
1452 4.717236042022705
1453 4.469913959503174
1454 4.374945163726807
1455 4.449759483337402
1456 3.8018503189086914
1457 4.656879425048828
1458 4.722137451171875
1459 5.251636981964111
1460 5.294238090515137
1461 5.350961685180664
1462 5.476755619049072
1463 5.275911331176758
1464 6.077598571777344
1465 5.4759840965271
1466 5.987507343292236
1467 6.00023889541626
1468 4.663542747497559
1469 4.872706890106201
1470 5.211034774780273
1471 5.290874004364014
1472 5.781005382537842
1473 5.780198574066162
1474 5.549935340881348
1475 4.817929267883301
1476 5.263989448547363
1477 5.460041046142578
1478 5.5472002029418945
1479 4.878344535827637
1480 5.3306074142456055
1481 5.194799423217773
1482 5.573038101196289
1483 5.721018314361572
1484 5.529720783233643
1485 5.800652503967285
1486 6.400656700134277
1487 5.85745096206665
1488 6.308826446533203
1489 6.34730339050293
1490 5.708362102508545
1491 6.11699104309082
1492 5.740293979644775
1493 5.508893013000488
1494 5.818191051483154
1495 5.2700629234313965
1496 4.88839054107666
1497 4.953035831451416
1498 4.640252113342285
1499 4.778041362762451
1500 4.556073188781738
1501 4.752928733825684
1502 4.373316764831543
1503 4.754519939422607
1504 4.4496307373046875
1505 4.458893775939941
1506 5.02897834777832
1507 5.036381721496582
1508 4.9995903968811035
1509 5.340423107147217
1510 4.862185955047607
1511 4.548095703125
1512 3.8452999591827393
1513 4.1790337562561035
1514 4.055953025817871
1515 4.840753078460693
1516 4.223537921905518
1517 4.591104984283447
1518 4.005550861358643
1519 3.490595579147339
1520 3.657778263092041
1521 3.8660125732421875
1522 4.103745937347412
1523 4.873111724853516
1524 4.349320888519287
1525 5.016761302947998
1526 5.886261463165283
1527 5.011379241943359
1528 5.4861369132995605
1529 5.4640889167785645
1530 5.475052833557129
1531 6.148405075073242
1532 6.156634330749512
1533 6.307136058807373
1534 5.693714141845703
1535 4.993559837341309
1536 4.791822910308838
1537 4.1284379959106445
1538 4.357978343963623
1539 3.9726288318634033
1540 2.989736795425415
1541 3.607232093811035
1542 4.079118251800537
1543 4.330981254577637
1544 4.023412227630615
1545 4.341723918914795
1546 3.800579786300659
1547 5.504093170166016
1548 4.892743110656738
1549 4.864375591278076
1550 5.010041236877441
1551 5.16900634765625
1552 5.0843305587768555
1553 5.207956314086914
1554 5.247700214385986
1555 5.271694660186768
1556 5.913372993469238
1557 5.710978031158447
1558 5.187469482421875
1559 4.996326923370361
1560 5.012319087982178
1561 5.042457103729248
1562 4.86787748336792
1563 5.60347318649292
1564 5.949760913848877
1565 6.050434589385986
1566 5.123595237731934
1567 5.170663356781006
1568 4.867212295532227
1569 4.967353820800781
1570 3.789712429046631
1571 5.249215602874756
1572 5.058304309844971
1573 5.10100793838501
1574 4.723591327667236
1575 3.9761621952056885
1576 4.903377532958984
1577 5.345651626586914
1578 6.328283309936523
1579 5.510788917541504
1580 4.40507698059082
1581 5.3768205642700195
1582 4.945376396179199
1583 5.024632453918457
1584 4.851753234863281
1585 4.783536911010742
1586 5.44502067565918
1587 5.501039028167725
1588 5.199716567993164
1589 5.520809650421143
1590 5.8219499588012695
1591 4.599237442016602
1592 5.032502174377441
1593 4.71732234954834
1594 4.944653034210205
1595 5.4136481285095215
1596 5.168224811553955
1597 5.033087253570557
1598 5.6022491455078125
1599 5.134873390197754
1600 5.074141502380371
1601 5.12470006942749
1602 5.410267353057861
1603 5.65373420715332
1604 6.2240400314331055
1605 5.510011196136475
1606 6.086141109466553
1607 6.04439115524292
1608 5.961708068847656
1609 6.143943786621094
1610 5.445378303527832
1611 4.61967658996582
1612 5.020741939544678
1613 4.782496452331543
1614 4.7115983963012695
1615 5.480152130126953
1616 5.169283390045166
1617 5.714957237243652
1618 4.924134731292725
1619 5.2357916831970215
1620 5.197788238525391
1621 4.813571453094482
1622 5.619833469390869
1623 5.364594459533691
1624 5.173573017120361
1625 5.136977195739746
1626 5.610967636108398
1627 5.606509208679199
1628 5.527177333831787
1629 5.522106647491455
1630 5.3824944496154785
1631 5.5685529708862305
1632 5.629376411437988
1633 5.230083465576172
1634 4.595922946929932
1635 4.467413902282715
1636 4.181501865386963
1637 5.000306129455566
1638 5.177148818969727
1639 5.129510879516602
1640 4.624773979187012
1641 5.220050811767578
1642 4.953090190887451
1643 4.299772262573242
1644 5.524072170257568
1645 5.2535905838012695
1646 5.631524085998535
1647 5.2471232414245605
1648 5.770570755004883
1649 5.182857990264893
1650 5.392475605010986
1651 5.700019359588623
1652 5.109463214874268
1653 5.7377495765686035
1654 5.627452850341797
1655 5.362795829772949
1656 5.882277488708496
1657 5.3307647705078125
1658 5.523015975952148
1659 5.43632698059082
1660 5.677047252655029
1661 6.132411479949951
1662 5.834013938903809
1663 5.412512302398682
1664 5.268167495727539
1665 5.61673641204834
1666 5.060519695281982
1667 5.110294342041016
1668 4.826064586639404
1669 4.846756458282471
1670 4.977823734283447
1671 5.1996684074401855
1672 5.782192230224609
1673 6.11354398727417
1674 6.332774639129639
1675 6.8215203285217285
1676 6.442370891571045
1677 5.207075119018555
1678 5.762928009033203
1679 5.8177571296691895
1680 4.476992607116699
1681 5.39588737487793
1682 5.728111743927002
1683 4.798182010650635
1684 5.076858997344971
1685 4.676669120788574
1686 4.940726280212402
1687 5.047647476196289
1688 4.665482044219971
1689 5.183356285095215
1690 5.67530632019043
1691 5.2718682289123535
1692 6.0439019203186035
1693 4.858253479003906
1694 5.697635650634766
1695 5.648341178894043
1696 5.200973987579346
1697 5.050963878631592
1698 5.1406569480896
1699 5.420979976654053
1700 5.0561676025390625
1701 4.847178936004639
1702 4.418383598327637
1703 4.756718635559082
1704 4.802090644836426
1705 5.082164287567139
1706 5.703711032867432
1707 5.403696537017822
1708 5.7800164222717285
1709 5.500589370727539
1710 6.123754978179932
1711 6.275354862213135
1712 5.85209846496582
1713 5.78922176361084
1714 5.503451824188232
1715 5.910436153411865
1716 6.041890621185303
1717 5.680280685424805
1718 5.888458251953125
1719 6.056002140045166
1720 5.864070415496826
1721 5.080728530883789
1722 6.3729424476623535
1723 5.887444496154785
1724 5.914373874664307
1725 5.574166774749756
1726 6.272558212280273
1727 6.172844886779785
1728 5.787574291229248
1729 5.621400833129883
1730 5.3120880126953125
1731 6.087937831878662
1732 5.329522132873535
1733 4.8590087890625
1734 4.868056774139404
1735 5.811017990112305
1736 5.367010116577148
1737 5.771213531494141
1738 5.342765808105469
1739 4.95997428894043
1740 4.92001485824585
1741 5.586951732635498
1742 5.816359043121338
1743 6.097290992736816
1744 5.673837661743164
1745 6.130651950836182
1746 5.186867713928223
1747 5.009035110473633
1748 5.388912200927734
1749 4.811470985412598
1750 5.265624046325684
1751 5.495326519012451
1752 6.038406848907471
1753 5.160490036010742
1754 6.053543567657471
1755 5.881744861602783
1756 5.580620288848877
1757 5.055678844451904
1758 4.942779541015625
1759 5.820980072021484
1760 5.315385818481445
1761 5.5816216468811035
1762 5.237789154052734
1763 5.164857387542725
1764 4.986391067504883
1765 4.920860767364502
1766 4.769554615020752
1767 5.7842020988464355
1768 5.9995951652526855
1769 5.7567973136901855
1770 6.289480209350586
1771 5.3849077224731445
1772 5.8551836013793945
1773 5.513839244842529
1774 6.186935901641846
1775 5.0744709968566895
1776 5.452852249145508
1777 5.241554260253906
1778 5.315725803375244
1779 4.699932098388672
1780 4.622377872467041
1781 5.632157802581787
1782 5.524811744689941
1783 4.870480060577393
1784 5.4046454429626465
1785 4.599417686462402
1786 5.347214698791504
1787 5.484703063964844
1788 5.392276287078857
1789 4.855867385864258
1790 5.313369274139404
1791 5.717566967010498
1792 5.239142894744873
1793 5.49252462387085
1794 6.026885032653809
1795 5.394519805908203
1796 6.034876346588135
1797 5.296731948852539
1798 5.351297855377197
1799 4.926341533660889
1800 5.874639511108398
1801 5.320000171661377
1802 5.572453022003174
1803 5.490342617034912
1804 5.991559028625488
1805 5.931190490722656
1806 5.565771102905273
1807 4.972309589385986
1808 5.068789958953857
1809 4.825390815734863
1810 4.735937118530273
1811 4.342355728149414
1812 4.843806743621826
1813 4.774957656860352
1814 4.602071285247803
1815 5.057880401611328
1816 5.980675220489502
1817 6.190667629241943
1818 6.122520923614502
1819 6.751542091369629
1820 6.573513031005859
1821 6.719681739807129
1822 5.669175148010254
1823 5.563819408416748
1824 5.472881317138672
1825 5.672199249267578
1826 5.550472259521484
1827 5.2833781242370605
1828 5.246134281158447
1829 5.464203357696533
1830 6.156284332275391
1831 6.085720539093018
1832 5.902252674102783
1833 6.256814479827881
1834 5.9106011390686035
1835 5.796150207519531
1836 5.933058738708496
1837 6.291512489318848
1838 6.083071231842041
1839 6.2960286140441895
1840 6.093184471130371
1841 6.020846843719482
1842 6.444443225860596
1843 5.818016529083252
1844 5.859984397888184
1845 5.770829677581787
1846 5.83145809173584
1847 5.71689510345459
1848 5.838695049285889
1849 6.062573432922363
1850 6.253217697143555
1851 5.620377063751221
1852 6.897944450378418
1853 6.020552635192871
1854 6.816782474517822
1855 6.568186283111572
1856 5.549015045166016
1857 5.486783981323242
1858 5.626259803771973
1859 5.801146030426025
1860 5.622160911560059
1861 6.411242961883545
1862 5.683928489685059
1863 6.085673809051514
1864 6.3084516525268555
1865 5.517760276794434
1866 5.6565775871276855
1867 4.975930690765381
1868 4.984716892242432
1869 4.9289703369140625
1870 4.713435173034668
1871 4.969407558441162
1872 4.978645324707031
1873 4.872746467590332
1874 5.3823113441467285
1875 4.768609523773193
1876 5.664127826690674
1877 5.411289215087891
1878 5.744201183319092
1879 5.550845623016357
1880 6.644997596740723
1881 6.220996379852295
1882 5.235478401184082
1883 4.691393852233887
1884 4.504452705383301
1885 4.6226630210876465
1886 4.365638732910156
1887 4.603816509246826
1888 4.862631320953369
1889 4.414535999298096
1890 5.093325614929199
1891 5.243062973022461
1892 5.4425578117370605
1893 5.892314434051514
1894 5.323355197906494
1895 4.6413798332214355
1896 5.280603885650635
1897 5.234466552734375
1898 4.944798469543457
1899 5.6183295249938965
1900 5.386755466461182
1901 4.757392406463623
1902 5.528822422027588
1903 5.959151744842529
1904 6.619534015655518
1905 5.2765655517578125
1906 5.442826271057129
1907 5.959137439727783
1908 5.891256332397461
1909 5.736581325531006
1910 5.316810607910156
1911 5.5273661613464355
1912 5.053534507751465
1913 6.081436634063721
1914 5.620077610015869
1915 5.3650383949279785
1916 5.3318023681640625
1917 4.932990550994873
1918 5.013163089752197
1919 5.772502422332764
1920 5.605435371398926
1921 5.334237098693848
1922 4.727368354797363
1923 4.82124662399292
1924 4.421937942504883
1925 4.970515727996826
1926 4.640169620513916
1927 5.2504119873046875
1928 5.946446895599365
1929 5.365533828735352
1930 5.235729217529297
1931 5.255012512207031
1932 4.854848861694336
1933 5.144798755645752
1934 5.206949710845947
1935 5.275938510894775
1936 5.271549701690674
1937 4.8015828132629395
1938 5.389276027679443
1939 5.1005778312683105
1940 4.760196208953857
1941 5.070055961608887
1942 5.198464393615723
1943 5.271843433380127
1944 5.213293552398682
1945 5.139808654785156
1946 5.590322494506836
1947 5.934365749359131
1948 5.6402106285095215
1949 6.242408275604248
1950 5.400633811950684
1951 5.170717239379883
1952 5.207273006439209
1953 5.116635799407959
1954 4.677721977233887
1955 4.232491970062256
1956 4.198269367218018
1957 4.844520568847656
1958 4.932572841644287
1959 5.508615970611572
1960 4.886444568634033
1961 4.482431411743164
1962 4.779065132141113
1963 5.036303520202637
1964 4.839305877685547
1965 4.760117530822754
1966 4.910868167877197
1967 4.729139804840088
1968 5.000421047210693
1969 5.1003499031066895
1970 5.086635589599609
1971 5.514846324920654
1972 4.612481117248535
1973 6.07625675201416
1974 6.042019367218018
1975 6.195063591003418
1976 5.974120616912842
1977 5.991085529327393
1978 5.32249116897583
1979 4.481701850891113
1980 4.901717662811279
1981 4.853142738342285
1982 4.822707176208496
1983 4.781184673309326
1984 5.336547374725342
1985 5.461185455322266
1986 5.11251163482666
1987 4.8761725425720215
1988 5.354572296142578
1989 5.287656784057617
1990 5.504300117492676
1991 5.196873188018799
1992 5.485677242279053
1993 5.201010704040527
1994 5.216076850891113
1995 5.635854244232178
1996 5.24622917175293
1997 5.294775485992432
1998 5.542603492736816
1999 5.023797988891602
