0 0.0
1 0.830040693283081
2 0.7308785915374756
3 0.6510215401649475
4 0.5014340281486511
5 0.5521399974822998
6 0.9255858063697815
7 0.592480480670929
8 0.21620656549930573
9 0.5667911171913147
10 0.24994270503520966
11 0.7108986377716064
12 0.774289608001709
13 0.6782388091087341
14 1.0165975093841553
15 0.7403504252433777
16 1.3116304874420166
17 1.560051679611206
18 1.3963477611541748
19 1.530050277709961
20 0.6422320008277893
21 1.005784511566162
22 0.9480866193771362
23 1.6682848930358887
24 0.8409833908081055
25 1.7153291702270508
26 1.718192458152771
27 0.8541452884674072
28 0.7556337118148804
29 1.1350606679916382
30 1.0712413787841797
31 1.147826075553894
32 1.0388308763504028
33 0.812750518321991
34 0.791973888874054
35 1.3057438135147095
36 0.8096016645431519
37 0.5336876511573792
38 0.9990388751029968
39 0.40801629424095154
40 0.72909015417099
41 1.073316216468811
42 0.4516329765319824
43 0.5147814750671387
44 0.5805443525314331
45 0.7114852070808411
46 0.7100339531898499
47 0.8650063872337341
48 0.6267675757408142
49 0.40143027901649475
50 0.5733451843261719
51 0.6008390188217163
52 1.1268706321716309
53 0.709459662437439
54 0.6830896735191345
55 0.6160231232643127
56 0.8739343285560608
57 1.1642574071884155
58 1.4958107471466064
59 0.8630390167236328
60 1.517447590827942
61 1.4926178455352783
62 0.7673981785774231
63 0.944117546081543
64 0.6257963180541992
65 0.5881268382072449
66 1.0404354333877563
67 0.8328502178192139
68 1.766576886177063
69 0.8636630773544312
70 1.310394525527954
71 1.0478651523590088
72 0.9554945826530457
73 0.980215311050415
74 1.1789129972457886
75 1.1908496618270874
76 1.5598413944244385
77 0.8959658741950989
78 0.4471842348575592
79 1.0225894451141357
80 1.0679328441619873
81 0.758922815322876
82 0.731547474861145
83 0.8595907688140869
84 0.6749930381774902
85 0.6631311774253845
86 1.2141635417938232
87 1.0612165927886963
88 1.1220386028289795
89 0.8971819281578064
90 0.5594278573989868
91 1.1185762882232666
92 1.4154011011123657
93 1.8664135932922363
94 1.2686830759048462
95 1.1344064474105835
96 0.9654048681259155
97 1.0081753730773926
98 0.988599956035614
99 1.1720010042190552
100 0.6513903737068176
101 1.0766016244888306
102 1.5372406244277954
103 0.6476773619651794
104 1.2394028902053833
105 0.9358273148536682
106 1.0036089420318604
107 1.169644832611084
108 1.3949229717254639
109 1.220396876335144
110 1.3822873830795288
111 1.1411960124969482
112 0.730054497718811
113 0.4888083040714264
114 0.9192543625831604
115 1.2219525575637817
116 1.3652006387710571
117 0.7450644969940186
118 1.136847972869873
119 1.3775144815444946
120 1.3001608848571777
121 0.5839928984642029
122 0.9380475878715515
123 1.2042955160140991
124 0.6274547576904297
125 1.0959216356277466
126 0.9695212841033936
127 1.4503471851348877
128 0.6719611287117004
129 0.7849712371826172
130 0.7634891867637634
131 0.7598870992660522
132 1.7512339353561401
133 0.6107884645462036
134 0.9399744272232056
135 2.272167205810547
136 1.155243158340454
137 0.6934517025947571
138 0.9659554958343506
139 0.5200834274291992
140 0.7347387075424194
141 0.8704315423965454
142 1.1445786952972412
143 1.2685554027557373
144 0.8069916367530823
145 1.515712857246399
146 1.263845443725586
147 1.2719836235046387
148 1.7943624258041382
149 1.5233100652694702
150 1.5916249752044678
151 1.563620686531067
152 1.3160737752914429
153 1.247787594795227
154 1.4469395875930786
155 0.7031512260437012
156 1.2111492156982422
157 1.1208373308181763
158 0.9617674350738525
159 0.987930178642273
160 1.3324183225631714
161 1.637242317199707
162 0.9774675369262695
163 1.0408422946929932
164 1.0693608522415161
165 1.4669036865234375
166 1.4222134351730347
167 1.4053512811660767
168 1.1970120668411255
169 1.4998208284378052
170 1.671008586883545
171 1.3231804370880127
172 0.9902163743972778
173 1.174986720085144
174 0.5921629071235657
175 1.7397629022598267
176 1.5437265634536743
177 1.7191402912139893
178 1.5790387392044067
179 1.4549411535263062
180 1.488160490989685
181 1.2840451002120972
182 1.2826828956604004
183 1.7405576705932617
184 1.4320939779281616
185 1.3402460813522339
186 1.6098579168319702
187 1.528003215789795
188 1.2087674140930176
189 1.2751588821411133
190 0.8876321911811829
191 1.1692348718643188
192 1.6840308904647827
193 1.0461945533752441
194 1.6265977621078491
195 1.4255977869033813
196 1.293623447418213
197 1.2308659553527832
198 1.2379575967788696
199 1.0268360376358032
200 0.9856724739074707
201 1.0968348979949951
202 1.323412299156189
203 0.9762923121452332
204 1.573481559753418
205 1.666495442390442
206 1.9092844724655151
207 0.7667517066001892
208 1.498281478881836
209 1.2495027780532837
210 0.926667332649231
211 0.8457263708114624
212 1.5301800966262817
213 0.9672161340713501
214 1.1971114873886108
215 1.3275021314620972
216 1.2803301811218262
217 1.2911489009857178
218 1.0612568855285645
219 0.699558436870575
220 0.743763267993927
221 0.8134874105453491
222 0.5953829288482666
223 0.922565758228302
224 0.6540360450744629
225 0.4938412010669708
226 0.9616671800613403
227 0.792722225189209
228 0.8243524432182312
229 0.652985155582428
230 0.8560925126075745
231 0.841332197189331
232 0.7291406989097595
233 0.625982403755188
234 0.6807411313056946
235 0.8277038335800171
236 1.126944661140442
237 1.056491732597351
238 0.949515163898468
239 0.9238601326942444
240 0.9852923154830933
241 0.6515339612960815
242 0.9617424011230469
243 0.925601065158844
244 1.0656365156173706
245 1.0630968809127808
246 0.7232940196990967
247 0.8608137965202332
248 0.581182062625885
249 0.5408228039741516
250 1.0561060905456543
251 0.8609780073165894
252 0.7412090301513672
253 1.2939844131469727
254 1.5212146043777466
255 1.005303978919983
256 1.0808449983596802
257 0.7257184982299805
258 0.51405268907547
259 0.7942487001419067
260 0.7823274731636047
261 1.0073329210281372
262 0.6420555114746094
263 0.9280043840408325
264 1.0414197444915771
265 0.8688904643058777
266 0.8555949926376343
267 1.222845196723938
268 1.083903431892395
269 1.1281194686889648
270 1.197037935256958
271 0.7676835656166077
272 0.6680040955543518
273 0.7232349514961243
274 0.8996211290359497
275 0.7977789044380188
276 1.0435768365859985
277 0.8783046007156372
278 0.687674343585968
279 0.7046749591827393
280 0.826431155204773
281 0.778768002986908
282 0.9783238172531128
283 0.814033567905426
284 0.8719931840896606
285 0.6334829926490784
286 0.6190847158432007
287 1.1273279190063477
288 0.8951003551483154
289 0.8487589955329895
290 0.580682635307312
291 0.6319558620452881
292 1.0216442346572876
293 0.6952422261238098
294 0.6519142985343933
295 0.794829785823822
296 0.6134698390960693
297 0.47506049275398254
298 1.1824254989624023
299 0.9255964756011963
300 1.8690186738967896
301 1.3001378774642944
302 1.0658719539642334
303 0.8631013631820679
304 1.1043580770492554
305 1.0881385803222656
306 0.933486819267273
307 1.387025237083435
308 1.213945984840393
309 1.0439016819000244
310 1.2863095998764038
311 1.1938103437423706
312 0.9887756109237671
313 0.8525955080986023
314 1.1182763576507568
315 0.8680346608161926
316 1.0689852237701416
317 0.8933838605880737
318 1.0273741483688354
319 1.4706543684005737
320 1.1066439151763916
321 0.8067622184753418
322 1.3138468265533447
323 0.848889946937561
324 0.5579460859298706
325 0.6392038464546204
326 0.7727407813072205
327 0.517577052116394
328 0.7353615760803223
329 1.0925743579864502
330 0.9229835867881775
331 1.3582477569580078
332 1.0686389207839966
333 1.4138603210449219
334 1.2734571695327759
335 0.6974005699157715
336 0.8260267972946167
337 1.2322266101837158
338 1.1029860973358154
339 0.8936843276023865
340 0.7756315469741821
341 0.629585325717926
342 0.6992707848548889
343 1.0519388914108276
344 0.917229413986206
345 0.47660529613494873
346 0.8109182119369507
347 1.0281360149383545
348 0.9608526229858398
349 0.941977322101593
350 0.7189285159111023
351 0.6674879789352417
352 0.6517370343208313
353 0.6282792091369629
354 0.6582292914390564
355 0.5597316026687622
356 0.7450178861618042
357 0.591962456703186
358 0.8747064471244812
359 0.5558719635009766
360 0.6759271621704102
361 0.8178898692131042
362 0.9224956035614014
363 0.6135427951812744
364 0.9516449570655823
365 1.0547488927841187
366 1.1399540901184082
367 0.5840024948120117
368 0.4436508119106293
369 0.6927549242973328
370 0.8352110981941223
371 1.2510582208633423
372 0.8449460864067078
373 0.4389691948890686
374 0.7412252426147461
375 0.8218860626220703
376 1.0556793212890625
377 0.7244243025779724
378 0.9378805756568909
379 1.1709635257720947
380 0.9938603043556213
381 0.8005174994468689
382 0.6036028861999512
383 0.6082161664962769
384 1.2099915742874146
385 1.1551897525787354
386 0.9550012946128845
387 0.7477481961250305
388 0.7228666543960571
389 0.7846503257751465
390 0.7427035570144653
391 0.8790118098258972
392 0.8108054995536804
393 0.8473506569862366
394 1.2286981344223022
395 1.3105387687683105
396 1.0018008947372437
397 0.5858492255210876
398 0.985663652420044
399 0.6705886721611023
400 0.5743948817253113
401 0.9550176858901978
402 0.8873268961906433
403 0.7566484808921814
404 0.42335790395736694
405 0.741701602935791
406 0.5672470927238464
407 0.628864049911499
408 1.0329229831695557
409 0.8875339031219482
410 0.6931765675544739
411 1.0832867622375488
412 0.8098535537719727
413 0.4862825274467468
414 0.7801994681358337
415 0.7211436629295349
416 0.5583110451698303
417 0.31148862838745117
418 0.6103379130363464
419 0.9294392466545105
420 0.91063392162323
421 0.8586914539337158
422 1.474438190460205
423 1.1894993782043457
424 1.6306697130203247
425 1.8810126781463623
426 1.525609016418457
427 1.5232043266296387
428 1.4172143936157227
429 0.7729617953300476
430 1.5293065309524536
431 0.8556071519851685
432 1.5584020614624023
433 1.1787526607513428
434 1.0847829580307007
435 1.3896595239639282
436 1.190097689628601
437 1.0190320014953613
438 0.6399145126342773
439 1.0574227571487427
440 1.2020987272262573
441 1.1372617483139038
442 1.0327321290969849
443 1.1435112953186035
444 0.8281446099281311
445 1.0997170209884644
446 0.7957169413566589
447 1.0762821435928345
448 1.2874811887741089
449 0.6666720509529114
450 1.1642483472824097
451 1.2071622610092163
452 1.3974788188934326
453 1.857781171798706
454 2.0809764862060547
455 2.4172818660736084
456 2.3506274223327637
457 1.4560297727584839
458 1.2359278202056885
459 1.1637020111083984
460 1.10465407371521
461 1.7438324689865112
462 3.163468360900879
463 2.361739158630371
464 1.2501119375228882
465 1.4452764987945557
466 2.07061767578125
467 2.6573550701141357
468 0.9602494835853577
469 1.4880534410476685
470 1.7325475215911865
471 0.6783576011657715
472 1.1750144958496094
473 0.6978145837783813
474 0.5983532071113586
475 0.5900375247001648
476 0.7110573053359985
477 1.029091715812683
478 1.094616174697876
479 1.3856784105300903
480 0.8168384432792664
481 1.4423937797546387
482 0.8603804111480713
483 1.2555521726608276
484 1.4818391799926758
485 2.1800646781921387
486 1.2075934410095215
487 1.370539665222168
488 1.7786974906921387
489 1.5389961004257202
490 1.4118473529815674
491 1.328417420387268
492 1.7409522533416748
493 1.3218374252319336
494 0.9976509213447571
495 1.616499423980713
496 1.3540396690368652
497 1.32521390914917
498 1.035144567489624
499 1.1167759895324707
500 0.4805584251880646
501 1.052646279335022
502 1.219146490097046
503 2.0339791774749756
504 1.9732975959777832
505 1.5657025575637817
506 1.4349204301834106
507 1.786084771156311
508 0.6687715649604797
509 0.8491966128349304
510 0.8595917820930481
511 0.7274580597877502
512 1.1706550121307373
513 1.1788623332977295
514 0.9070368409156799
515 0.5175081491470337
516 0.7330368161201477
517 0.7486063838005066
518 0.9004096984863281
519 1.0645599365234375
520 0.4882522523403168
521 0.8752440214157104
522 0.7405019998550415
523 1.0940650701522827
524 0.3669397532939911
525 1.6220288276672363
526 1.0085657835006714
527 1.5026531219482422
528 1.3471930027008057
529 1.0386769771575928
530 0.7488903999328613
531 0.9688456654548645
532 1.8774203062057495
533 1.514244556427002
534 1.4956532716751099
535 1.2190203666687012
536 1.27021324634552
537 0.814906656742096
538 0.9771795272827148
539 0.9118717908859253
540 1.3432506322860718
541 1.2355741262435913
542 0.9774491786956787
543 1.3255741596221924
544 0.8340421319007874
545 1.0863898992538452
546 0.6841224431991577
547 0.8775787353515625
548 0.6121106743812561
549 1.0076009035110474
550 0.6781570315361023
551 0.6122884750366211
552 1.5284957885742188
553 1.6140143871307373
554 0.6834673881530762
555 1.2936643362045288
556 1.18501615524292
557 1.0437581539154053
558 1.148127555847168
559 0.9724891781806946
560 1.4007771015167236
561 0.6522089838981628
562 1.0337865352630615
563 1.1068384647369385
564 0.8211395144462585
565 1.658988118171692
566 0.6858678460121155
567 0.32201218605041504
568 0.7072951197624207
569 0.8472304940223694
570 0.4493556022644043
571 1.1129875183105469
572 0.9684121012687683
573 0.8528966307640076
574 0.8743410110473633
575 0.6029911637306213
576 1.0049270391464233
577 0.26989656686782837
578 1.1684937477111816
579 1.20485520362854
580 1.4692257642745972
581 1.6042603254318237
582 1.261191725730896
583 1.1566731929779053
584 0.28095608949661255
585 0.9512689709663391
586 1.0713804960250854
587 0.748813807964325
588 1.2216953039169312
589 1.4206088781356812
590 1.4779258966445923
591 0.6161792874336243
592 1.4379631280899048
593 1.711551308631897
594 2.3508529663085938
595 2.1941983699798584
596 2.0824546813964844
597 1.6855195760726929
598 1.2456376552581787
599 1.4322181940078735
600 1.4905352592468262
601 1.30271315574646
602 1.1692473888397217
603 1.5976601839065552
604 1.710889458656311
605 1.45993173122406
606 1.2383482456207275
607 1.638155460357666
608 1.5900503396987915
609 0.8715354204177856
610 1.3833703994750977
611 1.7079025506973267
612 1.9588829278945923
613 2.107116460800171
614 1.64358651638031
615 1.7365831136703491
616 1.3126611709594727
617 1.2533509731292725
618 1.5325634479522705
619 1.076754093170166
620 1.3508234024047852
621 1.2087289094924927
622 1.179034948348999
623 1.076283574104309
624 1.3455665111541748
625 1.7778476476669312
626 1.4232184886932373
627 1.0903656482696533
628 1.0196812152862549
629 0.8655984401702881
630 0.6567123532295227
631 1.0368038415908813
632 0.8589053750038147
633 0.8249119520187378
634 1.5515716075897217
635 1.2803635597229004
636 0.8708771467208862
637 1.1867735385894775
638 0.8992712497711182
639 1.2943671941757202
640 1.3145536184310913
641 1.252205491065979
642 1.1502950191497803
643 0.928997278213501
644 1.2478622198104858
645 1.1513029336929321
646 1.319412112236023
647 1.6254297494888306
648 0.7968422174453735
649 1.607939600944519
650 0.8783161044120789
651 0.9201445579528809
652 1.073693871498108
653 1.359390377998352
654 1.3756709098815918
655 1.105778694152832
656 1.6027815341949463
657 1.5556749105453491
658 1.6366840600967407
659 1.1927573680877686
660 1.3819646835327148
661 1.68879234790802
662 1.2627171277999878
663 1.2936874628067017
664 1.1563507318496704
665 0.9764100313186646
666 0.9458796381950378
667 1.3845808506011963
668 1.2561804056167603
669 1.4746612310409546
670 1.391616940498352
671 0.7507898807525635
672 0.6452490091323853
673 1.018398404121399
674 1.316648006439209
675 1.1955616474151611
676 1.3788354396820068
677 1.0915095806121826
678 1.4821254014968872
679 1.4698423147201538
680 1.4601893424987793
681 1.2629330158233643
682 1.5031932592391968
683 1.9485902786254883
684 2.551008462905884
685 1.9266334772109985
686 2.0622503757476807
687 1.914684534072876
688 1.8298053741455078
689 2.077908992767334
690 1.3137078285217285
691 1.7449195384979248
692 1.188048005104065
693 1.7366204261779785
694 1.948763370513916
695 1.7709364891052246
696 1.6318107843399048
697 2.2577855587005615
698 2.0235695838928223
699 1.7081732749938965
700 1.883033037185669
701 1.662814974784851
702 1.406259298324585
703 1.6120103597640991
704 0.9686384201049805
705 1.7807190418243408
706 1.0317599773406982
707 1.2964258193969727
708 1.6806336641311646
709 1.16083824634552
710 1.0983697175979614
711 1.6145052909851074
712 0.8787482976913452
713 1.2120184898376465
714 1.026711344718933
715 1.3629214763641357
716 1.8181846141815186
717 1.7135313749313354
718 1.74734628200531
719 1.1612217426300049
720 1.235491156578064
721 1.867051362991333
722 1.8468760251998901
723 1.6578240394592285
724 1.5342514514923096
725 1.7395498752593994
726 1.3861438035964966
727 1.1544790267944336
728 1.5011345148086548
729 0.7765064835548401
730 0.9825834631919861
731 1.457483172416687
732 1.0889111757278442
733 1.5313347578048706
734 1.266878366470337
735 1.382250428199768
736 0.9829374551773071
737 1.308273196220398
738 1.6881451606750488
739 1.3836997747421265
740 1.7173022031784058
741 1.6511191129684448
742 1.304673671722412
743 1.7546944618225098
744 0.819527268409729
745 1.4484196901321411
746 1.2671444416046143
747 0.9233507513999939
748 1.655564785003662
749 0.9466367363929749
750 0.31271690130233765
751 0.8102935552597046
752 1.087458848953247
753 1.2440623044967651
754 1.2371314764022827
755 1.2193782329559326
756 0.7771725654602051
757 1.0806645154953003
758 0.6355215907096863
759 1.054323434829712
760 0.9003593921661377
761 1.47034752368927
762 1.0337791442871094
763 0.9478051066398621
764 0.9974881410598755
765 1.0990368127822876
766 0.5074481964111328
767 0.5202684998512268
768 0.5623757243156433
769 0.665254533290863
770 0.7332354187965393
771 0.7921741604804993
772 1.574282169342041
773 1.4515670537948608
774 1.1295585632324219
775 0.9169041514396667
776 0.7937541007995605
777 1.2923847436904907
778 1.165283441543579
779 0.9365463852882385
780 0.9776666164398193
781 0.7970619201660156
782 0.9697850942611694
783 0.9676706194877625
784 1.522058129310608
785 0.9636844396591187
786 0.8147038221359253
787 0.5790233612060547
788 0.7840427160263062
789 1.225850224494934
790 1.3783921003341675
791 1.072421669960022
792 1.621248722076416
793 1.0899423360824585
794 1.3285671472549438
795 1.1060378551483154
796 0.6689927577972412
797 0.6194787621498108
798 0.4031275510787964
799 0.9977370500564575
800 0.5406026840209961
801 1.0737342834472656
802 0.9233518838882446
803 1.0999224185943604
804 1.024479866027832
805 1.2012689113616943
806 1.2269856929779053
807 0.759645938873291
808 1.206022024154663
809 1.0884054899215698
810 1.0377014875411987
811 1.1255395412445068
812 0.9320310950279236
813 0.7121531963348389
814 0.5953863859176636
815 1.101259708404541
816 0.8002325296401978
817 1.1373659372329712
818 1.5650304555892944
819 1.1422114372253418
820 0.7461254596710205
821 0.8846729397773743
822 1.2156604528427124
823 1.648268222808838
824 0.9939824938774109
825 1.5101429224014282
826 0.9146218299865723
827 1.5441389083862305
828 1.3102880716323853
829 0.9280982613563538
830 1.6634184122085571
831 1.9286850690841675
832 2.0101115703582764
833 2.1743428707122803
834 1.8743138313293457
835 2.0434041023254395
836 1.9335198402404785
837 1.9701581001281738
838 2.4532201290130615
839 2.1521825790405273
840 1.766803503036499
841 1.8489755392074585
842 1.940313696861267
843 2.01104474067688
844 2.042395830154419
845 1.3544843196868896
846 1.4447910785675049
847 1.6293938159942627
848 2.1945583820343018
849 1.1033892631530762
850 1.1338250637054443
851 0.9997761845588684
852 0.9885072112083435
853 0.9908934831619263
854 1.175284504890442
855 1.2783039808273315
856 1.7933626174926758
857 1.7315726280212402
858 2.0994155406951904
859 1.1239947080612183
860 1.2664332389831543
861 1.7686512470245361
862 1.6472020149230957
863 1.1094807386398315
864 1.8480300903320313
865 1.2378413677215576
866 1.1452600955963135
867 1.4629155397415161
868 1.2939716577529907
869 1.0623184442520142
870 1.935920000076294
871 1.5358785390853882
872 1.6611106395721436
873 1.9815679788589478
874 1.0090479850769043
875 0.48591122031211853
876 0.5365815758705139
877 0.748343288898468
878 1.0696686506271362
879 1.7420648336410522
880 0.7517666816711426
881 1.0417308807373047
882 1.238459587097168
883 1.0659743547439575
884 1.548964023590088
885 1.0140715837478638
886 1.2510571479797363
887 1.365944504737854
888 0.9697077870368958
889 1.1324430704116821
890 1.3700677156448364
891 1.4309148788452148
892 1.358483910560608
893 1.0964562892913818
894 1.6396664381027222
895 1.5493086576461792
896 1.6869325637817383
897 1.9771897792816162
898 1.9534558057785034
899 1.6618002653121948
900 2.016810655593872
901 1.2598949670791626
902 1.7478623390197754
903 1.2508405447006226
904 1.3363349437713623
905 1.5678949356079102
906 1.772629976272583
907 1.5972583293914795
908 1.7044682502746582
909 1.3279273509979248
910 1.5314525365829468
911 1.5170396566390991
912 1.4279106855392456
913 1.325904369354248
914 1.701513409614563
915 1.5223567485809326
916 2.1686980724334717
917 2.0172908306121826
918 1.8793458938598633
919 1.3948038816452026
920 1.4163604974746704
921 1.2453807592391968
922 1.728698492050171
923 1.1805766820907593
924 1.6313565969467163
925 1.3737878799438477
926 1.7940752506256104
927 1.4350978136062622
928 1.3250272274017334
929 1.6915866136550903
930 1.645764708518982
931 2.122607707977295
932 2.1209118366241455
933 1.3693865537643433
934 1.3329684734344482
935 2.0944344997406006
936 1.5013575553894043
937 1.883341670036316
938 2.0123863220214844
939 1.7499825954437256
940 1.8729374408721924
941 1.950868844985962
942 2.090972661972046
943 1.8304359912872314
944 1.9328526258468628
945 1.5958483219146729
946 1.7547245025634766
947 2.183196544647217
948 2.0691561698913574
949 1.811606526374817
950 2.4341773986816406
951 2.3348982334136963
952 1.8946119546890259
953 1.2153759002685547
954 1.7520898580551147
955 1.8391324281692505
956 1.3868091106414795
957 2.1421003341674805
958 2.3923263549804688
959 2.139246940612793
960 2.4413747787475586
961 2.70485258102417
962 3.1170637607574463
963 2.4893932342529297
964 2.7683005332946777
965 2.850109815597534
966 2.124133586883545
967 2.4530036449432373
968 2.810180902481079
969 1.8478946685791016
970 1.8255707025527954
971 2.4419589042663574
972 2.1117448806762695
973 3.277585744857788
974 2.6672539710998535
975 3.3644418716430664
976 2.5179903507232666
977 2.023542881011963
978 2.021806478500366
979 1.537476658821106
980 1.9862779378890991
981 2.329378604888916
982 1.9329140186309814
983 1.9193623065948486
984 1.5038422346115112
985 2.1255900859832764
986 2.2266738414764404
987 2.098249912261963
988 2.252316474914551
989 2.0985665321350098
990 2.0101165771484375
991 1.944469928741455
992 1.8892289400100708
993 2.8186235427856445
994 2.464893102645874
995 1.7443591356277466
996 1.7025507688522339
997 2.0483264923095703
998 1.8054829835891724
999 2.0021910667419434
1000 2.3197407722473145
1001 2.1539418697357178
1002 2.2002925872802734
1003 2.2102012634277344
1004 1.9564844369888306
1005 2.030991315841675
1006 1.6034324169158936
1007 2.1143300533294678
1008 1.9627923965454102
1009 2.1411657333374023
1010 1.865026593208313
1011 1.7784353494644165
1012 2.0227394104003906
1013 1.7156858444213867
1014 2.700815200805664
1015 2.1703953742980957
1016 2.5260729789733887
1017 2.3548696041107178
1018 1.8331689834594727
1019 2.031324625015259
1020 1.8661048412322998
1021 1.7638013362884521
1022 2.4584364891052246
1023 2.099594831466675
1024 2.6954970359802246
1025 2.6463212966918945
1026 2.457568407058716
1027 2.989630937576294
1028 2.9285545349121094
1029 2.5326457023620605
1030 2.738018751144409
1031 2.5580406188964844
1032 3.3192191123962402
1033 2.895430326461792
1034 2.9662468433380127
1035 3.1772122383117676
1036 3.057178497314453
1037 2.6148383617401123
1038 2.3328957557678223
1039 2.4142796993255615
1040 1.9273099899291992
1041 1.7115970849990845
1042 1.450019121170044
1043 1.3387773036956787
1044 1.839119553565979
1045 1.2254478931427002
1046 1.2685818672180176
1047 1.1955335140228271
1048 1.300402045249939
1049 1.530228853225708
1050 1.5349068641662598
1051 1.4312515258789063
1052 2.1862754821777344
1053 1.7216113805770874
1054 1.6924512386322021
1055 2.093862771987915
1056 1.9095911979675293
1057 2.032418966293335
1058 1.971882939338684
1059 1.8522156476974487
1060 1.597650408744812
1061 1.9334791898727417
1062 1.669944167137146
1063 1.9544509649276733
1064 2.2768707275390625
1065 2.327528715133667
1066 1.8135273456573486
1067 2.6777567863464355
1068 2.3095788955688477
1069 2.182072401046753
1070 1.9361776113510132
1071 1.7647747993469238
1072 1.8399863243103027
1073 1.16775643825531
1074 1.757035255432129
1075 1.8808904886245728
1076 2.8462955951690674
1077 2.2080600261688232
1078 1.5390267372131348
1079 1.3239401578903198
1080 1.20370352268219
1081 0.9643235802650452
1082 1.5448884963989258
1083 1.1459240913391113
1084 1.2252743244171143
1085 1.2900831699371338
1086 1.7930601835250854
1087 1.696729302406311
1088 1.6016693115234375
1089 2.0085434913635254
1090 1.934403419494629
1091 1.5618464946746826
1092 1.2386552095413208
1093 1.219588041305542
1094 1.8208109140396118
1095 1.6783206462860107
1096 1.2537060976028442
1097 0.6300786137580872
1098 1.635084867477417
1099 1.3323026895523071
1100 0.6436623334884644
1101 1.0004204511642456
1102 0.8027111887931824
1103 0.9744021892547607
1104 0.8487909436225891
1105 0.9551315307617188
1106 0.770786464214325
1107 0.5910694003105164
1108 0.7164360880851746
1109 0.888392448425293
1110 0.5580283403396606
1111 0.9208864569664001
1112 0.9190279245376587
1113 1.0965098142623901
1114 0.7768602967262268
1115 0.904519259929657
1116 0.7060580253601074
1117 0.9022387862205505
1118 0.7506218552589417
1119 0.5356335043907166
1120 0.24054047465324402
1121 0.728351354598999
1122 0.7388784885406494
1123 0.6927418112754822
1124 0.683143138885498
1125 0.49458497762680054
1126 0.567351758480072
1127 0.6175761222839355
1128 0.5809730291366577
1129 0.6254255771636963
1130 0.7714638113975525
1131 0.26297569274902344
1132 0.4630429744720459
1133 0.7645112872123718
1134 0.8020119071006775
1135 1.0209764242172241
1136 0.8031995296478271
1137 0.5330830216407776
1138 0.768012523651123
1139 0.6815489530563354
1140 0.5160457491874695
1141 0.8343879580497742
1142 0.5445467829704285
1143 0.8914403915405273
1144 1.0003736019134521
1145 0.7056171894073486
1146 0.6076668500900269
1147 0.8627749085426331
1148 0.4888335168361664
1149 0.7726847529411316
1150 0.39030909538269043
1151 0.32222580909729004
1152 0.5099959373474121
1153 0.7755305767059326
1154 0.7163164615631104
1155 0.7066659927368164
1156 0.8493223786354065
1157 0.8794959187507629
1158 0.8435784578323364
1159 0.9339891076087952
1160 0.8299179673194885
1161 0.8538409471511841
1162 0.7640776634216309
1163 1.020825743675232
1164 0.8098880648612976
1165 0.6453217267990112
1166 0.8089694380760193
1167 0.799625039100647
1168 0.4597577750682831
1169 0.6434558033943176
1170 0.4327620267868042
1171 0.5443664193153381
1172 0.7282498478889465
1173 0.535834789276123
1174 0.7079305648803711
1175 0.5999279022216797
1176 0.6190916895866394
1177 0.766946017742157
1178 0.43837887048721313
1179 0.8321025967597961
1180 0.5311577320098877
1181 0.3752695620059967
1182 0.45583704113960266
1183 0.41622623801231384
1184 0.48791128396987915
1185 0.42785218358039856
1186 0.48802945017814636
1187 0.42943066358566284
1188 0.735341489315033
1189 0.39081183075904846
1190 0.8618914484977722
1191 0.5837602019309998
1192 0.9671432375907898
1193 0.6935948729515076
1194 0.9043450355529785
1195 1.23146653175354
1196 0.5623723864555359
1197 0.867487907409668
1198 0.7301767468452454
1199 0.8306558132171631
1200 0.8840581774711609
1201 0.88333660364151
1202 1.0086625814437866
1203 0.7200409173965454
1204 0.6750999093055725
1205 0.6888216137886047
1206 0.9404396414756775
1207 0.9083061814308167
1208 0.6775436401367188
1209 0.96211838722229
1210 0.6300193667411804
1211 0.6056603193283081
1212 0.5837180018424988
1213 0.33672791719436646
1214 0.7837042808532715
1215 0.8034633994102478
1216 0.6023291349411011
1217 0.44293996691703796
1218 0.5345760583877563
1219 0.7956317663192749
1220 0.5694811344146729
1221 0.5503655672073364
1222 1.092155933380127
1223 0.6712337732315063
1224 0.868772029876709
1225 0.9544408321380615
1226 0.3253152072429657
1227 0.7966138124465942
1228 0.6049126982688904
1229 0.7737142443656921
1230 0.5914520621299744
1231 0.5230889320373535
1232 0.7063173055648804
1233 0.9873591661453247
1234 0.8519094586372375
1235 0.8271200656890869
1236 0.5472139120101929
1237 0.5051365494728088
1238 0.7722058892250061
1239 0.4925934374332428
1240 0.5509622693061829
1241 0.6738256216049194
1242 0.5564087629318237
1243 0.6632078886032104
1244 0.8376610279083252
1245 0.9078426361083984
1246 0.938990592956543
1247 0.8711807727813721
1248 0.49672672152519226
1249 0.7714099884033203
1250 0.5330488085746765
1251 0.7064447402954102
1252 0.8379486799240112
1253 0.8312256336212158
1254 0.9392583966255188
1255 0.543343186378479
1256 0.6586799025535583
1257 0.7624964118003845
1258 0.7096980810165405
1259 0.660954475402832
1260 0.6571509838104248
1261 0.756707489490509
1262 0.8493931889533997
1263 0.7429637312889099
1264 1.1996617317199707
1265 0.983526349067688
1266 0.6468183994293213
1267 1.107483148574829
1268 0.8556571006774902
1269 0.7363553047180176
1270 0.8427453637123108
1271 0.916363000869751
1272 1.0382000207901
1273 0.8305937647819519
1274 1.2512692213058472
1275 0.9038864374160767
1276 0.8584343791007996
1277 1.0718662738800049
1278 0.8685961961746216
1279 0.8467831611633301
1280 0.5816817879676819
1281 0.9469721913337708
1282 0.581936240196228
1283 0.6743165850639343
1284 0.5062974691390991
1285 0.5344460010528564
1286 0.6937889456748962
1287 0.5982025265693665
1288 0.6812533736228943
1289 0.844071090221405
1290 0.5037722587585449
1291 0.5663934946060181
1292 0.5558279752731323
1293 0.7242542505264282
1294 0.7215619683265686
1295 0.7618985772132874
1296 0.8652637004852295
1297 0.7727062106132507
1298 0.8728185296058655
1299 0.8858705759048462
1300 1.1746752262115479
1301 0.9272772669792175
1302 0.7990660667419434
1303 0.7813906073570251
1304 0.6455746293067932
1305 0.49669012427330017
1306 0.6346424221992493
1307 0.7851473093032837
1308 0.8479670882225037
1309 0.6930234432220459
1310 0.9059460163116455
1311 1.1948521137237549
1312 0.840930700302124
1313 0.5358282327651978
1314 0.6607353687286377
1315 0.6422440409660339
1316 0.9927526712417603
1317 0.5832701921463013
1318 0.539485514163971
1319 0.9212614893913269
1320 0.47114118933677673
1321 0.765799343585968
1322 0.8611900806427002
1323 0.6341177225112915
1324 0.7083800435066223
1325 0.9491167068481445
1326 0.7771686911582947
1327 0.7301212549209595
1328 0.7427725791931152
1329 0.6876083016395569
1330 0.8084505796432495
1331 0.8544646501541138
1332 0.5722216367721558
1333 0.9438323974609375
1334 0.721850574016571
1335 0.6226855516433716
1336 0.6314734220504761
1337 0.7293641567230225
1338 0.8107192516326904
1339 0.7119002342224121
1340 0.8527415990829468
1341 0.8470257520675659
1342 0.4510965943336487
1343 0.6982662081718445
1344 0.7456731200218201
1345 0.7921687960624695
1346 0.6842969655990601
1347 0.5204623341560364
1348 0.5598596930503845
1349 0.6522465944290161
1350 0.6554027199745178
1351 0.5218359231948853
1352 0.5444942712783813
1353 0.44964683055877686
1354 0.7334131598472595
1355 0.6990513205528259
1356 0.792921245098114
1357 0.6237514615058899
1358 0.8736528754234314
1359 0.6884679794311523
1360 0.8048970699310303
1361 0.766825258731842
1362 0.9089198708534241
1363 0.9542851448059082
1364 0.7104538083076477
1365 1.0263689756393433
1366 0.8641142249107361
1367 0.8051052093505859
1368 0.8029898405075073
1369 0.8984896540641785
1370 0.38909146189689636
1371 0.41610264778137207
1372 0.5941664576530457
1373 0.7551143765449524
1374 0.5761176943778992
1375 0.6616504788398743
1376 0.8801282644271851
1377 0.5414472222328186
1378 0.5996730327606201
1379 0.8869531750679016
1380 0.8202478289604187
1381 0.9565295577049255
1382 1.2110458612442017
1383 0.7418437600135803
1384 0.8498563766479492
1385 0.7759076952934265
1386 0.6831983327865601
1387 0.844004213809967
1388 0.7314292788505554
1389 0.6556943655014038
1390 0.6879446506500244
1391 0.7489818930625916
1392 0.8082702159881592
1393 0.573735773563385
1394 0.8538713455200195
1395 0.7704233527183533
1396 0.7478161454200745
1397 0.48154357075691223
1398 0.6324572563171387
1399 0.5551343560218811
1400 0.656369686126709
1401 1.0752791166305542
1402 1.0019876956939697
1403 0.7567288875579834
1404 1.1863552331924438
1405 0.740380585193634
1406 0.7116383910179138
1407 0.9578406810760498
1408 0.9558849930763245
1409 1.0393824577331543
1410 0.8037469387054443
1411 0.5895285606384277
1412 0.5990117192268372
1413 0.7656055092811584
1414 0.8312816619873047
1415 0.8734683394432068
1416 0.8614424467086792
1417 0.6773167848587036
1418 1.037262201309204
1419 0.5091000199317932
1420 0.6344546675682068
1421 0.8938731551170349
1422 0.7775579690933228
1423 0.8980004787445068
1424 0.847387433052063
1425 0.6461840867996216
1426 0.7430057525634766
1427 0.985173225402832
1428 0.8900943398475647
1429 0.8807694315910339
1430 0.7406545877456665
1431 0.6681484580039978
1432 0.6733580827713013
1433 0.6096896529197693
1434 1.034895896911621
1435 0.8081251382827759
1436 0.9829363822937012
1437 0.8536771535873413
1438 1.244855284690857
1439 0.7375836372375488
1440 0.619952380657196
1441 0.6749444603919983
1442 0.7818121314048767
1443 0.7319458723068237
1444 0.6308170557022095
1445 0.7702426910400391
1446 0.7116801738739014
1447 0.5455194115638733
1448 0.7794492840766907
1449 0.5248265266418457
1450 0.5458778738975525
1451 0.5267267823219299
1452 0.848969578742981
1453 0.9755131006240845
1454 0.6961991786956787
1455 0.5207747220993042
1456 0.5627538561820984
1457 0.5112836360931396
1458 0.6499720215797424
1459 0.9501228928565979
1460 0.7768908143043518
1461 0.526096522808075
1462 0.6862889528274536
1463 0.5214645862579346
1464 0.5497341752052307
1465 0.7772355675697327
1466 0.8076177835464478
1467 0.6719716191291809
1468 0.9790523052215576
1469 1.0735341310501099
1470 0.7157120704650879
1471 0.6215132474899292
1472 0.5710994601249695
1473 0.7968467473983765
1474 0.6719114780426025
1475 1.0106486082077026
1476 0.715625524520874
1477 0.7462142109870911
1478 0.8441286087036133
1479 0.6971526145935059
1480 1.038432002067566
1481 1.057852029800415
1482 0.8905642032623291
1483 0.7801438570022583
1484 0.9691358208656311
1485 0.6090104579925537
1486 0.7554160952568054
1487 0.8317888379096985
1488 0.8596720099449158
1489 0.9039223194122314
1490 0.8314304351806641
1491 0.26859691739082336
1492 0.7261323928833008
1493 0.7770835161209106
1494 0.7220677733421326
1495 0.5794216990470886
1496 0.6959424614906311
1497 0.6048576235771179
1498 0.8941738605499268
1499 0.7172622680664063
1500 0.6618399024009705
1501 0.7308088541030884
1502 0.9409684538841248
1503 0.3816814422607422
1504 0.8000529408454895
1505 1.023284912109375
1506 0.7219424843788147
1507 0.5127858519554138
1508 0.8472301363945007
1509 0.8288038969039917
1510 0.9283382296562195
1511 0.9099541306495667
1512 0.5820550918579102
1513 0.5710763931274414
1514 0.8028029799461365
1515 0.4323234558105469
1516 1.0725479125976563
1517 0.8022058010101318
1518 0.6517823338508606
1519 0.6585009098052979
1520 0.9622452259063721
1521 0.6118374466896057
1522 0.7881925106048584
1523 0.9793907403945923
1524 0.6901992559432983
1525 0.5423437356948853
1526 0.700271487236023
1527 0.6036871075630188
1528 0.7705315351486206
1529 1.0264413356781006
1530 0.6986465454101563
1531 0.6920561194419861
1532 0.8243619799613953
1533 0.8146334886550903
1534 0.8399778008460999
1535 0.8092638850212097
1536 0.8572802543640137
1537 1.0970412492752075
1538 0.7888339757919312
1539 0.7904995083808899
1540 0.8772087097167969
1541 0.5907308459281921
1542 1.0993763208389282
1543 1.2031986713409424
1544 0.8238970041275024
1545 1.0068217515945435
1546 1.3202210664749146
1547 1.2132554054260254
1548 1.0359714031219482
1549 0.8354916572570801
1550 1.1031074523925781
1551 0.7956098318099976
1552 0.9898439645767212
1553 0.9097608327865601
1554 0.9830437302589417
1555 0.6788670420646667
1556 1.0842983722686768
1557 1.14894437789917
1558 0.7975166440010071
1559 1.1056255102157593
1560 1.1850924491882324
1561 0.9219738245010376
1562 0.5778497457504272
1563 1.0236655473709106
1564 0.9806293249130249
1565 0.6744455695152283
1566 1.0629125833511353
1567 0.9645145535469055
1568 1.1255918741226196
1569 1.0713551044464111
1570 1.1034667491912842
1571 1.202223539352417
1572 0.7059354186058044
1573 0.6392627954483032
1574 0.9210872054100037
1575 0.777625560760498
1576 0.7598937153816223
1577 0.6670635938644409
1578 1.0753004550933838
1579 0.7481140494346619
1580 0.9755311012268066
1581 0.9066927433013916
1582 0.8484793901443481
1583 1.1250300407409668
1584 0.5991899967193604
1585 1.122082233428955
1586 1.122281789779663
1587 1.05194091796875
1588 1.1160528659820557
1589 1.1739792823791504
1590 1.0707359313964844
1591 0.9038249254226685
1592 1.0835527181625366
1593 1.062672734260559
1594 0.556677520275116
1595 0.8772046566009521
1596 0.5652725696563721
1597 0.8403710126876831
1598 0.667245090007782
1599 1.544357180595398
1600 0.5299897789955139
1601 1.3129702806472778
1602 0.8124198913574219
1603 0.9246848821640015
1604 0.774540901184082
1605 0.506970226764679
1606 0.6610798239707947
1607 0.7852151393890381
1608 0.78555828332901
1609 0.4617951810359955
1610 0.9977961778640747
1611 0.5028226375579834
1612 0.7746450304985046
1613 0.8130753636360168
1614 0.8571214079856873
1615 1.4147188663482666
1616 1.1311794519424438
1617 0.9823750853538513
1618 1.2216620445251465
1619 0.7454487085342407
1620 1.122819185256958
1621 0.9689211249351501
1622 0.6939840912818909
1623 0.8233201503753662
1624 0.4766920506954193
1625 1.3136494159698486
1626 1.020063877105713
1627 1.1878201961517334
1628 0.7159028053283691
1629 0.8309431076049805
1630 0.6810948848724365
1631 1.012572169303894
1632 1.083804965019226
1633 1.3033292293548584
1634 1.1745405197143555
1635 1.1724369525909424
1636 1.198681116104126
1637 1.006654143333435
1638 1.2540651559829712
1639 1.450799822807312
1640 0.6394127607345581
1641 0.821929931640625
1642 0.5051999688148499
1643 0.606985330581665
1644 0.6259807348251343
1645 0.5246884226799011
1646 1.5972161293029785
1647 1.2230995893478394
1648 1.000846266746521
1649 0.9218405485153198
1650 1.2392010688781738
1651 1.1960887908935547
1652 1.0103449821472168
1653 1.1908185482025146
1654 0.6550841331481934
1655 0.7148362398147583
1656 0.8328659534454346
1657 0.9622452259063721
1658 0.7632039785385132
1659 1.3994325399398804
1660 0.9716814160346985
1661 1.2502785921096802
1662 1.258144497871399
1663 1.1036376953125
1664 1.0050128698349
1665 1.1086680889129639
1666 0.8973917365074158
1667 0.9488745331764221
1668 0.9855692982673645
1669 0.9352337121963501
1670 0.9944552183151245
1671 1.119644045829773
1672 0.826137125492096
1673 0.9511363506317139
1674 0.8272338509559631
1675 0.6876696944236755
1676 1.025399923324585
1677 0.7482662200927734
1678 0.7311687469482422
1679 0.7963025569915771
1680 0.8394777178764343
1681 0.29976680874824524
1682 0.6706604957580566
1683 0.7743388414382935
1684 0.7616695165634155
1685 1.1492422819137573
1686 1.027575969696045
1687 1.1153701543807983
1688 1.8200020790100098
1689 1.6477636098861694
1690 1.3149012327194214
1691 1.5055633783340454
1692 1.4151687622070313
1693 1.1240100860595703
1694 1.2766857147216797
1695 0.7758703827857971
1696 0.9012100696563721
1697 0.6989235281944275
1698 0.9757212400436401
1699 0.7424027323722839
1700 0.6973960399627686
1701 0.844598650932312
1702 0.6882802844047546
1703 0.5236672759056091
1704 0.9539017081260681
1705 0.7526447176933289
1706 0.9795150756835938
1707 0.9379591941833496
1708 1.073854923248291
1709 0.6258355975151062
1710 1.1496468782424927
1711 1.0901505947113037
1712 1.1731353998184204
1713 1.3207815885543823
1714 0.8799818158149719
1715 1.259024977684021
1716 1.1982479095458984
1717 1.1208667755126953
1718 0.5893620252609253
1719 0.5356161594390869
1720 0.9632709622383118
1721 0.8609049320220947
1722 0.35270246863365173
1723 1.0543460845947266
1724 0.7401507496833801
1725 0.518291175365448
1726 0.8716577291488647
1727 1.024897575378418
1728 0.7342351675033569
1729 0.8612062931060791
1730 0.9793964624404907
1731 1.2069014310836792
1732 0.7769222259521484
1733 1.2722642421722412
1734 0.8668835163116455
1735 0.6053648591041565
1736 0.7990896701812744
1737 0.9466824531555176
1738 0.9828187227249146
1739 0.7775591015815735
1740 1.1565155982971191
1741 0.7916529774665833
1742 0.954676628112793
1743 0.5129197835922241
1744 0.6543013453483582
1745 0.5465294122695923
1746 0.6231052279472351
1747 0.8081004023551941
1748 1.085731029510498
1749 1.00364089012146
1750 0.6638386249542236
1751 0.7275925874710083
1752 0.5393117070198059
1753 0.5169364809989929
1754 0.4910213351249695
1755 0.6015399694442749
1756 0.42544183135032654
1757 0.5756414532661438
1758 0.7136596441268921
1759 0.7593080997467041
1760 0.7533955574035645
1761 1.287896752357483
1762 0.7471157908439636
1763 0.784214198589325
1764 0.564579963684082
1765 1.0942717790603638
1766 0.5529665946960449
1767 1.0136491060256958
1768 0.5239699482917786
1769 0.8741601705551147
1770 0.5740517377853394
1771 0.6557418704032898
1772 0.7208003401756287
1773 0.7563507556915283
1774 0.6274150013923645
1775 0.8586890697479248
1776 0.5098429918289185
1777 0.7568521499633789
1778 0.4928143322467804
1779 1.233546495437622
1780 0.6374959349632263
1781 0.8178501129150391
1782 0.43303439021110535
1783 0.6780248880386353
1784 1.0801918506622314
1785 1.0749261379241943
1786 0.7447631359100342
1787 0.9005667567253113
1788 0.8142021894454956
1789 0.7037103772163391
1790 0.8111348152160645
1791 0.8624704480171204
1792 0.48608091473579407
1793 0.8128456473350525
1794 1.0821529626846313
1795 0.6803569197654724
1796 1.005529522895813
1797 0.9673430323600769
1798 0.5806945562362671
1799 0.7813645005226135
1800 0.6767060160636902
1801 1.1365816593170166
1802 1.0673786401748657
1803 0.9300625324249268
1804 1.2441446781158447
1805 1.315009593963623
1806 0.8874338865280151
1807 0.5956040620803833
1808 0.6200144290924072
1809 0.5332066416740417
1810 0.9415430426597595
1811 0.8665534853935242
1812 0.8704477548599243
1813 0.954470694065094
1814 0.5860253572463989
1815 0.836085855960846
1816 0.9084544777870178
1817 0.7514482140541077
1818 0.8777773976325989
1819 1.0803683996200562
1820 0.6087915897369385
1821 1.0530210733413696
1822 0.873114287853241
1823 0.9603285789489746
1824 1.110762357711792
1825 1.0209691524505615
1826 1.0128556489944458
1827 0.9576058387756348
1828 0.8447765111923218
1829 0.31580230593681335
1830 0.69108647108078
1831 1.2667707204818726
1832 0.7450077533721924
1833 0.5656218528747559
1834 0.7299363017082214
1835 0.8112042546272278
1836 0.6206933259963989
1837 0.7302183508872986
1838 0.7239888906478882
1839 0.9274440407752991
1840 0.8137245774269104
1841 0.6852428913116455
1842 0.6426405906677246
1843 0.6299129724502563
1844 0.6172147393226624
1845 0.5192501544952393
1846 0.6303032636642456
1847 1.060002088546753
1848 1.1398323774337769
1849 0.4278613328933716
1850 0.6186996102333069
1851 0.7730563282966614
1852 0.441813200712204
1853 0.530353844165802
1854 0.6814155578613281
1855 0.5618816018104553
1856 0.44808632135391235
1857 0.7481834888458252
1858 0.749168872833252
1859 0.7292925715446472
1860 0.9047166705131531
1861 0.9382259249687195
1862 0.6227981448173523
1863 0.5874602198600769
1864 0.37394851446151733
1865 0.9910983443260193
1866 0.725246787071228
1867 0.5427627563476563
1868 0.40252920985221863
1869 0.741193950176239
1870 0.8254875540733337
1871 0.6403015851974487
1872 0.8442811965942383
1873 0.7327899932861328
1874 0.707598865032196
1875 0.4804772734642029
1876 0.7122365236282349
1877 0.6284969449043274
1878 0.7116520404815674
1879 1.154026746749878
1880 0.34235551953315735
1881 0.5714241862297058
1882 0.4854796230792999
1883 0.4910995066165924
1884 0.8722813725471497
1885 0.6675330996513367
1886 0.818518877029419
1887 0.9415279030799866
1888 0.5867790579795837
1889 0.6325775384902954
1890 0.717146635055542
1891 0.6080102324485779
1892 0.5642228722572327
1893 0.7383689284324646
1894 0.579695999622345
1895 0.7905416488647461
1896 0.730444610118866
1897 0.7231130599975586
1898 0.4123360812664032
1899 0.5982933640480042
1900 0.4946627914905548
1901 0.5204157829284668
1902 0.6571727395057678
1903 0.7035643458366394
1904 1.1958622932434082
1905 0.6086470484733582
1906 0.645267903804779
1907 0.7736901044845581
1908 0.5525960326194763
1909 0.6392463445663452
1910 0.5413280725479126
1911 1.3181092739105225
1912 0.6276268362998962
1913 0.7336069345474243
1914 0.5570030808448792
1915 0.9478640556335449
1916 1.062031865119934
1917 0.5799302458763123
1918 0.8278813362121582
1919 0.5118719935417175
1920 1.1279702186584473
1921 0.9075363278388977
1922 0.7844266295433044
1923 1.0808404684066772
1924 0.6241194605827332
1925 0.6718431115150452
1926 0.8570099472999573
1927 0.6442727446556091
1928 0.7071124911308289
1929 0.5634374022483826
1930 0.6105273365974426
1931 0.6036821007728577
1932 0.7369627952575684
1933 0.5441481471061707
1934 0.6217413544654846
1935 0.5093502998352051
1936 0.8619179725646973
1937 0.6035131216049194
1938 0.5404698848724365
1939 0.6956254839897156
1940 0.8627137541770935
1941 0.7014377117156982
1942 0.7679367661476135
1943 0.8298197388648987
1944 0.6403281092643738
1945 0.786832869052887
1946 0.8813239336013794
1947 0.9475408792495728
1948 1.0577220916748047
1949 0.8352375030517578
1950 0.7467820644378662
1951 0.9356919527053833
1952 1.0626908540725708
1953 1.048227310180664
1954 0.858039379119873
1955 0.4568076729774475
1956 1.1272830963134766
1957 1.0905455350875854
1958 0.9179059863090515
1959 0.9888514280319214
1960 1.1526697874069214
1961 0.8709421157836914
1962 0.8620719909667969
1963 0.8160719275474548
1964 0.5890614986419678
1965 0.7502124905586243
1966 0.7223259806632996
1967 0.7573819756507874
1968 0.8543307781219482
1969 0.8581138253211975
1970 0.6999230980873108
1971 0.49811920523643494
1972 0.5948649048805237
1973 0.6784304976463318
1974 0.6467278003692627
1975 1.095819115638733
1976 0.5608943700790405
1977 0.6047468781471252
1978 1.093907117843628
1979 0.9559317231178284
1980 1.0005940198898315
1981 0.6780019998550415
1982 0.5917628407478333
1983 0.5858408808708191
1984 0.907274067401886
1985 0.598757803440094
1986 0.6302095055580139
1987 0.5672342777252197
1988 0.5981888175010681
1989 0.5876877307891846
1990 0.6152469515800476
1991 1.1133838891983032
1992 1.1331839561462402
1993 0.6387310028076172
1994 0.6868161559104919
1995 0.8368158340454102
1996 0.6316764950752258
1997 0.589974045753479
1998 0.7042130827903748
1999 0.8101046085357666
