0 21.270521520751558
1 22.2672472430112
2 21.932710004822113
3 22.00599334798288
4 23.085954256540077
5 23.21071420032558
6 22.24700112952525
7 23.13078409169988
8 23.209694097647336
9 23.276668738223986
10 22.66781688746533
11 22.75114952530946
12 23.19301929315636
13 22.895716401661918
14 22.633040948340486
15 23.134155458585468
16 23.39817232944188
17 23.615902961939
18 24.13032771777835
19 23.136820880273003
20 23.01575464704164
21 22.82435046738537
22 21.859598055768238
23 22.246250683321808
24 22.84917386698405
25 22.385182737419708
26 23.862260891748114
27 24.352171608555146
28 23.4810024472871
29 22.946783531671965
30 22.53812690430092
31 22.662983621406834
32 23.22034247293582
33 22.92099724753664
34 22.074644226765663
35 22.05467038387318
36 22.713308386496138
37 22.02078310131879
38 22.6598893263331
39 22.830349238507548
40 22.212080696662632
41 23.24157875569813
42 22.679840485271008
43 23.154565160192654
44 22.185661448911826
45 22.359188802499204
46 21.890004472874327
47 21.596024916121216
48 21.060860239090445
49 21.82504932434194
50 21.968357102615563
51 22.118685444978976
52 22.57799216016218
53 21.247008946308014
54 21.920437018549574
55 21.305499690225712
56 21.640284679062468
57 21.88732245252115
58 22.44261115079026
59 22.341144096597684
60 21.557507214216173
61 21.918329518306606
62 21.293154508147648
63 21.422441607670795
64 21.066751662427116
65 21.835214593773802
66 21.20182093632706
67 21.304757620031566
68 21.7613546748449
69 21.63704469203912
70 20.738115540407776
71 20.869162462512456
72 21.023903763600988
73 21.97249575147442
74 22.28579700272891
75 22.141404223366333
76 21.902058261322964
77 22.384783445753193
78 23.184781918157054
79 22.832053348962532
80 22.68927812458786
81 22.312001131591195
82 22.29736353457562
83 21.66866808908001
84 21.88711676384709
85 22.133518506353074
86 21.43071876842092
87 21.590987334194917
88 21.608578761554053
89 21.612303960737066
90 21.88613095610492
91 21.36743680669582
92 22.043371342184876
93 21.72222808283402
94 21.241319034295127
95 21.577242595142522
96 22.396409131420906
97 21.94661835661488
98 21.555429410427152
99 21.90530842763909
100 21.936062247490803
101 21.639631219246972
102 21.850614376517886
103 21.06191928377197
104 21.964567442747434
105 21.678788123098098
106 21.645838019805016
107 21.75831068320921
108 22.251179886231544
109 22.106229205987397
110 22.118595624357273
111 22.14814594251212
112 22.412564314238576
113 22.45126916107495
114 22.549400610499625
115 21.589201628480243
116 21.500556959947556
117 22.13775162177172
118 22.910653973466687
119 21.553015568284472
120 21.13644667003039
121 22.28298867619206
122 20.446128077328073
123 21.66795527651292
124 21.231763308020266
125 21.737235619281204
126 21.804452208005713
127 21.881468515407654
128 21.624114403099533
129 21.74779913993073
130 21.638947383941876
131 21.0991244206317
132 21.415198336574143
133 21.180389302692603
134 21.14920966000106
135 21.141327615119025
136 21.96144372757423
137 22.094426076907595
138 21.525117965069285
139 22.318866124858634
140 21.079124824799365
141 21.088551286584977
142 21.05484810079332
143 21.161428351112743
144 20.41297790440289
145 20.780169524207746
146 20.303643388004335
147 20.710189111394495
148 20.999339593809687
149 21.29808084147187
150 20.75786789894748
151 20.24661353394411
152 21.72832543150277
153 21.072997846175465
154 21.088954315096384
155 21.11949989305719
156 20.249277931387592
157 20.814318791339677
158 19.936136200318373
159 20.418310715550117
160 21.37763602404568
161 20.88191658915379
162 20.078060802557278
163 20.360921365642884
164 21.19007508831027
165 20.85906386064965
166 21.01607090203954
167 21.086011290448507
168 20.88106033047996
169 19.53897051203462
170 19.96300131866032
171 20.09972547491211
172 20.18730901247872
173 19.974780602136672
174 21.1782984133048
175 20.918387430067014
176 20.317611002630922
177 20.197477694132804
178 20.381206690267863
179 19.010827775769616
180 19.619971553798884
181 19.56282059336983
182 19.398150478486013
183 19.331387336040713
184 19.89012531464167
185 19.577132756276434
186 19.341870294710457
187 19.14244535952985
188 18.837167239561506
189 18.68757820625683
190 18.629223198969445
191 18.187374712497643
192 19.752945786896273
193 19.36781185423974
194 19.379076058857997
195 19.688793336184126
196 19.510748930636897
197 18.71508203270637
198 19.25368144530038
199 19.096428327967082
200 19.37447968087816
201 18.742163324560458
202 18.76323942270348
203 19.925832837743304
204 20.423426473354166
205 20.55545532876222
206 19.941182668114426
207 18.140099793447124
208 19.107638589732062
209 18.376735602826084
210 18.816406010171427
211 18.67356417258277
212 18.613107936255965
213 18.838120456175968
214 19.566424501509584
215 19.737271123021426
216 18.67383663225469
217 18.504355485310608
218 18.777592482372174
219 18.53670889876769
220 18.795104798180883
221 18.48832799528564
222 18.37077647836589
223 18.684362782936045
224 18.3440436430348
225 18.128443858094347
226 18.150841072278105
227 18.17912510103454
228 18.914111011606714
229 18.409699087149672
230 18.70616842453466
231 18.627446668328517
232 18.367178089244234
233 18.94236653260896
234 18.602763835477422
235 18.76252820077587
236 19.126590637909338
237 18.631723589149303
238 19.536341961271795
239 18.679311575576723
240 18.924710494294043
241 19.365088805663014
242 19.57602780734056
243 19.1591591887667
244 18.41692007075001
245 19.218583315235623
246 18.572505904106382
247 18.735084610698436
248 19.125647717425323
249 19.05679502689798
250 18.507867195519502
251 18.29005290413435
252 18.825793045389148
253 18.711113928913708
254 18.465758335999478
255 18.932001996150216
256 18.66930088091859
257 18.64075650209912
258 18.112707764662822
259 18.429235756555066
260 18.38169842254791
261 17.921329315080502
262 17.90069663685579
263 18.425859474057862
264 18.32802458178771
265 17.866661779615995
266 18.4400455827092
267 18.680050372089436
268 17.688635406052622
269 17.979959687034235
270 18.22160465767051
271 18.911539990101154
272 17.643305330976162
273 18.05261361837681
274 17.530295039994265
275 18.189171672125667
276 18.900372141741073
277 18.16707415466427
278 18.78775807563771
279 18.163205159102603
280 18.609022209670776
281 18.620938902502317
282 18.49681615721459
283 18.637152089551268
284 18.232263536822224
285 17.807351357664267
286 18.12384490847592
287 18.260576779094002
288 18.167524899410985
289 17.9423963391709
290 18.684157732888774
291 19.09975295672364
292 18.400456669307935
293 18.743557099900578
294 18.622464136809178
295 18.508783972038287
296 18.17163096303248
297 18.516072618834194
298 18.299978985038646
299 17.898208558912916
300 18.37846991898215
301 18.38112829549932
302 18.890098678985925
303 18.39831690091821
304 18.392533929158454
305 18.066510203015337
306 17.71509148443464
307 17.869309069749782
308 16.736186698616155
309 17.684359368902644
310 17.802015370780815
311 17.208336198941094
312 17.420540585397443
313 17.54826090049724
314 17.326542819499192
315 16.80796909724296
316 17.388505763928293
317 16.925148792787585
318 16.85698154434984
319 17.53544223472481
320 16.937785357059084
321 17.411148734381165
322 16.762828827963776
323 17.224950916171508
324 17.97020895378173
325 17.734385680885854
326 17.47964182919511
327 16.815369568906014
328 16.98482627569887
329 16.93162877251065
330 17.060161802460467
331 16.600927253128425
332 16.518084685195998
333 17.238204500585486
334 17.143340063138286
335 16.72070129608893
336 17.325201922715824
337 17.302137780348502
338 17.404121552575436
339 17.157221058810606
340 17.410740281046532
341 16.933089105335064
342 17.056999878502765
343 16.71135664836148
344 16.65825329878315
345 17.25006012312058
346 16.9885604516838
347 16.72318628840742
348 16.602718507397398
349 16.881062406714207
350 16.82238704567628
351 17.090312690104223
352 17.20798613154732
353 16.835352738401863
354 17.12775571741551
355 16.912137304938103
356 16.96932480001583
357 16.753723821238133
358 16.871973777230245
359 17.15474016341984
360 16.993562919961533
361 16.9462437211298
362 17.63074075507916
363 16.716375123423045
364 16.661928057875866
365 17.002157366430566
366 16.835727325428344
367 16.29658017191486
368 16.01041063082728
369 16.612834555066033
370 16.67291548619902
371 16.531626612615568
372 16.76769117893615
373 16.91437102079359
374 17.316999569308674
375 16.638403159703863
376 17.475399292640137
377 16.416049626067473
378 16.930233940578567
379 16.35940873276077
380 16.25189392517366
381 16.131959038278406
382 16.490504356269664
383 16.11414181227861
384 16.434817861559072
385 17.363471022546424
386 16.389511359293294
387 15.914119709385943
388 15.813047570643661
389 16.097824036399427
390 15.80397425561936
391 17.39655719353265
392 16.227144519095088
393 16.660606358858544
394 15.371985887758989
395 16.38956920975415
396 16.334663211372966
397 16.849964065254618
398 17.003301716842156
399 16.336330838499936
400 16.11360342750995
401 16.00072931632311
402 16.25577145882465
403 16.587107148996978
404 16.980388130102888
405 17.445502168681898
406 16.9633917513136
407 17.439119210105865
408 17.543530128201386
409 17.10296896783533
410 16.750044409263932
411 17.203778157396425
412 17.11221171373791
413 16.894820364281365
414 17.047296915592316
415 16.24834741391154
416 16.703119533400795
417 16.682617055960105
418 16.97509373091131
419 16.533673809300993
420 16.99128851817125
421 16.49851069802622
422 16.485297722643462
423 17.00995335225402
424 16.261860216157842
425 17.043425646885975
426 16.024126996779856
427 15.374213297808005
428 16.60015132146104
429 16.382273097529644
430 15.954556961078024
431 16.136522915437197
432 16.26673327482615
433 16.327078675169748
434 15.551647810660569
435 15.832434218783318
436 15.051052234758897
437 16.1412309113536
438 16.72281098221614
439 15.42713380266074
440 15.831802922366156
441 16.092898639304337
442 15.57670194599522
443 15.630871994499422
444 14.872832213517027
445 15.714882419254824
446 15.695832495030519
447 15.40639337519548
448 15.48871375187361
449 15.608346675143048
450 15.815434129563995
451 15.395585278953698
452 15.810115235399278
453 16.23071019451112
454 15.603553883824612
455 15.878909048638008
456 16.812492582372343
457 16.53812368074202
458 16.55684278103844
459 16.912892331509475
460 16.82323186150061
461 16.563214212218274
462 16.57008431761136
463 16.39541724308535
464 17.12802977163023
465 16.598549462680737
466 15.996233390303404
467 15.946013219212372
468 16.28399100694654
469 16.057699104273173
470 16.34926872364144
471 15.818646902573695
472 16.70391801746844
473 15.831011372837835
474 16.58099956791492
475 16.002245340894998
476 16.051668282977246
477 15.747463254734832
478 15.915104843685905
479 16.150790548311445
480 16.761129969178118
481 14.87530500590634
482 16.1449927474986
483 16.366379762659108
484 15.726758225130778
485 16.075780090256572
486 16.16754521423999
487 16.072642364309235
488 15.895065123814433
489 15.884341651985931
490 16.38816897836594
491 15.880246228557697
492 15.935169431796648
493 15.397474133786039
494 16.17749481311111
495 15.726130539591365
496 16.416228960846514
497 15.751332233064247
498 16.610731582654
499 16.022322233551158
500 15.43174832649926
501 15.537208434681144
502 15.27894528061027
503 14.815819693114367
504 14.488894870846055
505 14.138857613583191
506 14.310447247540981
507 13.67766913261364
508 14.192383345792903
509 14.393108122671489
510 14.074690026993768
511 13.846306064826289
512 13.830328518911282
513 13.901275984190601
514 13.676558030327294
515 14.158369349113656
516 13.536927755784216
517 13.978235408251168
518 14.676774032543577
519 14.890153287164306
520 14.89582962322955
521 14.379851504160813
522 14.062583609190458
523 13.93767162588436
524 14.294756552108133
525 15.36936567201971
526 14.570450562857962
527 14.299506750603669
528 14.885137022367145
529 15.0676050255343
530 14.785721196120035
531 14.511494592075989
532 13.529540152103863
533 15.35080191765725
534 14.387539144193916
535 14.498795304943583
536 13.977950682978515
537 13.721177553130492
538 14.448653975826996
539 13.756276095435128
540 13.926642583211573
541 14.019173206109606
542 14.07064435091579
543 13.765740618986344
544 13.817452286430175
545 13.547655247227523
546 13.837208551370937
547 13.634058968558277
548 13.333107647982638
549 13.980148871343655
550 14.211492580299943
551 13.9063387930984
552 13.995648464656698
553 13.378596661976724
554 13.351660815390625
555 13.665360152674188
556 13.926349408452456
557 13.058040317441634
558 13.329633458093891
559 13.511538810759236
560 13.664039242443897
561 12.97046816265495
562 13.775946147578145
563 13.237044990423419
564 14.02223566346415
565 13.925511092313581
566 13.703113229346096
567 13.34441321993921
568 13.848192846933978
569 13.264158553253035
570 13.020260614949198
571 13.4530970439645
572 13.189436856040453
573 13.639682862372306
574 13.49605555032441
575 13.712695337140095
576 14.06946670429699
577 13.539351708972378
578 14.059912514272858
579 13.630667038070598
580 13.665542184148752
581 13.347696064424335
582 13.934215341079941
583 13.701510848835031
584 13.720720775293566
585 13.260031515204291
586 13.03183978995382
587 13.30784171425903
588 12.973519398597803
589 12.379534354275675
590 12.488640992740406
591 13.122000081533198
592 12.381278962857099
593 12.050738936474076
594 12.348421425150697
595 13.589737825225189
596 13.060155547798821
597 11.80725844530309
598 11.837083250384785
599 12.027999832334826
600 12.51881025185302
601 12.318573897996709
602 12.721439468586775
603 13.30410768290568
604 12.971988293236103
605 13.491436721624519
606 12.65705968978599
607 13.802460174876384
608 13.564253909905382
609 12.77847530341121
610 13.927652843706804
611 13.505550622062716
612 13.34863813152804
613 13.182490739677027
614 13.070781072028483
615 11.94715567968456
616 12.376232439830874
617 12.19864991229642
618 12.29519882039373
619 12.073556328977944
620 11.921234233914035
621 11.607917341986708
622 11.640752753052665
623 11.277298847957164
624 11.799265856565537
625 12.71848501888229
626 12.497858943283795
627 11.277545351503665
628 11.227736795668967
629 10.961273013664856
630 11.725586533917712
631 10.627089556837014
632 11.5867148588329
633 11.153930086132938
634 11.283364732017297
635 10.763689043589535
636 11.488378677474977
637 11.009585872269245
638 10.920148638747335
639 10.975873002764553
640 11.579893373905337
641 12.16382917056419
642 11.304854133013277
643 11.911443362484647
644 12.389464139268235
645 12.60701908353854
646 12.686318581199384
647 12.19088132402187
648 12.253003662376923
649 12.035258878458828
650 12.575500641569676
651 11.856357375643125
652 11.269783258782203
653 11.512722907523319
654 12.463479990972704
655 11.958350524092756
656 12.230944866128848
657 11.27966301831326
658 12.08565736507443
659 11.78085935656687
660 11.766568579981588
661 11.903491034077453
662 11.960221167519142
663 12.318855185206136
664 11.843447114299025
665 11.667272367296414
666 11.977867333189629
667 12.369077815755048
668 12.36474020779908
669 12.0756920424408
670 11.583318255113655
671 11.749897010343235
672 11.348560976167757
673 11.469647452288728
674 11.28866593551722
675 11.186534577057442
676 11.386295440578051
677 11.900101001272306
678 11.831813672415612
679 12.283356112483853
680 10.919724834792499
681 11.451866624726064
682 11.206973771567041
683 11.403263743317083
684 12.062163671086928
685 11.815985298465963
686 11.951881066936389
687 11.993387522153649
688 12.555648901355893
689 12.250191567253221
690 12.073683080201393
691 11.927916192970844
692 11.783422162383681
693 11.24610898133303
694 11.327090845659475
695 11.820388978339391
696 11.402873374936082
697 11.558458072524356
698 11.027738415838309
699 10.64067236965125
700 10.874444296729289
701 11.637106402769122
702 11.165994056258183
703 11.333985504965003
704 10.84810597409435
705 11.472326032006388
706 11.036366845052399
707 10.57215889056959
708 11.028865514268523
709 11.12465589003865
710 10.953683938180967
711 10.715378602907679
712 10.90249056050947
713 10.879229330248979
714 10.90852618487031
715 10.638469988271012
716 10.66639259350772
717 10.874326119090261
718 10.868151202035047
719 10.859398540988353
720 10.735212949499708
721 10.732696406334824
722 10.641974309678902
723 10.318976265702632
724 10.412122213808486
725 10.389525872304105
726 10.747005129805599
727 10.548795207625773
728 10.572190760034571
729 10.05844440681105
730 10.54118157903995
731 10.70299155200638
732 10.889442013597174
733 10.796595480198016
734 10.472042078648995
735 10.599619223074411
736 10.324746695729154
737 11.16056586246062
738 11.027387739737534
739 11.54259879397759
740 10.865992306218562
741 11.182279995158877
742 11.373065748298371
743 10.398014502699683
744 10.713520119452165
745 10.799441742204683
746 10.710302997385602
747 11.450298077589848
748 11.088567113816111
749 10.88301455683489
750 10.7429763916709
751 10.83005367564541
752 10.968356876291157
753 11.009827647623778
754 11.614992168968524
755 10.789393485476435
756 10.680762252899747
757 11.06171662556132
758 10.68812943797079
759 10.693333111860468
760 10.927183370818755
761 11.062556386459306
762 11.05936749460471
763 10.312311115854953
764 10.375873121371127
765 10.656228907892933
766 10.831187837498463
767 10.873176882413865
768 10.63899322671287
769 10.76929524954005
770 10.772890885486063
771 10.763097724382277
772 10.086170371975623
773 10.0954437404579
774 10.635755837287297
775 10.610611298621041
776 10.064519367915155
777 10.533685814021528
778 10.940073054308575
779 10.191076174631238
780 10.471735935714921
781 10.275503736174748
782 10.534005510627505
783 11.075686768192496
784 10.389730687739268
785 10.108814864743803
786 10.034333104815328
787 10.082717228677307
788 10.161454543696395
789 9.978260818243644
790 9.774247981238352
791 10.124810375794539
792 9.8178311916066
793 10.56917675766606
794 9.704565571239222
795 9.901809166137946
796 10.31754242523755
797 9.990267285410459
798 10.24681026385658
799 10.638254262489985
800 10.572111622684938
801 10.269523748626925
802 10.907568519255289
803 10.615065933074371
804 10.746696205795857
805 11.01367726395091
806 10.628252598477257
807 10.130466044224521
808 10.198225561128659
809 10.128519689729378
810 10.432081524276365
811 10.030349845901227
812 10.183345490781157
813 10.801526089004527
814 11.008003859130474
815 11.180962309568388
816 11.152109005020014
817 10.469292494660547
818 11.235282191823396
819 10.479567341165517
820 10.576138905799331
821 10.736185532133614
822 10.353213991547939
823 10.796114589910477
824 10.321654147775027
825 10.742371281879329
826 11.268964437980236
827 11.137113087622275
828 10.827492431815102
829 11.523957568695883
830 10.76825432649962
831 10.46933434108201
832 10.570147077365496
833 10.289705365721721
834 11.225438088509303
835 10.491019340521175
836 10.393105725610226
837 10.150944791261908
838 10.278945663053149
839 10.500241530142725
840 9.40562148801113
841 10.32052202056603
842 10.462525187368863
843 10.688684876138078
844 10.175980259531226
845 9.563317959254707
846 9.90943278482209
847 9.655132177531561
848 9.708143611120402
849 9.657530156846473
850 9.315407140748377
851 9.218491064519347
852 9.705554403793865
853 9.009032689552923
854 9.42975100090874
855 9.619485663234034
856 9.099052227299538
857 9.385974740207176
858 9.510569824500354
859 9.109577007440802
860 9.212004012997467
861 9.07265927235502
862 9.643987964048431
863 9.300469187091904
864 9.04391082746156
865 9.38161083696341
866 9.447923568702661
867 9.092934665427132
868 9.301255641724518
869 9.334179479056996
870 9.529639085040396
871 9.979191885688683
872 9.47117158366064
873 9.563187511750941
874 9.143623312782761
875 9.248842279523295
876 9.275945017128205
877 9.685311065972197
878 9.834319155128773
879 9.35806886236467
880 9.806411332978659
881 9.549309565796685
882 9.285757853670798
883 9.47088072936675
884 9.273812501589571
885 9.74739143842449
886 9.526134884192144
887 9.480831968452751
888 9.250662275193921
889 9.57457409952996
890 9.37779061840228
891 9.282718814677047
892 9.453791858256592
893 9.061931836665943
894 9.034239647090287
895 9.013000298630326
896 9.49147918411381
897 9.453509320448502
898 9.860914543248258
899 9.45067620353494
900 9.658993218493787
901 9.698302804570131
902 9.422244622765076
903 9.537236818849424
904 9.684297763119021
905 9.538961486304814
906 9.445050275835232
907 9.478063450797556
908 9.604155031090183
909 9.59565842209434
910 9.462096752513185
911 8.799205281453917
912 9.559645325386652
913 9.491212842714422
914 9.430785420195845
915 10.218232781257687
916 9.612240614478724
917 9.90434144090323
918 10.116938207604761
919 10.146726507400784
920 10.092519146811497
921 9.579726209438665
922 9.664154778536217
923 9.560221882308717
924 9.686231860592578
925 9.226685464484357
926 9.451345873946199
927 9.735361607422416
928 9.555988282322005
929 9.613162280347956
930 9.482283565568508
931 9.332797665548087
932 10.034036259153291
933 9.282248933846944
934 9.264018417307172
935 8.9673997659184
936 9.435141494986945
937 9.3362736657507
938 10.064698370613016
939 9.690552005955514
940 8.86718723489477
941 9.56366213352924
942 9.536364128106287
943 9.509697473229622
944 9.593243378797888
945 9.370149340194477
946 9.498417488599062
947 9.136218297825058
948 9.07097928718029
949 8.324506331777016
950 9.133199329724665
951 9.581017061568009
952 8.560169716342337
953 8.807922059424921
954 9.695823077846095
955 9.334044191559684
956 9.001364600918178
957 8.700064856077029
958 9.023583104610362
959 9.298493402219233
960 9.36453428225521
961 8.959972669460774
962 9.166832556936553
963 9.213811378674698
964 9.486346446050737
965 9.470577298093527
966 9.190695388387814
967 9.22624525713459
968 8.902554640507162
969 8.718397335874807
970 8.86136697797527
971 8.976444536439008
972 9.14420268861588
973 9.103389433716117
974 9.114557920252327
975 9.281692599610428
976 9.365312865593419
977 9.606678102194822
978 9.484500719326636
979 8.875086925704979
980 9.584190435922933
981 9.029623416303314
982 9.033154175959066
983 8.923702019328681
984 9.269083376479527
985 9.196166660350428
986 8.931463801031482
987 9.009886468291258
988 8.602888772278881
989 8.963319289366014
990 8.913411749622401
991 9.255144210788556
992 8.873549444094152
993 8.622431680726685
994 8.633471187522698
995 8.79445609900945
996 9.372304930283455
997 9.11305666361154
998 8.705367589682291
999 8.621970468618297
1000 8.639952369823714
1001 8.346118529452708
1002 8.53224936336529
1003 9.402796892346958
1004 9.530657555522813
1005 8.891001514983621
1006 9.220580117703932
1007 8.867001160605904
1008 9.169674364453728
1009 8.799939625194481
1010 9.048660754311225
1011 8.860005309379579
1012 8.717125159090818
1013 9.786755330055943
1014 9.31752023715322
1015 9.922022557794332
1016 9.804261997032908
1017 9.925725396293771
1018 9.047139710348635
1019 9.128349860199384
1020 8.969417931783228
1021 8.866337697827547
1022 8.211492211449565
1023 8.86678169458509
1024 8.880138794049632
1025 8.892248006890785
1026 9.238640573752075
1027 9.103988721812883
1028 9.656424289358728
1029 9.120348970975538
1030 9.836467516697988
1031 9.590743737877457
1032 10.19736179101447
1033 10.2270139011216
1034 10.55605718739127
1035 10.986409750431374
1036 10.058593182549473
1037 10.489555517034908
1038 11.066322990659181
1039 10.737054300573664
1040 10.182937764275884
1041 9.703346310218384
1042 10.124769876142766
1043 9.714256099473394
1044 10.000941106886474
1045 10.455551914898152
1046 10.466185928834248
1047 10.428886512019782
1048 10.216803916929116
1049 10.714049769441887
1050 10.20252944040845
1051 10.29965835757076
1052 10.377398839170603
1053 10.42996548395241
1054 10.199314412769805
1055 10.285251529171724
1056 10.360903860682612
1057 9.712270027412828
1058 10.427905846548871
1059 10.156079200860173
1060 10.464178349759127
1061 10.143783293682265
1062 10.086200666975076
1063 10.140026249221043
1064 10.828010522661954
1065 10.177295255084534
1066 9.985658424155737
1067 10.371772111896195
1068 10.85419351072035
1069 10.653614039419763
1070 10.227121222286259
1071 10.104952403406894
1072 10.308243675666827
1073 10.290888263135544
1074 9.604188552719371
1075 10.0096938922404
1076 9.127902809420823
1077 8.865597345827487
1078 8.809298239139897
1079 9.5450647982495
1080 9.558748107285991
1081 9.222883915348557
1082 9.137609700545534
1083 8.696683339022634
1084 8.762383970724214
1085 9.047945681550885
1086 9.126305553929077
1087 9.314080989906826
1088 9.619651788329564
1089 9.095806848823807
1090 9.183828591456287
1091 8.737238867516478
1092 9.354391685527878
1093 9.533169061625216
1094 9.793596670150318
1095 9.487470407506382
1096 9.875177256091026
1097 9.582793905467486
1098 9.908906408318362
1099 9.825805771304605
1100 10.327789869164013
1101 9.938014212971705
1102 10.232636981215355
1103 9.526670019615567
1104 9.104153249210258
1105 9.512297484167622
1106 9.564759786774344
1107 9.957524778461915
1108 9.277066994390108
1109 9.585614832679758
1110 10.199515627989943
1111 9.449001170442953
1112 10.616365367004528
1113 10.000704673566307
1114 10.040811932773902
1115 10.17774820672202
1116 9.716152395129075
1117 9.881812887154537
1118 9.993636678359175
1119 10.12427443877698
1120 9.488664235991841
1121 9.73357514849909
1122 9.508316760765078
1123 9.457011861571187
1124 9.222417595061453
1125 9.80123318184381
1126 9.779201883038205
1127 9.57051628627707
1128 9.704704109503668
1129 10.296204494238708
1130 9.263515564869083
1131 9.759208411680467
1132 9.747005793097982
1133 9.409607849982804
1134 10.33972248705568
1135 10.957937452622797
1136 10.06995429643103
1137 10.082350446032173
1138 10.082243348311263
1139 10.93422567608895
1140 10.559416605241866
1141 10.207006374922436
1142 9.522887138685963
1143 10.19714515666379
1144 10.688102901506907
1145 10.12265748372185
1146 10.10285695814133
1147 10.395668053209949
1148 10.114498246048141
1149 10.304751867505647
1150 10.723678751922604
1151 11.017692076711215
1152 10.315087936351013
1153 10.496454755638169
1154 10.480047166034694
1155 9.78341744516787
1156 10.127727149476708
1157 10.39837292950817
1158 9.860216084190178
1159 10.027909912640784
1160 10.351059798865254
1161 10.762395239836845
1162 10.481101335996785
1163 10.175033482923821
1164 9.82687627536618
1165 10.072431384119938
1166 10.20394287130015
1167 9.7590733087058
1168 10.098997917606333
1169 9.181149225535497
1170 9.473306648561246
1171 9.848884533394
1172 10.013665822690674
1173 10.371900203700626
1174 10.186185555663007
1175 10.632762873710673
1176 9.960905690005767
1177 9.937214297141509
1178 9.948582169768807
1179 10.672372654329834
1180 10.277942774762954
1181 8.730044822332083
1182 9.94890882204111
1183 10.304683957931022
1184 10.706983438579925
1185 9.645180604000654
1186 8.670936506430689
1187 8.623744993362521
1188 8.996915124010064
1189 8.455497022865416
1190 9.762066751504682
1191 9.765188911343607
1192 9.269380320685064
1193 10.354564968431283
1194 10.884670238481089
1195 10.107106436443908
1196 10.095259411267946
1197 10.4760111079904
1198 9.652528076312429
1199 9.430664279442603
1200 10.435834446378642
1201 9.858146523713149
1202 9.267103065816567
1203 10.46697237580297
1204 10.716653821623616
1205 9.462340995817799
1206 9.55478722072313
1207 10.380751005953814
1208 8.953758933010771
1209 8.72654555989136
1210 8.158682900507685
1211 9.632660833093583
1212 9.817984621701381
1213 9.90411075009573
1214 9.658222295872445
1215 9.871521632010513
1216 10.37509032070151
1217 10.14032776241146
1218 10.530593349508443
1219 9.358789861096042
1220 9.597945892489426
1221 10.408055788102672
1222 9.314975530971767
1223 10.398021225157526
1224 10.07412773942411
1225 10.741081878031633
1226 9.401523294173302
1227 10.424426100010027
1228 9.903321359830443
1229 9.708362080281054
1230 9.78187114182584
1231 9.603478421905535
1232 10.406566794318124
1233 10.502106228059272
1234 10.247719066648404
1235 10.329135863802222
1236 9.984655558325091
1237 10.069104419521796
1238 9.971949904737944
1239 9.955668988932242
1240 10.254309741429255
1241 9.771587107090573
1242 10.302895269070502
1243 10.17251841953808
1244 10.581169425125722
1245 10.035053587668171
1246 10.03908591538776
1247 10.466643190371231
1248 9.96385014621919
1249 9.437787743990437
1250 9.265507711826865
1251 8.607132889377697
1252 8.751632423066505
1253 8.471972481448205
1254 8.62697685361294
1255 9.069803177880479
1256 8.48173467403971
1257 8.92739368804434
1258 8.39994565008962
1259 7.5758582722400005
1260 8.714781859021617
1261 8.855618291929765
1262 9.081561941432554
1263 8.697029751479011
1264 9.380649305135956
1265 8.920387469353281
1266 9.28239139918336
1267 8.593729606614582
1268 8.880569628034841
1269 8.667906427594083
1270 9.19328551025394
1271 9.547270080303383
1272 9.318938495931093
1273 9.065526093116553
1274 8.647867985065847
1275 7.914809764394564
1276 9.163505609001028
1277 8.461454390013676
1278 7.918591835953043
1279 8.761846888146797
1280 8.578722039926468
1281 8.287175530587133
1282 8.795071186862659
1283 8.348789600423375
1284 8.286135077531355
1285 8.486033811965834
1286 7.987675529940728
1287 7.546178214277867
1288 7.117691152650559
1289 7.2345157646857015
1290 7.37175935840484
1291 7.398477115166429
1292 6.011596064337797
1293 6.694083869437718
1294 6.924874465017415
1295 7.200976250148518
1296 7.065372266369632
1297 7.08916640162698
1298 6.8655788485763045
1299 8.252035118631085
1300 7.9322017736425545
1301 7.287890336880478
1302 7.702953131659921
1303 8.272933773243846
1304 7.418463597010166
1305 7.933777080728352
1306 7.652198190269128
1307 6.955837637524911
1308 7.47568008587383
1309 7.78207735119349
1310 8.008415155647391
1311 7.987331981552447
1312 8.994604190475942
1313 8.416939205430914
1314 8.442774324675886
1315 7.663673757773445
1316 7.3052976375565155
1317 8.002997302027374
1318 7.0929199090024
1319 7.892190459200755
1320 8.740633933325778
1321 7.922526873695389
1322 7.859744357551947
1323 9.120055439957921
1324 8.679308477532556
1325 8.61633253932742
1326 8.236772171129623
1327 8.631309883946775
1328 8.566159086186397
1329 8.397918096341842
1330 8.273817367556559
1331 7.683025746108842
1332 8.170844506198948
1333 8.4800034495613
1334 9.495016161490954
1335 8.749501661547319
1336 8.959727759837653
1337 8.841747173686032
1338 8.053389553058041
1339 7.841221108837228
1340 8.140247021060675
1341 8.86364053729606
1342 8.340225767002503
1343 7.580408133390455
1344 7.785749566405293
1345 7.655536246656796
1346 8.256773684009758
1347 7.792582995971285
1348 8.818415593925085
1349 8.02326788635961
1350 7.7128997226569975
1351 8.225402360883614
1352 9.035889634113664
1353 7.136749722785265
1354 7.712987306790871
1355 6.409008837909797
1356 5.945089176952542
1357 6.223095803882924
1358 6.574341025267276
1359 7.264890891714996
1360 7.200261534669778
1361 7.088696608817628
1362 7.262188908615849
1363 6.772525672794059
1364 7.321374146909532
1365 7.128849957879879
1366 6.589506351090692
1367 7.315509585911574
1368 7.3172301187182125
1369 6.954655747755599
1370 6.900141028507328
1371 6.503841198210044
1372 7.227787113747854
1373 7.067061930390544
1374 8.034318153817713
1375 7.324629028270763
1376 8.005548631269699
1377 6.966128099942003
1378 6.548700622402246
1379 6.889095754418013
1380 7.377231499534729
1381 6.440464000625137
1382 7.019025963382805
1383 7.083466084614808
1384 6.3703849982290714
1385 7.241467206907261
1386 6.877664742507977
1387 6.179328667232944
1388 6.269302041877035
1389 6.427698380812365
1390 6.44940149414317
1391 7.156711854175228
1392 7.764663694374059
1393 6.721992323396705
1394 6.425518799073166
1395 6.300230614462562
1396 6.058022266565871
1397 6.642210806340863
1398 6.896024130023187
1399 6.703477341950471
1400 6.8817076515772655
1401 7.483966039938494
1402 6.95727292045441
1403 6.682120869462892
1404 6.724328457183855
1405 6.439672842745709
1406 7.190164719572347
1407 7.575117181700739
1408 7.519261831603283
1409 6.809886932916655
1410 7.379210881608983
1411 7.006942943849976
1412 6.976745381080953
1413 7.19427681728033
1414 7.349143470382546
1415 7.2674851411684385
1416 7.338214504129806
1417 7.678300268021604
1418 8.025874954803957
1419 7.521447994457211
1420 6.810059980394022
1421 7.870868257832286
1422 8.140975537746671
1423 7.723603397250386
1424 7.545354768497153
1425 7.02865295925485
1426 7.655874962104045
1427 7.465636967106637
1428 7.1492629786089745
1429 8.052166124769135
1430 7.722542196642034
1431 7.300973555428941
1432 7.258079382230231
1433 7.5613849949473995
1434 6.904671506089243
1435 7.139096295895387
1436 7.122819466769865
1437 7.54973660108954
1438 7.0521431334954885
1439 7.210986519178106
1440 7.390310596089276
1441 7.441577640501878
1442 7.086023315692978
1443 7.178773898549714
1444 7.045907447245026
1445 7.900116762816579
1446 6.344630686245667
1447 7.173414470632126
1448 7.4556383198837795
1449 8.410380549045573
1450 8.353277615153424
1451 8.47291100292589
1452 9.143520542415422
1453 7.654183484564026
1454 7.329750419062947
1455 6.578815913936591
1456 6.439343699396635
1457 6.317182413582758
1458 7.459963694278508
1459 6.93422781441312
1460 6.420737681583798
1461 7.146454643802094
1462 6.012878566000393
1463 7.297621386907706
1464 6.934085319390876
1465 7.246271613348358
1466 6.938919559408093
1467 7.285382172792625
1468 8.046028504713856
1469 7.914626435572211
1470 7.330184017493732
1471 6.823653135707436
1472 8.008502759706522
1473 7.01667273181589
1474 7.227862355678609
1475 7.0281500859828325
1476 7.763434654615484
1477 7.420799458983687
1478 6.973073950131598
1479 7.336261358665577
1480 6.710831083633319
1481 7.013379787180635
1482 6.044602186809288
1483 7.250187227254281
1484 6.584762392314563
1485 7.3929851753455775
1486 7.179105803054897
1487 7.630422133188164
1488 7.2415047386015114
1489 7.6147936978097945
1490 7.507436454298588
1491 7.437331855503172
1492 6.863115986042229
1493 6.347248876214433
1494 6.866695996687057
1495 7.442782570655617
1496 7.363137289464113
1497 8.462356904003329
1498 8.444154847246095
1499 8.371099394324792
1500 9.047478028279912
1501 8.356975781216931
1502 9.35401441220856
1503 8.629029238583769
1504 9.97195444699446
1505 8.273627309962302
1506 8.754333516831975
1507 9.035639562504759
1508 8.475774175584926
1509 9.464303970954846
1510 9.46483666579784
1511 8.922659394829466
1512 8.282090365607711
1513 8.0704810440769
1514 8.110021693519437
1515 8.482336984772179
1516 9.238546429557971
1517 9.83532189553166
1518 8.518203921651931
1519 8.724375039814646
1520 9.129920879956586
1521 8.860238759362886
1522 9.404034987773192
1523 9.064883583618577
1524 8.43971402840717
1525 8.404268436088346
1526 8.874740058145195
1527 7.228178163835001
1528 7.761853452177428
1529 7.764417649631322
1530 8.409325132337393
1531 8.709905019534213
1532 9.44343380670067
1533 8.689785410667449
1534 8.392939040424395
1535 8.2418145932986
1536 8.031151553365895
1537 8.178000935182103
1538 8.612279904132723
1539 7.720117132138868
1540 8.71042186870495
1541 8.182301675987915
1542 8.492964516765355
1543 7.706742858265579
1544 8.42468100961706
1545 9.136278040698247
1546 8.513490428570515
1547 9.236607392436452
1548 9.314188687357216
1549 9.22299839007958
1550 9.221488237883108
1551 8.996567804332638
1552 9.203949816196946
1553 8.807205742052542
1554 9.180576110454153
1555 9.078268129669935
1556 9.007493821062482
1557 8.25248703862118
1558 8.227519624167734
1559 8.136190517765149
1560 8.102630223252383
1561 8.256322259570029
1562 7.6030256086518735
1563 8.560587346003686
1564 8.37763372481498
1565 7.992050567507686
1566 8.1120563174534
1567 7.831320463099889
1568 8.149809194556429
1569 9.35007603613849
1570 8.727530282480156
1571 9.30964283135626
1572 9.006096596887017
1573 8.523281856502102
1574 8.902316768918705
1575 8.805035264692568
1576 8.456741527874902
1577 8.686559266601437
1578 9.00107170133076
1579 9.099239233200382
1580 8.812955860732034
1581 8.90758856985252
1582 8.94538226479629
1583 9.044691102648748
1584 8.968650987803256
1585 9.08420238111085
1586 8.953109870689808
1587 9.638903923476958
1588 9.069594058051573
1589 9.550295814408233
1590 8.4605317879122
1591 9.35876176048835
1592 10.09606613408922
1593 9.53741171529093
1594 9.851428440530446
1595 9.50777051462367
1596 9.001025517536172
1597 9.454539763143295
1598 9.397641688022471
1599 9.186177563438086
1600 9.346691932897043
1601 8.581063895133884
1602 9.572552880506123
1603 9.162015542374458
1604 9.542169958724687
1605 9.92899517478552
1606 9.90529526157071
1607 9.84503667357845
1608 9.981409566343617
1609 9.556731047071775
1610 10.230440048866798
1611 10.145520463124479
1612 11.169490603016264
1613 10.563855413634947
1614 11.529889783903199
1615 12.068962673287906
1616 11.529533425285775
1617 11.922190673085622
1618 12.622480931545761
1619 11.045306979032384
1620 10.247223871656091
1621 10.465282658763002
1622 11.174838010037039
1623 10.225893571119693
1624 11.552232722205485
1625 10.990667806671368
1626 10.7597358570374
1627 10.127012444364519
1628 10.244620258943582
1629 11.148527122793896
1630 10.4216536673053
1631 11.419177679442987
1632 11.393897815228815
1633 12.0024015489728
1634 12.248581554013764
1635 13.59762673937136
1636 12.990889579733533
1637 12.816478971291787
1638 12.682836963425377
1639 13.231568888074532
1640 12.37007922054898
1641 12.003768281054718
1642 13.983876136652915
1643 13.877628692678792
1644 15.093755134786928
1645 14.218422772253641
1646 14.823408369891098
1647 15.152581826686502
1648 14.743369353468374
1649 14.769851770626943
1650 15.215356642175955
1651 15.495381964772736
1652 15.573042567796508
1653 14.412010996306162
1654 13.115065245530792
1655 13.514976758890956
1656 14.59317151324135
1657 16.148646622731768
1658 14.877900061364453
1659 15.116276287698929
1660 15.475951832199726
1661 15.043797495024263
1662 14.673946704000105
1663 13.709225562563391
1664 12.775114473001368
1665 12.731828541340956
1666 12.860854037877223
1667 13.513353415046748
1668 14.149345651437082
1669 13.035381321493244
1670 11.628092547217467
1671 11.62878519718107
1672 12.370602490526696
1673 13.666704657874844
1674 13.335354642073835
1675 13.72647471390505
1676 14.225339715332561
1677 13.57055310409157
1678 13.867120076821845
1679 13.22854130151946
1680 12.82563096081631
1681 14.01310433158651
1682 14.291155354728481
1683 14.498809327167205
1684 13.730128917142777
1685 15.099367515868305
1686 15.334530769383706
1687 14.271218979098716
1688 15.154264219151065
1689 16.200849332094016
1690 16.615559885822954
1691 15.590614278507957
1692 14.7310667290481
1693 14.387062258213135
1694 15.194081644698958
1695 15.949393316720482
1696 15.820659840752578
1697 15.080269428056344
1698 15.792437805931945
1699 17.25329597100184
1700 17.126970247616168
1701 18.088404895623242
1702 16.912684861459624
1703 16.166158430658736
1704 16.84873293747681
1705 16.409271168930967
1706 16.549947801004407
1707 17.081087303128633
1708 17.219811900084604
1709 16.973141608110698
1710 17.92572049686005
1711 16.350421061687186
1712 17.007315611828744
1713 16.93816105703751
1714 17.352459448699122
1715 17.70430313951667
1716 18.180718229575685
1717 18.08742429513576
1718 17.926950472812496
1719 17.22537465676003
1720 18.13891169114874
1721 16.948678387167963
1722 16.249245065054343
1723 17.260800162308296
1724 17.330229181083944
1725 17.356124313562287
1726 16.453292291886644
1727 16.68203102061645
1728 17.16909857120345
1729 17.985725845118942
1730 17.021615125162906
1731 17.5858127180595
1732 17.100223519489877
1733 17.457840655546637
1734 18.203840150646755
1735 19.063804915754947
1736 19.723433274361653
1737 19.651870507512832
1738 17.68665417740084
1739 18.877832426799472
1740 17.947363852330522
1741 18.2219865945676
1742 18.408897698976432
1743 19.19393577080511
1744 19.546561243199907
1745 18.65557281395128
1746 20.147143411679806
1747 20.091412716847778
1748 20.033117407256306
1749 20.585227131069427
1750 20.596327396899355
1751 21.156369457418688
1752 20.213326226214445
1753 20.286725638382812
1754 20.476875909845635
1755 20.385631213279833
1756 20.67188089448282
1757 19.19021873167785
1758 19.410873622809127
1759 19.853725753668567
1760 19.978429852107862
1761 18.867987546263038
1762 18.74586519620616
1763 19.633167508880582
1764 19.131134531068245
1765 19.537004730830077
1766 19.133967510091143
1767 18.396059830473053
1768 20.132715072149974
1769 18.958112993348333
1770 18.949243130926494
1771 18.5582813640309
1772 18.531540463916368
1773 18.740072028177522
1774 18.894999849036292
1775 19.513888692790157
1776 18.084506075529948
1777 19.071476377010477
1778 19.52426052293086
1779 19.63089498903166
1780 19.10110181568026
1781 19.62468124886921
1782 18.92622387614795
1783 19.86195187959231
1784 19.552662279854726
1785 20.437866797403895
1786 20.17802058624969
1787 21.100593384046046
1788 21.47151636085673
1789 21.08399995132602
1790 20.656644576921792
1791 21.739911479501874
1792 20.88135641206546
1793 21.596858744453332
1794 20.672122477701183
1795 21.31426343230132
1796 20.95793300684625
1797 19.96209112157648
1798 19.53365109973603
1799 19.16350303593888
1800 20.451465289804975
1801 21.92547633165736
1802 21.405977078840202
1803 20.599254111555762
1804 20.897251204102396
1805 20.310560563606106
1806 20.591834755106245
1807 21.081410630666255
1808 19.81449786437573
1809 20.36257314384618
1810 19.248058771863988
1811 20.10169807352317
1812 20.74054088984711
1813 19.45243728010047
1814 20.69988465161256
1815 19.70666959840642
1816 19.670547024499847
1817 20.66313680965662
1818 20.819315747152945
1819 21.49053171008656
1820 21.207453820702515
1821 20.987297878291447
1822 20.759899393719643
1823 21.013142090140178
1824 20.8156559384367
1825 21.872598286307333
1826 21.039320569264316
1827 21.188875599789124
1828 21.66643789208672
1829 20.479613579440816
1830 22.09848494472066
1831 21.641307716038618
1832 21.479312778947733
1833 21.447646616315083
1834 21.825539404852325
1835 21.60523620324323
1836 21.909050555793236
1837 21.749366978579825
1838 21.713470835363587
1839 21.14079866138214
1840 21.318528670472812
1841 21.903633734805545
1842 21.375106842228526
1843 20.635596970388512
1844 21.759724552319447
1845 21.3235887302853
1846 22.364173260608258
1847 21.98842113612278
1848 22.954884961827243
1849 22.537217547258425
1850 22.323708203233988
1851 22.2684393831502
1852 22.886291884084894
1853 21.505977596684662
1854 20.9603042765828
1855 20.563455703532973
1856 20.76666889812526
1857 20.82517693009038
1858 19.93310507527638
1859 19.244778153013698
1860 18.271252101295413
1861 18.762620008158894
1862 18.61984558824024
1863 19.68400017994791
1864 20.717174300373085
1865 19.640710167073063
1866 20.61002880802497
1867 20.559459140285874
1868 21.038059265642087
1869 20.743823221512
1870 20.44633415300879
1871 21.184638560365972
1872 21.63406816428416
1873 21.656363924423232
1874 21.86324615080058
1875 22.30679049913114
1876 21.289001492495867
1877 21.92954251126336
1878 22.090507076723707
1879 22.097730095438052
1880 22.344572964636242
1881 21.798583858017444
1882 22.533696047627508
1883 22.645593852958626
1884 22.425433583479077
1885 23.1289992374532
1886 22.552459452721372
1887 20.76607350939258
1888 22.320315732281973
1889 22.249813420486003
1890 22.575790206555908
1891 21.91967603315032
1892 22.06158873558213
1893 20.58606698285489
1894 21.38559028351426
1895 21.408074737864204
1896 21.281681386863077
1897 22.005436273769096
1898 22.333071030313434
1899 22.417854115991652
1900 21.69982166705683
1901 21.248251488583456
1902 20.419878890291766
1903 20.381166712684337
1904 21.7993962169311
1905 22.962109419318114
1906 22.680268041204833
1907 22.606264445140553
1908 23.094369887026502
1909 23.67205571612293
1910 22.647946368391104
1911 22.375967795322065
1912 23.1261749304133
1913 23.174804094083466
1914 23.06876474189116
1915 23.456093160447715
1916 24.18341053571792
1917 23.621862031447446
1918 23.40400476122802
1919 23.86913618043576
1920 24.012111594586685
1921 25.333326382555875
1922 24.25496140938694
1923 24.056292224972047
1924 24.24679054434869
1925 24.276288523313
1926 24.18037343471358
1927 24.818891630020516
1928 24.27717193282736
1929 24.277804039654686
1930 23.8926909539112
1931 24.836983943267647
1932 24.75149362542188
1933 24.638910643235313
1934 24.459063962265617
1935 24.41176703368879
1936 24.37790121287048
1937 24.5475065178922
1938 24.16904039145748
1939 24.193093752343067
1940 24.474345808994947
1941 25.474460167492754
1942 25.169567323923626
1943 25.08549838818278
1944 25.75092139922491
1945 25.2649132588701
1946 25.155848161150644
1947 25.166150206285423
1948 24.02648676729644
1949 25.228812699458857
1950 24.33233378400586
1951 26.00914342745121
1952 25.542655936697408
1953 25.547858385185133
1954 25.136683407231633
1955 24.876025771126265
1956 25.977891198969576
1957 25.027151946860464
1958 26.107012061225408
1959 25.546969155440276
1960 25.74462475696931
1961 24.993428159160977
1962 25.939475719675954
1963 25.94749240520331
1964 25.034510612334422
1965 24.451367072970307
1966 24.61234493548256
1967 25.680184445888912
1968 24.285274167347385
1969 25.62236767176303
1970 25.957404516871858
1971 26.164533280039063
1972 26.38263532513726
1973 26.907731123879422
1974 25.382596889813442
1975 25.6431175171343
1976 25.75596170148531
1977 25.774139930969948
1978 26.10087927241888
1979 26.21836090734094
1980 25.323788586170988
1981 25.608926924388754
1982 25.417616210304953
1983 25.33177157984867
1984 26.447973560059527
1985 26.256881101614603
1986 24.995276584353487
1987 25.414597421941973
1988 25.372949970162445
1989 26.514650624452923
1990 26.370181726516616
1991 26.520220328688275
1992 26.17181400916525
1993 26.51085938917518
1994 26.183273388719034
1995 27.643520534339334
1996 27.53464179583219
1997 27.478096290322075
1998 26.991469409361205
1999 27.099612908673826
