0 0.0
1 0.4469882547855377
2 0.3522690534591675
3 0.4699220657348633
4 0.5486674308776855
5 0.9569876790046692
6 0.5802177786827087
7 1.0488492250442505
8 1.0161789655685425
9 0.3768615126609802
10 0.5378376245498657
11 0.7278059124946594
12 0.934906005859375
13 0.8556966781616211
14 0.42846405506134033
15 0.35052770376205444
16 0.2559789717197418
17 0.7618678212165833
18 0.839074969291687
19 0.5283693075180054
20 0.5894456505775452
21 0.4424072206020355
22 0.5606227517127991
23 0.4575645625591278
24 0.5292555093765259
25 0.4621269702911377
26 0.6688435077667236
27 0.7634584307670593
28 0.5941876173019409
29 0.6140261292457581
30 0.34918874502182007
31 1.212821364402771
32 1.2422113418579102
33 1.5139622688293457
34 1.0635823011398315
35 1.2836099863052368
36 0.9780503511428833
37 0.7492070198059082
38 1.226378083229065
39 1.354589819908142
40 0.9311341047286987
41 1.0639891624450684
42 1.209128499031067
43 0.9007090330123901
44 1.2846786975860596
45 0.8897235989570618
46 1.3877824544906616
47 1.2251088619232178
48 0.8837584853172302
49 0.8826830387115479
50 1.209273338317871
51 1.2689317464828491
52 1.1787947416305542
53 0.9570711851119995
54 1.1002341508865356
55 1.124626636505127
56 1.204138994216919
57 1.2752864360809326
58 1.164576768875122
59 1.0269635915756226
60 1.2681025266647339
61 1.0872037410736084
62 1.1369768381118774
63 0.9752038717269897
64 1.0862982273101807
65 1.1770939826965332
66 1.1639631986618042
67 0.839580237865448
68 0.9488264918327332
69 1.0261294841766357
70 1.1944724321365356
71 1.3577463626861572
72 1.1487042903900146
73 1.2467941045761108
74 1.165762186050415
75 0.9550094604492188
76 0.9499452710151672
77 1.5209792852401733
78 0.9385489821434021
79 1.1770610809326172
80 1.1354161500930786
81 1.3418015241622925
82 1.1530017852783203
83 1.2253106832504272
84 1.3682796955108643
85 1.5297163724899292
86 1.4528238773345947
87 1.448000192642212
88 1.1913506984710693
89 1.2689100503921509
90 0.9323647618293762
91 1.188071608543396
92 1.442021131515503
93 0.9559861421585083
94 1.144641637802124
95 1.1882809400558472
96 1.3416593074798584
97 0.9449091553688049
98 1.3183870315551758
99 0.9362327456474304
100 1.023634433746338
101 0.975395679473877
102 0.7810795307159424
103 0.8315690159797668
104 0.9581412076950073
105 1.1272441148757935
106 1.1255604028701782
107 0.8184942007064819
108 0.9733034372329712
109 1.1434094905853271
110 1.0451399087905884
111 0.8169530034065247
112 1.3730731010437012
113 0.925751805305481
114 1.2084940671920776
115 1.3545867204666138
116 1.0258994102478027
117 1.149244785308838
118 0.841109573841095
119 1.2825344800949097
120 1.0560601949691772
121 1.162133812904358
122 0.9360880851745605
123 0.8918072581291199
124 1.0389822721481323
125 0.9246855974197388
126 0.7845140099525452
127 1.2013720273971558
128 1.2273666858673096
129 0.9895140528678894
130 1.1710211038589478
131 1.371488094329834
132 0.8919436931610107
133 1.0357413291931152
134 1.1862651109695435
135 0.8392425775527954
136 1.3143692016601563
137 1.3097302913665771
138 1.4767011404037476
139 1.331994652748108
140 1.4454054832458496
141 1.3297207355499268
142 1.3490945100784302
143 1.411699891090393
144 1.4718724489212036
145 1.2901408672332764
146 1.434696078300476
147 1.2095940113067627
148 0.5949466228485107
149 1.3388450145721436
150 1.2780464887619019
151 1.174293875694275
152 1.1682339906692505
153 1.0700489282608032
154 1.0682859420776367
155 1.0490368604660034
156 1.1751092672348022
157 1.4678912162780762
158 0.8802708387374878
159 0.9994326829910278
160 1.4447681903839111
161 1.2644121646881104
162 1.2003027200698853
163 1.0354790687561035
164 1.1443443298339844
165 1.5298813581466675
166 1.4615013599395752
167 1.5758877992630005
168 1.2357378005981445
169 1.101009726524353
170 0.9304883480072021
171 1.3820470571517944
172 1.521518588066101
173 1.6345596313476563
174 1.1129882335662842
175 1.0110052824020386
176 1.0761812925338745
177 1.272240400314331
178 1.0901246070861816
179 1.0761605501174927
180 1.0391827821731567
181 0.9919483661651611
182 1.0999679565429688
183 0.9450200796127319
184 1.10367751121521
185 0.9647266864776611
186 1.056857705116272
187 1.1636353731155396
188 1.2384412288665771
189 0.9809969663619995
190 1.069219708442688
191 1.1058686971664429
192 1.26035475730896
193 1.5282624959945679
194 1.3103963136672974
195 1.1092734336853027
196 0.9525788426399231
197 0.4845324456691742
198 1.1388747692108154
199 1.5295430421829224
200 1.4890565872192383
201 1.2709392309188843
202 1.712323784828186
203 1.3968347311019897
204 1.5569980144500732
205 1.364898443222046
206 1.7636226415634155
207 1.665712833404541
208 1.4629172086715698
209 1.615265130996704
210 1.411181926727295
211 1.297621488571167
212 1.392103910446167
213 1.1342085599899292
214 1.288201093673706
215 0.911729633808136
216 0.4858510196208954
217 0.614177405834198
218 0.47021937370300293
219 0.8753471374511719
220 0.8018160462379456
221 0.7033912539482117
222 0.8243123888969421
223 1.0608665943145752
224 0.7588956356048584
225 0.7876322269439697
226 0.601891040802002
227 0.7526746392250061
228 0.8867986798286438
229 1.0382746458053589
230 1.0605748891830444
231 0.8740553855895996
232 0.6085574626922607
233 0.8297070860862732
234 0.598468542098999
235 0.6774512529373169
236 0.6022596955299377
237 0.6934120655059814
238 0.8212034702301025
239 0.7792873382568359
240 0.8061203956604004
241 0.5784317851066589
242 0.47922900319099426
243 0.3646651804447174
244 0.7601631283760071
245 0.8399830460548401
246 0.7970960736274719
247 0.858498752117157
248 0.9732143878936768
249 1.202122449874878
250 1.3445777893066406
251 1.2608349323272705
252 1.3138518333435059
253 1.3123888969421387
254 1.3408056497573853
255 1.1478784084320068
256 1.2390507459640503
257 1.7405846118927002
258 1.1266229152679443
259 1.0878384113311768
260 0.9488610625267029
261 0.8318894505500793
262 0.9986340403556824
263 1.2052704095840454
264 0.8451902866363525
265 0.9411731958389282
266 1.1761016845703125
267 1.1027238368988037
268 1.1031992435455322
269 1.2349790334701538
270 1.138608694076538
271 0.6656669974327087
272 0.6193976402282715
273 0.36636823415756226
274 1.4546786546707153
275 1.0309655666351318
276 1.3515031337738037
277 1.3088589906692505
278 1.2405574321746826
279 1.1898270845413208
280 1.1776615381240845
281 0.9104630351066589
282 1.684690237045288
283 0.8670929074287415
284 1.1067649126052856
285 1.0339343547821045
286 1.103131651878357
287 0.9733359813690186
288 1.1113276481628418
289 1.3938781023025513
290 1.1957216262817383
291 1.2679145336151123
292 1.61034095287323
293 1.1033399105072021
294 1.4086692333221436
295 1.1000455617904663
296 1.2339184284210205
297 0.9732980728149414
298 1.3345471620559692
299 1.436286211013794
300 0.8185584545135498
301 0.6483799815177917
302 0.4443667232990265
303 0.6335253119468689
304 0.8897960186004639
305 1.065782070159912
306 0.6861890554428101
307 1.1340222358703613
308 1.3238598108291626
309 1.6308588981628418
310 1.6450573205947876
311 1.6103140115737915
312 1.3459656238555908
313 1.3112143278121948
314 1.3550971746444702
315 1.6924268007278442
316 1.7253190279006958
317 1.5803141593933105
318 1.3839442729949951
319 1.657603144645691
320 1.7298537492752075
321 1.3125063180923462
322 1.1902098655700684
323 1.7870155572891235
324 1.587814211845398
325 1.4485641717910767
326 1.3296641111373901
327 1.0904111862182617
328 1.282556414604187
329 1.6487966775894165
330 1.7624433040618896
331 1.4418094158172607
332 1.5799686908721924
333 1.554976463317871
334 1.1235772371292114
335 1.5303276777267456
336 1.6096957921981812
337 1.470452904701233
338 1.7324079275131226
339 1.313269853591919
340 1.7174984216690063
341 1.2067484855651855
342 1.5384178161621094
343 1.415856122970581
344 1.4950183629989624
345 1.4228898286819458
346 1.5374857187271118
347 1.6278704404830933
348 1.291831135749817
349 1.44863760471344
350 1.0997167825698853
351 1.5446745157241821
352 1.353884220123291
353 1.185895562171936
354 1.4359357357025146
355 1.4141343832015991
356 1.2678569555282593
357 1.4431654214859009
358 1.4261107444763184
359 1.6353185176849365
360 1.7052417993545532
361 1.5546600818634033
362 1.4255412817001343
363 1.5109103918075562
364 1.495590329170227
365 1.4724806547164917
366 1.7732007503509521
367 1.3239662647247314
368 1.5499768257141113
369 1.3451948165893555
370 1.253153681755066
371 1.477638602256775
372 1.4547685384750366
373 1.3972177505493164
374 1.3653100728988647
375 1.0477995872497559
376 1.4040675163269043
377 1.657354712486267
378 1.6712181568145752
379 1.660206913948059
380 1.3644382953643799
381 2.228343963623047
382 2.318065643310547
383 2.1829471588134766
384 1.437806248664856
385 1.4080777168273926
386 1.882272720336914
387 1.7252962589263916
388 1.9849576950073242
389 1.9099926948547363
390 2.262873888015747
391 2.2976577281951904
392 1.8816351890563965
393 1.6669520139694214
394 1.6801825761795044
395 2.046520948410034
396 1.567572832107544
397 1.4459584951400757
398 2.019498586654663
399 1.7752888202667236
400 1.7310874462127686
401 1.5373778343200684
402 1.581364393234253
403 1.662697196006775
404 1.9113612174987793
405 1.7502784729003906
406 1.9095001220703125
407 1.7956269979476929
408 1.1738704442977905
409 1.5321531295776367
410 1.7507944107055664
411 1.9392472505569458
412 1.8842856884002686
413 1.6565885543823242
414 1.6834851503372192
415 1.598507046699524
416 1.6278589963912964
417 2.058091640472412
418 2.1561355590820313
419 2.131352186203003
420 2.347015619277954
421 2.212466239929199
422 1.8741127252578735
423 1.6303668022155762
424 1.8315012454986572
425 1.4648778438568115
426 1.703547716140747
427 1.8402979373931885
428 1.8927979469299316
429 1.2448023557662964
430 1.6709007024765015
431 2.300358295440674
432 1.815195083618164
433 1.9538418054580688
434 1.6702277660369873
435 1.9762639999389648
436 1.8094334602355957
437 1.461871862411499
438 1.9606642723083496
439 1.7177369594573975
440 1.842984676361084
441 1.986713171005249
442 2.0697433948516846
443 1.7817463874816895
444 1.83614981174469
445 2.2421343326568604
446 2.308377265930176
447 1.7974786758422852
448 1.5704784393310547
449 1.7214308977127075
450 1.852211356163025
451 2.1272079944610596
452 2.1477432250976563
453 1.9139186143875122
454 2.212346315383911
455 2.1802573204040527
456 2.2149884700775146
457 1.8994594812393188
458 1.795416235923767
459 1.996035099029541
460 2.0350630283355713
461 1.907818078994751
462 1.955485224723816
463 1.9850205183029175
464 1.7757484912872314
465 1.7039387226104736
466 2.096400499343872
467 1.9960929155349731
468 2.059023380279541
469 2.3515536785125732
470 2.1727452278137207
471 1.6024906635284424
472 1.8373262882232666
473 1.8713958263397217
474 1.91904878616333
475 1.6976304054260254
476 2.1699345111846924
477 2.0446770191192627
478 1.786881685256958
479 1.6231749057769775
480 1.523861050605774
481 1.5154725313186646
482 1.5947679281234741
483 2.0860159397125244
484 2.194486141204834
485 1.935011386871338
486 1.8321248292922974
487 2.2812931537628174
488 2.716907024383545
489 2.144686698913574
490 2.3661134243011475
491 2.0038435459136963
492 2.255451202392578
493 1.9899344444274902
494 2.803964853286743
495 2.2726504802703857
496 2.2491610050201416
497 2.1558315753936768
498 2.082425594329834
499 1.9310296773910522
500 2.051278829574585
501 2.321181058883667
502 1.9744316339492798
503 2.0860023498535156
504 2.6752281188964844
505 2.044402837753296
506 2.2327725887298584
507 1.9868978261947632
508 1.7950501441955566
509 2.099156618118286
510 2.6271584033966064
511 2.3461925983428955
512 2.0460355281829834
513 1.98630952835083
514 2.215090751647949
515 1.7922922372817993
516 1.923943042755127
517 1.6906332969665527
518 1.7667738199234009
519 1.825203776359558
520 1.7013300657272339
521 1.5346378087997437
522 1.7608014345169067
523 1.8317924737930298
524 1.8559073209762573
525 1.7336338758468628
526 1.7356997728347778
527 1.9009828567504883
528 1.9285943508148193
529 2.245814800262451
530 1.7149133682250977
531 2.0240426063537598
532 2.2181754112243652
533 2.270357131958008
534 2.4109249114990234
535 2.2766921520233154
536 2.7502105236053467
537 2.3881053924560547
538 3.0063350200653076
539 3.1828291416168213
540 2.4567511081695557
541 2.5739293098449707
542 2.290806531906128
543 2.3019039630889893
544 2.1744792461395264
545 2.362334966659546
546 2.382704496383667
547 1.9435031414031982
548 1.7456897497177124
549 1.9812941551208496
550 1.8787966966629028
551 2.066663980484009
552 1.9864728450775146
553 1.5685592889785767
554 1.8522589206695557
555 1.503056526184082
556 1.873953104019165
557 1.593139410018921
558 1.8992631435394287
559 1.7086741924285889
560 2.3390398025512695
561 2.0889570713043213
562 2.1779606342315674
563 2.0380795001983643
564 2.1458940505981445
565 1.9960179328918457
566 2.1256608963012695
567 2.534899950027466
568 2.4828670024871826
569 2.7272772789001465
570 2.5249106884002686
571 3.154536008834839
572 2.7629854679107666
573 3.096496343612671
574 2.9282376766204834
575 3.0420801639556885
576 3.1230223178863525
577 2.4576985836029053
578 2.8846817016601563
579 3.1442365646362305
580 3.8416600227355957
581 3.063765048980713
582 2.3055572509765625
583 2.3363306522369385
584 2.5633835792541504
585 2.526071786880493
586 2.4629428386688232
587 2.5237529277801514
588 2.9937663078308105
589 2.4133923053741455
590 2.419355630874634
591 3.0171315670013428
592 2.0451979637145996
593 2.2077107429504395
594 1.8710577487945557
595 2.044013738632202
596 1.917541742324829
597 1.9860641956329346
598 2.2249746322631836
599 2.1829452514648438
600 1.576065182685852
601 2.1375088691711426
602 2.120227098464966
603 2.7907440662384033
604 2.8368144035339355
605 2.8424463272094727
606 3.00821852684021
607 3.008100748062134
608 2.7915375232696533
609 2.1512458324432373
610 2.3746495246887207
611 2.325469493865967
612 2.0959601402282715
613 2.752044916152954
614 2.73045015335083
615 2.822413921356201
616 2.4573707580566406
617 2.748058319091797
618 2.7473504543304443
619 2.481877088546753
620 2.3849709033966064
621 2.270134687423706
622 2.2809464931488037
623 2.5968050956726074
624 2.4947686195373535
625 1.9927645921707153
626 1.8111897706985474
627 1.9968249797821045
628 1.964279055595398
629 2.4708828926086426
630 2.2584340572357178
631 2.580028772354126
632 2.3945600986480713
633 2.874253273010254
634 2.98008131980896
635 2.75797963142395
636 2.7931597232818604
637 2.6841812133789063
638 2.784414529800415
639 2.6212713718414307
640 2.653841972351074
641 2.686558246612549
642 2.9542133808135986
643 3.1944620609283447
644 2.43636417388916
645 2.493093729019165
646 2.5174801349639893
647 2.382481336593628
648 2.523829936981201
649 2.850623846054077
650 2.7314772605895996
651 2.322772264480591
652 2.2569634914398193
653 3.0091044902801514
654 2.277553081512451
655 2.6306567192077637
656 2.198622941970825
657 2.7463998794555664
658 2.541536808013916
659 2.35174298286438
660 2.523159980773926
661 2.3100364208221436
662 2.621514081954956
663 2.7479124069213867
664 2.4684436321258545
665 3.0109939575195313
666 2.2759594917297363
667 2.6747982501983643
668 2.160926342010498
669 2.8024182319641113
670 2.6138625144958496
671 2.2619173526763916
672 2.9596009254455566
673 2.392359972000122
674 2.2124550342559814
675 2.7027034759521484
676 2.6108880043029785
677 2.3413612842559814
678 2.369436025619507
679 2.2270171642303467
680 2.4444704055786133
681 2.3144588470458984
682 2.2209460735321045
683 2.9058034420013428
684 2.621269941329956
685 2.9290335178375244
686 2.2044901847839355
687 2.332031011581421
688 2.853642225265503
689 2.395204544067383
690 2.3818845748901367
691 3.142991781234741
692 2.6932449340820313
693 2.6811678409576416
694 2.6734979152679443
695 2.5482983589172363
696 2.904768943786621
697 2.7262818813323975
698 2.4703776836395264
699 2.8851425647735596
700 3.0064592361450195
701 2.9990861415863037
702 3.5348291397094727
703 2.983168840408325
704 2.6806862354278564
705 3.257291316986084
706 3.134467840194702
707 3.416297674179077
708 3.223073959350586
709 2.9077022075653076
710 3.503504514694214
711 3.6707382202148438
712 3.308210849761963
713 2.9043242931365967
714 2.8942854404449463
715 3.6447746753692627
716 3.2654924392700195
717 3.0076143741607666
718 2.7740423679351807
719 2.920935869216919
720 2.7041726112365723
721 3.0063140392303467
722 2.788722038269043
723 3.019775867462158
724 2.7559945583343506
725 3.791581869125366
726 2.9597365856170654
727 3.1891322135925293
728 3.0136525630950928
729 3.773747682571411
730 3.4306910037994385
731 3.4225330352783203
732 3.7418124675750732
733 3.7057080268859863
734 3.3291566371917725
735 3.573852062225342
736 2.643388032913208
737 3.5267343521118164
738 3.4431498050689697
739 2.753460168838501
740 3.5065481662750244
741 3.1792755126953125
742 3.2008402347564697
743 3.267704486846924
744 3.52468204498291
745 3.753253221511841
746 3.6887598037719727
747 4.088320255279541
748 3.69930362701416
749 3.890491247177124
750 3.4335949420928955
751 3.681483268737793
752 3.8268587589263916
753 3.1905386447906494
754 3.2397000789642334
755 3.672933340072632
756 3.0889790058135986
757 3.575383424758911
758 3.052251100540161
759 2.7762815952301025
760 3.0503902435302734
761 3.5043160915374756
762 3.3891208171844482
763 3.6929752826690674
764 3.4144699573516846
765 3.8010094165802
766 3.6686079502105713
767 3.416407585144043
768 3.59675669670105
769 3.8178510665893555
770 3.7564334869384766
771 3.5310142040252686
772 3.6514086723327637
773 3.543632745742798
774 3.8149588108062744
775 3.9874024391174316
776 3.298473358154297
777 3.4867215156555176
778 4.039450645446777
779 3.6711905002593994
780 3.606309175491333
781 3.4662656784057617
782 2.705976724624634
783 2.652097463607788
784 3.18329119682312
785 3.1622350215911865
786 3.462454080581665
787 3.207249164581299
788 2.7184739112854004
789 3.648275375366211
790 2.5895802974700928
791 3.163377523422241
792 3.3709356784820557
793 3.4382076263427734
794 3.6643922328948975
795 3.227205991744995
796 3.447843551635742
797 3.473999261856079
798 3.5455338954925537
799 3.0887937545776367
800 3.010855197906494
801 2.850940465927124
802 3.190808057785034
803 3.2606546878814697
804 3.255734920501709
805 3.403139591217041
806 3.023738145828247
807 3.626110315322876
808 2.9555773735046387
809 3.1009421348571777
810 3.2496933937072754
811 3.099031686782837
812 3.4751462936401367
813 3.254135847091675
814 3.559985637664795
815 3.334498882293701
816 3.5130367279052734
817 2.9265553951263428
818 3.15439510345459
819 3.4227280616760254
820 3.163862466812134
821 2.7397141456604004
822 3.50018572807312
823 3.3769314289093018
824 3.2995026111602783
825 3.1333189010620117
826 3.2001800537109375
827 3.5886499881744385
828 3.5548017024993896
829 2.789365530014038
830 3.5481765270233154
831 2.9889042377471924
832 3.7549850940704346
833 2.8807566165924072
834 3.5602340698242188
835 3.243332624435425
836 3.333893299102783
837 3.778754234313965
838 3.5201635360717773
839 3.417724370956421
840 4.085485458374023
841 3.422440528869629
842 3.0032958984375
843 3.248847723007202
844 3.8576173782348633
845 3.6592204570770264
846 3.225527048110962
847 3.6764771938323975
848 2.90279483795166
849 3.0825042724609375
850 3.3389387130737305
851 3.2148008346557617
852 3.1339805126190186
853 3.2312674522399902
854 3.275299310684204
855 3.176523447036743
856 3.7308220863342285
857 3.463200807571411
858 3.4136931896209717
859 2.966930389404297
860 3.212672472000122
861 3.6584675312042236
862 3.9633543491363525
863 3.227912187576294
864 3.2090132236480713
865 4.034620761871338
866 4.285464763641357
867 4.006588459014893
868 4.025620937347412
869 4.533529758453369
870 3.6387815475463867
871 4.237297058105469
872 3.763603925704956
873 3.4736201763153076
874 3.31923246383667
875 3.560319185256958
876 3.6015658378601074
877 3.3348536491394043
878 3.4781570434570313
879 3.576573133468628
880 3.0967562198638916
881 3.274364948272705
882 3.512479305267334
883 3.2848145961761475
884 3.392714262008667
885 3.674764394760132
886 3.4073474407196045
887 3.0964272022247314
888 3.081409454345703
889 3.0630013942718506
890 3.425750732421875
891 2.6758594512939453
892 3.285329818725586
893 3.0042600631713867
894 3.2947676181793213
895 2.878742218017578
896 3.062608003616333
897 3.2496821880340576
898 3.5488035678863525
899 3.5965218544006348
900 3.4964759349823
901 3.6208434104919434
902 3.2112672328948975
903 3.5090901851654053
904 3.2576606273651123
905 2.8167977333068848
906 2.859022378921509
907 2.988734722137451
908 3.060633420944214
909 3.5243146419525146
910 3.4272234439849854
911 3.681746482849121
912 3.211883306503296
913 3.493171215057373
914 3.3349483013153076
915 3.358149290084839
916 3.819286584854126
917 3.1464316844940186
918 3.2270326614379883
919 3.049438238143921
920 3.1856181621551514
921 3.0941662788391113
922 3.2391347885131836
923 3.5842559337615967
924 3.153489589691162
925 3.3941593170166016
926 3.4427876472473145
927 3.11942982673645
928 3.0345077514648438
929 3.3241524696350098
930 3.453815221786499
931 3.2069499492645264
932 3.401796579360962
933 2.8728833198547363
934 3.3475773334503174
935 3.105851411819458
936 3.32873797416687
937 3.6765546798706055
938 3.420673131942749
939 3.7623867988586426
940 3.414393424987793
941 3.61238169670105
942 3.415802478790283
943 3.481114625930786
944 3.6504459381103516
945 3.2269914150238037
946 3.453026294708252
947 3.967970609664917
948 3.2672016620635986
949 3.657843589782715
950 3.6805858612060547
951 3.8305704593658447
952 3.318018913269043
953 3.696880340576172
954 3.4366438388824463
955 3.9412293434143066
956 3.67618989944458
957 3.7349348068237305
958 3.7632148265838623
959 3.5858325958251953
960 3.706110715866089
961 3.7026751041412354
962 3.580277442932129
963 3.8426246643066406
964 3.555023670196533
965 4.088131427764893
966 3.6559391021728516
967 4.46783971786499
968 3.9275121688842773
969 3.6555769443511963
970 3.44667387008667
971 3.287083148956299
972 3.771641969680786
973 3.332937479019165
974 3.267102003097534
975 3.304351568222046
976 3.1133573055267334
977 3.354167938232422
978 3.2656795978546143
979 3.0721004009246826
980 3.123603582382202
981 3.0614514350891113
982 3.2180583477020264
983 3.534280776977539
984 3.0223007202148438
985 3.2563114166259766
986 3.101745367050171
987 3.2186648845672607
988 3.5991005897521973
989 3.8363842964172363
990 3.4058499336242676
991 3.7625505924224854
992 3.208800792694092
993 3.6939871311187744
994 3.868067979812622
995 3.5977745056152344
996 3.083749771118164
997 3.4604005813598633
998 3.1503684520721436
999 2.945545196533203
1000 3.46403431892395
1001 3.173701524734497
1002 3.0498645305633545
1003 3.020111322402954
1004 3.264145612716675
1005 3.686737060546875
1006 3.1449666023254395
1007 3.3937699794769287
1008 3.7002758979797363
1009 3.619499683380127
1010 3.704892635345459
1011 3.509831190109253
1012 3.4727158546447754
1013 3.396747350692749
1014 3.1964609622955322
1015 2.863189935684204
1016 3.2061965465545654
1017 3.5867092609405518
1018 3.404629707336426
1019 3.484992027282715
1020 4.068340301513672
1021 3.167509078979492
1022 3.2115211486816406
1023 3.686292886734009
1024 3.7992217540740967
1025 3.1269052028656006
1026 3.5121936798095703
1027 3.1944539546966553
1028 3.3745052814483643
1029 2.8851020336151123
1030 3.1994805335998535
1031 2.804060220718384
1032 2.966926336288452
1033 3.2716128826141357
1034 3.0824596881866455
1035 3.4032249450683594
1036 3.0688674449920654
1037 3.444751739501953
1038 3.5045089721679688
1039 3.4755349159240723
1040 3.5624921321868896
1041 3.6685903072357178
1042 4.655544757843018
1043 4.1842041015625
1044 4.489335536956787
1045 4.329174518585205
1046 3.974494457244873
1047 3.530224084854126
1048 3.380474805831909
1049 2.5373942852020264
1050 2.835909843444824
1051 2.7944321632385254
1052 2.437980890274048
1053 2.6608550548553467
1054 2.994856834411621
1055 2.5185494422912598
1056 2.5039334297180176
1057 2.703669309616089
1058 2.4766273498535156
1059 2.91408109664917
1060 2.784796953201294
1061 2.884573459625244
1062 2.557140350341797
1063 2.673647403717041
1064 2.7516191005706787
1065 3.099344491958618
1066 2.477670669555664
1067 2.704840660095215
1068 3.222837448120117
1069 2.412809371948242
1070 2.8544492721557617
1071 3.1051692962646484
1072 3.118908166885376
1073 3.051175832748413
1074 3.392256736755371
1075 3.5415117740631104
1076 3.067678928375244
1077 2.5872769355773926
1078 2.959404468536377
1079 2.785090208053589
1080 2.9244344234466553
1081 2.829317569732666
1082 2.6769893169403076
1083 2.6118640899658203
1084 2.5382072925567627
1085 3.1735141277313232
1086 2.9832613468170166
1087 2.861239194869995
1088 2.666775703430176
1089 2.4723827838897705
1090 2.8871359825134277
1091 2.5578625202178955
1092 2.6224582195281982
1093 2.5489542484283447
1094 2.883817672729492
1095 3.1268310546875
1096 2.8143277168273926
1097 2.7872724533081055
1098 3.0661919116973877
1099 2.3112761974334717
1100 2.595309019088745
1101 2.4366097450256348
1102 2.629899024963379
1103 2.5348997116088867
1104 2.249387741088867
1105 2.656751871109009
1106 2.7292420864105225
1107 2.0925915241241455
1108 2.161090612411499
1109 2.974019765853882
1110 3.371222496032715
1111 2.9549994468688965
1112 3.058351516723633
1113 2.910619020462036
1114 3.080362558364868
1115 3.0301265716552734
1116 2.6913721561431885
1117 2.912379264831543
1118 2.7637157440185547
1119 2.8118817806243896
1120 2.3788766860961914
1121 2.6673176288604736
1122 2.5879335403442383
1123 2.7284624576568604
1124 3.1676828861236572
1125 2.75695538520813
1126 2.749340534210205
1127 2.7534797191619873
1128 2.990957498550415
1129 3.2659671306610107
1130 2.93156099319458
1131 3.325620412826538
1132 2.996609926223755
1133 3.323244094848633
1134 3.348811149597168
1135 3.2590363025665283
1136 3.1021056175231934
1137 3.593686819076538
1138 3.4304749965667725
1139 3.361018419265747
1140 3.732686758041382
1141 3.498579740524292
1142 3.104764223098755
1143 3.4242453575134277
1144 3.496279239654541
1145 3.862874746322632
1146 3.6110901832580566
1147 3.3176658153533936
1148 2.9588608741760254
1149 3.406529188156128
1150 3.4035303592681885
1151 2.952941656112671
1152 2.776045083999634
1153 3.39741849899292
1154 2.992507219314575
1155 2.974292516708374
1156 3.289412260055542
1157 2.8825604915618896
1158 2.921273708343506
1159 3.257793426513672
1160 2.6799824237823486
1161 2.9537479877471924
1162 3.0059268474578857
1163 3.0687830448150635
1164 2.662252187728882
1165 3.481139898300171
1166 3.0626895427703857
1167 2.7827322483062744
1168 2.6025640964508057
1169 2.89524245262146
1170 2.378739833831787
1171 1.9634735584259033
1172 2.9409313201904297
1173 2.9599509239196777
1174 2.470780611038208
1175 2.8107752799987793
1176 2.310668468475342
1177 2.635769844055176
1178 2.475928783416748
1179 2.700032949447632
1180 2.317656993865967
1181 2.107954502105713
1182 2.3138139247894287
1183 2.2602784633636475
1184 2.2464959621429443
1185 2.637861490249634
1186 2.245291233062744
1187 1.8734301328659058
1188 1.578254222869873
1189 1.8487370014190674
1190 2.086641550064087
1191 2.0427262783050537
1192 1.9723376035690308
1193 2.7108371257781982
1194 2.8337044715881348
1195 2.3101794719696045
1196 2.282604455947876
1197 2.192502975463867
1198 1.778327465057373
1199 1.7524245977401733
1200 2.506553888320923
1201 2.570868492126465
1202 2.3440334796905518
1203 2.7477312088012695
1204 2.529747486114502
1205 2.6051104068756104
1206 1.9880383014678955
1207 2.243474245071411
1208 2.2012131214141846
1209 1.894643783569336
1210 1.86471688747406
1211 2.785926342010498
1212 1.9958462715148926
1213 1.7435944080352783
1214 1.7360478639602661
1215 1.6656010150909424
1216 1.6779347658157349
1217 1.6588536500930786
1218 1.8482882976531982
1219 1.8732995986938477
1220 2.3191232681274414
1221 2.141256809234619
1222 2.3118348121643066
1223 2.142657995223999
1224 2.0234551429748535
1225 1.8907711505889893
1226 1.948197364807129
1227 1.9960627555847168
1228 2.0893585681915283
1229 2.1251509189605713
1230 2.0865705013275146
1231 2.2258150577545166
1232 2.2539596557617188
1233 2.212212085723877
1234 1.6199414730072021
1235 1.3279796838760376
1236 1.514356017112732
1237 1.7902774810791016
1238 2.4742770195007324
1239 1.846129059791565
1240 2.6388163566589355
1241 2.292428731918335
1242 2.4275012016296387
1243 1.791890025138855
1244 2.3189117908477783
1245 2.2046566009521484
1246 1.6632739305496216
1247 2.4730582237243652
1248 2.5004923343658447
1249 2.229963779449463
1250 2.465820074081421
1251 2.473935842514038
1252 2.23541259765625
1253 2.6989634037017822
1254 2.5904715061187744
1255 2.63214373588562
1256 2.965762138366699
1257 2.535350799560547
1258 2.4651219844818115
1259 2.813572406768799
1260 2.0028798580169678
1261 2.7550017833709717
1262 2.50693941116333
1263 2.438156843185425
1264 2.464961290359497
1265 2.748042106628418
1266 2.531493663787842
1267 2.6467487812042236
1268 2.259533166885376
1269 2.2930541038513184
1270 2.6422996520996094
1271 2.7887344360351563
1272 2.807499885559082
1273 2.9215855598449707
1274 2.6662864685058594
1275 2.6383252143859863
1276 2.9825329780578613
1277 2.340221643447876
1278 2.402127981185913
1279 2.3873846530914307
1280 2.3093295097351074
1281 1.8362780809402466
1282 2.1524100303649902
1283 2.1124119758605957
1284 2.1696865558624268
1285 1.9719713926315308
1286 2.2216553688049316
1287 1.8972355127334595
1288 2.102022409439087
1289 1.9457412958145142
1290 2.29408597946167
1291 1.9338593482971191
1292 2.143636703491211
1293 1.8576834201812744
1294 2.1906676292419434
1295 2.2491958141326904
1296 2.3145172595977783
1297 1.9131141901016235
1298 1.9825133085250854
1299 1.736483097076416
1300 1.6385867595672607
1301 1.8515363931655884
1302 1.824320912361145
1303 1.9961227178573608
1304 1.817450761795044
1305 2.163835048675537
1306 2.283917188644409
1307 1.5827769041061401
1308 2.2537624835968018
1309 2.221412181854248
1310 2.06442928314209
1311 2.640779733657837
1312 2.3563125133514404
1313 1.9672129154205322
1314 2.1130003929138184
1315 1.9206626415252686
1316 2.1834163665771484
1317 1.8906807899475098
1318 1.832315444946289
1319 2.273810386657715
1320 2.3611955642700195
1321 2.054309368133545
1322 1.8436936140060425
1323 1.5599273443222046
1324 1.7994569540023804
1325 2.1389381885528564
1326 2.214418411254883
1327 1.853549599647522
1328 2.252352237701416
1329 1.7430461645126343
1330 1.7204093933105469
1331 1.897985577583313
1332 2.1086528301239014
1333 1.8117518424987793
1334 1.9943581819534302
1335 1.9660578966140747
1336 2.2665295600891113
1337 1.8593974113464355
1338 1.8857170343399048
1339 1.9855231046676636
1340 1.8666092157363892
1341 1.9856454133987427
1342 2.0702242851257324
1343 1.6397020816802979
1344 2.0632803440093994
1345 2.0919229984283447
1346 1.958499789237976
1347 1.9206671714782715
1348 1.905469536781311
1349 1.512475848197937
1350 2.0819153785705566
1351 2.1139862537384033
1352 2.131722927093506
1353 2.5224995613098145
1354 2.021799325942993
1355 1.929303526878357
1356 1.890159249305725
1357 2.0579071044921875
1358 1.5637911558151245
1359 1.7256779670715332
1360 1.9069284200668335
1361 1.7580915689468384
1362 1.9309126138687134
1363 1.7723395824432373
1364 1.8811968564987183
1365 1.93439519405365
1366 2.4854729175567627
1367 2.1874186992645264
1368 1.5042637586593628
1369 1.7336281538009644
1370 1.9253103733062744
1371 2.0456080436706543
1372 2.3522119522094727
1373 1.5781656503677368
1374 1.2863037586212158
1375 1.9034545421600342
1376 1.8742473125457764
1377 2.275254726409912
1378 1.9235330820083618
1379 2.3753037452697754
1380 2.232121706008911
1381 2.448861837387085
1382 1.9168258905410767
1383 2.07255220413208
1384 2.222982883453369
1385 1.997227430343628
1386 2.383136034011841
1387 1.9797604084014893
1388 2.1869099140167236
1389 1.8637715578079224
1390 1.9989765882492065
1391 2.160396099090576
1392 2.2942233085632324
1393 1.8383939266204834
1394 2.347562074661255
1395 1.8237956762313843
1396 2.1537349224090576
1397 2.2180404663085938
1398 2.2093992233276367
1399 2.396806478500366
1400 1.9195637702941895
1401 1.6102124452590942
1402 1.8188117742538452
1403 2.2457711696624756
1404 2.0605721473693848
1405 1.6511011123657227
1406 1.9499843120574951
1407 2.0555014610290527
1408 2.150352716445923
1409 1.7172647714614868
1410 1.7321441173553467
1411 2.088197708129883
1412 1.859683632850647
1413 1.9175090789794922
1414 2.1239094734191895
1415 1.9200364351272583
1416 2.2960338592529297
1417 2.232487916946411
1418 2.4124388694763184
1419 2.492763042449951
1420 2.1073267459869385
1421 2.325897455215454
1422 1.5480762720108032
1423 0.9434150457382202
1424 1.7878669500350952
1425 1.784544825553894
1426 1.7104942798614502
1427 1.825716257095337
1428 1.6554621458053589
1429 1.4886451959609985
1430 1.49459707736969
1431 1.6544619798660278
1432 1.76035475730896
1433 1.7742668390274048
1434 1.8112634420394897
1435 1.8906371593475342
1436 1.7743667364120483
1437 2.490243673324585
1438 2.2834997177124023
1439 2.368696451187134
1440 2.1823434829711914
1441 2.3384594917297363
1442 2.1232526302337646
1443 2.0606374740600586
1444 1.9571303129196167
1445 2.3682994842529297
1446 2.26231050491333
1447 2.088182210922241
1448 1.9430692195892334
1449 1.6276341676712036
1450 1.82857346534729
1451 1.8761433362960815
1452 2.416853904724121
1453 2.3804333209991455
1454 2.9192469120025635
1455 2.05017352104187
1456 1.800730586051941
1457 2.375025987625122
1458 2.4334328174591064
1459 1.5578974485397339
1460 1.3643766641616821
1461 1.989678144454956
1462 1.8496026992797852
1463 1.9919307231903076
1464 1.529964566230774
1465 2.219501256942749
1466 2.123300075531006
1467 1.794934630393982
1468 2.6032021045684814
1469 1.7716634273529053
1470 2.2805256843566895
1471 2.0686182975769043
1472 1.8708465099334717
1473 1.4390863180160522
1474 1.343047022819519
1475 1.901464581489563
1476 1.8997235298156738
1477 1.9116272926330566
1478 1.6953718662261963
1479 1.6776410341262817
1480 1.7524425983428955
1481 1.7267489433288574
1482 1.927207112312317
1483 2.3211076259613037
1484 2.1432652473449707
1485 2.1193337440490723
1486 1.833631157875061
1487 1.8965924978256226
1488 1.945600152015686
1489 1.840690016746521
1490 1.863973617553711
1491 1.5289106369018555
1492 1.973962664604187
1493 1.8490549325942993
1494 2.1742286682128906
1495 1.5619271993637085
1496 2.504847764968872
1497 2.0222229957580566
1498 2.1486403942108154
1499 1.7860746383666992
1500 2.103886365890503
1501 1.7732418775558472
1502 1.303809642791748
1503 1.4503175020217896
1504 1.2051963806152344
1505 1.5937249660491943
1506 1.7099236249923706
1507 1.704712152481079
1508 1.4499435424804688
1509 1.6815840005874634
1510 2.1591641902923584
1511 1.8493680953979492
1512 1.973647117614746
1513 1.8236362934112549
1514 1.7181799411773682
1515 2.1798806190490723
1516 1.6556192636489868
1517 1.3903850317001343
1518 1.325624942779541
1519 1.718889832496643
1520 2.1603407859802246
1521 2.1797759532928467
1522 2.22383975982666
1523 2.1876871585845947
1524 1.8003367185592651
1525 2.101478099822998
1526 2.012051820755005
1527 1.6911503076553345
1528 1.6686571836471558
1529 1.9796960353851318
1530 1.3241487741470337
1531 1.136188268661499
1532 0.8948647975921631
1533 1.2487239837646484
1534 0.571505606174469
1535 0.750433087348938
1536 0.9436032772064209
1537 0.9988133907318115
1538 0.8717524409294128
1539 0.6438499689102173
1540 0.618033230304718
1541 0.7994431257247925
1542 1.0074394941329956
1543 0.7727076411247253
1544 0.5557258129119873
1545 1.0997580289840698
1546 0.7392578721046448
1547 1.292724609375
1548 1.6652981042861938
1549 0.718585729598999
1550 0.8392698764801025
1551 1.5143111944198608
1552 1.3975430727005005
1553 1.766005516052246
1554 1.3500672578811646
1555 1.3631353378295898
1556 1.3749839067459106
1557 1.3991488218307495
1558 1.1839677095413208
1559 0.9848619103431702
1560 1.5241222381591797
1561 1.3883702754974365
1562 1.4766595363616943
1563 1.4913387298583984
1564 1.15059232711792
1565 1.103505253791809
1566 1.0717275142669678
1567 1.2930071353912354
1568 1.210730791091919
1569 1.055057168006897
1570 0.5384252071380615
1571 0.5026350617408752
1572 0.6814349889755249
1573 0.4451344311237335
1574 0.7712807655334473
1575 0.848702609539032
1576 0.4093376100063324
1577 0.30785802006721497
1578 0.7460824847221375
1579 0.4184068441390991
1580 0.7741023302078247
1581 0.8937641978263855
1582 1.2161450386047363
1583 0.9399479031562805
1584 0.9004815220832825
1585 0.8934760093688965
1586 0.9794497489929199
1587 0.2795899212360382
1588 0.8742295503616333
1589 0.7159890532493591
1590 0.6069586277008057
1591 1.2440129518508911
1592 0.7011140584945679
1593 1.1566134691238403
1594 0.5823786854743958
1595 0.7665525674819946
1596 0.9041324257850647
1597 0.4418043792247772
1598 0.6142882108688354
1599 0.655462384223938
1600 0.6202271580696106
1601 0.7117583751678467
1602 0.43283897638320923
1603 0.467602401971817
1604 0.7247821688652039
1605 0.7408416867256165
1606 1.2595300674438477
1607 0.9689071178436279
1608 0.8944898843765259
1609 0.7068291902542114
1610 0.8822638988494873
1611 1.0581517219543457
1612 0.5704138278961182
1613 0.3246639668941498
1614 0.8392555713653564
1615 0.44235312938690186
1616 0.6013192534446716
1617 0.686288058757782
1618 0.42442241311073303
1619 0.6945605278015137
1620 0.6201160550117493
1621 0.794469952583313
1622 0.45227769017219543
1623 0.528374433517456
1624 0.48707643151283264
1625 0.6820207834243774
1626 0.5545536875724792
1627 0.32204511761665344
1628 0.5124245285987854
1629 0.5019954442977905
1630 0.7282298803329468
1631 1.0248374938964844
1632 0.9611542224884033
1633 0.9130366444587708
1634 0.4329376518726349
1635 0.6401333212852478
1636 0.8269569277763367
1637 0.4605551064014435
1638 0.4396415948867798
1639 0.3576814830303192
1640 0.4520222842693329
1641 0.6771810054779053
1642 0.6326950788497925
1643 0.40826407074928284
1644 0.7019960880279541
1645 0.390524685382843
1646 0.8906243443489075
1647 0.7248820662498474
1648 0.5012234449386597
1649 0.4548729658126831
1650 0.880574107170105
1651 0.4967572093009949
1652 0.4099065363407135
1653 0.5188813805580139
1654 1.3553210496902466
1655 1.3648453950881958
1656 1.742387056350708
1657 1.1455683708190918
1658 0.9099056124687195
1659 1.7348512411117554
1660 1.0306332111358643
1661 1.3921849727630615
1662 1.3065458536148071
1663 1.4842422008514404
1664 1.4624104499816895
1665 1.1100877523422241
1666 0.944453775882721
1667 1.459852933883667
1668 1.272830843925476
1669 1.1587653160095215
1670 0.8883048295974731
1671 0.6120020151138306
1672 0.7051917910575867
1673 0.9858428239822388
1674 0.622816264629364
1675 1.0887926816940308
1676 1.3126239776611328
1677 1.0358219146728516
1678 1.263644814491272
1679 0.631324052810669
1680 0.675315260887146
1681 1.070449948310852
1682 0.727942943572998
1683 0.7453454732894897
1684 0.7380698323249817
1685 0.7431154847145081
1686 0.8435196280479431
1687 0.9323102235794067
1688 0.6614780426025391
1689 1.0914288759231567
1690 0.8017199635505676
1691 0.8198301196098328
1692 1.1822158098220825
1693 0.9873260259628296
1694 0.7907572388648987
1695 0.38391777873039246
1696 1.2240973711013794
1697 0.9647541046142578
1698 0.9006879925727844
1699 0.6742980480194092
1700 0.4574163854122162
1701 0.762631356716156
1702 0.6430110335350037
1703 0.684207022190094
1704 0.8056085705757141
1705 0.7927398085594177
1706 1.07668137550354
1707 0.6493818759918213
1708 0.6114130616188049
1709 0.49055159091949463
1710 0.6749298572540283
1711 0.933346688747406
1712 1.0683574676513672
1713 1.542810320854187
1714 1.6788235902786255
1715 1.7026593685150146
1716 1.9095652103424072
1717 1.6806520223617554
1718 1.8628160953521729
1719 2.106250524520874
1720 1.7379438877105713
1721 1.9494651556015015
1722 1.3576170206069946
1723 1.6416059732437134
1724 1.3302332162857056
1725 1.3358261585235596
1726 1.2798500061035156
1727 0.6983941793441772
1728 1.5461009740829468
1729 2.040592908859253
1730 1.1957004070281982
1731 0.8833180069923401
1732 0.48819416761398315
1733 0.800992488861084
1734 0.5379929542541504
1735 0.9057437777519226
1736 1.049815058708191
1737 0.6538515090942383
1738 0.6536380648612976
1739 1.3773895502090454
1740 1.2777633666992188
1741 1.499757170677185
1742 1.6940248012542725
1743 1.7554250955581665
1744 1.519286036491394
1745 1.9463399648666382
1746 2.0902671813964844
1747 1.8235301971435547
1748 1.7819007635116577
1749 1.7381759881973267
1750 1.711585283279419
1751 1.561600923538208
1752 1.3096821308135986
1753 1.6103465557098389
1754 1.4785866737365723
1755 1.4868764877319336
1756 1.99711275100708
1757 1.7162731885910034
1758 2.0336477756500244
1759 2.1380722522735596
1760 2.1884303092956543
1761 2.4437968730926514
1762 1.7699542045593262
1763 2.321807861328125
1764 1.993168830871582
1765 2.562727212905884
1766 3.124518871307373
1767 2.415005922317505
1768 1.536793828010559
1769 1.6518003940582275
1770 2.218297243118286
1771 1.7673410177230835
1772 1.7001299858093262
1773 1.6483641862869263
1774 1.7298102378845215
1775 1.7699166536331177
1776 1.995399832725525
1777 2.111172676086426
1778 2.306246519088745
1779 2.3905484676361084
1780 2.035358428955078
1781 2.2515690326690674
1782 3.237130641937256
1783 2.6068203449249268
1784 2.2424628734588623
1785 2.0832881927490234
1786 1.9530352354049683
1787 2.4898252487182617
1788 1.962714433670044
1789 1.9555408954620361
1790 2.4375534057617188
1791 2.7240283489227295
1792 2.235736846923828
1793 2.0852980613708496
1794 2.191967248916626
1795 1.8433295488357544
1796 2.0723044872283936
1797 1.9758613109588623
1798 2.0119593143463135
1799 2.3137617111206055
1800 2.476290464401245
1801 2.330634832382202
1802 2.0843374729156494
1803 1.565639615058899
1804 2.526414632797241
1805 2.386770486831665
1806 1.6158106327056885
1807 2.093380928039551
1808 1.993175745010376
1809 1.7473242282867432
1810 2.31965970993042
1811 2.0152740478515625
1812 2.253018617630005
1813 2.193690061569214
1814 1.5347983837127686
1815 1.6823298931121826
1816 2.297381639480591
1817 2.1716341972351074
1818 1.7638546228408813
1819 1.9669203758239746
1820 2.040595531463623
1821 1.9908242225646973
1822 1.7432646751403809
1823 1.890083909034729
1824 1.9901466369628906
1825 1.5858017206192017
1826 1.90883469581604
1827 2.414931535720825
1828 2.2437055110931396
1829 2.1089465618133545
1830 1.8812427520751953
1831 2.0087296962738037
1832 2.028444528579712
1833 1.9842987060546875
1834 2.0451271533966064
1835 1.2600030899047852
1836 1.7927199602127075
1837 1.9646803140640259
1838 2.2017297744750977
1839 2.306920289993286
1840 1.6833248138427734
1841 1.7994226217269897
1842 1.8071447610855103
1843 1.7146459817886353
1844 1.2344965934753418
1845 1.7521419525146484
1846 1.3688299655914307
1847 1.8901360034942627
1848 2.315840244293213
1849 1.430907130241394
1850 1.6921076774597168
1851 1.8829269409179688
1852 1.6185842752456665
1853 1.8751373291015625
1854 2.252751588821411
1855 1.7703524827957153
1856 2.227647066116333
1857 2.536741018295288
1858 2.489833354949951
1859 2.591876983642578
1860 2.4766578674316406
1861 2.8821940422058105
1862 2.3690013885498047
1863 1.6500470638275146
1864 1.6411571502685547
1865 1.6609861850738525
1866 1.595043420791626
1867 2.01583194732666
1868 2.3449783325195313
1869 1.7602752447128296
1870 1.6176570653915405
1871 1.7485547065734863
1872 1.453541874885559
1873 1.778333306312561
1874 1.9962658882141113
1875 1.9327409267425537
1876 1.8593618869781494
1877 1.757773518562317
1878 1.4543490409851074
1879 1.716406226158142
1880 1.6487573385238647
1881 2.123746395111084
1882 2.596306085586548
1883 2.1096067428588867
1884 1.8974248170852661
1885 2.057323694229126
1886 2.097487211227417
1887 1.9563014507293701
1888 1.799001693725586
1889 1.9415310621261597
1890 1.8810625076293945
1891 1.5000499486923218
1892 1.5998682975769043
1893 1.2354298830032349
1894 1.6946347951889038
1895 1.9406291246414185
1896 1.9741226434707642
1897 2.0235157012939453
1898 1.9112449884414673
1899 2.0075855255126953
1900 1.6810975074768066
1901 2.125415563583374
1902 2.085845470428467
1903 2.387061834335327
1904 2.641965627670288
1905 2.1207540035247803
1906 2.2112526893615723
1907 1.6721012592315674
1908 2.393486261367798
1909 2.283937931060791
1910 2.066856861114502
1911 1.523073673248291
1912 2.0822370052337646
1913 1.6987965106964111
1914 2.3354568481445313
1915 1.9591073989868164
1916 1.4381192922592163
1917 1.7353624105453491
1918 1.5988668203353882
1919 1.5941776037216187
1920 2.0296976566314697
1921 1.6130595207214355
1922 2.1523659229278564
1923 2.2206783294677734
1924 2.076159715652466
1925 1.6234779357910156
1926 1.7518117427825928
1927 1.7339526414871216
1928 1.4988209009170532
1929 2.077925205230713
1930 1.7633390426635742
1931 1.5283353328704834
1932 1.3210387229919434
1933 1.525671362876892
1934 1.6627696752548218
1935 1.8678568601608276
1936 1.6427613496780396
1937 1.8685781955718994
1938 2.0366928577423096
1939 1.9228721857070923
1940 1.5983957052230835
1941 1.731095552444458
1942 2.1475412845611572
1943 1.9727075099945068
1944 1.8502020835876465
1945 1.8776030540466309
1946 1.4479666948318481
1947 1.9584321975708008
1948 1.6477628946304321
1949 1.5405972003936768
1950 1.5995585918426514
1951 1.6911256313323975
1952 1.699950098991394
1953 1.5986398458480835
1954 1.2352912425994873
1955 1.7966537475585938
1956 2.0825071334838867
1957 1.8442529439926147
1958 2.2644574642181396
1959 1.7846726179122925
1960 1.710437297821045
1961 1.662152886390686
1962 1.8555827140808105
1963 2.1290154457092285
1964 1.4406558275222778
1965 1.5577342510223389
1966 1.6247730255126953
1967 1.9286199808120728
1968 2.3467442989349365
1969 1.322178840637207
1970 1.7002099752426147
1971 1.3477306365966797
1972 1.6407217979431152
1973 1.5353144407272339
1974 2.1219143867492676
1975 1.6309726238250732
1976 1.92642080783844
1977 2.0640475749969482
1978 1.6452927589416504
1979 1.8057268857955933
1980 1.6416003704071045
1981 1.8251760005950928
1982 1.3020942211151123
1983 1.4458541870117188
1984 1.25704824924469
1985 1.3218837976455688
1986 1.960115909576416
1987 1.6954195499420166
1988 1.5739336013793945
1989 2.262531280517578
1990 1.2883975505828857
1991 1.409861445426941
1992 1.2983640432357788
1993 1.4312556982040405
1994 1.7140792608261108
1995 1.763677954673767
1996 1.2608782052993774
1997 1.4969754219055176
1998 1.5839349031448364
1999 1.3521504402160645
