0 17.962264658207957
1 18.16456309093263
2 18.258097998815796
3 17.476200612973575
4 17.40350741548995
5 16.389817475529032
6 17.915353828771288
7 17.18023868840224
8 18.49986967950114
9 19.42812993716984
10 18.712040137038382
11 18.932585898423987
12 17.47159849956462
13 17.958474753477642
14 16.811791352307434
15 16.09350351641185
16 16.851007599041427
17 16.437373708742438
18 17.335963433028507
19 15.426764428766825
20 16.376012193578376
21 16.668142712858412
22 18.043945628135944
23 17.47430348799524
24 17.486274580719364
25 16.66891369418324
26 16.798363758113645
27 17.020232611418017
28 17.36328730559843
29 17.27420031564287
30 16.34170875496812
31 16.423400027175415
32 15.18097828899913
33 15.922574086747863
34 15.042198633712273
35 14.548170632431539
36 15.68645891143957
37 15.16945742163207
38 14.06665177780073
39 15.484065512086097
40 16.171053214043525
41 16.75893891725518
42 15.71058788045317
43 14.10614407131423
44 14.467463784303167
45 14.571298748842215
46 15.018433073008303
47 15.727644672303706
48 15.914689440922906
49 16.160642196357706
50 16.80953975096358
51 16.676272588001325
52 16.56117379501733
53 15.536108444176314
54 15.771571979438736
55 14.87236957395452
56 14.25563260054509
57 15.84086391207934
58 15.833926632475587
59 16.51370107521335
60 16.03995820263498
61 15.447105631730714
62 14.91046438153223
63 16.08883936292584
64 15.838237362840138
65 15.103943970704753
66 15.960373031704659
67 15.6776682085927
68 15.506447220082373
69 16.26583344737479
70 16.052132910742593
71 16.578987632459334
72 16.91666743356213
73 17.342132571055867
74 17.7202125213384
75 17.763064551566888
76 17.910249480507357
77 17.25054063822547
78 16.88513357757251
79 16.325066125330615
80 17.737075710994603
81 17.24617844128326
82 17.753835445370452
83 17.094359905229908
84 16.214677958080358
85 18.193955809665212
86 16.946611896985083
87 17.233620424516612
88 16.541734562901997
89 16.074853166084775
90 16.290621468976898
91 15.873103542425914
92 15.072039209951551
93 15.799279629542754
94 16.372148032263116
95 16.73441280346413
96 17.04291606850996
97 17.495274968365713
98 18.027882790784673
99 17.34435546360964
100 17.894503358644958
101 17.852444307976164
102 17.72321273107241
103 17.457070133845853
104 17.596765446217326
105 16.759879946030324
106 17.427651895999354
107 17.193717269811604
108 17.23561175272722
109 16.83439910330757
110 17.091403116383674
111 16.635960934865768
112 16.433671148600272
113 16.077619557114552
114 16.546256125016352
115 15.547310478088782
116 17.11821861901919
117 17.015838886080896
118 17.35236229300934
119 17.741300389002625
120 17.40687403265271
121 18.214162961795715
122 18.445295370822905
123 18.705161016843483
124 18.02821125971242
125 18.407829972625393
126 18.54596772137806
127 18.43092636309188
128 17.61480158262876
129 16.414317854410786
130 16.867888688591833
131 17.074806680133136
132 17.590958102351806
133 17.137894902270073
134 17.092504284390337
135 17.33213937390837
136 16.763924271648442
137 16.91142453901243
138 15.812392330910543
139 16.88308178404506
140 16.773227208836456
141 16.817837004106366
142 17.24465350426329
143 17.867093952105822
144 16.866085964352685
145 17.078008633854058
146 16.621015634671814
147 16.688665570338706
148 16.88597934112775
149 16.928561194866084
150 17.04164060637644
151 16.23713508539129
152 17.54035791863436
153 16.48539295657621
154 16.992635026369
155 16.95834454180891
156 15.509512679717462
157 16.003682133394097
158 15.56689991367881
159 15.801333685699895
160 16.332475367687785
161 15.09915622805469
162 16.2731081431043
163 15.51383382371492
164 15.15687729180845
165 15.61744831195195
166 15.005379391298414
167 15.554771345956114
168 14.965825718277872
169 16.027702300096077
170 15.751420295721164
171 15.750064371489128
172 17.133057075666283
173 16.46059262309571
174 17.017098905362566
175 16.211550349755846
176 16.00744190506081
177 16.31146398572068
178 16.69440048124789
179 15.58191470140545
180 15.695872343716655
181 15.870921303592985
182 16.221689019517502
183 16.379665650451017
184 15.973520816642814
185 14.774417295592189
186 15.348929744233908
187 14.937884855665683
188 15.015653075659399
189 15.156718371020201
190 15.9160361831077
191 15.91487093224869
192 15.173253482170395
193 14.899608254581349
194 15.366437679328744
195 16.3968399863991
196 15.943046664766548
197 15.45583696596001
198 15.938192348813091
199 15.314856240267304
200 15.194266877279116
201 15.130629760259525
202 15.44811776733658
203 15.639173258187336
204 14.640907940145938
205 16.050982141780832
206 14.622786978692732
207 15.317764030907458
208 15.283490310993471
209 14.375742060424498
210 14.81719151797339
211 14.40443488900604
212 13.443189812129098
213 14.894191283415187
214 14.193538001974629
215 14.350260837330248
216 15.3158757788768
217 14.985617592971265
218 14.40437000924706
219 14.337563326549857
220 13.508767759276047
221 14.741609708737844
222 14.709917359654074
223 14.364500261427882
224 15.957819964243763
225 14.636619020475548
226 14.55502832520019
227 15.283642942614843
228 13.75087940723201
229 14.220103273934308
230 13.949940353841397
231 15.366795396859287
232 13.642589610102322
233 13.425958382421488
234 14.072596724080631
235 15.236414398626218
236 15.50113815226671
237 15.208782258551892
238 15.355365476585728
239 14.275922597277301
240 13.630492272702702
241 12.559644909730766
242 13.11751072923006
243 13.774274522703204
244 12.83112674077127
245 12.468980001570403
246 12.109120933200272
247 13.271528881349681
248 13.109732696883443
249 13.609658403655477
250 13.871562605080456
251 13.348547635704222
252 13.508639129905948
253 13.780196625576128
254 13.721054377730558
255 13.954504641734943
256 12.755428997178628
257 13.306407014569738
258 11.756242176120127
259 12.309161941533594
260 13.192211284112119
261 13.01195821442178
262 12.349953486833734
263 13.139490637688878
264 13.457515781676467
265 14.40053789993063
266 13.95708612285658
267 13.806718244110028
268 14.123500278214872
269 14.102915855557267
270 12.696575985231677
271 12.573048648078005
272 12.634609671335772
273 12.248093023060107
274 12.192275415686998
275 11.60667457743256
276 11.894753660598377
277 12.102428685713186
278 11.39211581491823
279 11.914478085231133
280 12.28556373107559
281 12.318143599453085
282 11.752999288296817
283 12.056444502516626
284 11.960910964457462
285 12.43169097497273
286 11.97106499078394
287 11.973667613036712
288 12.239745000103522
289 11.60352014886921
290 11.555531246115033
291 12.521662508893503
292 12.238738028102075
293 11.806573906711726
294 12.162007493198479
295 11.968032842040376
296 12.205306328201587
297 12.820045383601462
298 12.700357745638058
299 12.034634999596415
300 12.713622584602279
301 12.485224104460258
302 12.446560044846967
303 13.090080652667192
304 12.811890341568542
305 12.786609244501049
306 12.435291484971076
307 11.996200264418711
308 11.727520374623058
309 11.838891058959906
310 11.925370124800702
311 11.908501489043537
312 12.21892611272074
313 11.20816270882504
314 12.185315992223435
315 11.830941692384446
316 11.559819309958137
317 11.959189523877788
318 11.989026052579202
319 12.112146685483602
320 11.004900921740672
321 11.57742072469407
322 11.894291642299288
323 12.001412950392764
324 11.807226643551493
325 11.722570541466382
326 11.53064563566361
327 12.42073290656122
328 13.176993298392064
329 11.918518554950708
330 12.749858708178236
331 11.943648397807758
332 12.191545305800988
333 12.241141239243198
334 10.8605611062505
335 10.62614761142549
336 11.115802207915113
337 11.760407497229078
338 11.197557141511274
339 11.093160940873881
340 11.73658080898401
341 11.843135164831248
342 11.485931869631113
343 11.542255330226142
344 11.18094398940353
345 11.756437595198157
346 12.248772804685492
347 10.785061353182703
348 11.052840115017423
349 11.36669869677296
350 11.189430508053157
351 11.516666860049556
352 10.591783606606464
353 11.428178697082476
354 11.480186641261325
355 11.566880925520115
356 12.001298294073722
357 12.032426490457013
358 12.228210150731234
359 10.674200631549079
360 9.106937040614756
361 10.002363156797777
362 10.220291663114732
363 10.236932301406766
364 11.281022735314638
365 10.508430246062467
366 11.069410138312886
367 10.739962793914442
368 10.391984070726268
369 11.338641619426049
370 12.403947106740766
371 12.589689541745168
372 12.430787760921932
373 11.785721422208077
374 11.92488458696749
375 11.183166547469822
376 11.32535915655612
377 11.540029634046206
378 12.344707702936583
379 13.035753718979022
380 12.106305448008545
381 12.010808481132837
382 12.203662873301854
383 12.317145879340492
384 11.727550150581774
385 11.59155846825448
386 11.804722772774591
387 11.126866513512752
388 11.374152655351477
389 10.102660667219036
390 9.657493766769708
391 9.711260544133342
392 10.324684820107915
393 9.924976000207508
394 9.990315241274683
395 10.679436353187107
396 10.635325035929682
397 10.257938397305972
398 9.54501845348471
399 9.897412631190514
400 9.611640565371895
401 9.587511959452552
402 9.905670646492949
403 10.333975765164146
404 9.987317970971638
405 9.705043346059252
406 10.473302446200993
407 10.236496964715593
408 9.452785763232022
409 10.62474467257453
410 10.258699172651205
411 9.651123737735814
412 9.745737639452338
413 10.022007711587861
414 9.864171971166787
415 10.215079816035688
416 9.60568316945944
417 10.7459693699226
418 11.039565562524093
419 11.342033953672498
420 11.468425000696362
421 11.12066237441766
422 11.957300561323354
423 11.176139108814956
424 11.31132259258179
425 11.649850637510779
426 11.382018301611934
427 11.596093732587109
428 11.521419944964478
429 11.665073857090707
430 11.516362098076879
431 12.572312480079594
432 11.918204876975944
433 11.93469390377721
434 11.864675789761716
435 11.909223824198824
436 12.123260939316388
437 11.758508469370675
438 11.922811558799284
439 12.358075156677879
440 12.456799611782628
441 12.69886066191781
442 12.056192726798225
443 12.604784920429848
444 12.116971043062723
445 11.595351650556383
446 12.091930337537152
447 12.437171006293863
448 12.24349607217996
449 12.505052796610219
450 12.084357605962534
451 11.440415382064558
452 12.777901448193216
453 12.371230132000884
454 11.504541958312005
455 11.802855912779814
456 11.998309710233755
457 11.800157154263852
458 11.885173027365159
459 12.400849060554348
460 12.059820371693734
461 12.213752786014906
462 11.822810013861817
463 11.441739332429673
464 11.83110584767381
465 11.484325508364808
466 11.898756914830125
467 11.87080666711152
468 11.869867982274915
469 11.75174992054825
470 11.784201231073137
471 11.633861308181041
472 11.452082205108667
473 10.718947707811036
474 10.008891730467342
475 10.889600328021398
476 10.84995050172673
477 11.35659958796832
478 11.37650892096882
479 11.008164735930482
480 11.480140421566517
481 11.451439006188954
482 11.789347253083779
483 11.92981826115774
484 11.85228944946109
485 11.9225929263948
486 12.52054474757314
487 11.94286912482693
488 11.464339157903035
489 10.958984953449399
490 11.649992823338538
491 10.97053015437025
492 11.453916476232136
493 10.959076549051755
494 10.674195200846357
495 11.338869325806785
496 10.507345826645107
497 10.994855249606509
498 10.869363006146857
499 11.306657762456224
500 11.452076153710504
501 11.250518257268403
502 10.553107492751359
503 10.303712965874556
504 9.698214429223132
505 10.151495266099628
506 10.23735957618355
507 10.18812643175149
508 10.125170406539656
509 10.039251376331295
510 10.344111865333382
511 9.760934334525873
512 10.301644699576931
513 10.366671353142156
514 9.922478961208558
515 10.582879818281805
516 10.08717196119394
517 10.097904764169444
518 10.337896217669353
519 10.318697362090706
520 9.994285137514476
521 10.857374180911894
522 10.719400046164301
523 10.24050320849875
524 10.85390851184096
525 11.176158216180573
526 10.00884823280482
527 10.068034667078129
528 10.69641602824527
529 10.34608960391927
530 10.978513401422457
531 10.645300237314586
532 10.835458880332373
533 11.180125080880625
534 10.7834055381472
535 10.041643747056792
536 10.518126404056511
537 10.096348549136014
538 10.676440991561677
539 9.459113547328418
540 9.385952239353475
541 10.081651133290116
542 10.31145052625865
543 9.61737106485469
544 9.89628630656525
545 10.332333495386749
546 10.19865550578786
547 9.93602527470085
548 9.705509496062882
549 9.694559626951117
550 9.686514451146166
551 8.950881059009378
552 8.76093833607405
553 9.584323265600787
554 9.551674541254645
555 9.202604339388744
556 9.393510165313673
557 9.043970372555696
558 8.95678320336262
559 9.139715415663458
560 9.443061243467605
561 9.333169421842394
562 9.678635454812841
563 9.757534243935822
564 9.61911826080124
565 9.807901191002125
566 9.458206221395766
567 9.216681030082253
568 9.230107386814506
569 9.078518918931364
570 9.107890531570973
571 8.909605224512278
572 9.268804864890784
573 9.060943732318256
574 9.923270543447433
575 9.484723275429888
576 9.532592377982322
577 9.597199673315975
578 9.672294743540679
579 8.768632352017093
580 9.220103433058568
581 9.428505624649722
582 8.812044287667357
583 9.251441997894045
584 9.629642875020355
585 9.393360869597016
586 8.927910339533696
587 9.39430610411208
588 9.501037722755848
589 9.1644812254586
590 9.40065069052419
591 9.690083499219298
592 9.66424652521387
593 9.488116128821835
594 9.0200911179327
595 9.194400549819177
596 9.339532670855112
597 9.337911484951093
598 9.336033106592954
599 10.073127075145553
600 9.355835343258502
601 9.289641850478866
602 8.612707176502695
603 9.466915410558578
604 9.146317263217309
605 9.070951702146338
606 9.538398054001187
607 8.653632280339734
608 8.593629578769495
609 8.599460601906216
610 8.906049232888371
611 8.78775567956553
612 8.601831617671175
613 8.407301078024487
614 9.105489103266606
615 9.65379383392287
616 9.62050950042778
617 9.372021458628266
618 9.0061961527378
619 9.186868468472795
620 9.987651272559972
621 9.252406126237261
622 8.781641435461959
623 9.216077028824298
624 9.327555362164485
625 9.032896413815678
626 9.04113998477023
627 8.503588048179004
628 8.090206821837645
629 8.234906552402496
630 8.226724990386156
631 8.019747825964282
632 9.139559635178266
633 8.338593350237675
634 8.023366019224818
635 7.945599494620237
636 8.268666675866731
637 8.762242310297841
638 8.364511302667196
639 8.262028828182101
640 8.340741989803853
641 8.576829767471896
642 8.424123836163457
643 7.690572173200712
644 8.694730023836607
645 8.790598894078824
646 9.703572079599144
647 9.519136861395364
648 9.491938068289704
649 9.55491202381352
650 9.554315287248754
651 9.593241265698927
652 9.785516913247026
653 9.248528055225657
654 9.490093396554164
655 10.125859619309828
656 9.429905578891699
657 10.056858591387401
658 9.12700896895015
659 9.606884529606058
660 10.01221636752732
661 9.202898594819494
662 9.938700086366804
663 9.893977712611465
664 9.349992133823847
665 9.487468110489957
666 9.585989549380871
667 9.982354473647073
668 9.732936305550846
669 9.994108408891256
670 8.958654579156292
671 9.138607808898971
672 9.999135451721587
673 9.821381429757032
674 9.563138877375755
675 9.483042452160023
676 9.322482691135706
677 9.438562714951834
678 9.713576135250998
679 9.662334011681986
680 9.49951890549827
681 9.557043444834878
682 9.748596879378328
683 9.392567959766073
684 9.820134539632313
685 9.780990569826525
686 9.709916457462036
687 8.909946893219114
688 9.87445279496679
689 10.07268545125969
690 9.744088114894627
691 10.172352349979054
692 9.992551668895345
693 9.549775111566877
694 9.754691439392536
695 9.266946257156574
696 9.400785539874294
697 9.16576699835325
698 8.914800720310215
699 8.78493440318178
700 9.560496745157149
701 8.963431960471677
702 9.773196533525342
703 9.544031870701792
704 9.774857454464236
705 9.248647493638074
706 9.62149861418085
707 8.87555011469907
708 9.776536815359806
709 9.610387273233027
710 9.305268054400832
711 9.390734628232835
712 9.404626998580849
713 8.778157479207751
714 8.721918092441728
715 9.16009714036728
716 9.629314498842117
717 9.334297711082558
718 9.386942723739041
719 9.309004965530843
720 9.226253386354571
721 9.15558576439295
722 9.847749899166018
723 9.313732672838437
724 9.307505969092732
725 9.442602990219486
726 9.687771704749018
727 8.86653932768444
728 9.133962065746408
729 9.428346096208704
730 8.945533128917232
731 10.021139998328595
732 9.584714295810974
733 9.768443528141606
734 9.104719425783875
735 9.28700888645659
736 9.621010337898497
737 9.712042303963967
738 9.917213279934252
739 9.628319593339505
740 9.384467677243752
741 9.238025820805616
742 9.645852149543648
743 9.615211885982552
744 9.60257057189165
745 9.267023915561039
746 10.018985226577685
747 9.377821857197668
748 9.638876993536151
749 9.955945988818796
750 10.450022253524573
751 10.098310362598383
752 9.66208978437674
753 9.164681826483179
754 9.890594148498124
755 8.959523154674516
756 9.388102757172021
757 8.983493708291244
758 9.810191323917536
759 10.049266039762587
760 9.233197090513524
761 9.312388410910623
762 8.608078115458103
763 8.70877414299457
764 9.393286252128998
765 8.714621182785642
766 9.413960917252393
767 9.58963274036726
768 9.616458745584268
769 9.46511612137247
770 9.250444290875043
771 9.58835745421033
772 9.367405661596871
773 9.274662531208124
774 9.52314617408483
775 9.68013476597705
776 9.70224196577478
777 9.409413154033244
778 9.304979749752038
779 9.321935990126649
780 9.619198977186183
781 9.526774081833636
782 9.387958883193601
783 9.103683116242545
784 9.416855271339061
785 9.635024705610185
786 9.471688389602043
787 8.963539698674095
788 9.309930191634558
789 9.316028035506283
790 9.545253304694985
791 9.889133788460965
792 9.38174480269203
793 9.48189960762673
794 9.888873131698716
795 9.703047434824128
796 9.278378171010363
797 9.701560834824965
798 9.624353691177125
799 9.71105596536493
800 9.810460791310078
801 9.34312132423983
802 9.404781014947922
803 9.4798896797186
804 10.083978161605724
805 9.826893170670452
806 9.166009257205467
807 9.737426417370639
808 9.338562210998761
809 10.002559837822512
810 9.536682162002293
811 10.51118956543744
812 10.36718687920983
813 10.197732826599804
814 10.5587972827273
815 11.239982302410837
816 10.503164682700147
817 10.363306509488375
818 9.536617054956519
819 10.173673082299588
820 9.830018913438193
821 10.037891494031234
822 9.315528006751153
823 10.100134926762623
824 10.115367170966346
825 10.062515833291117
826 9.968050443353418
827 9.907266270107511
828 9.326166605387815
829 8.954647534952938
830 9.771150634920092
831 10.00398137538575
832 9.151242350915574
833 10.345916158761733
834 9.653186627442459
835 9.679379815028593
836 9.593335807175645
837 9.691274126878293
838 9.457373757855784
839 10.368373898795586
840 9.934434157668791
841 9.860521853707654
842 9.448976131771447
843 9.752817136958065
844 9.477742228297993
845 10.093982178910501
846 9.782885678940186
847 9.553428292724352
848 9.642553116403475
849 9.816539722878748
850 10.128332474142745
851 10.232188327237969
852 9.592347927054318
853 9.90574140712847
854 9.091181951373455
855 8.832908714702787
856 9.30720775228471
857 9.662443496369832
858 9.19997636076267
859 9.552836080328346
860 8.486915650993037
861 8.899538623221813
862 9.3802793811439
863 9.145646836492636
864 9.145282940686087
865 8.531735873281225
866 8.663109040859641
867 9.275177030580275
868 9.559781187936016
869 9.555298405045907
870 8.650754474851576
871 9.160974124230558
872 9.13666975984752
873 9.869037020800022
874 9.241538286742013
875 9.483937108047725
876 9.825373514466813
877 9.083289164887995
878 10.31609950049492
879 9.810617364671907
880 9.026090067349962
881 9.239096867487746
882 8.99133144105801
883 8.926882708604406
884 9.690925865467522
885 9.808351849946737
886 9.301606929179986
887 9.794115992418899
888 8.938100568420497
889 9.094212466044603
890 8.991091626209732
891 9.28709628837244
892 9.77994950882095
893 9.592893974878118
894 7.9879275332148705
895 7.499022581537662
896 7.815992234925757
897 8.397832374068933
898 7.800101473900924
899 7.945855120032143
900 7.935079069835011
901 7.411770535600005
902 7.013513231886324
903 8.018437805469782
904 7.8596257656441555
905 7.407478808477216
906 7.580995082017625
907 7.580174515347702
908 7.606756869819866
909 7.7398411052266285
910 7.300507815826418
911 7.85550778746434
912 7.330380871044972
913 7.238531043194368
914 7.577629174276551
915 7.3892881180346395
916 7.89519391712245
917 7.476810814403665
918 7.658868593873348
919 7.672346527290409
920 8.030748369359342
921 7.382465182507122
922 7.985794763436544
923 7.9012130786365145
924 7.421686469960116
925 7.258454837928504
926 6.989703882586074
927 7.397141224549964
928 7.048225760019094
929 7.962027038113104
930 7.679589810397536
931 7.842136599500623
932 7.917764832196116
933 8.08924755590257
934 8.360576696461651
935 8.31109565154701
936 8.438904839799
937 9.001818820221676
938 9.433812570268383
939 9.045309851906147
940 8.798620052432145
941 8.262637441084339
942 8.783111228746977
943 9.04715573224682
944 9.448767900579623
945 8.745769256363264
946 8.121119819443871
947 8.415030669311074
948 8.33687864516773
949 8.86419435579891
950 8.676593941148427
951 9.117733825202178
952 8.820698009096162
953 7.883994321952838
954 8.714382003814805
955 8.286012922686083
956 7.897797731025238
957 8.487772039374555
958 8.971737657236364
959 8.586807739785112
960 8.646334049611577
961 9.198686410801743
962 8.302051672565614
963 8.893838207786903
964 8.428587760722879
965 8.360927289326472
966 7.798140638888958
967 9.500836898735722
968 8.20279979752016
969 9.028747287338389
970 8.894014669851986
971 8.478060141434408
972 8.436779810415604
973 8.532350214403428
974 9.171865953573977
975 9.097972302907497
976 8.454584400958314
977 8.652703311524702
978 8.512588510054497
979 8.1611851210138
980 8.520266517291466
981 8.245403062404392
982 8.640212480023504
983 8.509996217557319
984 9.379296958410656
985 8.879549295501723
986 8.495385100711996
987 8.178809487002946
988 8.098524747751405
989 8.719340918052168
990 8.597895381420098
991 8.77730929390165
992 8.576350419930714
993 8.093804032840827
994 8.404964446576964
995 8.255368841987707
996 9.08006502119541
997 9.220017533731038
998 8.756546986208802
999 8.239932918850602
1000 8.771722680863103
1001 8.34986583737735
1002 8.094906106775854
1003 8.599535738313167
1004 8.785255812561699
1005 8.569289992728864
1006 7.570155834134515
1007 7.9746118110367155
1008 8.492631352714268
1009 8.968884852754073
1010 8.239760621853073
1011 8.328540794497666
1012 8.47235908096617
1013 8.117794959989881
1014 9.431311014179908
1015 8.520680050074741
1016 8.48863904864074
1017 8.712907156662295
1018 8.598603968781367
1019 8.108690948725203
1020 7.966131026075614
1021 7.635376098844565
1022 7.983673613016008
1023 8.439436523301145
1024 7.7175232080847245
1025 8.266204474857254
1026 7.812122978321341
1027 8.277163400251613
1028 7.998319651650046
1029 7.733998428277165
1030 7.678109171844732
1031 7.960972615539943
1032 8.437982867548515
1033 8.034979569351783
1034 7.971631386938082
1035 7.42926334335114
1036 8.438161261904222
1037 8.233514951112877
1038 8.99189762017615
1039 8.342849642252181
1040 8.540540621566716
1041 9.203928973417838
1042 8.953815474119981
1043 9.340369872721054
1044 9.234319393525773
1045 9.585702985067881
1046 9.778572263719926
1047 9.55692493404602
1048 9.659282014786074
1049 9.748237547435707
1050 9.622012449238957
1051 9.745607766116976
1052 9.761984353767524
1053 10.150915182431351
1054 9.874000281951856
1055 9.885857082071517
1056 10.080702952951265
1057 9.842634749328893
1058 10.274293865548634
1059 9.850491588994768
1060 10.519834222943198
1061 10.595367409822963
1062 11.340363554344476
1063 10.764478637517616
1064 10.366898271269532
1065 10.427797454121855
1066 10.40221829578956
1067 10.141443746973726
1068 10.770022394204798
1069 10.313457366893129
1070 10.191720665753127
1071 10.370018774372507
1072 10.737837861393542
1073 10.695873596461572
1074 10.26765404378156
1075 9.97529634572201
1076 9.392631877184728
1077 10.553116718283627
1078 10.123685519702404
1079 10.164504316913838
1080 9.967342908317026
1081 10.03214814962218
1082 10.274803796038716
1083 9.974754385678201
1084 9.805680944027413
1085 10.65933071107106
1086 10.821582955210028
1087 10.959432084176735
1088 10.994261792609755
1089 10.859284149582091
1090 10.956872685591906
1091 10.818694698044833
1092 10.393320188169646
1093 10.245212612496053
1094 9.82061080732167
1095 10.876498441434453
1096 10.8243465365614
1097 10.415773357411446
1098 11.461920517860248
1099 10.606598386887475
1100 10.420556607496396
1101 11.054026663895867
1102 10.612771259490323
1103 11.064775973862575
1104 11.221671149353424
1105 11.003893622474607
1106 11.257265595119124
1107 11.190534855381092
1108 10.623875792993912
1109 11.29265737006245
1110 11.113110717383002
1111 11.522327452306559
1112 11.00078450479681
1113 10.93463248106121
1114 11.098330723236732
1115 10.561116871503868
1116 10.076952740710867
1117 11.231287086519483
1118 10.237417381136721
1119 10.376304930042615
1120 10.686921842606898
1121 10.748127748839671
1122 10.807131607195679
1123 10.389171803005043
1124 10.705078771884326
1125 10.749028456930658
1126 10.282284782991448
1127 10.66824280644421
1128 11.177839845302787
1129 11.29815387525761
1130 10.74466652624427
1131 10.384577999933438
1132 10.891581465144093
1133 11.00178121509021
1134 9.949299171746834
1135 10.554008438799837
1136 9.465617783966778
1137 10.840481993197468
1138 10.762140863692824
1139 10.433591642935436
1140 10.924774539814956
1141 10.83975878733975
1142 10.95983035204537
1143 10.629185111977527
1144 10.422914405041489
1145 10.37666152889524
1146 9.96215894438557
1147 10.842117365490767
1148 11.217925942582687
1149 10.89910774798945
1150 11.70248040569708
1151 11.782397264496991
1152 11.363155469043683
1153 11.117963884367477
1154 10.827223814735264
1155 10.612823329460218
1156 11.251455266175832
1157 11.72031629361523
1158 10.864113017407176
1159 10.739802653043963
1160 10.46186012248842
1161 11.325267522498363
1162 10.442320552836874
1163 10.60952102138103
1164 11.172764871330278
1165 10.312361430998754
1166 10.37881706080211
1167 10.856718670262696
1168 10.288642616643386
1169 10.504716074485055
1170 10.144864930206444
1171 10.088541028335346
1172 10.518616885500169
1173 10.434811240972698
1174 10.151351884151548
1175 9.78909665402538
1176 10.239692643951187
1177 10.775919556925666
1178 10.141368759155426
1179 10.680289554269404
1180 9.492005854170403
1181 10.401805392494017
1182 10.856392836369844
1183 11.3548605228214
1184 10.291568646467839
1185 10.350246153714014
1186 10.261160676868764
1187 10.785545914436836
1188 10.442168816479356
1189 11.632493525329382
1190 11.791369189076775
1191 11.449442497712987
1192 11.135260719679541
1193 11.260754023814929
1194 10.3891332908959
1195 10.835617296797928
1196 11.199875662733275
1197 11.160710186749716
1198 10.902227688471338
1199 11.655111596989448
1200 11.950927125499554
1201 11.278668133342585
1202 10.922308719088212
1203 11.130997460217165
1204 11.521158476062705
1205 11.437720008773804
1206 10.93689702210333
1207 11.601908138828371
1208 11.201281689534996
1209 11.143467223689443
1210 10.59006856211689
1211 10.911795512551743
1212 11.387114061692825
1213 10.981880311742946
1214 11.324336084533487
1215 10.88427305225978
1216 9.90139964927786
1217 10.8038693460844
1218 10.469551731746602
1219 10.424637019508513
1220 10.798645296019002
1221 11.265219764677774
1222 11.332227382298692
1223 11.686246939218044
1224 10.637620259225436
1225 10.608850250011367
1226 11.005370881870727
1227 10.805437858803316
1228 10.907136126607993
1229 10.455198757769974
1230 11.41507621783414
1231 10.801540068854104
1232 9.913579144243318
1233 10.635663113372576
1234 11.533345826594141
1235 11.012532111237242
1236 11.026534689982263
1237 11.734680832247173
1238 11.675121716597825
1239 11.67233201331892
1240 11.261877856953257
1241 10.458139451788345
1242 10.736887217576992
1243 10.981420523255808
1244 11.534646848568052
1245 11.335739037908576
1246 10.391672884572433
1247 10.999999266510741
1248 11.911152887768631
1249 10.70304240020922
1250 12.046850105268087
1251 11.494564235081318
1252 11.266015703001534
1253 10.651261903319408
1254 12.22080256912732
1255 11.726154826135142
1256 12.201599836799419
1257 11.786608946202039
1258 11.920447249168793
1259 12.271076056000414
1260 12.251950636280244
1261 12.533754150710575
1262 12.253177277550435
1263 12.271929153592026
1264 11.636796642420464
1265 11.878703348288402
1266 11.908050762674018
1267 11.631362686595438
1268 11.081040118421623
1269 10.978923793806482
1270 12.396216039616874
1271 12.222640105546978
1272 12.394874396195263
1273 11.635773353109657
1274 11.792965845384202
1275 12.524121051222195
1276 12.379696282107307
1277 12.457551442346746
1278 12.9714038841621
1279 12.444563516121729
1280 12.333598660365771
1281 12.258013725948128
1282 12.17849859553735
1283 12.579090115338984
1284 12.987396183614814
1285 12.999189002755305
1286 12.617237726732208
1287 11.934823220818814
1288 12.157503511908672
1289 12.479180556627965
1290 12.614694033219516
1291 12.921159136175632
1292 12.746137850511325
1293 13.348362229662403
1294 12.598561746915411
1295 12.313834445925911
1296 12.203167774395059
1297 12.288293642772707
1298 11.867825030568032
1299 11.944780461104484
1300 12.55717217219416
1301 12.239689759825843
1302 11.984260296740066
1303 12.854779890233514
1304 12.515754484510115
1305 13.27931719118172
1306 12.184398025623963
1307 12.178574608441952
1308 12.08585442531544
1309 12.445448095614577
1310 12.488645538331655
1311 11.798192587168407
1312 12.376398629814625
1313 11.791263204717785
1314 11.749202308972327
1315 12.246020769051377
1316 12.332834290815573
1317 12.639795063560182
1318 11.553739829644703
1319 13.357836960813886
1320 12.951774532391566
1321 13.447275245153243
1322 12.806419101870715
1323 12.766205240603261
1324 12.881149180096996
1325 13.290762932640478
1326 11.778559374834947
1327 12.102905378553706
1328 12.406408857219574
1329 12.326606274606943
1330 13.138425765158393
1331 12.579113543098916
1332 12.140905994294917
1333 11.804400793046886
1334 12.7404443269716
1335 12.84327651564715
1336 12.590429107866761
1337 12.752724690790984
1338 13.149417976126458
1339 14.343337004970694
1340 14.242407133276028
1341 14.459958044277021
1342 14.231467523506764
1343 13.60361103182394
1344 13.844145697353833
1345 12.868825328770916
1346 13.348786527756067
1347 13.556372753033553
1348 13.532867634607449
1349 13.739724169608955
1350 12.545400671915868
1351 12.195026254047145
1352 13.811803558419454
1353 13.681522289108047
1354 13.197659602643261
1355 12.784454682007622
1356 13.39091170376915
1357 13.149286897502225
1358 13.266508510631827
1359 12.795774409986363
1360 13.323179157605477
1361 13.821262973134514
1362 13.949720593741427
1363 13.101414426376321
1364 13.850571190220645
1365 13.554782802030312
1366 13.396812384666838
1367 13.254922702551228
1368 12.862880959282599
1369 13.815378176394772
1370 12.693286943871803
1371 13.14756792406583
1372 13.243516602697296
1373 13.10330594999314
1374 12.92232600466626
1375 13.054285643587297
1376 12.967158321890988
1377 13.323532506734809
1378 13.309229215914078
1379 13.572578607548337
1380 13.555696940600905
1381 13.633508875053748
1382 14.260138448413963
1383 14.081113072267188
1384 13.84726883071849
1385 13.363682540319985
1386 13.571450788236673
1387 13.453641245771289
1388 13.715679035395933
1389 13.996631338852088
1390 13.625968177696427
1391 13.44357864923249
1392 14.250835437916184
1393 13.716247369206913
1394 13.270548414840217
1395 14.12077536612391
1396 13.699956096103973
1397 12.345911873465207
1398 13.132398468102812
1399 14.17976925385574
1400 13.019363630519766
1401 13.743162008743395
1402 13.83387780451071
1403 14.087266990550871
1404 13.006879880866718
1405 13.592690184187344
1406 14.776948237596326
1407 13.46823624008446
1408 14.007422229405979
1409 13.370488473509498
1410 14.530236237380812
1411 14.085516967621844
1412 13.638757786113063
1413 14.214759351316895
1414 14.37684584222765
1415 14.808710561511425
1416 14.682255611210156
1417 14.307552758160718
1418 14.115965653526013
1419 14.73591300920644
1420 14.06049089730657
1421 15.062744443502329
1422 14.247307465316023
1423 14.604240004361014
1424 14.464071678778588
1425 14.026770116868983
1426 14.04154302566371
1427 14.682041531463511
1428 13.666832773459339
1429 13.178111551018892
1430 13.853786798527246
1431 14.02036626707787
1432 14.621727802581322
1433 14.869488647955642
1434 14.884251795267588
1435 15.488708931089416
1436 15.734604164416492
1437 15.505803991845651
1438 15.787708455150238
1439 15.46905467017823
1440 15.812081052162256
1441 15.20415876951801
1442 15.378678933498717
1443 14.915496204470163
1444 14.408749364198579
1445 14.868350011558203
1446 14.979046893096935
1447 15.558074579982373
1448 15.765586234346584
1449 14.125122511692274
1450 14.414924725044056
1451 13.996819762528656
1452 14.04182050963556
1453 13.90345452545442
1454 14.57979306331711
1455 14.527310441220258
1456 15.02409471940004
1457 14.863225895537013
1458 14.088112085697144
1459 14.099133873892827
1460 13.979008356913772
1461 13.014294931748402
1462 13.334329370559255
1463 13.597061537091566
1464 14.309926931432353
1465 12.991793380467222
1466 13.290724912214579
1467 13.643803556812946
1468 13.39881431178961
1469 14.227275026695958
1470 13.881945088503995
1471 13.70126157082084
1472 12.595148897071278
1473 13.185681538083106
1474 11.973309107221038
1475 11.26002692119955
1476 13.397968484182767
1477 13.041312005375381
1478 13.125891140456273
1479 12.98997336784827
1480 12.890943184116422
1481 13.493661114349825
1482 13.719817313218606
1483 14.132553342641835
1484 14.059408734218106
1485 14.612617996013535
1486 14.20728109224177
1487 14.01921713904678
1488 14.028121180369599
1489 14.482279631180724
1490 14.184352926763573
1491 14.213114331166134
1492 14.894324629967453
1493 14.958362794724108
1494 15.010089871954623
1495 16.46818421968124
1496 17.472277701655504
1497 17.133841499855453
1498 18.275633347897237
1499 17.584126687179317
1500 18.059728352833474
1501 18.38024620668654
1502 17.469911112232523
1503 17.832231012711407
1504 19.082038924094405
1505 17.39617210107418
1506 18.883255057561055
1507 17.90754301477547
1508 17.319841412662804
1509 18.7128135013591
1510 18.027581377406563
1511 17.491402884643094
1512 16.798457835419015
1513 16.59024649344688
1514 16.332362433814563
1515 16.86011692331527
1516 16.122610820846603
1517 17.144829998570074
1518 17.03362730340864
1519 16.639314805554353
1520 16.56123042947895
1521 16.823030624981097
1522 17.024982033972346
1523 16.938051118177448
1524 17.876768241410044
1525 17.12780220157837
1526 16.077297185382708
1527 17.052692494424416
1528 16.099701229321802
1529 16.854555173008507
1530 16.759281623313253
1531 16.00156921984652
1532 17.21221058395793
1533 15.994742990267754
1534 16.32049832211832
1535 16.015415095282926
1536 16.607216817380394
1537 17.41060380278319
1538 17.67238197278219
1539 18.1847662475319
1540 17.916262006807305
1541 17.890642698848804
1542 17.552125020679842
1543 16.889574400128954
1544 16.729081150149113
1545 18.430230292768968
1546 18.024795023408576
1547 17.99573135556706
1548 18.400094339646113
1549 17.71554300407828
1550 18.3837134035121
1551 17.602520555849548
1552 17.83896361928859
1553 17.803631285459613
1554 18.62268579241497
1555 19.576247784525858
1556 18.51977157086913
1557 18.813736878034078
1558 18.48145982919036
1559 17.981547403074675
1560 18.449465587922262
1561 18.582756948093234
1562 18.891672052303324
1563 19.873962488595012
1564 17.79838690613283
1565 17.842883904987293
1566 19.017658401500007
1567 19.56925097372601
1568 20.334000451989404
1569 20.103957004119316
1570 21.301682183599926
1571 21.29770249576038
1572 20.527318301994587
1573 20.342044238945245
1574 21.082068414717714
1575 19.72069609267905
1576 19.28716974454886
1577 19.068807949462226
1578 19.214414083487107
1579 19.816992077323345
1580 20.127656659225508
1581 20.431784456137578
1582 19.791926010611927
1583 18.72821792036519
1584 19.28287829263676
1585 18.775421325594838
1586 19.130600670721414
1587 19.707214380767528
1588 19.153808817104334
1589 19.01735953710824
1590 19.665811023730058
1591 20.258027834832536
1592 20.434620378121153
1593 21.137622631743607
1594 21.540293476714503
1595 22.388841900596333
1596 22.396689605842266
1597 22.143540809943396
1598 22.561018103067507
1599 21.293145687537994
1600 21.376326264794017
1601 21.66404027806355
1602 22.03733889152355
1603 21.784916884981698
1604 21.744970704224315
1605 22.223790381241063
1606 20.85815866487838
1607 19.830888568718972
1608 20.411099882916268
1609 21.267192725071805
1610 20.418421141608277
1611 20.91866524831597
1612 20.725130944025352
1613 21.368870129494947
1614 20.761227646640197
1615 20.650608351975766
1616 20.803266663988047
1617 20.04344502592494
1618 20.212274275114975
1619 20.4100055362847
1620 19.461584544410407
1621 19.922629505680213
1622 19.633875787083433
1623 20.088023145063445
1624 19.672895285420513
1625 19.241065312173653
1626 19.252928651717255
1627 19.285893131139193
1628 19.636639401754685
1629 19.591616217263617
1630 19.601955153109717
1631 18.27002485669093
1632 17.32879530790446
1633 17.600768090352037
1634 19.541672898740025
1635 19.630477214757075
1636 19.797805282133616
1637 20.49044644367666
1638 20.135608285023388
1639 20.093276632406674
1640 19.940559702857794
1641 19.806487679909342
1642 19.63443603750527
1643 19.408918783092492
1644 20.272543384488976
1645 19.850613759082282
1646 19.18815320615157
1647 19.351032810670723
1648 19.186739354833087
1649 19.856811545024044
1650 19.17808608614026
1651 19.13036717462985
1652 20.533062967194642
1653 19.816069405330815
1654 20.027110015422647
1655 19.49929819311375
1656 19.110095821478435
1657 18.720160763494892
1658 18.839508306226474
1659 20.330144755445687
1660 19.829610522228357
1661 19.860934856972055
1662 20.263767233210782
1663 18.15945145651117
1664 18.958625820768
1665 19.78458475806959
1666 19.704899044430714
1667 19.114266939582492
1668 19.852443740142615
1669 18.64626004892941
1670 18.341541431572058
1671 18.572830001846018
1672 18.502773596830025
1673 18.726935943066096
1674 19.77339529325164
1675 18.99185041106727
1676 18.625379000090465
1677 19.15794908148099
1678 18.79116981084894
1679 18.002155001224686
1680 18.634278074161887
1681 18.176728853972506
1682 17.26172583545655
1683 16.967400057028954
1684 18.426880325575056
1685 17.866042380566135
1686 17.74305706378824
1687 18.75469063558972
1688 18.39278085482635
1689 18.6730638858805
1690 19.30145835864461
1691 19.114633367305355
1692 19.99249878500484
1693 20.64901779026185
1694 20.889610103782275
1695 19.912299567992676
1696 19.326677439125856
1697 19.845245743426904
1698 19.047775293157777
1699 18.676869906072103
1700 19.394957738581528
1701 19.542027875890255
1702 19.96651912924513
1703 19.63683006514273
1704 19.039462840484465
1705 19.040754862464105
1706 19.290993702149436
1707 20.324967135260653
1708 20.765855076178376
1709 21.534387887232487
1710 21.132804213611333
1711 21.481588698024986
1712 21.093658979992334
1713 21.148365089593444
1714 21.69761564662291
1715 21.13082633821474
1716 20.869977052249897
1717 19.71589270967692
1718 20.537399942264663
1719 20.754795236436166
1720 20.244391478348614
1721 20.848073687310446
1722 20.60204348357361
1723 20.89483260148212
1724 20.8149229457322
1725 21.88152828781915
1726 20.38437693990469
1727 20.057252950859322
1728 19.548463178154417
1729 19.98454353232578
1730 18.619712066405338
1731 20.462012382728233
1732 20.061623390834452
1733 21.14755859150545
1734 20.26616964018197
1735 21.22439891100089
1736 21.660875368095525
1737 21.06922272724351
1738 20.741763240032924
1739 21.59320621835052
1740 20.732098060814486
1741 21.45571298740817
1742 21.993899710545183
1743 21.92454437339674
1744 21.822521731446752
1745 22.219930402579237
1746 22.303308049758922
1747 21.320117168946602
1748 21.52904564189189
1749 21.251156408416943
1750 21.254370759583395
1751 22.05731383592522
1752 20.252167079115555
1753 21.432924220667562
1754 20.84350360054049
1755 19.544504160107337
1756 20.70899858669674
1757 21.485450043667374
1758 21.204334757125498
1759 20.95218853857151
1760 20.46529121391104
1761 21.197038045845332
1762 21.66641664920673
1763 21.648560056574414
1764 21.37271624971987
1765 21.177506604394704
1766 20.948885535160464
1767 21.098099316162173
1768 21.018755574124253
1769 21.49606285932953
1770 21.931225185568923
1771 22.24383042256242
1772 20.560303702980452
1773 19.937201139270233
1774 20.57361572547599
1775 20.885616049126877
1776 21.674010092391203
1777 21.517257462883368
1778 22.02079918144847
1779 22.873017909334592
1780 22.137487326975666
1781 21.81573287645677
1782 21.86682267053637
1783 21.77066633841939
1784 22.25001306581455
1785 22.40001147920921
1786 23.03270284731075
1787 23.84848733269312
1788 23.024213449066718
1789 23.700510823666118
1790 22.154677690277058
1791 23.01533599514685
1792 22.70334370661732
1793 21.830549958690337
1794 21.323292856378018
1795 20.773084396621208
1796 20.27082732558734
1797 19.81512748934366
1798 19.329354958188258
1799 20.16827654210192
1800 20.270941507557026
1801 20.5687366789477
1802 21.02729530620681
1803 20.407782576010604
1804 19.856052506964133
1805 20.138293429588163
1806 19.613671230542465
1807 19.807014253951838
1808 20.204895966406784
1809 19.33745620187978
1810 18.168908701046934
1811 17.869834442832953
1812 18.567791135050616
1813 17.90461424819668
1814 18.62835809330692
1815 18.414261946103966
1816 18.762498719351917
1817 18.941330194461003
1818 18.010289762803247
1819 18.668870468374852
1820 18.06616945397036
1821 18.599972952341883
1822 17.52753054366057
1823 17.239219598126358
1824 19.420539010072925
1825 18.929195056293217
1826 18.296720071642582
1827 17.768101891074025
1828 18.406320133548338
1829 18.97562495718254
1830 18.51998590462242
1831 18.031848936604796
1832 18.214125632009985
1833 18.034848310138614
1834 18.381013342741085
1835 17.878433111882664
1836 18.529770473670364
1837 18.378455806545908
1838 18.976263903602266
1839 19.45637331039104
1840 19.814783178118503
1841 19.73825654849731
1842 18.72203015462941
1843 18.88414566696054
1844 19.10283131538536
1845 18.28693843787259
1846 18.264907920119587
1847 17.927558520598822
1848 17.896557704496363
1849 18.6064252003514
1850 18.852555631545744
1851 19.103242705458356
1852 18.504298069236153
1853 17.981517203666133
1854 18.259666962136325
1855 19.00563881547122
1856 18.65874596994551
1857 17.304625967180055
1858 17.925670924837167
1859 18.175385257129086
1860 18.565057473358717
1861 18.813988273127016
1862 18.300965275683776
1863 18.35346775377669
1864 18.889821494277076
1865 19.095732166933956
1866 18.444440555403578
1867 19.22266286547125
1868 18.7954161090883
1869 19.46007889341288
1870 19.146035494426737
1871 18.98133915061592
1872 18.383560969609242
1873 18.863318195316136
1874 19.183180029772934
1875 19.112904284175773
1876 19.132541371986704
1877 19.425343738723058
1878 19.283573053422003
1879 19.738517456469985
1880 19.29458831547176
1881 18.94068816425401
1882 19.59691012654011
1883 20.14128911954233
1884 18.99600557083782
1885 19.929581450490566
1886 19.462586563223063
1887 19.551688893816916
1888 18.784597720847433
1889 18.677530813722765
1890 19.92135731750258
1891 19.77454229383604
1892 20.137779464718434
1893 19.37899501549618
1894 18.677355327692055
1895 18.73187066718364
1896 18.43964349239306
1897 18.839132294195444
1898 18.747270344262496
1899 18.962270269090848
1900 18.628810465807334
1901 19.252116770023324
1902 18.92537616651756
1903 19.465030746702794
1904 19.584980538673765
1905 19.813603066039732
1906 19.510757736774796
1907 19.753447846856623
1908 19.527672146186795
1909 19.64016221819398
1910 19.59448248675004
1911 19.434602052321697
1912 19.025076720388878
1913 19.60015718419143
1914 20.095324513692006
1915 19.8723470445577
1916 20.885508945275863
1917 20.28240279383613
1918 20.243268632968082
1919 20.444191824482644
1920 20.456452397676852
1921 20.28347624419037
1922 20.288804479201087
1923 20.611350246300375
1924 20.527639139075017
1925 20.933522644994387
1926 20.644194604243868
1927 21.72435156035527
1928 22.196808397166254
1929 21.310917147418312
1930 20.947675110656863
1931 21.732412848800443
1932 19.82784118136209
1933 20.60861441505811
1934 20.28120839438378
1935 20.940428459549395
1936 20.195679308863085
1937 20.28246224937668
1938 20.44567043894168
1939 20.473804514750878
1940 20.060920662467993
1941 20.32804359199793
1942 20.920215084263653
1943 21.253560291016885
1944 20.177327659045222
1945 20.849770774559865
1946 21.647759787923565
1947 20.803540680337328
1948 21.60514717764901
1949 21.589031398217386
1950 21.4546801702825
1951 22.218700002560944
1952 21.801774196800086
1953 21.59484767615115
1954 21.511477567511825
1955 21.99736324928749
1956 24.185422677722975
1957 24.11153210121189
1958 22.977009124630488
1959 22.86385120471958
1960 23.718943974280453
1961 23.3956735092153
1962 23.865339709190707
1963 23.94295420794453
1964 23.799224398170484
1965 23.043639230085986
1966 22.045850274579884
1967 21.878606884239716
1968 22.395433602611757
1969 23.883418092754916
1970 24.218167566117828
1971 25.14731361334355
1972 24.5760287944777
1973 24.163023993719865
1974 24.113096082754012
1975 25.017722334739016
1976 24.746527094395194
1977 25.72256466696085
1978 25.321295520741405
1979 25.561863929574145
1980 25.764195248519787
1981 26.33535881548688
1982 26.07954864226013
1983 26.37952323964702
1984 27.481421075931912
1985 27.427371452108456
1986 26.69133372705624
1987 27.553083857779903
1988 28.271162655328272
1989 28.703810726556423
1990 28.963979268597633
1991 28.381840304779487
1992 28.610584520264982
1993 27.78165988570238
1994 28.032989114097226
1995 27.75398530460832
1996 28.350203625610813
1997 27.73120301303322
1998 28.407930758101923
1999 28.693708930523528
