0 16.918145062210147
1 16.241243966063628
2 15.487826747826828
3 16.651966314228233
4 17.762857250180023
5 16.82013120128383
6 17.205730595182448
7 16.794063848290612
8 17.666601685201762
9 17.628450707167133
10 17.938014256644145
11 17.14607601924715
12 16.762777357070988
13 18.343932353177543
14 16.982590546365998
15 17.499557484659697
16 16.257027211801404
17 16.082085734887627
18 16.489754239022744
19 16.73334873317418
20 16.13028457857257
21 15.53452122125706
22 16.600442811167838
23 17.13698068453773
24 17.779783623231403
25 16.63595902276467
26 15.76298031491745
27 16.74673915298937
28 16.49177777442335
29 16.45820773741353
30 17.361456625576842
31 16.16891830219837
32 17.159197304666534
33 16.54751999106786
34 17.218133929795158
35 16.731296469062347
36 16.68117643358856
37 15.792351635689991
38 15.084930208344101
39 15.746222584012465
40 16.055313914823845
41 15.336466041609748
42 15.66735861066764
43 15.410066861024912
44 15.736761492120637
45 14.958826507177422
46 16.014888010830845
47 16.29758580773841
48 16.524319461238978
49 16.2987456676281
50 16.437804479265903
51 16.76723731390568
52 16.012916204803084
53 15.385542827478647
54 14.806374800748996
55 15.134840065035
56 15.834564116539664
57 15.527328204549807
58 16.774166131519493
59 17.065044845381955
60 17.28163715544566
61 16.36736577328082
62 15.812405886175801
63 15.644734058543925
64 15.907840244516308
65 16.165701963465374
66 15.127861502213435
67 16.461182866770304
68 15.945273414452377
69 15.59855867191175
70 14.696757797987408
71 14.987360847475319
72 13.40959894884387
73 12.984696970238463
74 12.928098705018401
75 13.423362623614809
76 14.338882286394982
77 13.186544014760758
78 13.759396241916583
79 13.48849454224427
80 14.213225332793387
81 13.558465581214195
82 13.230528212411018
83 13.052252210767328
84 14.461514532419486
85 12.634401860621049
86 12.530937168544591
87 12.701204981264656
88 13.34200769921831
89 13.523253086318833
90 13.206206418090526
91 13.523762837503504
92 13.853511663809751
93 13.587135358331475
94 12.557373578682107
95 12.946767373520707
96 13.420037652454857
97 14.025064602960574
98 13.218355392259458
99 12.822276123896838
100 12.932749543099863
101 13.086265546923467
102 12.597228290477174
103 11.617309978806885
104 12.135832947294514
105 13.283604847917985
106 13.456783775362279
107 13.386020783335503
108 13.375900146245796
109 13.467843517381587
110 12.941017016630504
111 12.609655342656303
112 12.796251845715549
113 12.706227129356872
114 12.471754206348145
115 13.953377520096522
116 13.715675734399634
117 12.975472470601792
118 12.028199509940347
119 13.011793404565779
120 12.678759007317689
121 12.02665342174379
122 11.982852947505192
123 10.162894688930223
124 11.942405208301844
125 13.227676512157734
126 12.806119973336733
127 12.6758543754842
128 12.795628271721236
129 12.378306452259128
130 13.303874455462765
131 11.479898561090835
132 11.3189373117313
133 12.083199787495094
134 12.2964583665603
135 12.51807269224801
136 13.3188903904074
137 12.75819518727184
138 12.934612233648892
139 12.825288596321993
140 11.8163817377404
141 11.044105816511786
142 11.971888131142034
143 10.770891627890197
144 11.540148078485442
145 10.95783092914055
146 11.080175734868519
147 10.847562962112917
148 10.573197690668357
149 11.746738981956451
150 11.605420726163874
151 11.644599979778944
152 11.13863616475847
153 11.04216347178362
154 10.677797981541142
155 11.138425265800123
156 11.68578486716566
157 11.799296446770587
158 11.363947399912991
159 11.993080715680644
160 12.904545802126338
161 12.695983713697451
162 11.897465515530895
163 11.506117700116341
164 11.176989255588524
165 12.433130231512012
166 10.50350479301698
167 10.824695478987728
168 11.68181074503445
169 10.249375018075655
170 9.987028832140075
171 11.042073884363546
172 12.41599228991944
173 10.60738107874928
174 10.556683283137616
175 8.793480218680331
176 8.822578630854276
177 9.021331394907884
178 8.937307168181194
179 8.529054685400066
180 9.093533434571693
181 8.54326754887319
182 8.127675113225527
183 8.026160175574644
184 8.400976287418679
185 8.863438541301662
186 9.157250167439356
187 8.146615685087635
188 9.271473278059167
189 7.538360220581417
190 8.769188376091316
191 9.646975823964961
192 9.454127994298462
193 7.72918503033333
194 8.164776279794424
195 8.766465925908227
196 9.271402895590894
197 8.766348423146932
198 8.744958195572664
199 8.354518435803973
200 8.708136026485548
201 8.362261285329962
202 8.547794629454861
203 8.694695922136429
204 8.39582126803518
205 8.630579884893677
206 8.675568354644572
207 7.833920457572045
208 7.50429308743754
209 8.202834911915202
210 8.090187775954492
211 7.376468437400719
212 5.990711162147778
213 5.571557595665329
214 6.159496630247026
215 6.086435031078207
216 5.626192375001737
217 6.2787307532584995
218 6.771603215872475
219 5.809258947914035
220 5.900816382080596
221 5.963473168507948
222 5.80569000801149
223 5.731754933152435
224 5.883902965503289
225 6.021413512869003
226 5.544917240833808
227 6.1798505461090985
228 6.056460246544518
229 5.596748204302073
230 5.751840552644119
231 5.940115984444097
232 6.240735543256792
233 6.161846020438212
234 5.859319774181164
235 5.8624150791869205
236 5.750408349393463
237 5.660566708031235
238 5.982488956473305
239 6.770963822459897
240 6.438061904827845
241 5.62600754850851
242 5.842947433097426
243 6.031746707854784
244 5.659552776775569
245 5.644046706936219
246 5.165261004614666
247 6.220404557003074
248 6.175438781198052
249 6.011751388939742
250 5.6227868269393175
251 5.622852660519585
252 5.969908677750183
253 5.442521780830399
254 5.468421336665448
255 5.892437979740139
256 6.108429426572303
257 5.712525271742369
258 5.657379414651703
259 5.868213032798461
260 5.635187450010793
261 5.547769314330064
262 5.295387882920635
263 5.325634767638323
264 5.51925409656383
265 5.4729811004019435
266 5.479315350384462
267 5.046544054089528
268 5.602080212977261
269 6.162207326936741
270 5.748952340206366
271 5.226088109977301
272 5.226222942863505
273 5.414380746192657
274 5.6130700533160445
275 5.9500315255318075
276 5.647004873154006
277 5.650555054254202
278 5.930190973013882
279 5.82796517144681
280 5.586519204097013
281 5.310422456024698
282 5.656495123374074
283 4.4454543975493355
284 5.323628035507799
285 6.09245444420351
286 6.1839587702612455
287 6.22673257968392
288 6.221819019132784
289 6.216047161363832
290 6.063020051745467
291 5.996824354460561
292 6.163907682902978
293 5.53827366173823
294 5.390312213373398
295 5.457176188386964
296 6.375237028106589
297 5.969179487432374
298 6.115147900263535
299 5.966834554005565
300 5.712812258309894
301 6.052552095013975
302 6.340075280454752
303 6.233196967833078
304 5.696292849096506
305 5.85996863790792
306 5.965172307938202
307 5.634234022638914
308 5.749496473105236
309 5.948190782514869
310 3.9129350600247657
311 3.9121593788081825
312 4.764313452597698
313 4.202137900746238
314 3.6859894261297392
315 4.058841186401238
316 3.78360251279127
317 3.5095023104354124
318 3.9707478710990096
319 3.620188238345385
320 3.5166382960175455
321 3.409290097596445
322 3.5381846052013155
323 3.3646135528218446
324 3.407201940142476
325 3.6113197272359754
326 3.0253519848547055
327 3.0775961112853363
328 3.1975416877988185
329 3.177387519944312
330 4.183377549765299
331 3.981975703837034
332 4.037247769751979
333 3.6869156538358783
334 3.833976592756766
335 4.16803196985678
336 4.709062482836162
337 5.237567270389777
338 4.59353058737668
339 5.235665697025047
340 5.569662092532582
341 5.333977473842789
342 5.2207948154610175
343 5.456151720267615
344 5.4284562044496925
345 5.625072008526986
346 5.099755551479325
347 4.7025494278110695
348 4.653534986037577
349 5.714136120961595
350 5.846762499212164
351 5.57369449348968
352 5.581811358312058
353 5.750163531578455
354 5.955494587872281
355 6.0806835920099935
356 5.8674539796375385
357 6.016219446772658
358 6.219314530561255
359 6.021067678198388
360 5.9591920691475115
361 5.9263774589831835
362 6.387925346204628
363 5.926359366852888
364 6.05223261335676
365 5.625895551071641
366 5.979778946904703
367 6.229830597137874
368 5.625091866990412
369 5.671789474821953
370 5.979162613908085
371 5.640682879883667
372 5.633674855640401
373 5.644590145781215
374 6.139402699360967
375 5.624962747043284
376 5.423849819389346
377 5.058905529534555
378 6.1165683933396195
379 5.846416728495896
380 5.824821492991352
381 5.275608031190553
382 5.656245171184575
383 5.725583598707129
384 5.178946231829455
385 5.410024161693459
386 5.689989636325904
387 5.776909732677996
388 5.158859703992376
389 5.425338520919216
390 5.045347148917659
391 5.3225816198988625
392 5.420046433281467
393 5.3420425532221545
394 5.375507695824365
395 5.320282072501011
396 5.6557969178241665
397 5.780535058581883
398 5.931999577786207
399 4.8999657811463795
400 5.466157404468681
401 5.165532112750504
402 5.026857487466134
403 5.546056307021831
404 5.750896277727895
405 5.44505775151164
406 5.38597714937982
407 5.598202291006659
408 5.466931283783206
409 5.752020266606779
410 5.305265547985086
411 5.553945076239022
412 5.792122157854143
413 5.972295293899784
414 5.977195632341988
415 6.272143160271804
416 6.1086327890070145
417 6.087662718463232
418 5.725251405037231
419 5.813098172288379
420 5.379996256581104
421 5.681958246483785
422 5.664936628589462
423 5.856678815399288
424 5.272062979501588
425 5.880720450622103
426 5.759657696914699
427 5.910053633162972
428 5.66492834850356
429 6.015626365307042
430 5.950966787696005
431 5.314513071651838
432 5.403554244032298
433 6.006914589717536
434 5.422275927725017
435 5.524044140340012
436 5.66014483730682
437 5.08621684593506
438 5.60400291850714
439 5.786272247836474
440 5.174805213736113
441 5.01490174158667
442 4.59946778002153
443 4.612003694933345
444 4.405299210346328
445 4.058824654011726
446 5.027175600202971
447 4.4469685008138
448 3.8421328343799024
449 3.824019931229482
450 4.753302274538674
451 4.4094301709286965
452 4.306801633720622
453 3.983546088770181
454 3.1535948789824726
455 4.17842894974806
456 3.766110824813913
457 3.6506630783482037
458 4.239769308719962
459 3.589429966100346
460 3.476811422789502
461 3.197516319253821
462 3.4178562189832373
463 3.2775554988572613
464 3.1509266034236822
465 3.3801178777627987
466 3.481775027447436
467 3.202969208467225
468 3.246472535096691
469 3.284536219947816
470 3.462864604121795
471 3.2768399596953044
472 3.2202484109609992
473 3.186044824744438
474 3.218299616047788
475 3.0156129036392043
476 3.141278719234125
477 3.1388831428625568
478 3.299875183726628
479 3.084137664504505
480 3.313932861780042
481 3.7082384119146905
482 3.053250353067496
483 3.497236235522403
484 3.454444158088939
485 3.345799792401174
486 3.625852958381483
487 3.6490607099295733
488 3.625996262656249
489 3.698557138642169
490 3.593811225066807
491 3.8654743521313355
492 3.7340894492155896
493 3.4945091765424863
494 3.4138903519864945
495 3.818595537992074
496 3.6728388159152754
497 3.580483531451774
498 3.6700558015588722
499 3.661728216100563
500 3.547780264812423
501 3.508836603067288
502 3.244292429682455
503 3.7120302128749603
504 3.772263736676242
505 3.3522129020798968
506 3.4349533161897674
507 3.716245406304286
508 3.6160967617351893
509 3.046672560021603
510 3.1878923990408614
511 3.062892136381592
512 3.034799843524482
513 3.2162946528049052
514 3.2753585679005477
515 3.092566333738795
516 3.2971653491791746
517 3.0339372301075866
518 3.5737409230763553
519 3.1455404756955545
520 3.3043688677431695
521 3.1606615389945447
522 3.703182624870945
523 3.138997150024124
524 3.5400034407704584
525 3.5130067190608956
526 3.3876929699360545
527 3.0939650856029304
528 3.299468168690348
529 3.1567930968108815
530 3.1973294149405698
531 3.1671836780359803
532 3.576892100189693
533 3.159729138072431
534 3.3940906290886255
535 3.2066718450720195
536 3.1882558563939143
537 3.478507227630581
538 3.1515884768351494
539 3.476535605587024
540 3.6718480459189244
541 3.896703271169449
542 3.5087930592402023
543 3.261111159281567
544 3.1507327338278857
545 3.210478551996325
546 3.1374505265644497
547 3.3505712739833076
548 3.4442091101074648
549 3.541557777334994
550 3.6775840186723685
551 3.4994417740788824
552 3.3919316155143004
553 3.340755302529155
554 3.667925712734513
555 3.643806987024439
556 3.5114006711710464
557 3.564988137420563
558 3.5423379362200857
559 3.423366762996513
560 3.3205523530435155
561 3.5450176575636756
562 3.628332936216619
563 3.2411348049631177
564 3.470626941767632
565 3.539528449774359
566 3.3017934454599116
567 3.4715024220339656
568 3.4207119521111147
569 3.6267984531974076
570 3.609320976501956
571 3.588408545050966
572 3.4340325846744553
573 3.11806086830206
574 3.41676886843531
575 3.2941119625801543
576 3.594202482910924
577 3.9744959708028587
578 3.347659530093408
579 3.4861317716723783
580 3.226929643218073
581 3.1881354015177124
582 3.694101952739308
583 3.7733342812317745
584 3.6068146704073833
585 3.4084915395230873
586 3.2988025061687423
587 3.430082913151353
588 3.6934250718813524
589 3.341863071730744
590 3.490845201635822
591 3.588041563835156
592 3.441681744015374
593 3.3269811542369303
594 3.209187722011354
595 3.4881744457197597
596 3.324448638041703
597 3.2232017684987704
598 3.4181806502354264
599 3.105508950414553
600 3.2515335986913563
601 3.1193828312257192
602 3.4394674255112037
603 2.957722989315171
604 3.0471019373676116
605 3.074386494951599
606 3.0418107786903867
607 3.3344888010610796
608 2.9794525582272278
609 3.2519871101842024
610 3.1419805117830704
611 3.436527940031251
612 3.377816864699349
613 3.6038867792893834
614 3.1941149376271425
615 3.2594052171014045
616 3.269572562426324
617 3.179698872854814
618 3.1238566423753378
619 3.0041275289045655
620 3.053170832294995
621 3.0121606634151274
622 3.0382628366895785
623 3.2590115859133184
624 3.6529815896952735
625 3.518423547644512
626 3.3044268671429995
627 3.2344026710214835
628 3.116860042314223
629 2.9238308075705226
630 3.4022864680965164
631 3.390939420827991
632 3.3341677585787726
633 3.300579499669
634 3.4669583939253013
635 3.684270003328558
636 3.300659515173751
637 3.39258278826394
638 3.7993795949262776
639 3.6163353938251284
640 3.6616298865956862
641 3.4798965454735677
642 3.3593957863665405
643 3.492092450907444
644 3.622740337276399
645 3.5335966589914456
646 3.3394484438888776
647 3.1798481244230916
648 3.183643640711453
649 3.4329491615738363
650 3.3315585712440257
651 3.543873386373011
652 3.415705462743235
653 3.3856217423451036
654 3.6107364625087572
655 3.171571821445485
656 3.2755663784165967
657 3.3974722689448744
658 2.9843231558349643
659 3.1262405496706203
660 3.214103778028016
661 3.254001143296413
662 3.642516982826063
663 3.233765832423338
664 3.2959078058298266
665 3.3157225333401885
666 3.3008433653398184
667 3.4834459517714738
668 3.367445264200604
669 3.579669990723184
670 3.3704174693600675
671 3.360626972405298
672 3.363650047755376
673 3.1538311912427925
674 3.313891160857449
675 3.272055069851409
676 3.4058112674126546
677 3.3225843753774487
678 3.2821827689085317
679 3.5859022756774674
680 3.3907753026293324
681 3.7070360274256218
682 3.4752105935939177
683 3.411282253868436
684 3.614005365886307
685 3.343046271393366
686 3.376416939488384
687 3.6901016952245325
688 3.4557597718480673
689 3.324626077521788
690 3.5674783727572277
691 3.3351075988106778
692 3.4043536428960532
693 3.3120315389580224
694 3.4745854811389627
695 3.4406011329590407
696 3.406430927845742
697 3.5362585714443022
698 3.287223073094638
699 3.447928505123428
700 3.4183185304333144
701 3.358669063135239
702 3.2232801473701804
703 3.35284480502638
704 3.202443769548145
705 3.385249112813138
706 3.5556509107041823
707 3.586563825745083
708 3.466207371485916
709 3.6687364686334796
710 3.5856441514089643
711 3.591744663778205
712 3.2638471007286123
713 3.4693441694940783
714 3.2926779558299866
715 3.6598332322010183
716 3.4443570891479363
717 3.5249175047702557
718 3.366579519427487
719 3.358351016286032
720 3.4869796453318957
721 3.2285764781034834
722 3.295173913835047
723 3.2754048889754377
724 3.2063578039237237
725 3.6335340208286286
726 3.3153904710541107
727 3.367539906838546
728 3.472017177216053
729 3.363531235173744
730 3.321170179961564
731 3.2765403966882056
732 3.4131322645403035
733 3.364245570565439
734 3.275388635355092
735 3.5206779792407548
736 3.5096137764040294
737 3.1319329711362647
738 3.2372734794777216
739 2.9796726410062884
740 3.1020188137721845
741 3.192677928319853
742 3.082756396518914
743 3.21130871312461
744 3.2361468482646116
745 3.4130590621194252
746 3.200225743651993
747 3.097465785554477
748 3.5126377526617643
749 3.464980698000182
750 3.343389414779633
751 3.3430638417957144
752 3.451189677563727
753 3.1071764948537774
754 3.1622484633943984
755 3.253784816900789
756 3.4212731296212344
757 3.530703134895513
758 3.353636469115204
759 3.402352251866391
760 3.1104237949590074
761 3.19861547362607
762 3.227986837476534
763 3.2490491997499245
764 3.311461060533531
765 3.1016124704646946
766 3.121792333808449
767 3.3512994103116855
768 3.3664753869983643
769 3.1345490002192653
770 3.1807783689914504
771 3.329767587467748
772 3.0764644495942073
773 3.1682297568914266
774 3.2552010806165086
775 3.177525609251106
776 3.030698818795604
777 3.0492788244488165
778 3.330246820217007
779 3.4340336054918725
780 3.512534980247963
781 3.2773154727258316
782 3.239938302963095
783 3.658532048505793
784 3.1679686449579583
785 3.5480042391018847
786 3.5819702867268015
787 3.1208751501678273
788 2.958913688903881
789 3.3589488808636774
790 3.1240795306030456
791 3.182028857763373
792 3.23000609475488
793 3.2640036384207765
794 3.7069802704100994
795 3.5113704144577715
796 3.3908962236249462
797 3.588790234274784
798 3.353954633966614
799 3.1626343732121733
800 3.599674101768794
801 3.369171261739497
802 3.2542225677630228
803 3.279470076656283
804 3.1708056673947262
805 3.1952541585791367
806 3.058915458333376
807 3.302550042685813
808 3.3808855247780656
809 3.099198653208462
810 3.340825465046542
811 3.4392456394692767
812 3.412974668377384
813 3.3120552259181912
814 3.37742298870994
815 5.301586750557108
816 5.628699696601151
817 5.842480171719099
818 5.743557146981263
819 5.578519207984174
820 5.602213955659082
821 5.667154994524473
822 5.686677146850359
823 5.9721393881755995
824 6.3421553965628235
825 5.782097303092103
826 5.8855470930317475
827 5.5132230675591325
828 5.71205797468132
829 5.952035933020552
830 6.345896891312688
831 5.556367267293559
832 6.176448098211797
833 5.872237167239234
834 5.841170578417551
835 5.911277874552978
836 5.819963939182796
837 6.158282294088801
838 6.356576608642385
839 6.383993610267469
840 6.097911138006043
841 5.994889615307294
842 5.871089569330995
843 6.028121431521032
844 5.707282279577041
845 6.078185440734806
846 6.251736492523849
847 5.976479237506985
848 5.652820079580357
849 5.90194400896729
850 5.660083916346441
851 5.3083303432175395
852 5.918058762386812
853 6.155485927666844
854 5.946360237782873
855 6.296739065670472
856 5.789023611519751
857 6.237271851586201
858 6.189256522984584
859 6.0677121183746054
860 6.2848707788936675
861 5.7967373004454466
862 5.977987620098037
863 5.836019772713928
864 5.77541464888326
865 6.16844482365891
866 5.624324492567987
867 6.023539476246529
868 6.144541315597483
869 5.671392143120845
870 6.090714764941383
871 5.711600564045473
872 6.131536383015703
873 6.007994922943453
874 6.176695928129871
875 5.783259662042723
876 5.820654975232008
877 5.404834749614721
878 5.754047800249942
879 6.169137756249694
880 5.885852095932502
881 5.747767951737047
882 6.020200524687173
883 5.6688162876482355
884 6.695259252412162
885 5.805909198089319
886 5.739438099512201
887 5.960266034091755
888 5.912941161224132
889 6.2887652398424585
890 6.684813639366631
891 6.06580056279034
892 6.281302258043307
893 5.817129752105883
894 5.7493458652563865
895 5.678759907683667
896 6.409293385803998
897 6.437300545085801
898 6.716371899883081
899 6.314685220606105
900 6.367864348851497
901 6.010315304709115
902 6.1659145286481705
903 6.406150770015461
904 6.276377514414384
905 6.5163790704083855
906 6.445634803331022
907 6.1151891178682956
908 6.670457329782099
909 6.494745540791915
910 6.233592599547056
911 6.452363588932832
912 6.44591350764073
913 6.488746561180974
914 6.635551974852967
915 6.381921162721385
916 6.92992297057232
917 6.357939641208494
918 6.506513838148823
919 6.453404888789344
920 6.597775175826546
921 6.487851671377642
922 6.693187881738916
923 6.694861408788071
924 6.459866414348198
925 6.667257632405046
926 6.282191984413115
927 6.631355815090902
928 6.557416712510262
929 6.421579310797205
930 6.354074603597995
931 6.29331501881991
932 6.079935458168708
933 6.699521785550079
934 6.559279320049766
935 6.963474514856929
936 6.494107314380685
937 6.6133662830185935
938 6.858780546881737
939 6.606939786148202
940 6.754635425562117
941 6.486321759988407
942 7.4724497881265695
943 8.865103666347032
944 8.177287599134957
945 8.474240661813822
946 6.563020082151663
947 6.76118894329591
948 6.892814705923761
949 6.863614547389193
950 9.473801006594961
951 9.146394453414544
952 9.285699232961905
953 8.804115280439628
954 8.053552423588505
955 9.802658943787888
956 9.044246713032651
957 9.090970874869326
958 9.593037532738473
959 8.534534783169901
960 8.518773702632693
961 8.750953793255908
962 8.706877047944559
963 9.052003338355343
964 9.351650112930335
965 9.343167337654597
966 9.213367778168719
967 8.611403777015981
968 9.05437874362063
969 8.190948720176763
970 7.19005816015461
971 8.502840295310104
972 7.873860608727461
973 8.226209429135519
974 8.634587252955015
975 8.021426478245585
976 6.958999196065184
977 6.9892168827656524
978 6.8235821861700385
979 7.383112646011424
980 7.441709153126102
981 8.961442010383307
982 8.888158638942617
983 8.711990089236698
984 8.428940736905371
985 9.225255788253708
986 8.838842585838618
987 7.977075511889043
988 9.343537729526831
989 8.371001978238542
990 9.062588011293599
991 8.720240066146287
992 9.168461467300013
993 8.976103429530008
994 8.915650912914082
995 9.200284940701753
996 9.01500380531812
997 8.772119598937545
998 9.086639137998462
999 8.805814063214559
1000 9.263882829934648
1001 8.444348181925614
1002 8.97874635775212
1003 8.653392056166355
1004 8.373467242801611
1005 8.469715960165965
1006 8.729429182496098
1007 8.569161832689767
1008 9.047492418714684
1009 8.908657589429247
1010 8.997953768553074
1011 9.355570372670117
1012 9.36482969579351
1013 9.26864296477765
1014 9.072909091145775
1015 9.36383718007253
1016 9.580413496103404
1017 9.536806325189907
1018 9.743127257014585
1019 9.219789364559192
1020 10.274478885984182
1021 11.369826809105232
1022 10.40490659468028
1023 11.689932695303519
1024 10.886974825382943
1025 10.822660485690301
1026 10.864143532029743
1027 10.328219046730332
1028 10.666069899192317
1029 10.164149499265859
1030 9.443543027883715
1031 10.645952866005825
1032 10.265751990454648
1033 10.447039168085114
1034 9.819172065580346
1035 10.480150811245865
1036 10.084036567434653
1037 10.770833064998175
1038 10.489990151365413
1039 10.529951270389525
1040 10.600161965214738
1041 10.328702018599321
1042 10.172973418413745
1043 10.285390371364308
1044 10.505420623846316
1045 10.424386350021482
1046 10.049267336180119
1047 10.24552319746229
1048 10.366175339280524
1049 9.772666790772833
1050 9.975196798990089
1051 10.35210331645717
1052 10.832407324518636
1053 10.068379536554078
1054 10.775862403456998
1055 9.947992702651055
1056 10.700451546494499
1057 10.942847701149224
1058 10.897476703363685
1059 10.794279248844838
1060 11.156902008686851
1061 11.714836829358141
1062 11.435946209619699
1063 11.478574880380162
1064 12.024753984975005
1065 12.925560414835658
1066 13.119877954716088
1067 13.627654221690479
1068 13.733883829810164
1069 12.852652817171997
1070 12.3802928270126
1071 13.009526047383131
1072 12.236277476739033
1073 12.712461799984137
1074 13.09678810394768
1075 12.233705741808503
1076 13.510705823173316
1077 13.058874341169506
1078 13.108009107515974
1079 13.693242163902456
1080 13.194475097619954
1081 13.681306462166882
1082 12.90334547442547
1083 12.940529768434642
1084 13.197637895297781
1085 12.695296210201217
1086 12.915337240531688
1087 13.522499373821677
1088 12.995191472725926
1089 13.329722709078846
1090 13.808147234578946
1091 13.49081132367781
1092 14.286266385543607
1093 14.116486608187348
1094 14.16670254393209
1095 13.714871137706908
1096 14.328949066038785
1097 14.447233952868586
1098 14.531811290538851
1099 14.790990301923143
1100 14.239924847161298
1101 14.243649266517181
1102 14.608853878342227
1103 15.031889611928586
1104 15.481725162623611
1105 15.515910897541966
1106 15.496821028183557
1107 15.048248074935408
1108 14.272710010943122
1109 14.347796246518227
1110 14.29861512998068
1111 14.772319811882602
1112 14.955234704434481
1113 14.522334407333926
1114 13.999497186366417
1115 14.377111336837084
1116 14.512487249043685
1117 15.312380097642802
1118 15.525066329254242
1119 15.765122260183121
1120 14.923559324148469
1121 15.920990088171887
1122 16.162396482967985
1123 15.528646465053175
1124 15.793617939174318
1125 16.295368571580944
1126 15.64029958812317
1127 16.6592567352241
1128 16.419730901689462
1129 16.579149304376635
1130 16.172902768067733
1131 16.773932886456812
1132 16.146245763792184
1133 15.995745827008307
1134 16.46401658244772
1135 15.681014822300227
1136 16.295022604458808
1137 16.74557991134278
1138 16.214550700568967
1139 16.347189551694296
1140 16.646226676938678
1141 16.48442507245537
1142 16.761110484880568
1143 17.41070560457342
1144 16.88552834392334
1145 16.374234684682875
1146 16.553246012242848
1147 17.190411247270596
1148 17.202887634579643
1149 17.11141083016423
1150 17.352682783624175
1151 16.429817510501255
1152 16.926520951638512
1153 16.707817732491716
1154 16.572119689176017
1155 17.057398335596336
1156 16.687168135390365
1157 16.970711862304462
1158 17.34104441746099
1159 18.231680384343466
1160 17.87177189217825
1161 17.350853970674688
1162 17.01232200188277
1163 16.840349998772282
1164 16.45967819577756
1165 16.162141115991737
1166 16.24193119747305
1167 16.70879853093827
1168 17.225990898937845
1169 16.379211615941365
1170 15.994416491438598
1171 16.285619110655187
1172 16.518455279515837
1173 16.372982352568535
1174 16.099319836715225
1175 16.55477084123525
1176 16.51480459552342
1177 16.87914433357308
1178 16.654609589520692
1179 17.240564105894443
1180 16.19737411093008
1181 17.17144653357377
1182 16.97084997564286
1183 17.06738314421575
1184 16.303986407358988
1185 16.14644770245206
1186 16.827960772913812
1187 16.91085524225992
1188 17.237744355249784
1189 16.909091067604102
1190 16.43692761716225
1191 17.27075141945941
1192 16.881284815195187
1193 17.179660115638498
1194 16.657798442412357
1195 16.301801322217035
1196 16.04153641517298
1197 16.954997289454
1198 16.39682185244955
1199 15.97642412760525
1200 16.56364662429667
1201 16.684877073193697
1202 17.219043338747234
1203 16.68219327840019
1204 17.011786468011028
1205 17.253225351512295
1206 16.82560959323625
1207 17.428819257762413
1208 17.406104374088805
1209 16.766460495575743
1210 16.96216388245092
1211 17.487822642368286
1212 17.242867257195044
1213 17.303443659342786
1214 17.20110842355201
1215 16.725404299646595
1216 17.38151632163396
1217 17.630964868719783
1218 17.247727359193426
1219 16.837210624166527
1220 17.007640732972977
1221 17.102254919413287
1222 17.39797271707225
1223 16.85875833845155
1224 17.148654956483224
1225 17.130013296510192
1226 17.437214522107155
1227 17.692409220858583
1228 17.74270375910789
1229 17.196418520867233
1230 17.829765580877492
1231 17.845046679839857
1232 17.125320419963856
1233 16.82936153813236
1234 16.898484565187264
1235 17.03127831541975
1236 17.15419751177543
1237 17.289987015714974
1238 16.805768704168393
1239 16.530282606887422
1240 17.15746605493196
1241 17.219204755471253
1242 17.132638957096855
1243 17.245912525663016
1244 16.880719953145647
1245 16.754420003020574
1246 17.310587280401894
1247 17.990784650814827
1248 17.885903747229534
1249 17.88815950662452
1250 18.245241006676014
1251 18.090541544255434
1252 17.80821374885681
1253 17.13061017459707
1254 17.384050788722575
1255 16.989717681913188
1256 16.555008079670213
1257 16.729914271361103
1258 18.307696310752057
1259 18.09294184809975
1260 17.983263233789366
1261 18.59450235489307
1262 18.00610582550844
1263 17.968550592414978
1264 18.361428579574287
1265 18.593135940817287
1266 18.177981669663552
1267 18.371263204117795
1268 17.981981853286566
1269 18.27642084316985
1270 18.190842922705386
1271 17.967373744988112
1272 17.727855729121796
1273 17.706407855713863
1274 16.96999409474909
1275 17.264237287943274
1276 17.979333111369385
1277 17.603325225657905
1278 17.413308445451918
1279 18.148508366716552
1280 18.175982699036144
1281 16.988053679507463
1282 17.542480111135056
1283 17.015291624038557
1284 17.20045823611236
1285 17.46680653916978
1286 17.11246358735096
1287 16.680879120669253
1288 16.56045232140417
1289 16.293990946915745
1290 17.231794633387278
1291 16.886347721944787
1292 17.9685018580218
1293 17.078515585547326
1294 17.132829803991008
1295 17.98729769102263
1296 18.926961819623184
1297 17.667438750312577
1298 18.01590938170891
1299 18.968608675574504
1300 18.676513280797675
1301 18.541539066027845
1302 18.65826050034081
1303 18.71847746211465
1304 18.36514132381556
1305 18.132803995409652
1306 18.833597993429276
1307 18.153523392333597
1308 18.752529084352087
1309 18.4210602949696
1310 18.677964199278975
1311 18.27952920085973
1312 18.86555834274785
1313 19.004010989572272
1314 18.40443183671799
1315 19.487711537251883
1316 19.10418118975475
1317 19.000226213965366
1318 18.44494533413103
1319 18.473552466453643
1320 18.656557842360904
1321 19.824568117694703
1322 18.92920784981639
1323 18.819191393584052
1324 18.857737079746823
1325 19.04988133361893
1326 19.302901825561815
1327 19.421475683665438
1328 19.0766954644112
1329 18.990165955382164
1330 18.92987189614484
1331 18.71017613795889
1332 18.461035915596113
1333 18.440731205974338
1334 18.889929657244036
1335 18.18723949290553
1336 18.706218727067665
1337 18.51522110358991
1338 19.324650067580613
1339 18.98871644364587
1340 18.945436780854777
1341 19.074380534379845
1342 18.67634122919506
1343 19.214931680705906
1344 19.28724584167976
1345 18.798890968186637
1346 19.482775146861023
1347 19.640494945534325
1348 18.70157137616047
1349 18.59107437448336
1350 18.503717152899522
1351 19.866503691561125
1352 18.975515885165613
1353 18.6598586650905
1354 18.461469109995
1355 19.064665567450977
1356 18.310212190267638
1357 19.652650454617596
1358 19.366163431578027
1359 18.999428157077595
1360 19.439998245509308
1361 19.43498046366373
1362 19.944257952482307
1363 20.386816375201345
1364 19.789620230007085
1365 20.242632380584254
1366 19.997894135122895
1367 19.960524205385635
1368 19.398079533101324
1369 20.16978588881496
1370 19.920795504508227
1371 20.302948126882395
1372 20.60101328506891
1373 21.310998492498726
1374 20.844035682983172
1375 20.461256590988572
1376 21.303943221964442
1377 20.875899967073085
1378 20.458583863640776
1379 21.524854835994322
1380 20.456375841598575
1381 21.08852420544151
1382 20.556099085909274
1383 20.143371070310696
1384 20.327222219287105
1385 19.956017301489155
1386 20.479621319222247
1387 21.455591161618553
1388 21.323668355195316
1389 20.711429534327102
1390 20.86651894266109
1391 20.662675220145495
1392 20.11771337324487
1393 20.434420741533405
1394 20.40203504790477
1395 19.263080582298173
1396 19.833514163702404
1397 19.991985290543724
1398 19.9272321656681
1399 19.640775367677
1400 19.15460578071765
1401 19.84175402985913
1402 19.070334593805327
1403 20.07061814546142
1404 20.440686527975558
1405 19.8160929845569
1406 19.822175544722707
1407 19.795625118744415
1408 20.53994119549051
1409 20.39971741911351
1410 20.11233449543994
1411 20.529922238807004
1412 19.698049527132348
1413 20.0470753513468
1414 19.643535833980103
1415 20.32308741825313
1416 20.77373204995056
1417 20.390310139698233
1418 20.423470494543924
1419 20.624443405855693
1420 21.257552955338266
1421 20.621665643165024
1422 20.807046257242046
1423 21.253055440535928
1424 20.20814918346575
1425 20.909046749718588
1426 20.88565569400352
1427 20.36764724875697
1428 20.1733642564774
1429 19.565812415475875
1430 21.17329217537442
1431 20.76636196112049
1432 20.20126779834768
1433 20.943712348027624
1434 19.95609750674016
1435 21.158104452491983
1436 21.055327028814553
1437 21.676157136027378
1438 21.070675463334332
1439 21.460899279932597
1440 21.297852590010155
1441 21.84939807258737
1442 21.446701420577238
1443 20.918045934524574
1444 20.939182524524565
1445 21.441712503735555
1446 21.013952082101927
1447 21.015848441385945
1448 20.432108110602424
1449 20.501591176344085
1450 20.903356257824885
1451 20.612082001105826
1452 21.069894797037346
1453 21.625977091068304
1454 21.215919084442874
1455 21.566755943397506
1456 21.66278964900264
1457 21.642586997331463
1458 21.737157372563612
1459 21.120932025785287
1460 21.83877426663925
1461 21.353561846564027
1462 21.69366101501739
1463 21.55761938543157
1464 21.0015526809998
1465 20.319424073547605
1466 20.706728396366326
1467 21.003858826032243
1468 21.098438266989827
1469 21.497792617715273
1470 21.676912872823397
1471 21.549522770577212
1472 21.936877583287806
1473 21.030889899929786
1474 21.66462262552953
1475 21.772023131618194
1476 22.167385891429475
1477 21.309911777344237
1478 20.61098145603789
1479 21.517836686444927
1480 20.417289127333607
1481 20.78503451650631
1482 20.933708788344944
1483 20.554562866754203
1484 21.233344243361113
1485 20.890723395627724
1486 21.604454794282358
1487 21.20145274991755
1488 20.840342408091313
1489 21.04548102815427
1490 21.174369478908947
1491 21.917936208446935
1492 20.955193750777962
1493 20.797793413464333
1494 20.96814845901982
1495 20.206331895450354
1496 19.797900425721146
1497 19.935955195159625
1498 19.649382933193433
1499 19.680512615060803
1500 19.89780375244372
1501 20.599472665510998
1502 19.703400289295555
1503 20.315274239554206
1504 19.4019613945375
1505 18.936685028790137
1506 18.655774776776674
1507 18.54776720277411
1508 18.562084945398382
1509 19.440278431513956
1510 19.03865615247782
1511 19.36131915806701
1512 18.5604001116467
1513 19.593029226221404
1514 18.697435592677117
1515 18.713189755618362
1516 19.378772576564103
1517 20.245207462968693
1518 19.913222629349583
1519 19.697862995299992
1520 19.617384404154564
1521 20.026160773294325
1522 19.39355555370011
1523 17.33286726043671
1524 19.423219149367313
1525 17.8148071156976
1526 17.49726836548442
1527 18.07052412174871
1528 19.361661460834785
1529 18.743615871179056
1530 18.337223366575856
1531 19.047583172063295
1532 17.806001358650736
1533 17.72023358618369
1534 17.30241403097432
1535 18.147296778308824
1536 16.882019515598607
1537 17.41361691042083
1538 17.3326094356867
1539 17.174352739501426
1540 17.119095763658773
1541 17.269941008117637
1542 17.142236111681694
1543 17.37408762859617
1544 17.598620633641403
1545 17.692278913653382
1546 18.14084489161115
1547 19.031201185485436
1548 19.172961470561365
1549 18.841531593749664
1550 18.633028079230854
1551 18.59577698808526
1552 18.650356821632784
1553 19.00132152651711
1554 18.59909410462867
1555 19.199983613587644
1556 18.322996780838395
1557 18.901571115830528
1558 19.032254458842175
1559 17.937326902060367
1560 18.8812662195689
1561 19.000231865971923
1562 19.58662877045305
1563 18.58203113684253
1564 18.41360925846977
1565 18.406586369676972
1566 18.64115949613766
1567 18.38130722029138
1568 18.791040297481818
1569 18.80420167531767
1570 19.18862508910802
1571 18.55659491406061
1572 19.267435421397163
1573 18.854880539882267
1574 18.844339066968008
1575 19.73556085875877
1576 18.851666723901232
1577 18.499507101749828
1578 18.759494189718595
1579 18.49715804247161
1580 19.275751703411338
1581 18.692921129566507
1582 18.534874945571342
1583 18.36309497563451
1584 19.29094830052522
1585 19.943928952235154
1586 19.165374822616723
1587 19.33937768560062
1588 19.333593525744668
1589 18.502117307965825
1590 18.81431866308473
1591 19.989353504797194
1592 20.286601535341802
1593 20.10709336173191
1594 20.372359450196186
1595 19.83478725698746
1596 18.873400614967274
1597 19.15558005921417
1598 19.91209254385295
1599 18.815515020909153
1600 18.57670336139643
1601 18.977934186884827
1602 18.700568388601
1603 18.862524414881555
1604 19.761962887043484
1605 19.170930493843283
1606 19.725897701879624
1607 19.15449073686853
1608 19.004897762347504
1609 19.162106622046977
1610 19.792891515947968
1611 19.907473565357346
1612 18.829409436225774
1613 18.679310581127556
1614 18.663808988775703
1615 19.08066048162479
1616 19.54696224284431
1617 18.711573412487745
1618 18.928599226531073
1619 18.28664761098835
1620 18.970533665028572
1621 18.927554173016187
1622 19.430155553622708
1623 20.40450307629924
1624 19.238533226139555
1625 19.091726118661377
1626 19.45045647441294
1627 19.403654698391176
1628 18.8601355242432
1629 19.287470486013305
1630 18.211329408468366
1631 18.674696677956128
1632 18.415606079524608
1633 19.606301425928752
1634 19.94933768970504
1635 20.05930606226035
1636 20.15975135598779
1637 20.34491898939674
1638 20.62010257589235
1639 19.63106228181304
1640 19.156398906761897
1641 18.896484619719647
1642 19.070033521478187
1643 18.979789007733544
1644 19.018299837943776
1645 19.02767211380392
1646 20.967542973183292
1647 20.149610647324348
1648 19.17546558205502
1649 19.798567639164023
1650 19.067237174448394
1651 18.93415797022732
1652 19.81754085024459
1653 20.2508614962624
1654 19.763376697991
1655 19.504811356352377
1656 19.498872379250084
1657 20.08422569643078
1658 19.70319737893541
1659 19.09719274239436
1660 19.0361019349712
1661 19.696424478572588
1662 19.03935169507188
1663 20.15638851243309
1664 20.201923334719538
1665 20.818061614053526
1666 21.576066740644112
1667 20.994620444459493
1668 20.994289763463954
1669 20.804888218102334
1670 21.453728404200366
1671 21.19606133937367
1672 21.832718766794592
1673 21.317203692796177
1674 21.77608012845453
1675 20.816770018953402
1676 20.587204452726127
1677 20.50970503663966
1678 20.71754709294896
1679 20.651129506019338
1680 21.1361339742466
1681 21.172185130500743
1682 20.467532141956223
1683 21.428590256557282
1684 22.15489119315281
1685 20.988565685106078
1686 21.243511392301162
1687 21.552112426765543
1688 21.149670370401317
1689 20.19203831005745
1690 21.251397506593914
1691 21.702695667508035
1692 22.017413358290067
1693 21.19180124994971
1694 21.80715648747882
1695 22.165950466965747
1696 20.50075745871753
1697 21.78639878695209
1698 21.81291689865589
1699 21.411141055437458
1700 21.098566560047935
1701 21.39283582472548
1702 21.895331353036124
1703 21.052287369323405
1704 20.777261914852712
1705 20.857773199063484
1706 21.573578525392055
1707 21.900499899059604
1708 21.0859671888197
1709 21.60809533220124
1710 21.06593388514663
1711 20.896724870488356
1712 21.5620904541648
1713 21.779417799607014
1714 21.101247906643785
1715 22.110938442107024
1716 21.141261366299588
1717 20.804210897588142
1718 20.152848986347443
1719 20.588423102328388
1720 20.832785184333634
1721 21.87293862356026
1722 21.866337303384938
1723 21.42099239794172
1724 21.696156774343905
1725 21.855058273205284
1726 20.892327866027824
1727 21.57682101463372
1728 21.505138021784724
1729 21.59793707368323
1730 22.864381750120153
1731 21.616199702752954
1732 21.39459604634006
1733 22.666028847181067
1734 22.626072012367032
1735 23.03015366644569
1736 22.10850204167403
1737 22.235577754009874
1738 22.350258114118216
1739 23.361893492978798
1740 23.02822235848769
1741 22.254581148388816
1742 22.291472949969748
1743 21.814196181487706
1744 21.3450279640911
1745 21.822293732751668
1746 21.613631785940285
1747 21.036389286000116
1748 21.626687071533276
1749 21.620701314209942
1750 21.09077606193905
1751 21.06161231998949
1752 21.50620562836906
1753 20.451035796881822
1754 20.943156339118627
1755 21.30870897422237
1756 21.80876545756504
1757 21.643382685065735
1758 21.67581576609358
1759 22.886857566791953
1760 23.79512624468429
1761 23.83339198649433
1762 23.06811079626445
1763 21.250093836705652
1764 22.541210024469244
1765 22.171394087359094
1766 21.788795024807527
1767 21.73355147843654
1768 22.1249937985942
1769 22.327408867735098
1770 23.19645874779399
1771 22.62032445291287
1772 24.154606929952138
1773 23.411095050235524
1774 23.800432114879204
1775 23.846209860405192
1776 23.64569129769237
1777 24.625052796162134
1778 25.394655767595427
1779 25.401517976303566
1780 25.71790090234528
1781 24.811609969936352
1782 24.229629643361655
1783 24.840273301883556
1784 26.087957084462467
1785 25.394629420076036
1786 24.445575069478043
1787 25.10980369703948
1788 25.70871338423189
1789 25.70163493462679
1790 25.937546763023956
1791 25.93659347433321
1792 25.866690920650317
1793 26.113279688477796
1794 25.00864391847977
1795 25.892081212943214
1796 25.553477284261053
1797 25.770955737875777
1798 24.98433665658051
1799 25.476021742291767
1800 24.995397321274076
1801 24.785144591357042
1802 24.271538094719144
1803 23.841266843165602
1804 24.353218992341077
1805 25.2424511073664
1806 25.061459568698137
1807 25.534381315480644
1808 25.826958515817473
1809 25.64960437922784
1810 26.485721287479517
1811 26.145481777600246
1812 25.8373426102988
1813 25.748875115497093
1814 24.93384817129415
1815 25.004671266904772
1816 25.011683852336343
1817 25.53024048935032
1818 24.828183691477523
1819 24.056542306688545
1820 23.738316035170836
1821 24.15014433043021
1822 23.16199674998281
1823 23.80512757135253
1824 25.00863360654747
1825 25.118701386380128
1826 24.630233887269338
1827 24.213945835432845
1828 23.510913411862845
1829 23.576743093223687
1830 23.975529451636028
1831 24.552996385346972
1832 24.30985928603335
1833 24.38518751144429
1834 24.645454199087872
1835 25.225108016956533
1836 25.167486157679146
1837 25.183832419890393
1838 25.686353878991227
1839 24.534716592660583
1840 24.151783261723008
1841 24.990342592023293
1842 25.284136610668305
1843 25.61734302833153
1844 25.01358721665516
1845 25.313963164413405
1846 25.67888162285033
1847 24.682391345104335
1848 23.645359002924046
1849 24.508285369781724
1850 22.802557130264088
1851 23.217488285426903
1852 22.47012916802675
1853 22.43280071271189
1854 23.638420861684885
1855 23.07467018082237
1856 22.7777381784566
1857 22.715307401060375
1858 22.286281161531726
1859 23.462737344815043
1860 23.003826201857922
1861 24.29128900046825
1862 24.069993413701358
1863 23.903435559860945
1864 24.43309318420066
1865 24.64260482492955
1866 24.446463528959413
1867 23.478177189846807
1868 23.68897450348356
1869 23.930937701249746
1870 24.603610744631105
1871 23.91545162968801
1872 24.199295872316128
1873 24.122943556951878
1874 23.53171359173809
1875 23.47689760623181
1876 23.737889119229646
1877 24.1720150421077
1878 24.092481727640724
1879 25.059557119819544
1880 24.53743893703453
1881 24.492186543880628
1882 24.093029907634595
1883 23.732874639344516
1884 23.231900260636785
1885 23.888643817209623
1886 23.460533881667025
1887 23.335390931417315
1888 24.19037881420273
1889 24.335998735764655
1890 23.875065715757543
1891 24.67091152401814
1892 24.088228388319767
1893 24.861988554374506
1894 25.857134006329137
1895 25.178874269791944
1896 25.909534411683953
1897 24.43929091461787
1898 24.424906132875925
1899 23.581540261724495
1900 25.22794917120859
1901 25.057390126332308
1902 24.123404255001763
1903 24.60307307124245
1904 23.94592632896152
1905 25.18063242741248
1906 24.435339638487267
1907 24.428066533701447
1908 24.589065665045418
1909 25.680657572020007
1910 25.045203884051173
1911 26.632695616516756
1912 25.58622630891983
1913 24.88479007524238
1914 24.85283440350881
1915 24.99184264623696
1916 25.600713583549467
1917 24.625752560629387
1918 25.279093047781842
1919 25.128414340593817
1920 26.199302971264647
1921 24.226474840389294
1922 24.37047129501025
1923 25.680745638083863
1924 25.757107191143252
1925 24.764112746250714
1926 24.333157425446167
1927 25.523596637268778
1928 25.24495386981558
1929 24.494103639301684
1930 25.132038267240233
1931 24.31966869244496
1932 23.9639790196862
1933 24.091717852467884
1934 24.30844852031525
1935 24.125617780809044
1936 25.168718443110556
1937 25.25231739468964
1938 25.21756451061892
1939 24.879043747381896
1940 24.96405901344163
1941 24.87231418103593
1942 25.15723290972363
1943 25.318947327084427
1944 25.368178251980797
1945 25.86025719014767
1946 25.809734055927237
1947 25.73301188503357
1948 25.696869960147072
1949 27.05082750194697
1950 26.69841896973666
1951 26.635987558367198
1952 27.157274286448096
1953 26.914483699380146
1954 26.901317131157455
1955 26.944481366455218
1956 25.869708703070156
1957 26.928577988440264
1958 26.90101377708721
1959 26.515444307717395
1960 27.08479922738184
1961 26.79877246628035
1962 26.241374119507814
1963 27.025638837175585
1964 27.782594591564912
1965 27.50153454615026
1966 27.356371003660744
1967 27.474437036835514
1968 26.6500352549864
1969 27.67762718457628
1970 27.570737742006983
1971 27.44615635171096
1972 27.565199283735478
1973 27.376198155662387
1974 27.04117615334852
1975 29.066771091032443
1976 28.205959586060942
1977 28.29635659592756
1978 28.024126616765592
1979 28.30263157811382
1980 29.132275919961895
1981 28.522231908624555
1982 28.542157454769875
1983 28.4031940056755
1984 28.768605002625122
1985 28.51254574336216
1986 28.207430408552817
1987 27.38143849404091
1988 28.49123061827585
1989 28.01366068210766
1990 28.60902424711923
1991 28.439116523426954
1992 28.357401671712818
1993 29.84155215827313
1994 28.406582028210284
1995 27.783142175390093
1996 28.655420107468316
1997 29.123296590000926
1998 28.46007697859048
1999 27.842909736869785
