0 16.845291686270297
1 18.065443159762264
2 17.181722268556406
3 18.113201994046786
4 16.513418455116096
5 16.45474742828512
6 16.40319880848274
7 17.72304257093332
8 17.607267101396396
9 17.2580971088035
10 17.15553874812577
11 15.554610347227873
12 16.670531970947156
13 15.982025799055002
14 15.799291379166423
15 16.396508096004087
16 16.89379890159771
17 16.335312308347216
18 16.859565011188092
19 16.333890725261234
20 16.451560279376732
21 17.073596302183137
22 17.57840827482638
23 16.597142892837955
24 16.119652090018644
25 15.522569399986619
26 15.970160046062944
27 15.542672158845768
28 16.57247384288565
29 15.898726131943548
30 16.44109861599992
31 17.230783322518853
32 16.74658628298089
33 16.807140853963613
34 16.66458699928951
35 16.289070578543143
36 16.249583446126653
37 14.204737741173298
38 15.389756881460267
39 15.942410531155987
40 16.96058718053904
41 16.28555261346053
42 16.80654570988323
43 16.895159269919493
44 16.306421514012246
45 16.070530977988202
46 16.525264376391068
47 16.387247983878243
48 16.548066838535583
49 16.400874112243237
50 16.180765583742257
51 16.708738959440712
52 16.60790053324901
53 15.756886892543585
54 15.856258946714625
55 15.803307248239545
56 15.292583336227889
57 14.706345975929704
58 14.680787325010765
59 14.666356885794892
60 15.738796319099432
61 14.34562803236029
62 15.48714688393732
63 15.26968637586092
64 16.046705034595792
65 15.867886349236969
66 15.187857532676452
67 14.482237564370454
68 15.39728131842309
69 15.070595249293572
70 15.42983468889554
71 15.398272997796909
72 15.80398278224924
73 15.258171422906011
74 15.907177096974682
75 15.474470342147445
76 14.170876743755102
77 14.7911838187547
78 14.454726943633052
79 15.00654666160799
80 14.989466368840844
81 15.733946208799134
82 14.95640130981637
83 14.76492615810544
84 14.711226394786097
85 14.2885096885212
86 13.318507383710383
87 13.57643399447773
88 14.034403054624367
89 14.31945942878459
90 14.461424302534374
91 14.456041677569958
92 14.702955949969361
93 14.246960169345153
94 14.967311388677699
95 14.27939831120119
96 13.62020349875394
97 13.746130796664424
98 14.510464008398845
99 13.930347393537996
100 14.332318410275262
101 15.396440942530596
102 14.868046011163758
103 14.32267633759912
104 14.391103487012925
105 15.65137518543109
106 14.790315087942442
107 14.295686918757964
108 15.325192890709195
109 15.015374873388133
110 15.142821596097775
111 14.926754023849847
112 15.55315826672203
113 15.320369227824163
114 16.26461832286639
115 16.081852162524772
116 15.731677336909888
117 14.788247071435094
118 15.811339149783887
119 16.116559169354463
120 14.914071189647077
121 16.752289579405154
122 16.15927979080879
123 16.35837362251238
124 17.208573406958962
125 16.722547716124485
126 16.123576383525823
127 16.674376956643624
128 16.817012902094696
129 16.66169669272553
130 17.31383704971683
131 17.836132520412335
132 15.978720225184155
133 16.468477723989594
134 17.29156231753003
135 17.866079743606807
136 17.51526358572237
137 18.298293978921485
138 18.45407154228454
139 19.24298040053424
140 17.962836410332027
141 18.036570622634787
142 18.631690526981444
143 18.487197178664807
144 18.3266504254735
145 17.533899727183048
146 17.765584876293232
147 16.685624774331473
148 16.06551753832891
149 17.135367273818474
150 17.769317353888194
151 16.960804995218716
152 17.02897646632862
153 17.177427468199607
154 15.931678260970351
155 16.750503956887194
156 16.85197556684806
157 18.08282169868791
158 17.018877578757632
159 17.625887604510073
160 17.54065946175503
161 17.619773682173296
162 16.913636718227945
163 17.34015409945915
164 17.662166583645515
165 18.820251772578068
166 18.226974024679627
167 17.464376025415582
168 17.99844736841457
169 17.225781248622948
170 16.684585655787423
171 16.41105957464959
172 18.301739230321825
173 18.369110582349762
174 17.17496947165583
175 17.73260717278532
176 17.828887820601356
177 17.728166666048143
178 17.135624407056095
179 16.586080042310247
180 16.996455045914054
181 16.321042697812455
182 17.547238111389238
183 16.431758363424684
184 15.749690808591136
185 15.22154813763791
186 15.911667533884149
187 16.6344493493086
188 16.81437287096456
189 15.810430799334203
190 16.598568020161906
191 16.846968032881712
192 16.269217814066018
193 15.751508080293673
194 15.86347203478787
195 15.897599202459627
196 15.033756848541898
197 15.672038224789382
198 16.618138207537175
199 16.988207202417136
200 17.5101394145952
201 16.230052532170717
202 16.312128595680512
203 16.64997993562866
204 16.40872263772779
205 16.19936306614252
206 16.25633566374559
207 16.167566195779496
208 15.724563431703306
209 15.399458536845021
210 14.8732384993183
211 14.539026816604983
212 14.223689229881545
213 14.251611648241752
214 12.810079445424083
215 12.73579919317628
216 13.172180078419174
217 12.540339605115893
218 13.256489251296994
219 13.87330359592025
220 14.661243860415361
221 13.130694341576085
222 13.571428515507245
223 13.20963058975859
224 12.886371854056861
225 13.588507558409962
226 13.23387136394533
227 12.832552255540795
228 13.180295806422512
229 13.890896367317438
230 13.691497053537779
231 13.09468066885233
232 13.642860241024433
233 12.624927109645503
234 13.761393358478655
235 13.69843986091917
236 12.67226372301569
237 12.90647160919612
238 12.736042211273107
239 12.285378861863785
240 13.17599622957246
241 12.985421947365213
242 13.202024515410882
243 12.75080581902294
244 12.162650152325519
245 12.94645148143674
246 12.943690716919772
247 12.445953632156902
248 12.465549885769544
249 13.336930684714208
250 13.223524524911957
251 13.178376124051615
252 13.241687796441276
253 12.071456346570114
254 13.140759958917469
255 13.20049019884551
256 12.498699532304075
257 14.471325489518495
258 13.449220322686891
259 12.866755359468403
260 12.181338013759431
261 12.755422974477586
262 13.050588561510466
263 13.087848230307433
264 12.918227796175819
265 13.389017815631199
266 13.270703909664714
267 13.05497541100893
268 12.81190429693302
269 13.690733556985611
270 13.099457901270297
271 12.83087636444031
272 12.509037120651682
273 13.10157386370522
274 13.437808940129615
275 14.100724133625809
276 14.209037184790883
277 13.94405175706246
278 13.140495881439131
279 13.856095331127097
280 13.57738899691404
281 13.209643922526475
282 14.401472915372413
283 13.46561246622079
284 13.87273278793971
285 14.185027637857033
286 13.57440605901666
287 13.302579654375675
288 12.976491698271735
289 12.901156771785349
290 13.059778812165156
291 13.730127002105288
292 13.287670933207648
293 12.800200014760472
294 13.340016007667606
295 12.350003633768807
296 13.161527723684772
297 13.040097314926753
298 13.426978897041923
299 13.250660296016305
300 12.274900547615978
301 12.31188534525689
302 12.688374738992868
303 12.63063885588931
304 12.262005258050857
305 12.62434194010378
306 12.615746707812185
307 13.279495147696226
308 12.97559419668066
309 13.209778731964413
310 12.748955598493522
311 13.706111945575268
312 13.487091546957007
313 12.419766983682957
314 13.8435130358197
315 13.70169813167865
316 14.261854992634472
317 13.570751750582085
318 13.602517480873855
319 13.457069351245305
320 13.972297951748248
321 13.72245523607661
322 13.142459111127206
323 14.422234754172619
324 13.402067872380002
325 12.968115396699456
326 12.84796882546728
327 13.044524717187313
328 13.284040096323286
329 14.456628434073158
330 14.824863306889823
331 13.731903437139334
332 14.204261353928958
333 13.718670430687396
334 14.028289759219124
335 14.475524429049258
336 14.659988261155563
337 13.690856409914602
338 14.149196911720992
339 13.749089377229822
340 14.436460198235158
341 13.637503396287842
342 13.031850599787159
343 13.65092557055052
344 13.90862147024262
345 14.204891233699906
346 13.940276537723474
347 13.350233965054494
348 13.00242549551945
349 12.617145720188512
350 12.912461870537902
351 13.689648298978833
352 12.89916273454823
353 13.122462333928558
354 12.812133960304948
355 12.845647703979601
356 13.424493940552129
357 13.32321248634029
358 13.513327663956114
359 13.593085564241663
360 13.57168883620642
361 13.862787068399973
362 13.42994536147854
363 12.42329238864612
364 12.882499588296781
365 12.714293663922565
366 12.842615243811121
367 12.649692566901559
368 12.719451517839495
369 13.032252194956861
370 12.93450548610242
371 12.72380862514965
372 12.589838903834837
373 12.659503294773634
374 12.482442225711846
375 12.078549341547232
376 12.82245876037622
377 12.744995677973368
378 12.852919018201531
379 12.68517243844587
380 12.324774168505629
381 12.89562170592113
382 12.873570448431503
383 12.830813460180948
384 12.948048909406731
385 12.634017044673069
386 12.10899276469794
387 12.689383432215848
388 11.980693167659226
389 12.2740775532619
390 12.25676235955305
391 12.23132252519994
392 13.09021973451989
393 12.602444991808579
394 12.85563652290307
395 12.470983024946909
396 12.319776092198936
397 12.573966139692555
398 12.543311245000925
399 12.35497406413544
400 12.744350392880529
401 12.279105047885063
402 13.046991499287339
403 13.236680576871938
404 12.638419252409909
405 12.2956449755086
406 12.900683616674028
407 12.350000054525129
408 11.85882602083281
409 12.013472820756432
410 11.822700697602212
411 13.143110945890049
412 12.734883342593582
413 12.433612047553352
414 12.121282671041554
415 11.660278125744657
416 12.284182470083678
417 12.584893875445976
418 11.586980981210688
419 12.012601887218308
420 11.430650493674303
421 12.359890673452847
422 12.693547823012699
423 12.489660310310157
424 12.430076827381251
425 12.487239402060451
426 12.851874826348606
427 13.20669926470766
428 13.29670719220536
429 12.954456376938829
430 12.466175039635765
431 12.831231256480363
432 12.723894578837594
433 13.354649089805626
434 13.448504517069662
435 13.086946587512882
436 12.98089643687987
437 12.355889991008537
438 12.966978326258982
439 12.711950516213651
440 13.176136439503042
441 12.974984443764582
442 13.230878089306572
443 12.890500719115247
444 12.814932852647631
445 13.268697294911224
446 12.842153933270112
447 12.579035995340906
448 13.080236276327827
449 13.503978380945009
450 13.166605894706505
451 13.1259994554494
452 12.705281565098582
453 12.626468680230273
454 12.64136452657484
455 12.862529148720627
456 12.879223271303086
457 12.878351829287205
458 13.059513649951848
459 12.891740273459641
460 13.4142700013044
461 13.50932897307251
462 12.51895135349784
463 13.032196732137706
464 12.58400290305048
465 13.315944039147853
466 13.3632746361781
467 13.529513910153048
468 13.177032915647917
469 13.399804107885592
470 12.939606624171068
471 12.480276529893196
472 12.543141808990576
473 13.363470104518665
474 13.081628102037214
475 12.876367717098582
476 12.801290900825322
477 13.362492552850403
478 13.205315017065749
479 12.503875165108923
480 12.661031560903531
481 13.364451577221491
482 12.62031153241202
483 13.01206014540221
484 12.820796516212267
485 12.883629072086807
486 13.147940626729287
487 13.520549519934136
488 14.28498916349896
489 13.721075511041656
490 13.793456941356373
491 13.869012120586527
492 13.826697372089358
493 13.471872711487878
494 13.468509363483422
495 12.438241457950046
496 12.66710549060607
497 12.775516759310554
498 12.989649182028476
499 12.657334150741258
500 12.729182660603325
501 12.895807319752855
502 11.611825733001917
503 11.967342427310113
504 11.805029223960068
505 11.63977557755682
506 12.063851388181773
507 11.736518025143825
508 11.783622908670878
509 11.311493429157695
510 12.706037942017131
511 12.326335396453837
512 11.747367043784246
513 11.896437191687955
514 11.772651524065006
515 11.484548595941412
516 10.702552959163233
517 10.888306855814958
518 10.573078342806413
519 11.537985541074189
520 10.660843823966559
521 11.045977394782206
522 11.35604997731143
523 10.940792914175036
524 10.9292334688384
525 10.00478357614688
526 9.38412940405657
527 10.619374625150655
528 10.951344146808436
529 11.28661937453848
530 10.409972805589243
531 10.91435763607251
532 10.35181849840847
533 10.791727305498236
534 11.31324531710512
535 10.66105041006573
536 10.633522199501233
537 10.002926055497019
538 10.222288794578835
539 10.775875548980268
540 9.846223805792274
541 9.913529235140588
542 10.003952597497504
543 10.591741364421106
544 9.809063533530045
545 10.227193504882258
546 10.910606456728763
547 10.2247510512423
548 9.99945958647174
549 10.69045752303081
550 10.324355795970368
551 11.321147832164268
552 10.364277087066897
553 10.877720127386985
554 10.844671724126888
555 10.214219326150138
556 10.256424409684811
557 9.871623758638274
558 10.474635509756816
559 10.865375654997164
560 11.47614852658588
561 10.03929356031043
562 10.132714915657463
563 10.788949689178972
564 11.070086906590928
565 10.281795890459703
566 9.536356681061541
567 9.965196815873043
568 10.502849301198902
569 10.878217492173524
570 10.095143517599283
571 10.308987733633625
572 9.9810933890692
573 10.055147663414303
574 10.039408699149902
575 10.350984107916858
576 9.751978148292721
577 9.66374227971141
578 10.020355808376191
579 10.388981229656881
580 10.72045807863896
581 9.763640996240726
582 9.890371787877609
583 9.461498682669774
584 9.91376078901112
585 10.546086228034692
586 10.229353025723228
587 9.967929856649121
588 10.475200196420033
589 9.968648729927942
590 9.964967246388118
591 10.863121844376815
592 10.264945749761381
593 10.30060427639445
594 9.539592603311782
595 10.043009076410092
596 9.887414372275398
597 9.813401692321156
598 10.4592921547805
599 10.442997383691317
600 10.541165935390215
601 10.245810228955055
602 10.798475963265918
603 10.329215839761908
604 10.252716506742553
605 10.010982659321586
606 10.234393307893965
607 10.67275466934965
608 10.180062763013353
609 9.88669790322833
610 9.778284748118194
611 10.579180786286692
612 10.29352124379305
613 10.09754362172839
614 9.840887286679495
615 10.222174059855154
616 9.603581413218567
617 9.529087119753248
618 9.622926837699167
619 9.759279908681652
620 9.218644128606174
621 9.248383300049744
622 8.98745162151977
623 9.966348359318534
624 9.59028440075452
625 9.012055963623542
626 9.04903753409759
627 9.183744263043788
628 8.683675206758586
629 8.804460743794376
630 9.207069362685003
631 9.111597190632285
632 9.23227318103125
633 8.96209358441106
634 9.215261207202705
635 9.588646618294078
636 8.667513928523645
637 9.063298809376471
638 8.725339718852785
639 8.236387513911653
640 8.18203814968798
641 8.043737308573958
642 8.232719838135923
643 8.441047756704144
644 7.946527420555676
645 8.278125302738822
646 7.931274650705085
647 7.8298917980846605
648 8.057901235621616
649 9.16423434391464
650 9.284746309208153
651 9.355189445493439
652 8.849348083051002
653 9.14990819477698
654 9.141279614934332
655 9.433329849906483
656 9.284272540368258
657 9.409004062489881
658 9.124176949432112
659 9.600823817509273
660 8.906030530483923
661 8.57443364839053
662 8.972470083757495
663 9.236190800090412
664 9.015049297422692
665 9.239107122050097
666 8.467248455286523
667 8.950042432015323
668 8.83366270535209
669 9.34664192845127
670 9.218614828959485
671 8.787541749071304
672 9.09564626423893
673 9.086980423018353
674 8.365465540561084
675 8.010798427183492
676 8.584802735633708
677 8.97033189911825
678 8.630009835717233
679 9.287521575034175
680 9.458121053546469
681 9.370702119057155
682 9.43454832795363
683 9.962098564956213
684 9.05785892687188
685 9.46662707270192
686 8.90210775346929
687 8.589009989788988
688 7.951613244411066
689 8.43773545206721
690 7.688702676859177
691 8.79309346812159
692 8.85076282654119
693 8.249156866351528
694 8.338103574134756
695 8.225186048123902
696 8.927496550626623
697 8.541959582997636
698 8.26509280867584
699 8.054227216776285
700 8.002828340916677
701 8.583178571481962
702 9.431150795267593
703 8.775658992286239
704 9.202803544178531
705 8.801532332666298
706 8.388376886511013
707 8.508236740826163
708 8.659426196323682
709 8.511347609718388
710 8.327019089438966
711 8.35736436898804
712 8.00835617155781
713 8.009104804766446
714 7.729927646935337
715 7.771441560903742
716 8.03555272068623
717 7.884528154680168
718 8.121798543689454
719 7.347625774570192
720 7.510272110862448
721 7.290983565658999
722 7.232609346966066
723 7.172156557417931
724 6.989926527983323
725 7.33465585530452
726 7.809492324763452
727 8.353364557096112
728 8.065308108610575
729 7.235310613821984
730 7.377474140825724
731 7.465285088039817
732 8.40757416853697
733 8.383986450779341
734 7.600466759425267
735 8.448568394721994
736 7.568902618272495
737 7.641253304845938
738 7.921837481736399
739 7.962118479624067
740 8.459324770417316
741 8.130158484914888
742 8.087542070213994
743 8.319167224855647
744 8.445684163015468
745 8.399555909596067
746 8.94565678108818
747 8.792281903715555
748 8.536859587960889
749 8.282792837231941
750 8.510352207820514
751 8.295946945289476
752 8.12112972047427
753 8.048281143081713
754 7.8023580827999774
755 8.156339669406847
756 7.394914757614073
757 7.630885433406016
758 7.199061709869334
759 6.801698241410889
760 7.536637335680198
761 7.931036219819765
762 7.588245870161601
763 7.829957396107729
764 7.9445584447896325
765 8.50531976635677
766 8.837011516024104
767 8.349988049875938
768 8.373022148684656
769 8.576650403769152
770 8.533992675319025
771 8.322094666350749
772 8.353714528740914
773 7.984575313600469
774 8.488991555886267
775 8.739797593454691
776 8.070115401663537
777 8.336702024591899
778 8.505374027904548
779 8.083978291725883
780 8.417849482544023
781 7.944953211832567
782 7.718333785967087
783 7.791880831761578
784 7.675881788512452
785 7.758381921582231
786 8.090385749811611
787 8.35085448951966
788 7.710794370877216
789 8.62523017858374
790 7.6078992622955965
791 8.10683679747242
792 8.069544081918462
793 8.029801312611912
794 8.150181691624745
795 8.357866615699356
796 8.404582577400772
797 7.961093308949062
798 8.34189666780248
799 8.490394167592264
800 8.28135340803104
801 7.534678463417437
802 7.940091540463076
803 8.109502162699386
804 8.315643221750877
805 8.044765784247252
806 8.153102296548823
807 8.23786265041583
808 7.839302539204966
809 7.991219815675551
810 8.370586965034295
811 8.08754435258452
812 8.30897787094843
813 8.140862967048395
814 8.160901858981983
815 8.458194798330625
816 8.428503724751614
817 8.337837121131503
818 8.141375074775
819 7.841166328732656
820 7.4783045876128345
821 7.903764416647991
822 8.288827580301039
823 8.222047087617634
824 8.242078370449537
825 8.30716619220156
826 8.046815476960585
827 8.47500416627562
828 8.469956661982946
829 7.694081766846468
830 8.190634949728489
831 8.318143777728578
832 8.338583200568355
833 7.870640023670313
834 7.672463919437316
835 7.9815502846667155
836 7.792974025398212
837 8.33638837031046
838 8.092055739305858
839 7.384102441613997
840 8.484218696572583
841 7.89947458555115
842 7.5856023288812855
843 7.853438360619351
844 8.187252263532574
845 8.350535595477629
846 7.75769970534259
847 8.440292439331502
848 8.02120336586536
849 7.651435450179776
850 7.7085518282251275
851 7.751757370155419
852 7.418648770606343
853 7.702272175473617
854 8.08375309062988
855 7.803255980691452
856 8.252260778168088
857 8.086728594673932
858 8.115832659570048
859 7.3106865150934555
860 7.860709321812699
861 8.41227445381742
862 8.377503527745686
863 7.98064706478296
864 7.981231594298744
865 8.408377979940223
866 9.308107620239701
867 8.510381794377771
868 8.549732514690865
869 9.023079580964987
870 7.8489893529946695
871 8.451253571472089
872 8.425636606073756
873 8.10476201846328
874 7.57295135261995
875 7.125229526645873
876 6.922042206867744
877 7.348239879090818
878 7.316122922868327
879 6.74309576028276
880 6.8265488821368026
881 6.743900958032829
882 6.977590878446295
883 6.906662121393475
884 6.678780884212287
885 6.7165559533328905
886 6.819335739447369
887 6.825129558221906
888 6.846344781789882
889 6.483570567125027
890 6.565526254775314
891 6.39893350150201
892 6.1852292942567155
893 6.611531674880939
894 6.103659259049935
895 6.765932552394165
896 6.405961317237632
897 6.274741983540824
898 6.486228101497494
899 6.324704539410281
900 6.320403145749839
901 6.06495013893242
902 6.113835369906412
903 6.086259246420706
904 6.024649311529723
905 5.891769919917158
906 5.8630675157139125
907 6.096536612955113
908 6.0752606269955844
909 6.370786767556441
910 6.0738236863366515
911 6.2552616205206455
912 6.129649976692094
913 5.937956758436904
914 5.850448336199942
915 5.6340445143083535
916 6.107967042821322
917 6.533354248591137
918 6.510635967589038
919 6.724595614317685
920 6.1860088393760915
921 5.853948396096867
922 5.962917461017965
923 6.2531810346418455
924 6.543349514021769
925 6.150242990245434
926 6.8159377190945545
927 6.373698373814646
928 6.050386522450024
929 6.3117563677214985
930 5.828171598906781
931 5.927690182342458
932 6.239178231755519
933 6.399323192213401
934 6.356740209687279
935 6.030889377248372
936 6.35090331276428
937 5.983743245268518
938 5.553906537567263
939 6.304437424303355
940 5.849384607157548
941 6.08063022625089
942 6.150461604965893
943 5.93842359718261
944 5.8882531803658615
945 6.046866796711033
946 6.220249273625745
947 6.128017681950447
948 5.78269302807523
949 5.938940755941946
950 6.271167205866622
951 5.955848359704437
952 5.950800435627711
953 5.877300729031452
954 5.467001053676048
955 6.033394199854936
956 5.812392523330543
957 5.7963860098027915
958 5.7979952938055845
959 5.977330419662008
960 5.98821494753842
961 6.150701589587771
962 5.817077671614213
963 5.549763885090924
964 5.641654675165196
965 6.081418301475109
966 6.19405167816837
967 6.081268859128527
968 5.991111545376336
969 5.9774923593568206
970 5.975379170652126
971 6.007266463492205
972 5.995012212517025
973 5.495799239586005
974 5.633297993535489
975 5.8018708368265
976 7.2576027529248295
977 6.259667960988389
978 6.471997847174473
979 6.135076959987849
980 5.697039097366111
981 5.479083444170573
982 5.708269134225415
983 6.281949187301438
984 5.619443983252034
985 5.8261193974610155
986 6.476034685085463
987 6.619184410715031
988 5.866814846360447
989 6.3300340866877525
990 5.960747120014487
991 5.934782039693259
992 6.378917995598486
993 6.332250899088492
994 6.158940438967225
995 6.5131513468197415
996 6.311736449168109
997 6.085496018352377
998 6.276718344611414
999 6.207316514367371
1000 5.817859742775811
1001 6.173465671637204
1002 6.3867860949129005
1003 5.6569054127127725
1004 5.993377534054545
1005 6.130888935193408
1006 6.131757737330102
1007 6.179366835512646
1008 5.730884049281265
1009 6.049948156368113
1010 5.684256332398908
1011 6.231750376071222
1012 5.904782147846616
1013 6.146859633062424
1014 6.25553770626891
1015 5.990369011052706
1016 6.161427489138648
1017 5.926419968549949
1018 5.75643119371156
1019 6.018567638229617
1020 6.19781721345356
1021 6.135940779320886
1022 5.93514238062279
1023 6.106679400671029
1024 6.035822326889986
1025 5.930436867878241
1026 5.718994632256361
1027 5.4675735461519315
1028 5.425975679275083
1029 5.938183497552458
1030 5.6112208575628255
1031 5.982363434785956
1032 5.864621462533123
1033 5.567623467537398
1034 5.9905470834791545
1035 6.212473830858272
1036 5.792827435473062
1037 6.112438175173722
1038 5.699913640830507
1039 5.831295857461749
1040 5.595658574800274
1041 6.0315609416470375
1042 6.312414438208016
1043 5.8218025508208235
1044 4.977224274344619
1045 5.182856145035287
1046 5.034541598833574
1047 4.085012190024756
1048 5.194151979493623
1049 4.189855002826921
1050 3.666873340628925
1051 3.6236806209853096
1052 3.6508363046870325
1053 3.971093227901445
1054 3.9133593413730305
1055 4.787751477666681
1056 5.009808132511622
1057 5.098875864113721
1058 4.8214406338173825
1059 3.5338769744671357
1060 3.6395918055438607
1061 3.7652498794465177
1062 3.8394615863427086
1063 3.643524305128654
1064 3.7098682940811694
1065 3.6592906586900242
1066 3.528660585923415
1067 4.144815644248831
1068 3.5903324591649275
1069 3.604612064169108
1070 3.635451424693438
1071 3.5556484429517354
1072 3.6961084139594504
1073 3.684756346427187
1074 3.681176831339719
1075 3.854275080943697
1076 3.472589409581805
1077 3.780544878387745
1078 3.7508574199885025
1079 3.6636411303952405
1080 3.8838957523478177
1081 3.725527041891625
1082 3.7874016153549483
1083 3.8605231197712104
1084 3.715692027219176
1085 3.6964512372177154
1086 3.784227120814124
1087 3.684929753258846
1088 3.6729684745867486
1089 3.499149670493078
1090 3.4656966857424205
1091 4.715137593488607
1092 3.6944710448827016
1093 3.691052138887076
1094 3.7795838635957235
1095 3.599802392047246
1096 3.509501042033541
1097 3.930424618400677
1098 3.775724698215491
1099 3.7414448967151643
1100 3.5074917833224917
1101 3.6898850910906926
1102 3.510182383161477
1103 3.6031983242580297
1104 3.635278606631261
1105 3.357709815039427
1106 3.2631938717344946
1107 4.498262517842972
1108 4.88798827153882
1109 3.940533280067025
1110 3.7066468486061503
1111 3.662237301715522
1112 3.7690802746263783
1113 3.7372405296704336
1114 3.655624294063093
1115 3.817819592836378
1116 4.07788215266008
1117 3.9504844348818047
1118 3.1666705197785685
1119 3.958212303572458
1120 3.9347210690266836
1121 3.2730229119656236
1122 3.905486662004921
1123 3.8114882853218313
1124 3.656117914066112
1125 3.8924431305161673
1126 3.803783185694958
1127 3.652620376327509
1128 3.7534849490713817
1129 3.7230721756188028
1130 3.7080522879968933
1131 3.527431692272746
1132 3.7992173693566547
1133 3.7597495607547806
1134 3.7978613487687887
1135 3.9005266913953207
1136 3.9763269602058195
1137 3.7937842837325833
1138 3.6249061098910142
1139 3.8720907298822076
1140 3.8106824015729064
1141 3.848480284934251
1142 3.927579773155454
1143 3.8016240204392044
1144 3.942141489736252
1145 3.752069671400883
1146 3.939648104263434
1147 3.8020356713209544
1148 4.313256565405576
1149 3.7563534506071883
1150 3.958332901811004
1151 3.9801882236617896
1152 3.835164984422921
1153 3.645305431821504
1154 3.616152926426637
1155 4.124966187821108
1156 3.954676116799815
1157 3.7621445720130784
1158 4.051742680826543
1159 3.8564751314754204
1160 3.7823016915964502
1161 4.122960030596988
1162 4.051146966320924
1163 3.6917669845845342
1164 3.762131525393964
1165 3.6940348393425944
1166 4.031346154542542
1167 5.452710228273405
1168 4.988694410484486
1169 5.415710739919883
1170 5.492029781389202
1171 5.344908662546709
1172 5.182779796319503
1173 5.057975886879226
1174 5.802587740575963
1175 5.124056399080534
1176 5.416956964281015
1177 5.133864999686757
1178 5.450461885177191
1179 4.829665798407969
1180 5.631384964503642
1181 5.386925938146392
1182 5.251393130049802
1183 5.177919876486899
1184 5.258363019009625
1185 5.76478118722777
1186 5.54827310866521
1187 5.237199828971444
1188 5.667644954467326
1189 5.469171841460108
1190 5.4845166304417186
1191 5.781759740271853
1192 6.10268230031201
1193 5.388014596658854
1194 4.38964903342533
1195 5.394951866984928
1196 5.714527894806367
1197 5.315083267597988
1198 5.70488486040405
1199 6.334011481745151
1200 5.21574227389765
1201 5.377036733489679
1202 5.800884046949338
1203 5.0541791750830125
1204 6.019367959766358
1205 5.662757933072866
1206 6.037354880687141
1207 5.571739697596205
1208 5.649071569978542
1209 5.702316861540073
1210 5.574894859333979
1211 5.143363164872683
1212 5.550533363850393
1213 6.005448841406241
1214 6.207741087648071
1215 5.828739594972636
1216 5.9469887160440145
1217 5.883904400696462
1218 6.039308523530517
1219 6.02764876899412
1220 5.5983858144113325
1221 5.756396782568808
1222 5.640214733761793
1223 5.639086275580498
1224 5.651562026715551
1225 5.916354384426241
1226 5.460512437010608
1227 5.860794251624909
1228 5.611651127679276
1229 5.526435473190461
1230 5.305679836492573
1231 5.941317817567395
1232 5.642772736815997
1233 6.321351436145086
1234 6.940858451594346
1235 6.677552076492571
1236 6.70308369471797
1237 6.975155281275351
1238 6.73516260404004
1239 6.552983257209085
1240 5.902419211298239
1241 5.938596425310251
1242 6.201646073091999
1243 7.0018475991020885
1244 7.205865966092931
1245 7.2286800977506
1246 7.325864446577794
1247 6.255642695885045
1248 6.760037452691321
1249 7.158598800720626
1250 6.694142971497773
1251 6.7594110445393385
1252 6.576723603200504
1253 5.896919217786726
1254 7.146160165470665
1255 6.304008315173891
1256 5.836965525022035
1257 5.786883789552395
1258 6.547097943169222
1259 5.867280365317001
1260 6.362475664249201
1261 5.967579832529732
1262 5.976482254445236
1263 6.715812226830765
1264 6.276998650281138
1265 6.2013239301256915
1266 5.629174057437952
1267 5.906876674426327
1268 6.0943802222155234
1269 6.371166210798003
1270 5.787305025830693
1271 5.857139820883967
1272 5.30429167263331
1273 5.18110650195114
1274 5.129105503192747
1275 5.6494285014209895
1276 5.476870823320269
1277 6.149543739184756
1278 6.20534236600645
1279 6.026687677039531
1280 6.2739105968074
1281 7.666932273661775
1282 6.921067361526291
1283 7.54746595455987
1284 7.215167594906034
1285 7.169964455868209
1286 7.516409336274959
1287 7.7581274450533515
1288 7.570841828601628
1289 7.909803225448031
1290 8.431693821782888
1291 7.59733022686413
1292 7.789218131930898
1293 7.575887866158719
1294 7.338855261466586
1295 7.607144649843064
1296 8.076726294778476
1297 8.37487661534473
1298 7.860806394276143
1299 8.524918885572616
1300 8.355747246459412
1301 9.229125640426028
1302 8.151293231533947
1303 7.920681854952928
1304 7.663817981510816
1305 8.624753345784747
1306 7.3872979655219595
1307 8.885831331673854
1308 9.16953436230263
1309 9.487679107245818
1310 9.26396885579612
1311 11.32651819520145
1312 10.095265076951781
1313 9.867270068106235
1314 10.565324261224848
1315 10.341469045247628
1316 10.301438047872358
1317 9.86131820967036
1318 9.34282936295509
1319 9.781382616328465
1320 9.16096247777827
1321 9.717918184611396
1322 10.084470880477763
1323 9.605018814414057
1324 9.42143769304086
1325 8.779413471601213
1326 9.718394240610296
1327 10.634395713555072
1328 9.323514188762886
1329 9.838747224774666
1330 10.395764178132566
1331 10.263994698927903
1332 10.626890260836019
1333 10.263670748991744
1334 9.448051996250637
1335 9.671450196830827
1336 9.604626770339559
1337 9.73543461998993
1338 10.316281758250605
1339 10.29384954023758
1340 9.943860124309225
1341 10.641307546892529
1342 10.447944514872571
1343 10.654508392537045
1344 9.641613861243691
1345 10.44784180253389
1346 9.992664236546593
1347 10.469428089695958
1348 10.420983154624608
1349 10.07878934240426
1350 10.332544976773828
1351 9.596556824590264
1352 9.354571251233649
1353 10.71894044537704
1354 11.059284941607915
1355 11.943548419015945
1356 11.101641288918229
1357 11.79806170779257
1358 12.405503763758814
1359 11.64799714036891
1360 10.738217552739671
1361 11.691922949352639
1362 12.0907126743951
1363 13.258973171237521
1364 12.84356178220539
1365 13.45136726468588
1366 13.651142808865021
1367 13.914128797653945
1368 14.483064780737829
1369 15.709326380699126
1370 14.869817386792507
1371 14.801761362647488
1372 14.918319006882866
1373 15.325553675390621
1374 14.870843934975536
1375 13.221167073248646
1376 14.359962496796712
1377 13.687161651555536
1378 14.17176246058469
1379 14.349264626375628
1380 14.735431974577528
1381 14.362193891824633
1382 14.6306633788068
1383 14.69169307622934
1384 14.616779664868076
1385 15.332660727251586
1386 15.147494512255106
1387 15.173222977365526
1388 14.668078457603196
1389 14.525885797236679
1390 13.505419489626082
1391 14.26478517495209
1392 13.909469671953378
1393 13.830805086346933
1394 13.894462028257111
1395 14.175409158847181
1396 15.664686926032738
1397 14.354640343374985
1398 14.355318624427756
1399 15.218355455501065
1400 14.61044101015191
1401 14.633267482380566
1402 14.11964803713576
1403 14.23220667296494
1404 14.546071997574012
1405 14.361989433747741
1406 15.805855547718258
1407 15.80332105011736
1408 15.007669349375744
1409 16.163637333910785
1410 15.738622562900362
1411 16.10245358306204
1412 15.382604428521404
1413 14.803417047405471
1414 15.28181286554617
1415 15.274781927696395
1416 15.73683290247098
1417 16.379841953321648
1418 16.972485281502394
1419 15.259716094663228
1420 16.31148282530584
1421 15.854307739135285
1422 16.703184355498994
1423 17.07598184169726
1424 16.291850601523667
1425 16.058999432231012
1426 17.182505372604336
1427 18.74424552245744
1428 17.08955880997304
1429 16.7903272909912
1430 17.010753656851982
1431 16.715375950585294
1432 16.254131876836286
1433 17.083611464015192
1434 17.42377688592232
1435 17.860315416927182
1436 17.499745075258858
1437 17.801850369358164
1438 17.696111775962574
1439 17.365156568250153
1440 17.501797609779114
1441 18.196657633417903
1442 17.5031435290338
1443 17.69838616427804
1444 17.367176326826012
1445 16.36919623523194
1446 15.713040499653797
1447 16.59001660501515
1448 17.36775128229172
1449 17.141952736092197
1450 18.278026317221418
1451 17.742910458726556
1452 17.17528089419374
1453 17.104488829530347
1454 16.082267718420532
1455 17.077717556191274
1456 18.093196474419052
1457 15.323519646315468
1458 14.980895778988621
1459 14.156791344414582
1460 14.591786290412555
1461 13.630520801513821
1462 13.098800375844597
1463 13.821411864692642
1464 14.60659878448193
1465 14.555226921349014
1466 15.756915703625317
1467 15.032466315283255
1468 14.43333624251055
1469 15.911104837086258
1470 15.72164319336573
1471 15.432042250441873
1472 16.248250868308496
1473 15.97967318051508
1474 15.764994952287413
1475 14.732422040926584
1476 15.236969002202859
1477 15.32552306510725
1478 15.21878183955221
1479 14.625828770993571
1480 14.798538423591395
1481 15.179030156701005
1482 14.92079397857063
1483 14.401515274816358
1484 15.033076938751737
1485 15.535659066624175
1486 15.909958099391433
1487 15.228265605192425
1488 15.501431205395317
1489 14.805331113619426
1490 15.11755942148642
1491 15.507831613465042
1492 14.952378693512978
1493 15.33471361719314
1494 14.875879788835446
1495 16.226691359799464
1496 14.427646364537937
1497 15.19524508314584
1498 14.778711582491454
1499 15.981021810698525
1500 14.73676267694375
1501 15.60154982485403
1502 15.485198386198283
1503 16.066885562736836
1504 16.253853815128277
1505 15.752737649391632
1506 15.648783534165094
1507 14.73939677989316
1508 15.42884491128555
1509 15.664328864555722
1510 15.3653806046147
1511 16.158631036752055
1512 16.2744422482017
1513 16.479082477351206
1514 16.983891881310225
1515 16.27255658409562
1516 16.32370984812736
1517 16.015105474474176
1518 16.616409253294076
1519 15.46364987372553
1520 15.739188517071588
1521 14.636342432316667
1522 15.291860766424179
1523 14.894109571540842
1524 15.575631212528156
1525 14.19844344246564
1526 14.116235220473673
1527 14.765885711657157
1528 14.904621703644358
1529 14.381725914839746
1530 16.332562741717233
1531 15.60863451396915
1532 16.01074502492152
1533 15.87031432624364
1534 18.221171066093977
1535 18.28710413669469
1536 18.2218141359216
1537 17.427599005746554
1538 16.41852307361956
1539 16.998264923179253
1540 17.384150724880456
1541 16.57869480549631
1542 16.80808858005248
1543 17.264575239580125
1544 16.78156174660044
1545 16.83818575977261
1546 16.729770376105417
1547 17.336149263074056
1548 16.6361721583248
1549 16.744628455106458
1550 17.152125391744356
1551 17.788401602423058
1552 16.6559475182018
1553 16.137672023645532
1554 17.55656322706087
1555 15.351717072672647
1556 17.07036507057655
1557 15.880416191976817
1558 16.338554761130002
1559 15.691597593811572
1560 16.018201624143448
1561 17.097074323702472
1562 17.080896687947448
1563 17.472274367068774
1564 17.19698723562229
1565 17.467334689012116
1566 19.232227067055383
1567 17.570052562281415
1568 16.324042808487253
1569 16.523530749834443
1570 16.408329989526067
1571 17.463208721369753
1572 16.885149660286885
1573 17.750026429091193
1574 17.462145739636654
1575 18.867123209016867
1576 18.507351395631815
1577 19.361549577039657
1578 18.744055734840966
1579 18.471396820974093
1580 17.485445533181363
1581 18.470393997710076
1582 18.273878091801006
1583 17.845326531909606
1584 19.432523434334723
1585 18.611031182542263
1586 18.88429850762141
1587 18.832332150505284
1588 18.436607289781893
1589 19.90743733293272
1590 19.252621489262634
1591 18.624927244315984
1592 18.699088756810873
1593 18.62043723511916
1594 19.31553648803221
1595 18.47922795903471
1596 18.068092795679867
1597 18.61840160654115
1598 19.25360640830649
1599 18.62777607681584
1600 17.61000938883812
1601 17.77592201255182
1602 19.04801939278697
1603 18.553293783745957
1604 18.24390805263551
1605 18.99817576255918
1606 18.55858234267306
1607 18.608347958295628
1608 18.431021386609178
1609 18.76871816299226
1610 19.23671928359457
1611 18.767116818553692
1612 17.338003446345237
1613 17.98808367296787
1614 17.131342879632395
1615 17.18013385347996
1616 18.219043703473695
1617 19.029341219921832
1618 20.013547781850903
1619 19.758919807684666
1620 19.10703229417634
1621 20.0740449628993
1622 20.302950692638817
1623 19.316010312758344
1624 19.413809131128737
1625 20.034852902085838
1626 19.987265714729652
1627 20.531829684618987
1628 19.301277003503635
1629 20.038739428069874
1630 19.14521322997996
1631 19.76339556214111
1632 19.192621597080095
1633 18.889390183187675
1634 18.950689776986287
1635 18.641560373855743
1636 18.695227687893382
1637 19.700283974953127
1638 19.428643240186023
1639 19.832361883532215
1640 19.257621888466975
1641 18.599855157552643
1642 20.059387294232405
1643 19.36745234443232
1644 20.080762737532734
1645 19.844314528388953
1646 20.320435233077017
1647 20.714664696436117
1648 20.235910483023275
1649 19.47759204337387
1650 18.36972019340335
1651 18.034250565293963
1652 18.838027530399202
1653 19.72047838430225
1654 17.96145825861616
1655 17.988688712520986
1656 17.461338160956384
1657 18.20207702525443
1658 16.046077790242094
1659 16.339694213932425
1660 18.076405683712277
1661 17.49987391767332
1662 18.358272096429662
1663 18.707991396494723
1664 17.86041651805296
1665 18.47129415743547
1666 18.649698527719117
1667 19.069525005214132
1668 18.576322844114962
1669 19.55493370557823
1670 19.925349432880285
1671 19.76296602467765
1672 19.73967507295334
1673 18.877534392152683
1674 18.488307969255473
1675 18.391783848155722
1676 18.900964026492527
1677 18.582224789223915
1678 19.87497940781699
1679 19.175362156594876
1680 19.692210523612957
1681 18.337263123224215
1682 19.8470116868132
1683 20.214398014941334
1684 19.50231828871708
1685 20.089690514133554
1686 19.230824331528858
1687 18.71886086278326
1688 20.273658756620154
1689 19.77698294062982
1690 21.053541531310742
1691 21.24326667158185
1692 21.746626327241493
1693 21.72049763195433
1694 20.822075941231972
1695 19.70732052286774
1696 20.34374131107927
1697 20.51000484917979
1698 20.705513217870994
1699 22.027997587683615
1700 20.75862692701311
1701 21.478920587022586
1702 20.845256297645243
1703 20.945266927529378
1704 21.7905308793158
1705 21.945664046143904
1706 22.511213817207835
1707 21.61226736545738
1708 20.501164019018987
1709 21.401828547233183
1710 20.613948878450667
1711 21.421447924267497
1712 21.562190594279777
1713 18.712768323744033
1714 18.609299604080412
1715 19.197996802821432
1716 18.517990108986194
1717 19.680858937706738
1718 19.461034477662235
1719 19.702675267943018
1720 18.588633074812808
1721 17.83858246212222
1722 20.181789492882775
1723 20.592418248207288
1724 19.933619679532217
1725 20.431586946439722
1726 20.012426522905397
1727 20.81727858621905
1728 21.02686828693738
1729 20.81345519876695
1730 23.298725037379945
1731 23.424599144785084
1732 22.462459997761755
1733 23.580751771828314
1734 23.09423070658995
1735 22.740698791924782
1736 22.839453711455246
1737 23.409789443454052
1738 23.504137185092304
1739 22.813577031096123
1740 23.238905302579763
1741 22.130094967825993
1742 22.59013917935487
1743 23.608219211814472
1744 23.53193551669863
1745 22.328810877666214
1746 21.418300424500554
1747 21.908810974063357
1748 21.7798003548322
1749 21.066563612365627
1750 21.0235551434545
1751 21.256739879280808
1752 21.74360377829671
1753 21.672183683943974
1754 21.23843225300661
1755 21.12224682035399
1756 19.94731433728859
1757 20.723440069379706
1758 19.42495934062831
1759 19.57129730406537
1760 20.337185780818405
1761 20.50765674132933
1762 20.513493636653124
1763 19.772431924960237
1764 21.08918161586124
1765 20.809963919227034
1766 20.02134766834024
1767 21.03789511048734
1768 22.00370900532425
1769 22.17823288030004
1770 20.314155796050468
1771 21.797548774229156
1772 21.96993607744839
1773 22.417279713114073
1774 22.361124536135936
1775 22.45581349040796
1776 22.611645888729036
1777 23.010151708168113
1778 22.90118124651953
1779 22.997699041072288
1780 24.17878504683278
1781 22.94600516958998
1782 22.745439923006348
1783 23.357188274795188
1784 24.18819520364618
1785 24.696268138211664
1786 25.512979445079118
1787 25.476442550140188
1788 25.437160440442433
1789 25.35401279011904
1790 25.25376177606433
1791 25.01056991674675
1792 25.481800955001436
1793 25.48196545899062
1794 25.517881342186907
1795 25.71091668462642
1796 25.877927127366732
1797 26.503402614884415
1798 24.94141015989897
1799 25.005322251183653
1800 24.772894853495885
1801 24.510371857763875
1802 24.800891447700845
1803 25.903100238840253
1804 24.96033275463525
1805 24.957651917697426
1806 25.777241373988645
1807 25.391173925286186
1808 26.445092756641504
1809 25.695718966490023
1810 25.939667102590693
1811 25.631124745394487
1812 25.60765915323626
1813 25.810836441944073
1814 26.776292173967462
1815 27.43675278317115
1816 26.50775992134611
1817 26.003835788417817
1818 25.672356099648898
1819 26.692759027753855
1820 26.122751373478806
1821 26.027112417322986
1822 25.919966878524807
1823 25.78806546682916
1824 25.706641941819655
1825 25.768447583895767
1826 25.63011728067816
1827 25.08043024010248
1828 25.18150745790708
1829 25.878036047640393
1830 25.69609784731352
1831 25.88639258568595
1832 25.686165285589382
1833 26.145921906267063
1834 25.922188996972828
1835 26.68491091084217
1836 26.020694742890992
1837 25.83715559464727
1838 25.390748177413524
1839 25.00842668423308
1840 25.395554905036384
1841 25.617001388409825
1842 25.851341503651806
1843 25.09850436520916
1844 26.471306839386877
1845 25.86880413789738
1846 25.7559915979568
1847 25.50168092583978
1848 25.254938161727186
1849 25.66845448206062
1850 26.36687489781233
1851 25.833076680037152
1852 25.36308528775649
1853 25.40079375922387
1854 24.976174306541665
1855 26.035145837593014
1856 25.219203882847268
1857 25.537645468349563
1858 25.58643665776959
1859 25.33279045815457
1860 26.055708948154322
1861 26.19974827951044
1862 25.77456385380161
1863 26.68407549819604
1864 27.2083786510878
1865 27.391383315515945
1866 26.61265727424103
1867 26.404419053481927
1868 26.440015791927884
1869 26.877286104669448
1870 26.157848060925897
1871 26.424913949640576
1872 26.38041677233319
1873 25.957556598768893
1874 25.844963641030137
1875 26.51351828345405
1876 26.062877860430355
1877 26.744082198944415
1878 27.390274698778025
1879 26.857090563812186
1880 26.634626517281752
1881 26.401884029222543
1882 26.151946659023785
1883 26.915879067850568
1884 26.849536618211875
1885 26.588151209839886
1886 25.810234003398953
1887 26.24774383714301
1888 26.67978039327946
1889 26.309755604496555
1890 26.65346024133478
1891 26.388139919230674
1892 26.203198927849815
1893 27.020187924494763
1894 26.349741482211304
1895 25.76169312135329
1896 26.266088651372087
1897 26.507717388950706
1898 26.1758015891477
1899 25.55598624035632
1900 26.90351281413553
1901 26.85657679606954
1902 26.82651750822653
1903 26.738803233864246
1904 26.30603841851704
1905 26.441092726991606
1906 27.11761989737997
1907 26.997530749625753
1908 26.319727077896633
1909 26.375515154748516
1910 26.53453390016212
1911 27.43492129349412
1912 26.945064411198715
1913 26.978107928585157
1914 27.554164350698425
1915 27.225464760017232
1916 27.654130476457283
1917 27.362542063048522
1918 27.130068130119547
1919 26.709412065586662
1920 27.07687727700826
1921 27.469248715293737
1922 26.69697841474819
1923 27.585701097976386
1924 27.480293316934794
1925 28.03237852390591
1926 27.953410588726808
1927 27.460692325384233
1928 27.592307112201137
1929 27.094874610830725
1930 28.81276431954766
1931 27.956269546174177
1932 28.9108288018236
1933 28.342835172864845
1934 28.063156859306456
1935 27.906582070188346
1936 28.122053898666515
1937 27.332514340847297
1938 27.450803704235206
1939 26.597954587765884
1940 27.32645346057541
1941 27.727753583679593
1942 27.314265377662647
1943 27.887877610001876
1944 28.76925454184357
1945 28.736536118799563
1946 28.038134397512874
1947 28.53128191467656
1948 28.913298739747898
1949 28.031583335454968
1950 28.65506817955356
1951 28.444341624063934
1952 28.55907981792955
1953 30.014158361067
1954 29.681032741027792
1955 28.580293982757112
1956 28.802017813230158
1957 28.816900276638293
1958 28.794742401727966
1959 28.377124119130826
1960 29.34929316085426
1961 29.11639341184039
1962 29.29318420237812
1963 28.585286290324838
1964 28.831736789368204
1965 28.732741320223326
1966 28.447430380127255
1967 28.62145573580584
1968 28.28097902825388
1969 29.061634549765174
1970 28.468028566474015
1971 29.19285098090622
1972 28.978677967586226
1973 28.498797986056665
1974 27.81232413861271
1975 29.185344223056873
1976 28.543822325450357
1977 28.732208573031297
1978 30.039420948657874
1979 29.358217778049564
1980 29.231556715606956
1981 29.294197237984548
1982 29.870099825683194
1983 29.242500486214457
1984 29.657988236230803
1985 29.888186158674674
1986 28.800639844081864
1987 28.878619305265698
1988 28.675168561741152
1989 27.9564963456704
1990 29.27727247681625
1991 29.471404013977033
1992 28.946132317369006
1993 28.60426702610399
1994 29.056274840385857
1995 28.8443513248703
1996 28.593723438400303
1997 28.79370051611373
1998 29.182740019025736
1999 29.687564083777982
