0 17.634599526551284
1 17.927266237946117
2 17.656447475813383
3 17.813350856389476
4 19.19380999365038
5 19.195053489461284
6 17.795904500958624
7 17.75295379847934
8 17.99982930464367
9 18.607468061649676
10 18.443168636137585
11 17.29440779130725
12 17.865384001624808
13 17.652852650837872
14 17.207474731325107
15 17.30431957705769
16 16.601421816669724
17 18.466457920453827
18 18.386863026173977
19 17.30186819874908
20 16.93064807132319
21 17.33685480794341
22 16.678710659510024
23 17.036475313633005
24 18.585876301691766
25 17.944857938106956
26 18.65148011011415
27 18.408192633462264
28 18.61059615195786
29 17.832438440566566
30 16.719136655737856
31 16.67251782003211
32 17.608210519436263
33 17.39010463728678
34 16.95254102243009
35 16.76221435023835
36 17.47687579938638
37 16.30368989931726
38 16.804514881070848
39 16.844787565805778
40 16.86129701754842
41 16.459056435192473
42 16.33699568506432
43 17.090989294045357
44 17.14897769638174
45 16.77078341581712
46 16.359414430695406
47 16.018169268191897
48 15.398047711636421
49 15.054213581233224
50 14.66150922800544
51 16.299825090294572
52 15.571827334899025
53 15.104865878042677
54 16.074935325953106
55 15.002612828444233
56 15.167192002883912
57 16.376704399351777
58 15.983707508083512
59 15.950214980406445
60 16.416537172004098
61 16.56281110286314
62 15.193472782233417
63 14.480465712781342
64 15.390470053333168
65 15.606600194480054
66 15.187052638029565
67 15.746329773348656
68 15.934128726300706
69 15.967710505820246
70 15.173531353540746
71 14.956987034179006
72 14.655542543009904
73 15.571108261007883
74 17.076168930825826
75 17.152694560250456
76 16.276815184644867
77 16.913740977239698
78 17.5428555903545
79 17.614694981570434
80 16.889784760649967
81 16.989390287536473
82 16.421253458190535
83 15.772836811661389
84 16.97023904891753
85 16.720170242138458
86 16.283494585944425
87 15.52451113883047
88 15.928629363499505
89 16.210981202770274
90 16.134245127507718
91 16.02413572183263
92 17.386880021630972
93 17.041536004081713
94 16.427294873019644
95 16.73463701628272
96 16.792631168579025
97 16.975918985765013
98 16.253281957855574
99 16.667419648787458
100 17.104092029324534
101 16.7840250876521
102 16.675731468299123
103 15.713548643016678
104 16.429870734885355
105 16.491632706229357
106 16.30325290565824
107 15.77844238198582
108 16.633763821312254
109 17.549190457705887
110 17.57973431385444
111 17.47100616970486
112 17.301773511700244
113 16.171838768505438
114 16.172548770398347
115 15.807760325819261
116 16.445269742592643
117 16.25340270504202
118 16.745052339400026
119 17.24878018883396
120 16.36033199389571
121 15.679229686646545
122 15.83516855398231
123 15.700535972639694
124 15.3379841630795
125 15.629233002366902
126 15.196201141352157
127 15.259278615721895
128 15.670118715135107
129 15.663033205953818
130 16.14049796252398
131 15.205400214625207
132 16.052293857948623
133 15.492463504107363
134 15.384027730737937
135 16.00152460355829
136 15.672284584735964
137 16.787585125001307
138 16.53308576097158
139 16.920684323598618
140 16.072125004838103
141 16.873690251266435
142 17.393433562813808
143 17.660281555380127
144 16.665466904507035
145 16.395043230037118
146 16.856036973750125
147 16.453046333712113
148 16.141408349087985
149 16.978358611734762
150 16.554149667566218
151 16.50119810708865
152 16.443152964524394
153 17.23530386082015
154 16.585038996824746
155 15.505246413948223
156 15.91626647851533
157 16.28078742140525
158 15.79527370656754
159 16.411733432343095
160 16.386363455287213
161 16.5666368961411
162 16.6264647248753
163 16.209218186288723
164 16.454897546417353
165 16.050864482150892
166 17.01138318767951
167 15.45297881800069
168 15.95471479686213
169 15.471888730699435
170 15.817246471805255
171 16.29687359626304
172 15.886638276403483
173 15.200293581652204
174 16.258223625196155
175 16.206300168892714
176 15.695229939787492
177 15.503381210153675
178 15.973644747399979
179 15.471888830285693
180 15.81917925739819
181 15.063092111407121
182 14.524116352997694
183 15.010819388849052
184 15.813515906067144
185 14.793793820486806
186 14.568114404786677
187 15.138145409371925
188 13.718981280571708
189 14.624680300577177
190 14.738076501139556
191 13.931903076267696
192 14.69015588811355
193 15.214783750364502
194 15.515865961796443
195 16.532220310931933
196 16.4945753457918
197 15.86280909129547
198 15.479366753578642
199 16.404027147414254
200 16.594081255611556
201 17.06557714580805
202 17.045284961227054
203 17.058642855074076
204 17.581890910400656
205 17.1116824625224
206 16.91021296475936
207 16.01848880479052
208 16.038311681685315
209 16.015557685983683
210 16.295172836143337
211 16.024659075775485
212 16.560767248939015
213 17.547886494456545
214 17.11524936048929
215 17.054259102632635
216 15.991008099232676
217 14.91578675550231
218 15.873402809806171
219 15.250384813241498
220 15.693233253482497
221 15.11985786861851
222 14.672540579306279
223 15.257300833266319
224 15.00579642542208
225 15.106923326895966
226 15.621884561510086
227 15.566908185667504
228 15.303564909262134
229 15.536498619846407
230 14.651865595735387
231 15.22808838824659
232 14.622461423989174
233 15.491109054302521
234 15.75240711130281
235 15.7088359450269
236 15.64349998849734
237 15.297811935924885
238 16.102225948022248
239 15.40313152132214
240 16.050930964905366
241 16.23933322875268
242 16.638622229718997
243 16.556259619838524
244 15.45250733672389
245 15.942639612795407
246 16.336108158112776
247 16.350642173170225
248 16.22583383180781
249 16.220509844516663
250 16.815380488170756
251 17.119231045353754
252 17.24514434989464
253 16.19029149800184
254 16.05320855255255
255 15.4744557782318
256 14.826434056466601
257 14.620102113319609
258 15.13382856791329
259 15.336372080822649
260 15.641655059195083
261 14.263901347866735
262 14.367068639381975
263 15.277587052445362
264 15.20111087831674
265 15.196364958557204
266 15.512719675475656
267 15.826849143356215
268 14.638282566220195
269 15.205988827138404
270 15.234840411084008
271 15.284729241306938
272 14.463264721479424
273 15.869571058222778
274 14.587333660242374
275 15.718818275719153
276 15.250825198619742
277 14.804365005892574
278 15.254887842339052
279 16.375264733975236
280 15.459482964241511
281 16.113628000513394
282 14.910089795766229
283 15.508831766922667
284 15.288823938218755
285 14.727728681245894
286 14.997952338066257
287 14.246191045068322
288 15.309072852818304
289 14.829137876351577
290 15.330165910593625
291 15.625805577355273
292 15.181599622941235
293 15.251317648617924
294 14.96604980022606
295 14.577891466140642
296 14.910985302871945
297 14.894944299101372
298 14.167651228924576
299 15.027943639693778
300 15.348213164095787
301 14.603599636977512
302 14.414597244371148
303 14.122195059991384
304 14.582734286457416
305 14.038622718798997
306 13.822178666274887
307 13.427685655525318
308 12.488592567508649
309 13.26876149960655
310 13.635435388294061
311 13.291745761956866
312 13.625534634311336
313 13.212753088801238
314 13.095874621425505
315 13.421269224874804
316 13.866384809417275
317 12.938029735686156
318 12.870781683157873
319 12.987915015113197
320 11.946550500392926
321 12.931726157946702
322 13.869316994288889
323 13.786387991667542
324 13.592221390354858
325 13.580861067818773
326 13.285578854921818
327 12.377310472160831
328 13.17234267328073
329 13.588033781337087
330 12.811012754070758
331 12.93467411124143
332 12.138138439822807
333 12.006763111975792
334 11.671494921457928
335 11.348777971961182
336 11.35938558788956
337 12.890714828689006
338 13.57144333409212
339 12.926585841288402
340 13.47147373838424
341 12.597069647471374
342 12.175751921560671
343 11.836728723234973
344 11.953840545430175
345 12.721200923952532
346 12.944020974208714
347 13.196435548419634
348 12.63611517416957
349 12.832270489325989
350 13.047939149943074
351 13.08794145253179
352 12.995237160792481
353 12.533128377793902
354 13.273034811855572
355 12.96207218787219
356 12.328369333294267
357 12.946875787785512
358 13.286280960972725
359 12.917438014054259
360 13.065220293662595
361 13.87775774404614
362 13.10719502301757
363 11.435990307007204
364 11.469363163193705
365 11.268271712572778
366 10.53148194698854
367 10.499337295893223
368 9.564912800143128
369 10.924011223599635
370 10.85503500789407
371 10.917689575086172
372 10.705313882269136
373 11.84901515073037
374 11.282175120464755
375 11.654876643399476
376 11.801581147466312
377 11.804537526057969
378 12.158354306259582
379 12.37651072424997
380 12.15030269548176
381 10.598145563980509
382 10.652335081274689
383 11.109700291703176
384 10.614191895224042
385 12.165300481276612
386 10.383849392584148
387 10.23321549615396
388 10.474733475352714
389 11.055707583657426
390 10.991003730982749
391 10.519322513419533
392 10.548957260991623
393 10.844623219548065
394 9.98352067710876
395 11.047151324863608
396 10.999738326881008
397 11.671765667902594
398 10.925454102711237
399 10.871850848799287
400 10.860065043345976
401 9.887011336036972
402 9.93203716221791
403 10.509617735726883
404 11.032226209360077
405 11.02888421106561
406 11.182654923668292
407 12.136012385932316
408 11.736114159630938
409 11.989899663404236
410 11.121877334320168
411 11.178194720845463
412 10.835024618514828
413 11.2305307170173
414 11.514340718898042
415 10.989231707942139
416 11.065410436690051
417 11.205357329915568
418 11.539956495437776
419 11.106515962109482
420 11.394717334562205
421 11.182059455409167
422 10.896216995217982
423 10.524143683056515
424 11.120641973502774
425 11.036778652774606
426 10.853174313096337
427 10.529329747737236
428 11.246148562024837
429 11.307630544002427
430 9.930643982226572
431 10.182853030795954
432 9.669881708812579
433 10.524689405226354
434 10.275959989920104
435 10.275754577645678
436 9.950629897756427
437 9.187331797749701
438 10.214677841527253
439 8.899971905174015
440 9.155395650995569
441 9.21078225049888
442 9.225730138754587
443 8.78636676657254
444 8.760369534833286
445 9.222149814093603
446 9.789695900440138
447 9.432454158527873
448 8.987115874241098
449 8.986088076439326
450 9.342781876697893
451 9.083616137539495
452 8.899559859088384
453 9.125407546110615
454 9.254879196360308
455 9.357259011371516
456 9.939974471940682
457 9.966645647421108
458 9.50075577015051
459 9.834059268798574
460 9.471455472086117
461 10.033490737881515
462 9.880520463267375
463 9.241090956834931
464 10.932993223454647
465 9.343176893521134
466 8.978564765234433
467 9.05885982542905
468 8.941776629271235
469 9.395176629353243
470 9.751727880664703
471 8.881179207179608
472 9.6815905982723
473 10.164170911435027
474 10.019674023003095
475 10.20907048805595
476 10.119384750749948
477 10.183384486973287
478 10.23780902376269
479 10.291657746054037
480 10.421348031476215
481 9.742563966234398
482 9.920245115246697
483 9.937209446301377
484 9.842616123803548
485 10.231452149693352
486 10.616424608892371
487 9.998788587528214
488 9.73749937338506
489 10.289865590921572
490 10.13017006066111
491 10.30169827847453
492 9.932277625972539
493 9.051596161365962
494 9.563729712283102
495 8.698048247652551
496 9.06410646490288
497 8.619803376619661
498 10.136830948733218
499 9.229113824960232
500 8.476960860644834
501 8.072009272775436
502 7.631388933535851
503 7.422338076745028
504 7.043203150462503
505 7.338723513175921
506 7.078442783387292
507 6.762023427306209
508 6.87535665347011
509 6.8179759670443625
510 7.8010841653546565
511 7.752138255118084
512 8.054683904166692
513 7.577918921845297
514 6.765861052581209
515 7.408448470619692
516 7.074663117411567
517 7.683237478074334
518 7.233930391618953
519 7.126301923097259
520 7.422813531559937
521 7.666579861084755
522 7.440882764743378
523 7.0293809719608795
524 7.218848834540627
525 7.878876505704597
526 7.126107714787957
527 7.75576069864479
528 7.923073644356896
529 7.824915361981163
530 7.120166791078
531 7.540254394932469
532 7.766219358456296
533 8.122665287315275
534 8.544487853134433
535 8.478697417626414
536 8.601596763325546
537 7.830084749770487
538 7.306774470119068
539 7.939109351081101
540 7.328795167335923
541 7.666137984257086
542 7.9019492051936515
543 8.418083109037001
544 7.46835107251255
545 7.606269044959711
546 7.798542157286135
547 7.929445746326097
548 7.429375267894927
549 7.546160722035404
550 7.473078496048644
551 7.704458695953997
552 7.847594732664965
553 7.29341847307728
554 7.71025444081708
555 7.9478546709510995
556 8.165356340185197
557 7.313257222540322
558 7.618067750170282
559 7.066758412608534
560 7.493784021089246
561 6.967807379411912
562 7.177713695403119
563 7.849176122530163
564 8.01250771474364
565 7.4789965219382974
566 7.358303032452084
567 7.157540797188505
568 7.327706800577406
569 7.372460755716528
570 7.377825623303871
571 7.2651383659748685
572 7.37148314431212
573 7.72526431708281
574 6.798258938568035
575 7.421048335332266
576 7.249338011854477
577 6.968017556301946
578 7.220411656579161
579 7.435626400762058
580 7.288244303327159
581 7.103855907727018
582 7.836109091159233
583 7.371253752372952
584 6.892011182073988
585 7.445191233686645
586 6.521305371973994
587 7.122602788957178
588 6.458678610847531
589 5.994227012584524
590 5.730635431269645
591 5.914861205880304
592 5.666376068882246
593 5.822104727949929
594 5.94224812064868
595 6.380427498976868
596 6.597782655763666
597 5.344831579949309
598 6.665315045152387
599 6.749305408018358
600 6.6406307264345825
601 6.696278839662472
602 7.552700308539072
603 6.8602821995296726
604 7.387094341713344
605 6.980484561427726
606 6.339549745299104
607 7.243395140804113
608 7.202902721503628
609 7.293062658253489
610 8.457014113390136
611 7.735485975721062
612 7.960181613209159
613 7.174246527060771
614 5.822379491986436
615 6.047437830291217
616 6.194581518561818
617 5.7810855684870335
618 5.898975283888331
619 5.531991737074661
620 5.311117640999076
621 5.457463576631134
622 5.056710815154201
623 5.0552304695858075
624 5.390300865354101
625 5.554649512716612
626 5.461407866644584
627 4.976735116030897
628 4.921640394137814
629 4.6130969709460246
630 5.269878311858532
631 4.767558716389475
632 4.451705445072446
633 5.435074665886113
634 4.611766792458137
635 5.269263853231219
636 4.07595505200044
637 5.267759895239175
638 5.055093032593921
639 5.618656860691585
640 5.356290499221879
641 5.576661824666235
642 5.706073126032836
643 5.502900680287849
644 5.751390677248273
645 6.240049804854814
646 5.398801162967461
647 5.784747418434472
648 5.690572448925156
649 5.542377446346864
650 5.5379503109028425
651 5.701856145692132
652 6.12116069443415
653 5.865285133175483
654 6.011511685256627
655 6.051929650951045
656 5.6623235585954115
657 5.918030012268604
658 5.446566734369116
659 5.8569302547558255
660 5.6564782681734895
661 5.426104416089397
662 5.270347605740089
663 5.278038798549322
664 5.022642697402731
665 5.820000820741344
666 5.029733132791748
667 5.787386488539302
668 6.132527486171246
669 5.763193190113017
670 5.877795622193482
671 5.037250019598794
672 5.264548976574828
673 5.771448059973752
674 5.810561818750342
675 5.848646554650965
676 5.645333739961095
677 5.641039046185139
678 5.557412039275381
679 5.460428709842087
680 4.779688324732544
681 6.327649419163585
682 5.337800939878444
683 5.235253105521228
684 5.366330323509568
685 5.847886679705511
686 5.512046425023357
687 5.757940097417861
688 5.41612797659985
689 5.100081404742191
690 4.051026665125683
691 4.807653537736922
692 3.9217440601784253
693 3.985942826829051
694 4.4570222826277055
695 3.54221558248064
696 3.3038653723832647
697 3.987364307035991
698 3.2968321042453774
699 3.202611229194548
700 3.3437556453491397
701 3.274847689614165
702 3.4733363463814606
703 3.19821156458018
704 3.4409449808481902
705 3.7448549747525934
706 3.525711553091557
707 3.2763976660491325
708 4.04850725052913
709 3.6597747334042414
710 3.364762847532006
711 3.966109763022432
712 3.2631931233413245
713 3.8079230598828557
714 3.708997151684508
715 3.336704461609612
716 4.192586973780646
717 3.517420480298202
718 3.2286874112484214
719 3.6798431964415372
720 3.825953000749158
721 3.637292400910395
722 3.236313107352529
723 3.2062003362540175
724 3.1054038308575658
725 3.3769863325749845
726 3.326073285227635
727 3.2924881539614046
728 3.090849953269553
729 3.930444739430713
730 3.808476734537226
731 3.5785059768768535
732 3.363242008517411
733 4.795799311501181
734 4.956092547553462
735 4.370679113909108
736 3.38430829553536
737 4.563977615673011
738 4.743123490944377
739 4.286724957913176
740 3.6529179382466537
741 4.724014972268106
742 4.118586960983135
743 4.663739909006245
744 4.518108559710121
745 4.041314268145234
746 4.476536903013922
747 3.34043100765206
748 3.6717616791149243
749 3.4303217575579747
750 3.729235778555196
751 3.7111226643466693
752 3.492405603460399
753 3.3330905769647647
754 3.335391312699861
755 3.7515720939407426
756 4.576361167332441
757 3.181397142036907
758 3.8927115723148136
759 3.314788661191564
760 3.0693517373082915
761 3.168342099619113
762 3.2881932640196236
763 3.6464018197913104
764 3.3340793494494543
765 3.2972784520873715
766 3.1286794594706726
767 3.148789383649883
768 3.3628952883050474
769 3.169103760555844
770 3.272721009119589
771 3.061042602438909
772 3.275115755451287
773 3.0682575299641117
774 3.208495746405531
775 3.3195538256969277
776 3.141341453929274
777 3.338971584266999
778 3.127182769132472
779 3.5594553910457245
780 3.088135155000128
781 3.123555139194434
782 3.3437715757725273
783 3.1645251539947146
784 3.216346483187685
785 3.3021696777934104
786 3.1533168522493296
787 3.2758551264865896
788 3.09512634802992
789 3.2745991383823836
790 3.3399432896053862
791 3.1603310387421435
792 3.191299038332748
793 3.2611019307651974
794 3.9212913080338914
795 3.1115488410425614
796 3.203617981163867
797 3.4136391455873665
798 3.6325561240684863
799 3.245591253167629
800 3.272424547680028
801 3.293109431413918
802 3.125978692290893
803 3.2040243111027964
804 3.2613011104712992
805 3.3052106500389007
806 3.2606997597940595
807 3.2323860352699847
808 3.5378483885460006
809 3.2190150878944594
810 3.062915367596434
811 3.2413080343253053
812 3.5266358830435185
813 3.2896366443987555
814 3.214507548118671
815 3.3835059908725174
816 3.483005879492626
817 3.1479120660224544
818 3.3524810379544348
819 3.150861797871396
820 3.1626957570552783
821 3.2262856468448233
822 3.1788134673960493
823 3.383773279325408
824 3.5526019388038907
825 3.0924874888278504
826 3.3200222474117727
827 3.3465388039305464
828 3.153394140923711
829 3.246616505293763
830 3.151460578081622
831 3.083171571945816
832 3.3691803976379138
833 3.1439184337882695
834 3.2430323967228496
835 3.135953350265176
836 3.1247711595671843
837 3.2510045991376297
838 3.3654587801911706
839 3.397101947824019
840 3.394764562431568
841 3.387056720056751
842 3.3119072047312983
843 3.145360069801077
844 3.360194277928967
845 3.4200151341848337
846 3.365364718511655
847 3.585981249742655
848 3.5179590867732653
849 3.265335777209163
850 3.3799874811461605
851 3.371133509948196
852 3.5567128389050158
853 3.800558740982275
854 3.527208243974869
855 3.4559074216368173
856 3.6544897615281875
857 3.401121947945271
858 3.6099835337172785
859 3.514338871946438
860 3.729797029395211
861 3.943319796333945
862 3.475000271251084
863 3.4644465362208066
864 3.6703188400756246
865 3.8722683684010955
866 3.5292774944266765
867 3.979148041207138
868 3.655379438245363
869 3.8891312305865267
870 3.5091948104839226
871 3.7310046765420943
872 4.317884935781824
873 3.6302548951434623
874 4.11502612876649
875 3.6981424505735006
876 3.7738327024150093
877 3.7489115342861603
878 3.7766405346180836
879 3.546213484719402
880 3.8327453031817593
881 3.877637090245599
882 3.763500621124847
883 3.7111162668407536
884 3.258231511358658
885 3.78515678447782
886 4.151780261152324
887 3.740432030031242
888 3.802570442729957
889 3.881638311452234
890 3.6368817594035465
891 3.755415280366566
892 3.6317317420077937
893 3.9521623661900387
894 3.710710693271151
895 3.9249103034758823
896 3.7434653749901337
897 4.059273847007227
898 3.692670620801274
899 3.9388944086902917
900 3.8496456000638286
901 3.7435808978493577
902 3.695211954388642
903 3.9385905374566903
904 3.713207873759877
905 3.9273542806604542
906 3.5455550673937526
907 4.096087488817298
908 4.166342467469801
909 3.821211072057344
910 4.08947484801275
911 3.9566363984526234
912 3.986101777116861
913 3.882882261856101
914 3.9546062311784613
915 3.925641024782834
916 3.7026474037374717
917 4.418238713050461
918 3.9381378743049944
919 4.0097231642738596
920 4.064234017261472
921 4.663980058874866
922 3.7346366188471563
923 3.8006031766703825
924 4.318568830612993
925 3.6048020897370163
926 3.6868397012433514
927 3.88188771991098
928 4.105098888847242
929 3.678237914521045
930 3.6324314585321154
931 3.8048505165261375
932 3.3889609810019077
933 3.227935115912285
934 3.73827684502383
935 3.6945837108333297
936 3.5244592186738433
937 3.4829820231375006
938 3.59886078016653
939 3.5653849666515667
940 3.612357963592858
941 3.8267267311200537
942 3.8306226312527394
943 3.620155361052825
944 3.411690128057481
945 3.5718686936054027
946 3.64239864998728
947 3.8345345689752386
948 3.630751798980664
949 3.742559553750832
950 3.4110166615680932
951 3.3134398951748714
952 3.2482298951200934
953 3.46595299481836
954 3.370732798874639
955 3.8908060772728836
956 3.6531791938925413
957 3.800935043977582
958 3.418751428440531
959 3.2872518024167294
960 3.1845025095564146
961 3.525980091900385
962 3.462082708131149
963 3.7369918962991053
964 3.8471944442699533
965 3.5618874460933725
966 3.56307958461356
967 3.70354452494899
968 3.6633295757358972
969 3.2739403381066565
970 3.6658883357527636
971 3.622145277230744
972 3.573829689741943
973 3.6956948201533257
974 3.5412428787751202
975 3.5112673892490887
976 3.723702841436796
977 3.6267669224544705
978 3.283871768688446
979 3.6560133738345506
980 3.512549672237645
981 3.6597081710423165
982 3.5404332175888205
983 4.135036924718265
984 3.9924284485535004
985 3.6323075799415343
986 3.695153726128084
987 3.6776440900579974
988 3.5708626587600074
989 3.8770714908398207
990 3.4576728948087716
991 3.777360741656837
992 3.332273065867648
993 3.5470396060609426
994 3.493981951783447
995 3.74498173065644
996 3.5024816952380613
997 3.2265836237378176
998 3.8775641816541353
999 3.544189782501837
1000 3.7708379438749806
1001 3.9648669579774984
1002 5.020208153032279
1003 3.6974609952658986
1004 3.7657204103130937
1005 3.5592393312443047
1006 3.2735949695665574
1007 3.625906789048814
1008 3.370548268485091
1009 3.7673849950964984
1010 3.9758054509614147
1011 3.7918402858057485
1012 3.596291902880548
1013 3.628587271731624
1014 3.6042539995900134
1015 3.789567617481751
1016 3.7974415837790674
1017 3.477758063952544
1018 3.6070111672297505
1019 3.273229423183603
1020 4.07134384944794
1021 3.6753815072577307
1022 4.472450429462293
1023 3.5722061145939885
1024 3.6124790021403084
1025 3.4726383069407327
1026 3.5614413587116744
1027 3.6846147171701125
1028 3.749372104470031
1029 3.952629089702292
1030 3.5165445668273287
1031 3.617994654780737
1032 3.594950381573195
1033 3.6885505878243308
1034 3.6260064843254076
1035 4.242749361732913
1036 3.5830408448127176
1037 3.8310646014954193
1038 3.549162455517983
1039 3.485444130228687
1040 3.559753497557603
1041 3.5393268228905734
1042 3.580698860527831
1043 3.270439726859956
1044 3.412618171630951
1045 3.324513221708399
1046 3.8891654972548415
1047 3.386482583355841
1048 3.215629442758932
1049 3.497356347044536
1050 3.5451130911992803
1051 3.4034138333165322
1052 3.216672311489172
1053 3.6212340897698265
1054 3.6271962414842673
1055 3.5340591585504733
1056 3.4685959841361425
1057 3.507111815681367
1058 3.5060159784171225
1059 3.422217475068066
1060 3.334328772608524
1061 3.236448025616951
1062 3.6442627508117034
1063 3.650945982408901
1064 3.4142338604338893
1065 3.3364056257986596
1066 3.5416711804559142
1067 3.6726777160205684
1068 3.6692781171803026
1069 3.7030593222373938
1070 3.004040592466046
1071 3.5436932502662537
1072 3.5257913896432376
1073 3.7199837424968876
1074 3.323047699083175
1075 3.8256979524127184
1076 3.34760340449995
1077 3.660100735603741
1078 3.901579130650591
1079 3.5873236952005167
1080 3.5786548943886856
1081 3.532895057928943
1082 3.468495334970698
1083 3.594843381047594
1084 3.5948357073983774
1085 3.3508536418617947
1086 3.214721166742569
1087 3.5901296777316087
1088 3.6326221525066753
1089 3.3712165188164986
1090 3.724477373782515
1091 3.631690207173429
1092 3.450857642335338
1093 3.545774703807863
1094 3.6648102140050978
1095 3.2437420416111222
1096 3.4665557601996975
1097 3.543655370454398
1098 3.450857311088253
1099 3.6625040804774414
1100 3.475671476651563
1101 3.537785207216996
1102 3.570057244382906
1103 3.469047613117069
1104 3.69258221537769
1105 3.459867820913924
1106 3.340994433357687
1107 3.4576796476417613
1108 3.5208284735436606
1109 3.6032641771276595
1110 3.5209626062070756
1111 3.742907961094024
1112 3.5633239400183223
1113 3.595522834588394
1114 3.8457773360291525
1115 4.033149224940058
1116 3.814129973888369
1117 3.5638052828646822
1118 3.318404343596022
1119 3.896031310537879
1120 4.0244123113883425
1121 3.834814830485626
1122 3.484561935753902
1123 3.7325756406766835
1124 3.3344384577265
1125 3.6243076340784537
1126 3.3759522882365043
1127 3.626353239882632
1128 3.498537563571992
1129 3.556243215505073
1130 3.8296795733033773
1131 3.9680399474885597
1132 3.951835362532375
1133 3.9899727900096473
1134 3.685028205392315
1135 3.43317419013221
1136 3.624053186281653
1137 3.605530995842065
1138 3.559962042689563
1139 3.743790160676392
1140 3.734086135343832
1141 3.601489611380071
1142 3.7464720185293743
1143 3.971854669740836
1144 3.7575642650733574
1145 3.742731388561279
1146 3.694485453366819
1147 3.3144788571122485
1148 3.8383320518418955
1149 3.6377770886385443
1150 3.715896475439436
1151 3.815801076253432
1152 3.94728089641109
1153 3.580955356372559
1154 3.605962178051978
1155 3.6066348008658915
1156 3.3749616269575777
1157 3.5960014906063957
1158 3.5404397450995995
1159 3.7222964586114577
1160 3.701156150204543
1161 3.7163220964002246
1162 3.4185082730264886
1163 3.4502188080678113
1164 3.415264669517512
1165 3.444598448199774
1166 3.808161650754428
1167 3.2397437448867312
1168 3.653550284993379
1169 3.650746941887892
1170 3.537724882317848
1171 3.3668612768148964
1172 3.6425859975328208
1173 3.817278999210868
1174 3.6787699346855423
1175 3.8601801954707526
1176 3.847295708089703
1177 3.575231681115382
1178 3.5623011531275406
1179 3.30908704187304
1180 3.620112832170029
1181 3.3450212736401417
1182 3.722532320020996
1183 3.4879137781154563
1184 3.6652563659291197
1185 3.6416155751882746
1186 3.3039531979217296
1187 3.6691550716351813
1188 3.9356781846202056
1189 3.68019316944735
1190 3.746307005701056
1191 3.650032591829795
1192 3.6812922280826355
1193 3.586305048406148
1194 3.8011018952580025
1195 3.616128482743367
1196 3.520133743448761
1197 3.5623169562926007
1198 3.5543826112969588
1199 3.537484925819574
1200 3.616414724591804
1201 3.8827026902615476
1202 3.7743082773181253
1203 3.851386018171796
1204 3.7172319320655514
1205 4.29676769742167
1206 3.8169418238611335
1207 3.5346130610295288
1208 4.117982543031209
1209 3.767309480311204
1210 3.843568395718831
1211 3.3453939701630446
1212 3.695160553921707
1213 3.7576332793830454
1214 4.002599912843232
1215 3.897670857454398
1216 3.8065561753873807
1217 3.7355786664952984
1218 3.854452190257298
1219 3.7640035047060554
1220 3.894041612986794
1221 3.6920979256010944
1222 3.816407362732635
1223 3.458973663889329
1224 3.835742001946868
1225 3.8979698065425135
1226 3.471410880563285
1227 3.645525828234735
1228 3.5016149711234235
1229 3.570411360360603
1230 3.680495040192702
1231 3.524153927259201
1232 3.483930048987836
1233 3.8439963373311805
1234 3.59450590220189
1235 3.739068675599205
1236 3.672779003566715
1237 3.485374777632256
1238 3.61892370759752
1239 4.054527219213412
1240 3.2684844238295474
1241 3.682381734520112
1242 3.8485868433147203
1243 3.5589009212796703
1244 3.4940872531013167
1245 3.407529520343215
1246 4.505996184497056
1247 3.8424662698425838
1248 4.342660572846766
1249 3.9854266370391187
1250 3.9164400364859784
1251 4.599003139671967
1252 4.615803475435998
1253 4.6467341385298155
1254 5.187064606405372
1255 4.837848119845203
1256 5.019429267877671
1257 5.004112968086201
1258 4.3804436454403275
1259 5.4172882649029015
1260 5.719072225037039
1261 5.505852595326956
1262 4.134504759137674
1263 4.561724713295212
1264 3.9658887703865418
1265 3.855817671856221
1266 3.79699734709483
1267 4.108970239163334
1268 3.920105926270618
1269 3.9121181966214014
1270 4.08565551097134
1271 3.9521435890970604
1272 4.0182684690080395
1273 3.773705796078871
1274 3.888653089134539
1275 3.8932057080894653
1276 3.7981604523231693
1277 3.9086156576272026
1278 3.886330644148872
1279 3.759236270598391
1280 3.7494396002474195
1281 3.8359552757027116
1282 3.830355070914877
1283 4.3695346167417215
1284 3.906019911121868
1285 4.5695848416003955
1286 4.997197223920084
1287 5.519085605989357
1288 5.885446824430887
1289 5.799075083331909
1290 5.551519162622677
1291 5.640887090645034
1292 7.4315203110986445
1293 7.70133400911001
1294 6.4756030792370805
1295 6.258147915525169
1296 6.686503696546699
1297 7.068248563606733
1298 6.439574270751645
1299 5.829982541248419
1300 5.683502155156529
1301 5.977995477542981
1302 6.065783270363115
1303 5.991132830776649
1304 7.864534095126895
1305 6.840226803756099
1306 6.874448837628913
1307 6.561868448067975
1308 6.273619649628817
1309 6.460653341766979
1310 7.1845215427002955
1311 6.204190201649853
1312 6.269714673275184
1313 5.086044323743314
1314 5.698869130181504
1315 5.967246896886549
1316 6.173367153757973
1317 5.597334216105657
1318 7.2224093273010475
1319 6.841441055630399
1320 6.335763646009581
1321 6.879650374435334
1322 7.481233753565647
1323 6.382052350240875
1324 6.645530263927623
1325 6.9500142220320384
1326 6.874797615360509
1327 5.9656063698589765
1328 6.670352210313796
1329 6.331627426852293
1330 6.901344600424851
1331 5.920444520832966
1332 6.926590444391085
1333 7.888579640036836
1334 7.438278601774476
1335 7.327675131529185
1336 6.831715401236181
1337 7.002050456660101
1338 6.131253730404645
1339 7.159559299616258
1340 7.431511802058906
1341 7.29015956917568
1342 7.453900743247884
1343 8.897692349676253
1344 8.611224926788857
1345 7.920282711202189
1346 8.25432032455582
1347 8.958885963188182
1348 9.115834212918186
1349 8.337449818711383
1350 7.942652933938094
1351 8.713644282004028
1352 8.257697989744852
1353 7.1966992847109434
1354 8.020879099464372
1355 8.38080562872638
1356 8.660081461162296
1357 8.063961249132836
1358 8.018338539361034
1359 8.65117064531299
1360 8.373207170635196
1361 8.736033181072859
1362 8.451105412900969
1363 8.553353140728674
1364 8.081599879792105
1365 8.206364996262216
1366 8.578891710259182
1367 8.636540582441755
1368 9.449750026524496
1369 9.51843080589641
1370 9.786790888898384
1371 9.035588624763882
1372 9.472215736683811
1373 9.324191902349225
1374 9.192705778698587
1375 8.659889703307053
1376 9.725630337719014
1377 9.492307809382735
1378 9.393428717657626
1379 9.731575847350836
1380 9.331773563439363
1381 8.928794212990633
1382 8.650286086007878
1383 9.265319133576277
1384 8.96442888655103
1385 8.77332179342515
1386 9.841697313479308
1387 9.148216131078039
1388 9.455087239709792
1389 9.868941460756206
1390 10.777169089008977
1391 10.060546750960734
1392 9.800094135548703
1393 9.149481164536203
1394 9.161503979688366
1395 8.81813981039931
1396 9.344458167465001
1397 9.590819769200998
1398 10.48340798663815
1399 10.048465899353744
1400 9.481355383055964
1401 10.454625894021033
1402 10.008883368401708
1403 10.159505087358726
1404 9.98620763227428
1405 10.368827128620515
1406 10.532993235498193
1407 11.638319148738955
1408 10.805473655245482
1409 10.99353965984938
1410 11.036616429702239
1411 10.481974615543905
1412 10.666051866612692
1413 10.562096957702472
1414 9.865733442870148
1415 9.894654441754296
1416 10.274467697230325
1417 9.724685101031518
1418 10.768139999394021
1419 10.567940869912096
1420 10.728687101583086
1421 10.993137592073264
1422 11.331554230676417
1423 10.933290285932538
1424 11.656688408822413
1425 12.034180040440571
1426 11.386507501762404
1427 11.292620964913407
1428 11.123006275079035
1429 11.70719439071767
1430 11.67044083222903
1431 10.758131888998486
1432 10.247433410204767
1433 12.203870629121191
1434 12.654967445272945
1435 11.915860104452301
1436 12.14897617256667
1437 11.095864823377688
1438 10.316623551426305
1439 11.208438798619879
1440 11.513485183351534
1441 12.140569424809128
1442 11.414407053898652
1443 11.633640531596255
1444 12.03040962774533
1445 12.05424089979348
1446 11.09506973267818
1447 11.243924674339029
1448 12.113111214260165
1449 11.622375544128912
1450 11.508398624326976
1451 12.098038768730524
1452 12.461650425959284
1453 12.227935471722256
1454 12.057355538698157
1455 11.554408013317842
1456 10.983373046865673
1457 11.578282346557561
1458 11.766241827236454
1459 12.388850838801568
1460 11.928193514521922
1461 9.788875074978463
1462 10.5631691277209
1463 11.804150510628316
1464 11.97319209798728
1465 11.849634325957693
1466 11.467128338587482
1467 12.332086177679725
1468 12.806275713698748
1469 12.594552859345608
1470 11.331351959537415
1471 10.563685761878117
1472 12.08241236300067
1473 10.845128542597166
1474 10.629886928271777
1475 9.8237517014314
1476 11.2374324721827
1477 11.869343363347447
1478 10.02754727312688
1479 9.796677607856719
1480 10.090196516945227
1481 9.719005446721702
1482 11.526969766814451
1483 11.253368153218775
1484 11.135203897775703
1485 10.12899320304317
1486 9.829706535897037
1487 10.163410836596434
1488 10.640847647022179
1489 10.286328258902325
1490 10.016993878300893
1491 10.432326358189231
1492 10.182678566403023
1493 11.565314772507142
1494 11.54343430438864
1495 10.779623590741638
1496 11.092097692315582
1497 11.408236191326017
1498 11.632296640187093
1499 11.666965644879793
1500 11.492717596803228
1501 11.578239891828389
1502 11.297421168185728
1503 12.28713613572862
1504 12.150878250923471
1505 11.709962233092057
1506 12.095701329115897
1507 12.188678876528133
1508 11.975663612240348
1509 11.743857638551592
1510 13.103198556376126
1511 12.052414296544903
1512 12.09274359693582
1513 12.288997559983583
1514 13.405431936005222
1515 12.175480227272812
1516 13.051458158548996
1517 12.500617255010523
1518 12.277106287152407
1519 11.911838598830894
1520 11.289164153450034
1521 11.594932328882052
1522 11.25575043104168
1523 11.632351128124016
1524 10.538014512085837
1525 11.056868525064838
1526 11.058217694773273
1527 11.579331180141729
1528 11.738412085597659
1529 11.854826439759702
1530 12.307717310760735
1531 12.322095282814871
1532 12.842383754990498
1533 12.470056976301205
1534 12.541803312254233
1535 13.382650195604693
1536 13.89305267449628
1537 12.670762574571489
1538 13.671867764143359
1539 13.228205872973234
1540 13.039654962139357
1541 13.505552644155063
1542 14.368979021001058
1543 14.325607916146245
1544 13.936718150875901
1545 14.994477721383852
1546 14.208334207901068
1547 14.64053105900101
1548 14.610722994494106
1549 14.169169070659917
1550 13.495261451578402
1551 13.451325570293232
1552 14.463224256134856
1553 12.674776668191207
1554 13.793556422404652
1555 13.298111217851815
1556 11.974475504731759
1557 12.164491363057552
1558 11.595992662809618
1559 12.046526769157088
1560 12.012059997831566
1561 12.855554114301967
1562 13.149596835034592
1563 12.90219296641009
1564 12.348243681403908
1565 12.895161375542301
1566 13.095497536985226
1567 12.394907837677582
1568 13.185859673506323
1569 13.561366207814165
1570 12.639363266825242
1571 12.804804341179965
1572 12.020533185016886
1573 13.00933956784015
1574 12.094256744023328
1575 11.733566271601674
1576 11.947910500756947
1577 11.992767888661364
1578 13.205981771205444
1579 13.214876500556306
1580 12.912582471206377
1581 12.759292983121224
1582 12.495537398887897
1583 13.107829313682881
1584 12.553724711487643
1585 11.785526617875629
1586 12.10576010478757
1587 12.044999562970647
1588 12.849037391576516
1589 12.644517896760552
1590 13.454951682749773
1591 12.983363298454668
1592 13.724749747992803
1593 12.708852903684772
1594 14.27046582139643
1595 15.212108681997902
1596 13.931897909081771
1597 14.392054840732913
1598 15.191964537260587
1599 15.323497371930028
1600 15.285765173577435
1601 14.372369175788831
1602 15.651222227109201
1603 15.007907416534046
1604 15.613268642974857
1605 15.528181921830743
1606 16.075158727335854
1607 16.144717893063618
1608 17.032474830971594
1609 17.510280268421965
1610 17.380358136665944
1611 17.951362736374683
1612 17.626282229893874
1613 17.409986383717317
1614 17.722026275491537
1615 17.502121056189345
1616 17.18479539839655
1617 17.81048994334276
1618 18.863859078271428
1619 16.873349727992906
1620 15.938190340810806
1621 15.748927218968104
1622 15.409310078076102
1623 15.674704418708915
1624 17.038822109924766
1625 16.62610863079734
1626 15.639956205437752
1627 15.82101249330991
1628 16.314193170140484
1629 17.520560064471553
1630 16.45209036907137
1631 16.564811310556088
1632 16.078822273060698
1633 16.675841602964994
1634 16.389721849458915
1635 17.07611807868589
1636 17.36510052925455
1637 17.523366890983443
1638 16.740696664837124
1639 16.604923427515555
1640 16.88824439542455
1641 16.98678972551351
1642 17.98114636595592
1643 18.122912379123555
1644 18.193411600725767
1645 17.76728725083288
1646 17.351052792450616
1647 17.797619073512546
1648 18.301773384737768
1649 17.662163829139793
1650 18.12155044939488
1651 18.85238552628849
1652 18.495042169241465
1653 17.871966874438
1654 17.456379813110985
1655 16.994631850862405
1656 16.525939441730106
1657 17.67893856999892
1658 17.134209494861405
1659 16.6607352446909
1660 16.246236165536807
1661 16.44441612085966
1662 16.98914157588748
1663 16.702698365179447
1664 15.560936821391778
1665 15.484471836393304
1666 15.69062967174002
1667 16.736948371552792
1668 16.327931605132903
1669 16.032017183779427
1670 14.83901874821869
1671 14.648106959060595
1672 15.09604187850638
1673 16.299885536983613
1674 15.12083256887943
1675 16.24014840156761
1676 16.88576894833565
1677 16.924591579736486
1678 17.483036262728792
1679 15.55910743060875
1680 16.04280056088895
1681 16.601110597652575
1682 16.053155190760894
1683 16.621718426011924
1684 16.9969940784511
1685 17.08693568682961
1686 18.39539598619258
1687 17.896362807637583
1688 19.440207419033474
1689 19.698734242166267
1690 19.63212780002873
1691 19.670076117795386
1692 18.867646704423446
1693 18.49907725518695
1694 18.389728574885694
1695 19.07620647107316
1696 20.152387420088587
1697 19.187708759633416
1698 19.17232886138625
1699 20.06023692018607
1700 19.684661189243542
1701 20.568965433090256
1702 19.01112469096214
1703 19.0367616642733
1704 18.708325964774126
1705 19.011442143895863
1706 19.658023574412976
1707 19.573953887478403
1708 19.854582795416498
1709 19.131427656434948
1710 19.740546712476267
1711 18.436183435245315
1712 18.480652241325277
1713 18.67947282170747
1714 19.34298644174381
1715 19.04154304969446
1716 19.232169341646134
1717 19.750921129751344
1718 20.425846172079332
1719 20.734481513694632
1720 20.627753749070408
1721 19.947504747067622
1722 19.630150489500608
1723 21.015189268795908
1724 20.830034989125462
1725 20.198778022831092
1726 19.434262237243594
1727 19.783091787152816
1728 19.57363951930615
1729 20.656632948430506
1730 20.28278926816371
1731 20.29634505668595
1732 20.927985332059887
1733 21.17975856609898
1734 20.381136425124122
1735 21.442239248412005
1736 22.203783951464242
1737 22.141830050999353
1738 20.708935646107342
1739 21.75505331270663
1740 20.95780843692705
1741 21.526149719432677
1742 21.548405645626197
1743 22.325204960515624
1744 21.945268880356082
1745 21.576133493365734
1746 22.389497922550373
1747 22.101066051467704
1748 21.715513005411793
1749 21.560892421709863
1750 22.16739417125107
1751 23.129671446220875
1752 23.47094167585706
1753 22.051607633343448
1754 21.9462940027119
1755 22.09144513177718
1756 22.764556495326364
1757 21.029283137630134
1758 21.142764042528157
1759 21.82516841728026
1760 21.839640189708074
1761 20.798072964778555
1762 20.517987774497133
1763 21.352689152362004
1764 20.912724529846088
1765 21.730167179917768
1766 21.201145552747185
1767 21.12653929568951
1768 22.129008453048158
1769 21.459175629262372
1770 21.09090994355663
1771 21.20666739299527
1772 21.32186081941037
1773 22.00703318689756
1774 22.315287639301236
1775 22.772589297444636
1776 21.773085199488538
1777 22.768355937260807
1778 23.39302448760511
1779 22.73971084081166
1780 22.72702685521176
1781 22.38026857592673
1782 21.332964551507416
1783 23.415810963164777
1784 22.49036144894835
1785 23.444069664248197
1786 22.829435181527103
1787 23.798332871343117
1788 22.909801284979352
1789 22.293968205345653
1790 21.753093641760962
1791 23.651982793846205
1792 23.15926107207818
1793 24.618857381922915
1794 22.74183744287743
1795 23.944801992178043
1796 23.456813600356877
1797 23.137837852048285
1798 22.178479121833906
1799 22.276113863356844
1800 22.558825996642405
1801 23.646325021848305
1802 23.878717634436306
1803 22.109882755382873
1804 23.206108230486933
1805 22.611726962858132
1806 22.890035119698275
1807 24.20585172466339
1808 22.95060312986729
1809 22.95689140243488
1810 22.58709010138601
1811 22.270608419201235
1812 22.25253058111869
1813 21.713542291454964
1814 23.181934715094336
1815 23.42613194715465
1816 23.563455120230348
1817 24.03901607592545
1818 24.37803598948408
1819 24.369501352549584
1820 24.234476577477782
1821 23.30598168407907
1822 23.271490051204363
1823 24.233412335230792
1824 22.8075107390755
1825 24.264881518574548
1826 23.668494721901695
1827 23.731234597533987
1828 22.72170644001077
1829 23.23300155139903
1830 24.3280130584009
1831 24.38609401339008
1832 23.867850322824527
1833 24.3263835966532
1834 23.97157083959554
1835 25.122367193519604
1836 25.14374175332488
1837 24.68006275960171
1838 24.479665392773967
1839 23.859453442844476
1840 23.970398578664046
1841 23.908535931425067
1842 24.92124749125721
1843 23.88833153854358
1844 24.585781195669533
1845 23.42238250462817
1846 24.652588711104343
1847 24.130688989477193
1848 25.099839731233907
1849 24.00157969900719
1850 24.32914429246598
1851 24.195212841561027
1852 25.334956718385303
1853 23.846664448128184
1854 23.17010146547858
1855 23.524687730573284
1856 24.674102989352487
1857 22.815384268938445
1858 23.030223533197375
1859 21.85256273941355
1860 21.275167860577117
1861 21.346980802783197
1862 20.976531763969778
1863 21.815527510698217
1864 23.4595905995415
1865 22.621205134152234
1866 23.380408758412923
1867 22.921336332293205
1868 23.20122914958139
1869 23.27526093047768
1870 23.299917177781932
1871 24.17988466434517
1872 23.448185409396046
1873 22.971411023211957
1874 23.264189966778847
1875 23.348116928114113
1876 22.611237401367738
1877 23.85323084552331
1878 23.40813388731199
1879 23.705532398586556
1880 23.734420853709448
1881 23.01160907582124
1882 23.961428494364192
1883 24.565501715210964
1884 24.36918651478652
1885 24.185140571015676
1886 24.40433626312234
1887 23.10707888687006
1888 23.976964205540853
1889 24.1028770683016
1890 24.919695562401902
1891 24.198920780299773
1892 23.784900502466733
1893 21.967546018051493
1894 23.073118764962302
1895 23.164730641590804
1896 22.538424218712116
1897 23.602114246256
1898 22.801567226973113
1899 23.385414856501637
1900 23.96749131652486
1901 23.336606779935718
1902 23.018261724862512
1903 22.8803591764655
1904 24.578756962878934
1905 24.44007329506559
1906 24.81049888040721
1907 24.717672106281416
1908 26.088614197029873
1909 26.670618990392573
1910 25.090084436672864
1911 26.259440679878434
1912 24.905202892130543
1913 25.44817121991395
1914 26.13268546033098
1915 25.955140037497987
1916 26.423141014763
1917 26.951153607346658
1918 25.44717631857019
1919 26.451908292245484
1920 25.782276718903365
1921 26.945670756795064
1922 26.363746619303594
1923 26.254636214976102
1924 25.98176615355862
1925 26.685516011248218
1926 26.76170415534279
1927 27.327687452958813
1928 27.589863762859814
1929 26.259911921758157
1930 26.326035106126746
1931 26.69797029745525
1932 27.748775897947986
1933 26.643080703515654
1934 26.74649998158255
1935 27.095671485131156
1936 26.482068685522606
1937 28.140191840061146
1938 27.49521477356296
1939 27.365949067459844
1940 26.518820376535274
1941 27.872964175641776
1942 27.960787620490965
1943 27.65392579048558
1944 28.376448614997148
1945 29.19546957892612
1946 29.269208045746726
1947 29.23244442712761
1948 29.058995764912524
1949 29.264267409575766
1950 28.31320790720812
1951 29.340162094807628
1952 28.861360825093513
1953 28.635852288528376
1954 29.07987823475864
1955 28.413942445445716
1956 29.101566974138215
1957 27.765181790985707
1958 27.77124339169972
1959 28.32539426752167
1960 28.19503769766651
1961 28.58226512363776
1962 28.363786991182216
1963 29.2797697830329
1964 28.250054377413015
1965 28.608868048335037
1966 29.22339788840906
1967 29.10320713962881
1968 28.61664145473205
1969 29.17187464592362
1970 29.378779175991244
1971 29.44368089237205
1972 29.060139453678136
1973 30.22125377944238
1974 28.538349321126322
1975 28.27901479272962
1976 28.691178995368308
1977 28.660160947102625
1978 29.370392497318054
1979 29.251615840258225
1980 28.571014015744115
1981 29.65598792301251
1982 28.995021786004276
1983 29.267735695866822
1984 29.866550358868945
1985 29.68898756436834
1986 28.541001004336294
1987 28.876569035350993
1988 28.367979991274687
1989 27.837455038269933
1990 28.913521930057136
1991 29.969372340265693
1992 29.4461885395203
1993 30.45979747458641
1994 29.22889471816262
1995 30.535087829399394
1996 30.611050550485242
1997 29.380417949512054
1998 29.074024625543505
1999 29.678053921472614
