0 0.0
1 0.6369056701660156
2 0.2138558179140091
3 0.2345450073480606
4 0.9258967638015747
5 0.5561699867248535
6 0.7465237379074097
7 0.4993780255317688
8 0.9555996060371399
9 0.8218342661857605
10 1.2299388647079468
11 1.3484922647476196
12 1.4359724521636963
13 1.2257170677185059
14 0.8823595643043518
15 1.0714499950408936
16 0.7713010311126709
17 1.0301772356033325
18 1.2739399671554565
19 1.1328305006027222
20 1.2145469188690186
21 0.9874038100242615
22 1.151341438293457
23 1.4252201318740845
24 1.49081289768219
25 1.4151791334152222
26 1.3225022554397583
27 1.5395945310592651
28 1.3274005651474
29 1.7176400423049927
30 1.8440508842468262
31 1.443233609199524
32 1.752338171005249
33 1.4961748123168945
34 0.7713960409164429
35 1.0038602352142334
36 1.2813270092010498
37 1.0070030689239502
38 0.5954800248146057
39 1.1158580780029297
40 1.0095329284667969
41 1.2192834615707397
42 1.274239420890808
43 1.5291941165924072
44 1.301546335220337
45 0.48072654008865356
46 0.9167389869689941
47 0.730884850025177
48 1.2703182697296143
49 1.2190380096435547
50 1.7152236700057983
51 1.125156044960022
52 1.5930414199829102
53 1.054532527923584
54 1.3882818222045898
55 1.337066888809204
56 1.212843418121338
57 1.6508877277374268
58 1.3754647970199585
59 1.614315152168274
60 1.5449835062026978
61 1.2817686796188354
62 1.2718801498413086
63 0.9171376824378967
64 1.7236976623535156
65 2.0144152641296387
66 1.5949701070785522
67 1.5235447883605957
68 1.6873821020126343
69 1.5018829107284546
70 1.4982717037200928
71 1.1285881996154785
72 1.3715999126434326
73 0.9150416254997253
74 0.9323532581329346
75 0.9735404849052429
76 1.1171022653579712
77 0.7253676652908325
78 0.5745137929916382
79 0.9019105434417725
80 0.6712109446525574
81 0.8608412742614746
82 1.172373652458191
83 1.2855331897735596
84 0.8095669150352478
85 1.011289119720459
86 0.9352448582649231
87 0.9283784627914429
88 0.999462366104126
89 0.8428440690040588
90 0.7049541473388672
91 1.0797001123428345
92 1.0328099727630615
93 0.6316778063774109
94 0.7006037831306458
95 0.7576436996459961
96 0.8748441934585571
97 1.0577877759933472
98 0.7465248107910156
99 0.815503716468811
100 0.8027172684669495
101 0.9171808362007141
102 0.895625650882721
103 1.1256871223449707
104 1.1248064041137695
105 0.9328092336654663
106 0.8106703162193298
107 1.1105098724365234
108 1.204746961593628
109 1.1972240209579468
110 1.0893720388412476
111 0.5957193374633789
112 0.954272449016571
113 0.8640261292457581
114 0.5083051919937134
115 1.2989089488983154
116 1.1052871942520142
117 1.2791945934295654
118 1.6183382272720337
119 1.6927769184112549
120 1.6459437608718872
121 1.5607789754867554
122 1.8233940601348877
123 1.35830557346344
124 1.5223747491836548
125 1.5022004842758179
126 1.3915982246398926
127 1.489796757698059
128 1.4625272750854492
129 1.4784995317459106
130 1.4720488786697388
131 1.5206490755081177
132 1.4592251777648926
133 1.5558512210845947
134 1.4877043962478638
135 1.5648192167282104
136 1.5453177690505981
137 1.4387046098709106
138 1.5789201259613037
139 1.4052037000656128
140 1.5360831022262573
141 1.6879746913909912
142 1.6957799196243286
143 1.655259132385254
144 1.7342575788497925
145 1.3144700527191162
146 1.6028528213500977
147 1.6231940984725952
148 1.501224398612976
149 1.6355624198913574
150 1.7726635932922363
151 1.732325553894043
152 1.6491435766220093
153 1.4432263374328613
154 1.4570926427841187
155 1.4313180446624756
156 1.983871579170227
157 1.8654053211212158
158 1.9206089973449707
159 1.8777050971984863
160 1.9531371593475342
161 1.6872179508209229
162 1.8055483102798462
163 1.703086495399475
164 1.8539172410964966
165 1.990248203277588
166 1.7272251844406128
167 1.6660246849060059
168 2.013921022415161
169 2.23358416557312
170 1.9922534227371216
171 2.2117083072662354
172 1.8656033277511597
173 1.8541666269302368
174 2.3212320804595947
175 1.5363719463348389
176 1.4802966117858887
177 1.5440959930419922
178 1.4433550834655762
179 1.6648911237716675
180 1.491061806678772
181 1.5193991661071777
182 1.4516218900680542
183 1.4296504259109497
184 1.7108192443847656
185 1.632836103439331
186 1.8235589265823364
187 1.757270336151123
188 1.6760201454162598
189 1.7162333726882935
190 1.7888243198394775
191 1.6659446954727173
192 1.618595838546753
193 1.6927469968795776
194 1.498177170753479
195 1.839792251586914
196 1.5213176012039185
197 1.6382743120193481
198 1.6970629692077637
199 1.6278234720230103
200 1.8401046991348267
201 1.4415979385375977
202 1.540737509727478
203 1.7824733257293701
204 1.8349387645721436
205 1.9981321096420288
206 2.017164707183838
207 1.7146281003952026
208 1.5030324459075928
209 1.6386393308639526
210 1.7472587823867798
211 1.798944354057312
212 1.7303025722503662
213 2.089864492416382
214 1.6155887842178345
215 1.5242154598236084
216 1.4372892379760742
217 1.7289470434188843
218 1.4278112649917603
219 1.4282481670379639
220 1.5714179277420044
221 1.500464916229248
222 1.5353639125823975
223 1.5523393154144287
224 1.8110976219177246
225 1.743282675743103
226 1.4785330295562744
227 1.6078293323516846
228 1.658652901649475
229 1.586625576019287
230 1.6826627254486084
231 1.6668341159820557
232 1.8159312009811401
233 1.8394694328308105
234 1.794552206993103
235 1.7198317050933838
236 1.8190041780471802
237 1.8967938423156738
238 1.920174479484558
239 2.121342420578003
240 2.018794059753418
241 1.829082727432251
242 1.7729641199111938
243 1.7603070735931396
244 1.6891286373138428
245 1.6364400386810303
246 1.4632481336593628
247 1.7211881875991821
248 1.5325206518173218
249 1.9354346990585327
250 1.6685432195663452
251 1.740911602973938
252 1.5872560739517212
253 1.7308646440505981
254 1.6066099405288696
255 1.7999225854873657
256 1.6590911149978638
257 1.8308005332946777
258 1.5909241437911987
259 1.7395049333572388
260 1.6546540260314941
261 1.5834068059921265
262 1.495201826095581
263 1.6794053316116333
264 1.8030928373336792
265 1.890160322189331
266 1.973975658416748
267 1.879662036895752
268 1.7268048524856567
269 1.6920281648635864
270 1.8054624795913696
271 1.6611473560333252
272 1.640593409538269
273 1.7689353227615356
274 1.5069959163665771
275 1.5978412628173828
276 1.7245644330978394
277 1.5472853183746338
278 1.7412676811218262
279 1.690553903579712
280 1.6702178716659546
281 1.7493220567703247
282 1.6890712976455688
283 1.632023811340332
284 1.5409389734268188
285 1.8307907581329346
286 1.7265132665634155
287 1.643043875694275
288 1.592626929283142
289 1.4497567415237427
290 1.5558408498764038
291 1.4755960702896118
292 1.6734336614608765
293 1.4908937215805054
294 1.7224408388137817
295 1.5342079401016235
296 1.4851760864257813
297 1.5925172567367554
298 1.4430150985717773
299 1.7038813829421997
300 1.6907354593276978
301 1.71018385887146
302 1.5403110980987549
303 1.7733736038208008
304 1.5700472593307495
305 1.6504511833190918
306 1.7259536981582642
307 1.8284732103347778
308 1.6753655672073364
309 1.6266112327575684
310 1.5866295099258423
311 1.346753716468811
312 1.480139970779419
313 1.3703129291534424
314 1.4167969226837158
315 1.3607525825500488
316 1.4319788217544556
317 1.4894782304763794
318 1.6195112466812134
319 1.431038498878479
320 1.833687663078308
321 1.5756449699401855
322 1.5077770948410034
323 1.7362394332885742
324 1.3972032070159912
325 1.5051392316818237
326 1.498918890953064
327 1.5508393049240112
328 1.4338033199310303
329 1.569960355758667
330 1.5755020380020142
331 1.4602665901184082
332 1.6332248449325562
333 1.481866478919983
334 1.5733821392059326
335 1.4588326215744019
336 1.7853671312332153
337 1.5883245468139648
338 1.5876752138137817
339 1.5600483417510986
340 1.5780748128890991
341 1.7062482833862305
342 1.822830080986023
343 1.8834352493286133
344 1.8681379556655884
345 1.8397669792175293
346 1.8581496477127075
347 1.8026461601257324
348 1.5999022722244263
349 2.2561795711517334
350 2.20310115814209
351 2.5041463375091553
352 2.175405502319336
353 2.1104366779327393
354 2.350245952606201
355 2.3228273391723633
356 2.136855125427246
357 2.240743637084961
358 2.618669033050537
359 2.3875598907470703
360 2.36043119430542
361 2.309553861618042
362 2.518540382385254
363 2.2836194038391113
364 2.1072487831115723
365 2.182344436645508
366 2.072364330291748
367 2.242691993713379
368 2.1642684936523438
369 2.1840548515319824
370 2.4429469108581543
371 2.1909210681915283
372 2.0287208557128906
373 2.376905918121338
374 2.331246852874756
375 2.102661371231079
376 2.1273036003112793
377 1.9275267124176025
378 2.205561876296997
379 2.237687826156616
380 2.4447970390319824
381 2.1153790950775146
382 2.2693350315093994
383 2.3108444213867188
384 2.1467199325561523
385 1.9659758806228638
386 2.135293483734131
387 2.287879228591919
388 1.9786624908447266
389 2.2884087562561035
390 2.086486339569092
391 2.1804306507110596
392 2.1035380363464355
393 2.0252597332000732
394 2.0211572647094727
395 2.028252124786377
396 1.9295477867126465
397 2.1427807807922363
398 2.5008437633514404
399 1.9421213865280151
400 2.0146820545196533
401 2.3024611473083496
402 2.4079065322875977
403 2.238560199737549
404 2.348090171813965
405 2.0202009677886963
406 2.148892641067505
407 2.139596939086914
408 2.4576468467712402
409 2.332611560821533
410 2.166069984436035
411 2.1738831996917725
412 2.147104263305664
413 2.1450915336608887
414 2.3269643783569336
415 1.9680025577545166
416 2.422043800354004
417 2.101653575897217
418 2.281737804412842
419 2.191983938217163
420 2.0336053371429443
421 2.0585715770721436
422 2.1113839149475098
423 2.0529186725616455
424 1.8593641519546509
425 1.9400895833969116
426 2.294858455657959
427 2.065349578857422
428 2.0937983989715576
429 2.037318706512451
430 2.263517141342163
431 1.918922781944275
432 2.0988152027130127
433 2.1108052730560303
434 2.1835572719573975
435 1.9697260856628418
436 2.078374147415161
437 1.8959094285964966
438 1.9971790313720703
439 2.3106234073638916
440 2.141864538192749
441 2.2930490970611572
442 1.868241548538208
443 2.120528221130371
444 1.9931161403656006
445 1.8503702878952026
446 2.227670192718506
447 2.0553970336914063
448 1.9714430570602417
449 2.4598464965820313
450 2.409011125564575
451 2.253108024597168
452 2.141730546951294
453 2.0558719635009766
454 1.7452881336212158
455 2.0346872806549072
456 1.9867972135543823
457 2.074131965637207
458 2.196108102798462
459 1.9433435201644897
460 1.8313159942626953
461 1.476086974143982
462 2.1539554595947266
463 1.8042670488357544
464 1.823236346244812
465 1.9990575313568115
466 1.9443913698196411
467 1.746702790260315
468 1.9633748531341553
469 1.7522293329238892
470 2.0188467502593994
471 1.675452470779419
472 2.054960012435913
473 1.7383815050125122
474 1.951656460762024
475 1.8858261108398438
476 1.8438103199005127
477 1.983805775642395
478 1.8483915328979492
479 1.8094674348831177
480 1.9102736711502075
481 2.1677746772766113
482 2.09243106842041
483 2.187901496887207
484 2.048476457595825
485 2.16278076171875
486 2.3100926876068115
487 2.1136586666107178
488 2.2053146362304688
489 1.956521987915039
490 2.0604546070098877
491 1.941469430923462
492 1.9911810159683228
493 2.249847412109375
494 1.842203974723816
495 2.067486524581909
496 1.8749414682388306
497 1.8854013681411743
498 1.8122498989105225
499 2.0670700073242188
500 1.9116816520690918
501 2.054415225982666
502 1.8750141859054565
503 1.961372971534729
504 1.8839737176895142
505 2.1824607849121094
506 1.9081496000289917
507 2.220139503479004
508 2.228764295578003
509 1.5950915813446045
510 1.982843279838562
511 1.7943551540374756
512 1.7116353511810303
513 1.9325381517410278
514 1.7623196840286255
515 1.5913021564483643
516 1.8010694980621338
517 1.7590659856796265
518 1.8323372602462769
519 1.8457049131393433
520 1.9070154428482056
521 1.7994675636291504
522 1.727771520614624
523 1.8056230545043945
524 1.7920048236846924
525 1.944372296333313
526 1.576901912689209
527 1.7538577318191528
528 1.8525525331497192
529 1.8611445426940918
530 1.5699548721313477
531 1.6499009132385254
532 1.7313655614852905
533 1.7329977750778198
534 1.7625445127487183
535 1.8618828058242798
536 1.9946367740631104
537 1.8952875137329102
538 1.786421537399292
539 1.8911246061325073
540 1.7920377254486084
541 1.784598708152771
542 1.916343331336975
543 1.913689374923706
544 1.85304856300354
545 1.8100833892822266
546 2.133531093597412
547 2.6024937629699707
548 2.2779247760772705
549 2.1424169540405273
550 2.376805067062378
551 2.362971305847168
552 2.201878547668457
553 2.0162360668182373
554 2.2864162921905518
555 2.1126883029937744
556 2.1653409004211426
557 2.190121650695801
558 2.1710875034332275
559 2.3704869747161865
560 2.149736166000366
561 2.1215980052948
562 1.8269914388656616
563 2.1440391540527344
564 2.0314605236053467
565 2.3864331245422363
566 1.9625835418701172
567 2.108283519744873
568 2.2575323581695557
569 2.247692823410034
570 2.062220573425293
571 2.144575834274292
572 2.0676729679107666
573 1.9690501689910889
574 2.108250856399536
575 1.9406228065490723
576 1.9956719875335693
577 1.8179099559783936
578 2.018869400024414
579 1.7706366777420044
580 1.9909306764602661
581 1.8971357345581055
582 1.8053232431411743
583 1.9328482151031494
584 2.134796142578125
585 2.0685195922851563
586 1.9950717687606812
587 1.8347554206848145
588 2.0958304405212402
589 1.8274011611938477
590 1.8237954378128052
591 1.765236735343933
592 2.0589780807495117
593 2.046109199523926
594 2.1106176376342773
595 1.9986549615859985
596 2.1849937438964844
597 2.006699562072754
598 2.0839126110076904
599 2.102367639541626
600 1.85165536403656
601 1.7842546701431274
602 1.836849570274353
603 2.012997627258301
604 1.6710366010665894
605 1.9825133085250854
606 1.9615118503570557
607 1.8347793817520142
608 2.0404326915740967
609 2.1295204162597656
610 1.9895861148834229
611 1.8882883787155151
612 2.062812328338623
613 2.1197240352630615
614 1.9903993606567383
615 2.2884068489074707
616 1.9764912128448486
617 2.1263513565063477
618 2.110356092453003
619 2.266028881072998
620 1.917117953300476
621 1.8870521783828735
622 1.8427658081054688
623 2.097363233566284
624 2.0426785945892334
625 2.1800289154052734
626 2.1361193656921387
627 2.0265915393829346
628 2.2753560543060303
629 2.126821517944336
630 1.9858272075653076
631 2.0270745754241943
632 1.9921895265579224
633 2.3843328952789307
634 2.3945746421813965
635 2.1124107837677
636 2.5953290462493896
637 2.417306423187256
638 2.3097176551818848
639 2.218411922454834
640 2.3545985221862793
641 2.3544774055480957
642 2.2136952877044678
643 2.1532857418060303
644 2.4577105045318604
645 2.6485886573791504
646 2.7431836128234863
647 2.473492383956909
648 2.510110378265381
649 2.0856924057006836
650 1.99429452419281
651 2.4811513423919678
652 2.4326248168945313
653 2.483431339263916
654 1.8880338668823242
655 1.9225170612335205
656 2.1779754161834717
657 1.9713224172592163
658 2.2287607192993164
659 2.1784093379974365
660 2.3016927242279053
661 2.2608253955841064
662 2.123647689819336
663 2.2084884643554688
664 2.430933952331543
665 2.3383073806762695
666 2.2260775566101074
667 2.0542712211608887
668 2.5372157096862793
669 2.2777695655822754
670 2.086402416229248
671 1.9498069286346436
672 2.1132326126098633
673 2.201359272003174
674 2.432410478591919
675 2.267165422439575
676 2.235898971557617
677 2.3945579528808594
678 2.676316261291504
679 2.498152494430542
680 2.621293783187866
681 2.467292070388794
682 2.636758327484131
683 2.1748971939086914
684 2.5005545616149902
685 2.2477335929870605
686 2.41750431060791
687 2.440000295639038
688 2.0860788822174072
689 2.312119245529175
690 2.4712600708007813
691 2.476752519607544
692 2.109412670135498
693 2.3844242095947266
694 2.455737829208374
695 2.591161012649536
696 2.1196110248565674
697 2.3439645767211914
698 2.070105791091919
699 2.370224714279175
700 2.1188061237335205
701 2.3048129081726074
702 2.239557981491089
703 2.4176883697509766
704 2.373535394668579
705 2.4757015705108643
706 2.6808204650878906
707 2.536116600036621
708 2.413550615310669
709 2.1792635917663574
710 2.71708345413208
711 2.4737322330474854
712 2.614375591278076
713 2.5360336303710938
714 2.5738353729248047
715 2.4912986755371094
716 2.3587424755096436
717 2.56349778175354
718 2.7254579067230225
719 2.779642343521118
720 2.820341110229492
721 2.6985437870025635
722 2.392568588256836
723 2.565866708755493
724 2.8345134258270264
725 2.141940116882324
726 2.2679858207702637
727 2.8830416202545166
728 2.5725905895233154
729 2.3712446689605713
730 2.412893772125244
731 2.6018598079681396
732 2.494807243347168
733 2.381174325942993
734 2.64652419090271
735 2.4472599029541016
736 2.47405743598938
737 2.5193021297454834
738 2.4464643001556396
739 2.3452706336975098
740 2.353837251663208
741 2.353198766708374
742 2.4246861934661865
743 2.7954201698303223
744 2.924510955810547
745 2.571305274963379
746 2.457575559616089
747 2.6451339721679688
748 2.230971097946167
749 2.522444248199463
750 2.625453472137451
751 2.535872220993042
752 2.4998667240142822
753 2.4275283813476563
754 2.598769426345825
755 2.2757906913757324
756 2.411311388015747
757 2.583907127380371
758 2.5011544227600098
759 2.4168505668640137
760 2.52553129196167
761 2.8192951679229736
762 2.4855382442474365
763 2.6899592876434326
764 2.566391706466675
765 2.5126612186431885
766 2.616483688354492
767 2.9073660373687744
768 2.695333242416382
769 2.642754077911377
770 2.4519882202148438
771 2.5301880836486816
772 2.8308265209198
773 2.5527963638305664
774 2.598513603210449
775 2.586031675338745
776 2.392489433288574
777 2.7775044441223145
778 2.2690985202789307
779 2.5876870155334473
780 2.5213584899902344
781 2.3469512462615967
782 2.412156343460083
783 2.1297340393066406
784 2.5679214000701904
785 2.5174686908721924
786 2.5625598430633545
787 2.4934890270233154
788 2.3929781913757324
789 2.6985957622528076
790 2.5673036575317383
791 2.374518394470215
792 2.74275279045105
793 2.5122504234313965
794 2.465261697769165
795 2.521605968475342
796 2.378499984741211
797 2.6434977054595947
798 2.487194538116455
799 2.5239014625549316
800 2.7685227394104004
801 2.548265218734741
802 2.4667727947235107
803 2.5092508792877197
804 2.514341115951538
805 2.9148635864257813
806 2.9330615997314453
807 2.7078804969787598
808 2.76259183883667
809 2.591747283935547
810 2.9151997566223145
811 2.4833505153656006
812 2.4983363151550293
813 2.6609318256378174
814 2.9924001693725586
815 2.308593511581421
816 2.1758992671966553
817 2.1780879497528076
818 2.2554070949554443
819 2.233269214630127
820 2.0413877964019775
821 2.439066171646118
822 2.0950698852539063
823 2.498579502105713
824 1.891159176826477
825 2.059999465942383
826 2.045541763305664
827 2.288550615310669
828 2.0584628582000732
829 2.104656219482422
830 2.0855982303619385
831 1.9874763488769531
832 2.0917673110961914
833 2.350163221359253
834 2.3819403648376465
835 2.1340298652648926
836 2.308136224746704
837 1.9261163473129272
838 1.9938372373580933
839 1.9979233741760254
840 1.9128133058547974
841 1.9702659845352173
842 2.076706886291504
843 1.85917067527771
844 2.3447787761688232
845 2.1944661140441895
846 2.240663528442383
847 2.090332269668579
848 2.2206432819366455
849 2.223327875137329
850 2.512176990509033
851 2.5139150619506836
852 2.1954402923583984
853 2.3405556678771973
854 2.4059994220733643
855 2.1338565349578857
856 2.395193576812744
857 1.9550420045852661
858 2.199429988861084
859 2.1712687015533447
860 2.361992120742798
861 2.3763797283172607
862 2.4988186359405518
863 2.573775053024292
864 2.759228229522705
865 2.6245274543762207
866 2.3459243774414063
867 2.4170162677764893
868 2.4361135959625244
869 2.598200559616089
870 2.2934823036193848
871 2.476083517074585
872 2.608213424682617
873 2.5483179092407227
874 2.4981508255004883
875 2.753437042236328
876 2.483588933944702
877 2.527339458465576
878 2.4920811653137207
879 2.337851047515869
880 2.60915207862854
881 2.585623264312744
882 2.4804697036743164
883 2.284034013748169
884 2.0917582511901855
885 2.48996901512146
886 2.4743502140045166
887 2.2457046508789063
888 2.295926809310913
889 2.0951356887817383
890 2.5002939701080322
891 2.538029193878174
892 2.1383612155914307
893 2.2816433906555176
894 2.313934087753296
895 2.4386987686157227
896 2.114170789718628
897 2.39532208442688
898 2.2007253170013428
899 2.2791247367858887
900 2.1720807552337646
901 2.272282600402832
902 2.3473992347717285
903 2.321918249130249
904 2.186336040496826
905 2.4710347652435303
906 2.355515480041504
907 2.5355427265167236
908 2.1155264377593994
909 2.146368980407715
910 2.325002670288086
911 2.243175745010376
912 2.2809319496154785
913 2.22204852104187
914 2.254518508911133
915 2.1213953495025635
916 2.6838204860687256
917 2.1502063274383545
918 2.5399880409240723
919 2.173603057861328
920 2.299065351486206
921 2.4802627563476563
922 2.150712251663208
923 2.556447982788086
924 2.5133416652679443
925 2.6644444465637207
926 2.4045727252960205
927 2.209639072418213
928 2.232203722000122
929 2.5644564628601074
930 2.856950283050537
931 2.373528242111206
932 2.338569402694702
933 2.165435552597046
934 2.3962900638580322
935 2.2841250896453857
936 2.4903059005737305
937 2.394015312194824
938 2.291220188140869
939 2.420222282409668
940 2.620095729827881
941 2.275787115097046
942 2.290357828140259
943 2.3277106285095215
944 2.365719795227051
945 2.5068421363830566
946 2.3961079120635986
947 2.4380767345428467
948 2.2257754802703857
949 2.2849442958831787
950 2.2623515129089355
951 2.766838550567627
952 2.4262869358062744
953 2.618950605392456
954 2.4975697994232178
955 2.4323906898498535
956 2.574986696243286
957 2.431762456893921
958 2.2487761974334717
959 2.5561130046844482
960 2.3311445713043213
961 2.3359761238098145
962 2.735928773880005
963 2.6359360218048096
964 2.57818341255188
965 2.23516583442688
966 2.482264757156372
967 2.664768934249878
968 2.5582950115203857
969 2.5275089740753174
970 2.377790927886963
971 2.3801045417785645
972 2.343010425567627
973 2.556596040725708
974 2.465092658996582
975 2.6986308097839355
976 2.267939329147339
977 2.280496835708618
978 2.3924875259399414
979 2.135516405105591
980 2.2415575981140137
981 1.934678316116333
982 2.2869441509246826
983 2.448843240737915
984 2.250199794769287
985 2.148894786834717
986 1.9574753046035767
987 1.9773060083389282
988 2.2123641967773438
989 2.4019248485565186
990 2.114149332046509
991 2.383378744125366
992 2.079749822616577
993 2.110769510269165
994 2.1830387115478516
995 2.2717440128326416
996 2.4413022994995117
997 2.1157803535461426
998 1.973993182182312
999 1.9217042922973633
1000 1.840443730354309
1001 2.2623636722564697
1002 2.0534508228302
1003 1.961301326751709
1004 2.033163547515869
1005 1.9595081806182861
1006 2.275446891784668
1007 2.4838109016418457
1008 2.178044557571411
1009 2.162820339202881
1010 2.1694302558898926
1011 2.4552695751190186
1012 2.414881944656372
1013 2.186028480529785
1014 2.0948009490966797
1015 2.241929531097412
1016 2.1274282932281494
1017 2.1266283988952637
1018 2.2099032402038574
1019 2.431739091873169
1020 2.2325127124786377
1021 2.244985580444336
1022 2.504653215408325
1023 2.3673455715179443
1024 2.120234966278076
1025 2.0345942974090576
1026 2.0461878776550293
1027 1.892678141593933
1028 2.069309949874878
1029 1.7695112228393555
1030 2.0326454639434814
1031 2.215282440185547
1032 2.2357864379882813
1033 1.898595929145813
1034 1.941972255706787
1035 2.078289031982422
1036 2.0179102420806885
1037 1.8563976287841797
1038 1.9335272312164307
1039 2.0544965267181396
1040 2.054945945739746
1041 2.2524967193603516
1042 1.8904955387115479
1043 2.001009464263916
1044 2.276296854019165
1045 1.8693363666534424
1046 2.3165950775146484
1047 2.093412399291992
1048 2.2546629905700684
1049 2.2021992206573486
1050 2.241502285003662
1051 2.0414600372314453
1052 2.176684617996216
1053 2.1972451210021973
1054 2.349602460861206
1055 2.093935251235962
1056 2.117990732192993
1057 2.296384572982788
1058 2.197997570037842
1059 2.124981641769409
1060 2.144649028778076
1061 2.1177451610565186
1062 2.286128282546997
1063 2.130110263824463
1064 2.4611294269561768
1065 2.372288703918457
1066 2.3843624591827393
1067 2.3010506629943848
1068 2.193979501724243
1069 2.311286687850952
1070 2.5147440433502197
1071 2.2935068607330322
1072 2.27258038520813
1073 2.1108415126800537
1074 2.1820740699768066
1075 2.4244537353515625
1076 2.1163125038146973
1077 2.4280223846435547
1078 2.214735984802246
1079 2.224778413772583
1080 2.2666311264038086
1081 2.0164542198181152
1082 1.915434718132019
1083 2.3650224208831787
1084 2.171459674835205
1085 2.141235589981079
1086 2.214261293411255
1087 2.5762553215026855
1088 2.127483367919922
1089 2.3209400177001953
1090 2.513141632080078
1091 2.266432762145996
1092 2.0634520053863525
1093 2.153179407119751
1094 2.1085188388824463
1095 2.1959898471832275
1096 1.9286948442459106
1097 2.0517427921295166
1098 2.12223744392395
1099 2.0564656257629395
1100 1.9908615350723267
1101 2.1618244647979736
1102 2.041449785232544
1103 1.9720267057418823
1104 1.9563168287277222
1105 2.2261152267456055
1106 2.204707622528076
1107 1.911036729812622
1108 2.2141542434692383
1109 2.3448188304901123
1110 1.9419498443603516
1111 2.4550538063049316
1112 2.180311679840088
1113 2.1690304279327393
1114 2.420947790145874
1115 2.196165084838867
1116 2.3038082122802734
1117 2.030825138092041
1118 1.9570919275283813
1119 2.2438132762908936
1120 2.2929928302764893
1121 1.9173873662948608
1122 2.3286499977111816
1123 2.649420976638794
1124 2.3327715396881104
1125 2.4749033451080322
1126 2.3444297313690186
1127 1.9845181703567505
1128 2.032914400100708
1129 2.012995958328247
1130 1.7820665836334229
1131 2.0592238903045654
1132 2.114914894104004
1133 2.0086357593536377
1134 1.9418333768844604
1135 2.1710338592529297
1136 1.9390623569488525
1137 2.228478193283081
1138 2.117725372314453
1139 2.2976038455963135
1140 2.1920056343078613
1141 1.905927300453186
1142 2.046762704849243
1143 1.815549373626709
1144 2.0351169109344482
1145 2.192949056625366
1146 2.2981276512145996
1147 2.1566274166107178
1148 2.044947862625122
1149 1.939041256904602
1150 2.2636239528656006
1151 2.045610189437866
1152 2.1742043495178223
1153 2.0827362537384033
1154 1.8487437963485718
1155 1.847115397453308
1156 2.4323461055755615
1157 2.0762226581573486
1158 1.7763947248458862
1159 2.0636980533599854
1160 1.9982315301895142
1161 1.739978313446045
1162 1.7300188541412354
1163 1.8968313932418823
1164 1.8526240587234497
1165 2.3682961463928223
1166 2.1588547229766846
1167 2.1212408542633057
1168 1.81419038772583
1169 1.7116451263427734
1170 1.8178530931472778
1171 1.8690118789672852
1172 2.029254674911499
1173 1.8298295736312866
1174 1.741499423980713
1175 1.9486651420593262
1176 1.9626187086105347
1177 1.8361223936080933
1178 1.8622848987579346
1179 1.8650341033935547
1180 2.00313401222229
1181 2.242342948913574
1182 2.155099630355835
1183 1.7449679374694824
1184 1.884893536567688
1185 2.103736400604248
1186 1.9946820735931396
1187 1.997622013092041
1188 2.074254035949707
1189 2.1865248680114746
1190 1.9781159162521362
1191 2.1911871433258057
1192 2.253654718399048
1193 2.210739850997925
1194 2.2063257694244385
1195 2.4847090244293213
1196 2.30914568901062
1197 2.1730587482452393
1198 1.9938538074493408
1199 2.1435744762420654
1200 1.9586503505706787
1201 2.14931321144104
1202 2.0484044551849365
1203 2.241412401199341
1204 2.231498956680298
1205 2.3536593914031982
1206 2.2698240280151367
1207 1.803491234779358
1208 1.9797214269638062
1209 2.2407708168029785
1210 1.9926655292510986
1211 1.7962301969528198
1212 2.039285659790039
1213 2.2368834018707275
1214 2.1682653427124023
1215 2.198030471801758
1216 1.9829570055007935
1217 2.087862014770508
1218 2.1344072818756104
1219 2.211953639984131
1220 1.963965654373169
1221 2.0517799854278564
1222 1.8424623012542725
1223 1.9584625959396362
1224 1.9865552186965942
1225 2.2907869815826416
1226 1.9036312103271484
1227 1.8734911680221558
1228 1.977923035621643
1229 2.1633074283599854
1230 2.2945401668548584
1231 2.028101921081543
1232 2.3365142345428467
1233 2.265645742416382
1234 2.0966455936431885
1235 2.3553380966186523
1236 2.331049680709839
1237 2.011202335357666
1238 1.9572561979293823
1239 2.1848104000091553
1240 1.9542958736419678
1241 2.362628936767578
1242 1.9005156755447388
1243 1.9641228914260864
1244 2.25118350982666
1245 2.0134005546569824
1246 2.092261552810669
1247 1.9119051694869995
1248 2.2306435108184814
1249 2.198591470718384
1250 1.841179609298706
1251 1.7064123153686523
1252 1.8131648302078247
1253 1.9103460311889648
1254 1.5967226028442383
1255 2.1354658603668213
1256 2.179473876953125
1257 2.478480100631714
1258 1.7978535890579224
1259 2.0091593265533447
1260 1.970038652420044
1261 1.934414267539978
1262 1.8524388074874878
1263 1.9398698806762695
1264 2.0682554244995117
1265 2.2253451347351074
1266 2.067901849746704
1267 2.154515266418457
1268 1.988465666770935
1269 1.8620980978012085
1270 2.2212882041931152
1271 2.0179452896118164
1272 2.1102991104125977
1273 1.9647351503372192
1274 2.173992156982422
1275 2.4425313472747803
1276 2.0533699989318848
1277 2.2909884452819824
1278 2.0427463054656982
1279 2.162182331085205
1280 2.4225902557373047
1281 2.2707784175872803
1282 2.2680442333221436
1283 2.324803113937378
1284 2.0524699687957764
1285 2.3026864528656006
1286 2.190925359725952
1287 2.176690101623535
1288 1.919852614402771
1289 2.444493055343628
1290 2.3959672451019287
1291 2.2801098823547363
1292 2.354388952255249
1293 2.065004587173462
1294 1.996115803718567
1295 1.7489111423492432
1296 1.9732749462127686
1297 1.7220304012298584
1298 1.9065241813659668
1299 1.9445832967758179
1300 2.116809129714966
1301 2.1018826961517334
1302 2.029487371444702
1303 1.9324661493301392
1304 1.9107298851013184
1305 2.300241231918335
1306 2.0570433139801025
1307 2.2272913455963135
1308 2.247877597808838
1309 2.3540244102478027
1310 2.367985248565674
1311 2.3292927742004395
1312 2.560333728790283
1313 2.0585989952087402
1314 2.182342052459717
1315 2.208807945251465
1316 2.1562955379486084
1317 1.9936631917953491
1318 1.6852226257324219
1319 1.748252511024475
1320 1.5305219888687134
1321 1.459882378578186
1322 1.506580114364624
1323 1.6555687189102173
1324 1.631025791168213
1325 1.6758131980895996
1326 1.7197802066802979
1327 1.5870167016983032
1328 1.6317294836044312
1329 1.528444766998291
1330 1.6839723587036133
1331 1.7168859243392944
1332 1.9457578659057617
1333 1.9616687297821045
1334 1.734058141708374
1335 1.7993276119232178
1336 1.6417006254196167
1337 1.848922848701477
1338 1.5708346366882324
1339 1.5161887407302856
1340 1.7315316200256348
1341 1.6425923109054565
1342 1.8465744256973267
1343 1.6600761413574219
1344 1.5760244131088257
1345 1.9785915613174438
1346 2.6200289726257324
1347 2.278557777404785
1348 2.2082369327545166
1349 2.383986473083496
1350 2.427128553390503
1351 2.2087817192077637
1352 2.243391513824463
1353 2.2504754066467285
1354 2.187486171722412
1355 1.8600411415100098
1356 2.0081284046173096
1357 1.7743911743164063
1358 1.7636247873306274
1359 1.760285496711731
1360 1.8942835330963135
1361 1.943672776222229
1362 1.5616475343704224
1363 1.6683766841888428
1364 1.5720010995864868
1365 1.8068296909332275
1366 1.6389031410217285
1367 1.6111279726028442
1368 1.8275974988937378
1369 1.8075934648513794
1370 1.9276938438415527
1371 2.1297576427459717
1372 2.0237884521484375
1373 2.4158172607421875
1374 1.7101037502288818
1375 1.844163417816162
1376 1.4875662326812744
1377 1.9310956001281738
1378 2.1756677627563477
1379 1.5253933668136597
1380 1.5995419025421143
1381 1.83888578414917
1382 1.7488930225372314
1383 1.7979326248168945
1384 1.7305047512054443
1385 1.8638184070587158
1386 1.7860867977142334
1387 1.7452541589736938
1388 1.4924014806747437
1389 1.6077337265014648
1390 1.988451600074768
1391 1.9706199169158936
1392 2.1532862186431885
1393 2.0498478412628174
1394 2.1375393867492676
1395 2.786973237991333
1396 2.23848295211792
1397 2.254167079925537
1398 2.1466941833496094
1399 2.4578824043273926
1400 2.3570828437805176
1401 2.142781972885132
1402 2.192673444747925
1403 2.162599563598633
1404 2.106003761291504
1405 2.1781821250915527
1406 2.1058881282806396
1407 2.2529799938201904
1408 2.050581216812134
1409 1.7775427103042603
1410 1.9810869693756104
1411 1.8538694381713867
1412 2.086155891418457
1413 1.976955533027649
1414 2.3048551082611084
1415 1.8716830015182495
1416 1.858972191810608
1417 2.0479986667633057
1418 1.7915360927581787
1419 2.089303731918335
1420 1.9447393417358398
1421 2.009277105331421
1422 2.118295192718506
1423 1.8806345462799072
1424 2.0259273052215576
1425 1.9386190176010132
1426 1.7909481525421143
1427 1.9496465921401978
1428 1.7588316202163696
1429 1.6665900945663452
1430 1.5988813638687134
1431 1.594984769821167
1432 2.123875856399536
1433 1.7160313129425049
1434 1.9626147747039795
1435 1.8632835149765015
1436 1.420029878616333
1437 1.592576265335083
1438 1.6589463949203491
1439 1.7026013135910034
1440 1.5418287515640259
1441 1.5596532821655273
1442 1.8771618604660034
1443 1.8567930459976196
1444 1.8233346939086914
1445 1.657982349395752
1446 1.74477219581604
1447 1.5970702171325684
1448 1.6787110567092896
1449 1.6711395978927612
1450 1.6450388431549072
1451 1.7911583185195923
1452 1.8656772375106812
1453 1.7056889533996582
1454 1.855613350868225
1455 1.9645987749099731
1456 2.0120761394500732
1457 1.6645839214324951
1458 1.64652681350708
1459 1.745413064956665
1460 1.6434471607208252
1461 1.7536410093307495
1462 1.7003921270370483
1463 2.1677563190460205
1464 1.8784500360488892
1465 2.40790057182312
1466 2.0790438652038574
1467 2.096196174621582
1468 2.492802619934082
1469 2.1093642711639404
1470 1.8851479291915894
1471 2.0770301818847656
1472 1.9839898347854614
1473 1.9115303754806519
1474 1.978283405303955
1475 1.8481245040893555
1476 1.9041831493377686
1477 1.928207278251648
1478 1.901294469833374
1479 1.673766851425171
1480 1.8461767435073853
1481 1.7887656688690186
1482 1.9232810735702515
1483 2.1866514682769775
1484 1.860743761062622
1485 2.383352518081665
1486 1.8578410148620605
1487 1.9410330057144165
1488 2.274956226348877
1489 1.9896893501281738
1490 2.1602401733398438
1491 2.0010526180267334
1492 2.2060787677764893
1493 2.2689380645751953
1494 2.0954294204711914
1495 1.8348262310028076
1496 1.915644884109497
1497 1.9680787324905396
1498 1.8560924530029297
1499 1.6625616550445557
1500 1.8509386777877808
1501 1.772067666053772
1502 1.7597801685333252
1503 1.7938119173049927
1504 1.5592498779296875
1505 1.8968394994735718
1506 1.8249526023864746
1507 1.8767873048782349
1508 1.8583173751831055
1509 1.848991870880127
1510 1.7059133052825928
1511 1.827422857284546
1512 1.6739965677261353
1513 1.439302921295166
1514 1.6024839878082275
1515 1.7709158658981323
1516 1.625437617301941
1517 1.6881439685821533
1518 1.707247257232666
1519 1.714005470275879
1520 1.8109195232391357
1521 1.5268256664276123
1522 1.9434397220611572
1523 2.5745389461517334
1524 2.5034029483795166
1525 2.943844795227051
1526 3.5333750247955322
1527 3.6709911823272705
1528 2.370349645614624
1529 3.1834371089935303
1530 2.6611502170562744
1531 2.381321430206299
1532 3.465409994125366
1533 2.9850120544433594
1534 2.743478775024414
1535 2.815601110458374
1536 3.5283925533294678
1537 3.20286226272583
1538 3.316213369369507
1539 3.6932642459869385
1540 3.6229350566864014
1541 3.0922040939331055
1542 2.733201503753662
1543 3.1457459926605225
1544 3.1093950271606445
1545 3.8965253829956055
1546 3.364236354827881
1547 3.588618516921997
1548 3.194394826889038
1549 2.84519624710083
1550 2.6093499660491943
1551 2.9041202068328857
1552 2.594710111618042
1553 2.7788889408111572
1554 2.754951238632202
1555 2.782369613647461
1556 2.8850131034851074
1557 2.950638771057129
1558 2.90691876411438
1559 2.902315616607666
1560 3.40630841255188
1561 2.776521682739258
1562 2.875596046447754
1563 3.7038092613220215
1564 3.155148506164551
1565 2.7814106941223145
1566 2.9586377143859863
1567 3.327277660369873
1568 2.8954217433929443
1569 3.1205527782440186
1570 3.5631911754608154
1571 2.9960503578186035
1572 3.069774866104126
1573 2.7971301078796387
1574 2.920651912689209
1575 2.191411018371582
1576 3.3423054218292236
1577 3.0176591873168945
1578 3.0063228607177734
1579 2.873514413833618
1580 2.5878560543060303
1581 2.4638452529907227
1582 2.8401732444763184
1583 3.546971321105957
1584 2.701348066329956
1585 2.7039248943328857
1586 2.7730560302734375
1587 2.9604976177215576
1588 2.995758295059204
1589 2.879629611968994
1590 2.6154134273529053
1591 2.7555453777313232
1592 2.6934776306152344
1593 2.459984540939331
1594 2.347064971923828
1595 2.4553351402282715
1596 2.7729804515838623
1597 2.4723029136657715
1598 2.3144054412841797
1599 2.613814115524292
1600 2.548703670501709
1601 2.1567318439483643
1602 2.7617690563201904
1603 2.557006359100342
1604 2.3322277069091797
1605 2.701443672180176
1606 2.6853718757629395
1607 2.7272157669067383
1608 2.867971420288086
1609 2.5777995586395264
1610 2.817941904067993
1611 2.948469877243042
1612 2.7463009357452393
1613 2.8060734272003174
1614 3.0148279666900635
1615 2.443809747695923
1616 2.5708367824554443
1617 2.2850377559661865
1618 2.7215521335601807
1619 3.2325315475463867
1620 2.92851185798645
1621 2.689988851547241
1622 2.4057631492614746
1623 2.2654435634613037
1624 3.1359829902648926
1625 2.5678892135620117
1626 2.4147896766662598
1627 2.6156301498413086
1628 2.5812153816223145
1629 3.0361502170562744
1630 3.9935390949249268
1631 3.894118070602417
1632 3.2068986892700195
1633 2.8353888988494873
1634 2.8550875186920166
1635 2.690048933029175
1636 2.937330961227417
1637 3.133998394012451
1638 3.0167958736419678
1639 2.791203260421753
1640 2.806602716445923
1641 2.8985695838928223
1642 3.060168981552124
1643 3.48087477684021
1644 2.5990512371063232
1645 3.4505200386047363
1646 2.759096384048462
1647 2.5413029193878174
1648 2.8004703521728516
1649 3.3596444129943848
1650 3.419588088989258
1651 3.504244089126587
1652 3.2909419536590576
1653 2.8947134017944336
1654 2.942025661468506
1655 3.3986306190490723
1656 3.704587459564209
1657 3.257591962814331
1658 3.304602861404419
1659 3.7439091205596924
1660 3.5596203804016113
1661 3.2107863426208496
1662 3.4606339931488037
1663 3.0127391815185547
1664 2.9287219047546387
1665 2.7005066871643066
1666 2.6658573150634766
1667 2.741056203842163
1668 2.616377592086792
1669 3.015430212020874
1670 2.4736337661743164
1671 2.9349873065948486
1672 2.4902279376983643
1673 2.2790634632110596
1674 2.2607035636901855
1675 2.8960084915161133
1676 2.5585546493530273
1677 3.1597001552581787
1678 2.5394821166992188
1679 2.838707685470581
1680 2.9729437828063965
1681 3.4633376598358154
1682 3.2231285572052
1683 2.650740623474121
1684 2.687333822250366
1685 3.5247607231140137
1686 3.3969571590423584
1687 3.178534746170044
1688 3.2448842525482178
1689 4.190893650054932
1690 3.251771926879883
1691 3.129905939102173
1692 3.389557361602783
1693 4.0002946853637695
1694 3.58072566986084
1695 3.5274546146392822
1696 4.050149917602539
1697 3.5409674644470215
1698 3.5368826389312744
1699 3.9737801551818848
1700 3.466519594192505
1701 3.5556159019470215
1702 3.6851823329925537
1703 3.5257680416107178
1704 3.314370632171631
1705 3.8084254264831543
1706 3.304421901702881
1707 3.1860456466674805
1708 3.1904585361480713
1709 3.3297934532165527
1710 3.9537501335144043
1711 3.6919493675231934
1712 3.6032462120056152
1713 3.426954507827759
1714 3.878462314605713
1715 3.4522292613983154
1716 4.002287864685059
1717 3.819326162338257
1718 4.232633590698242
1719 4.322128772735596
1720 3.604886293411255
1721 3.265101909637451
1722 3.7691688537597656
1723 3.345637798309326
1724 3.686955213546753
1725 3.5532968044281006
1726 3.2460711002349854
1727 2.9572417736053467
1728 2.6601524353027344
1729 3.1859147548675537
1730 2.9677674770355225
1731 3.2070109844207764
1732 3.2853665351867676
1733 2.752675771713257
1734 2.7208034992218018
1735 2.452393054962158
1736 2.692601203918457
1737 2.577705144882202
1738 2.8148133754730225
1739 2.500420570373535
1740 2.4194276332855225
1741 2.67714262008667
1742 3.0980076789855957
1743 3.07666015625
1744 2.540064811706543
1745 2.934957981109619
1746 2.7065441608428955
1747 3.0811095237731934
1748 3.1876606941223145
1749 2.934877634048462
1750 3.4923007488250732
1751 3.2792489528656006
1752 3.758633852005005
1753 3.6447269916534424
1754 3.3787405490875244
1755 3.440582036972046
1756 3.38370418548584
1757 3.375913619995117
1758 3.5638155937194824
1759 2.843909978866577
1760 2.7006516456604004
1761 2.7694780826568604
1762 3.1350178718566895
1763 3.377249002456665
1764 3.189410448074341
1765 2.9343700408935547
1766 3.104135036468506
1767 3.4788224697113037
1768 3.6931631565093994
1769 3.923099994659424
1770 3.7181756496429443
1771 4.2617645263671875
1772 3.4985649585723877
1773 3.3657126426696777
1774 3.5640554428100586
1775 3.2601051330566406
1776 3.4254205226898193
1777 2.627286672592163
1778 2.774615526199341
1779 2.7192230224609375
1780 2.381748914718628
1781 2.5381577014923096
1782 2.635474443435669
1783 2.9722907543182373
1784 2.8063206672668457
1785 2.654364585876465
1786 3.117609977722168
1787 3.0703370571136475
1788 3.565242290496826
1789 3.5977911949157715
1790 2.5316593647003174
1791 2.889533042907715
1792 2.283489465713501
1793 2.4006879329681396
1794 2.8516759872436523
1795 2.2824182510375977
1796 2.762115716934204
1797 2.943387031555176
1798 2.8434338569641113
1799 2.5396313667297363
1800 2.770326614379883
1801 2.8879761695861816
1802 3.127619743347168
1803 3.275181531906128
1804 2.9040181636810303
1805 2.511141538619995
1806 2.7067182064056396
1807 2.9065916538238525
1808 3.0359818935394287
1809 3.001260757446289
1810 2.937899112701416
1811 2.7311971187591553
1812 2.797743082046509
1813 3.1285178661346436
1814 4.078246593475342
1815 3.8920743465423584
1816 3.5752508640289307
1817 3.4720304012298584
1818 3.626134157180786
1819 3.5196194648742676
1820 3.5933713912963867
1821 2.8287179470062256
1822 4.114161968231201
1823 3.585749864578247
1824 4.2147135734558105
1825 4.072598934173584
1826 3.8334896564483643
1827 4.258867263793945
1828 4.107653617858887
1829 3.818704843521118
1830 3.967427968978882
1831 3.759963274002075
1832 3.9585933685302734
1833 4.022902488708496
1834 3.5997471809387207
1835 3.807573080062866
1836 3.9245011806488037
1837 3.5243897438049316
1838 3.238173484802246
1839 3.491281747817993
1840 3.2325069904327393
1841 3.24204158782959
1842 3.0780553817749023
1843 2.73966121673584
1844 2.4837567806243896
1845 2.8246402740478516
1846 2.551539182662964
1847 2.7771854400634766
1848 2.5517733097076416
1849 2.71049165725708
1850 2.9603216648101807
1851 2.5107369422912598
1852 2.6422321796417236
1853 2.774427890777588
1854 2.3769419193267822
1855 3.20336651802063
1856 3.321262836456299
1857 3.8809456825256348
1858 3.719836711883545
1859 3.7777328491210938
1860 3.6632282733917236
1861 3.0666496753692627
1862 3.0240800380706787
1863 2.399914503097534
1864 2.5810065269470215
1865 2.5800538063049316
1866 2.5882949829101563
1867 2.5633254051208496
1868 2.868175506591797
1869 3.2441391944885254
1870 2.7328944206237793
1871 2.417295217514038
1872 2.574259042739868
1873 2.3809807300567627
1874 2.8868539333343506
1875 3.039606809616089
1876 2.8530263900756836
1877 3.0393877029418945
1878 2.866802453994751
1879 2.0653183460235596
1880 2.425633430480957
1881 2.262390613555908
1882 2.0054850578308105
1883 2.439542531967163
1884 3.237398147583008
1885 2.894665241241455
1886 2.854365825653076
1887 2.9165523052215576
1888 3.23775577545166
1889 3.0915119647979736
1890 3.1719048023223877
1891 3.106755495071411
1892 3.2140190601348877
1893 2.69342303276062
1894 2.97794246673584
1895 3.096289873123169
1896 2.6819169521331787
1897 2.6651976108551025
1898 3.136690378189087
1899 3.2052040100097656
1900 3.244879961013794
1901 3.0868029594421387
1902 2.8796989917755127
1903 2.1584064960479736
1904 2.8792829513549805
1905 2.808345079421997
1906 2.3484435081481934
1907 2.4612090587615967
1908 2.895596742630005
1909 2.6344172954559326
1910 2.7604501247406006
1911 2.785299062728882
1912 2.8275511264801025
1913 3.592853307723999
1914 3.3917627334594727
1915 3.1688292026519775
1916 2.9225804805755615
1917 3.217264175415039
1918 3.005470037460327
1919 2.395238161087036
1920 2.5691981315612793
1921 2.803558588027954
1922 2.9156265258789063
1923 2.801215887069702
1924 2.4450459480285645
1925 2.9418394565582275
1926 2.964003086090088
1927 2.272935152053833
1928 1.9887369871139526
1929 2.5035367012023926
1930 2.503761053085327
1931 2.5057766437530518
1932 2.7862839698791504
1933 2.381613254547119
1934 2.701744318008423
1935 2.923945665359497
1936 2.9283509254455566
1937 2.9756476879119873
1938 2.8259310722351074
1939 2.939117908477783
1940 2.974198579788208
1941 2.9643471240997314
1942 3.129511594772339
1943 3.6759088039398193
1944 3.609586477279663
1945 2.927828550338745
1946 2.991772413253784
1947 3.0172247886657715
1948 3.1469221115112305
1949 3.6019368171691895
1950 3.3023037910461426
1951 4.043027400970459
1952 3.1753203868865967
1953 3.969743490219116
1954 3.655961751937866
1955 3.6441802978515625
1956 3.6341216564178467
1957 3.796705484390259
1958 3.8045763969421387
1959 3.290828227996826
1960 3.6924893856048584
1961 3.3380467891693115
1962 3.3009984493255615
1963 2.9798834323883057
1964 2.3565802574157715
1965 2.667041778564453
1966 2.536201238632202
1967 2.6963768005371094
1968 3.747037887573242
1969 3.5391743183135986
1970 2.8453593254089355
1971 3.5118567943573
1972 3.7748377323150635
1973 3.8064332008361816
1974 3.551278591156006
1975 2.9736976623535156
1976 3.4154975414276123
1977 3.6323461532592773
1978 3.351046323776245
1979 3.825683116912842
1980 3.9105722904205322
1981 3.2460756301879883
1982 3.1158292293548584
1983 3.3363964557647705
1984 2.9425723552703857
1985 2.999272346496582
1986 3.6311936378479004
1987 3.1687371730804443
1988 2.7518436908721924
1989 3.212329387664795
1990 2.600339889526367
1991 2.672437906265259
1992 2.8215982913970947
1993 2.6179144382476807
1994 2.574702024459839
1995 2.9635143280029297
1996 2.8450217247009277
1997 3.1943533420562744
1998 2.897937059402466
1999 3.15240478515625
