0 16.706074155343092
1 16.59948737602642
2 17.63045206010143
3 16.426620978291194
4 15.779296956833738
5 15.901260689892487
6 15.276070995687416
7 16.552174529759384
8 15.527332228740677
9 16.92035175015646
10 15.193461291184837
11 16.6281460033518
12 16.275639144100875
13 16.921867399770992
14 17.009905399657892
15 17.0913408370398
16 18.34993548542337
17 16.62885685294171
18 17.6839465966927
19 17.378066952435976
20 17.458827704585392
21 16.536819996848077
22 17.43669154705214
23 15.817713788685875
24 16.514155068548366
25 17.180312946185047
26 16.750516343093782
27 16.79713780779496
28 17.76549958290749
29 16.81340134171071
30 17.543737178608307
31 17.358991390105416
32 17.700509070727964
33 16.79330918362492
34 16.509802043914
35 16.403072189349256
36 17.55040061304256
37 18.10452719366746
38 18.077160950313846
39 18.076612522935875
40 18.149368785099725
41 18.30204578716468
42 17.40168095567057
43 17.900970851477954
44 18.06371117011979
45 17.537181730744994
46 17.50151274343649
47 15.861502324886894
48 16.191350859829857
49 15.894492182002166
50 16.51049664603654
51 16.111985687757844
52 16.65485327493621
53 15.922993970995902
54 16.118754209079626
55 17.23217369769717
56 17.279531361883095
57 16.935698690479693
58 17.550744064467978
59 17.72585400294749
60 17.20843533132354
61 17.64339062025642
62 17.835612974732147
63 17.557565830869407
64 17.747732332953333
65 17.739305425022284
66 17.896968577239832
67 17.952199278208585
68 19.47566768916374
69 18.58276083629168
70 19.51884509095302
71 18.649257361570022
72 18.51536224960358
73 18.646863878522684
74 18.572496491325566
75 19.379667710870905
76 18.153423014616333
77 17.78839182368061
78 18.3041867544707
79 18.237195085839346
80 18.880730955653423
81 18.657363035250498
82 18.458774738492597
83 17.56190724522191
84 17.41321193435617
85 17.817747308757994
86 18.452955871781008
87 17.620011551647146
88 18.337736460343834
89 19.36942048433012
90 18.682855774574538
91 18.051710396986593
92 18.636523805976022
93 18.21911525190841
94 18.253573792608982
95 18.111124742967515
96 17.79281447695154
97 18.245438305937952
98 18.739781102708857
99 19.224098265634694
100 18.318822983523354
101 18.18179989831999
102 17.93321837916133
103 17.640482387212224
104 17.093817239359964
105 16.633640134567635
106 16.62676003729191
107 17.213008400895937
108 16.601308387336424
109 16.95554717054822
110 16.320142530203384
111 16.444752926736722
112 16.89332165333868
113 16.329744809333278
114 15.493884228042639
115 15.417909550480625
116 14.783605168668945
117 15.46079632443328
118 14.264083521092894
119 15.692169854883195
120 15.283532061903044
121 16.477043807849196
122 15.583284025257301
123 16.430113103939384
124 16.306013552366764
125 16.226358290945445
126 17.21719139812446
127 16.45811150008949
128 16.7615520525212
129 15.388304981342628
130 16.26303185993913
131 15.558115843586087
132 15.503094202178646
133 15.916640990510126
134 15.975562145064002
135 17.133560581730478
136 15.861313638869344
137 15.380157276459515
138 15.136434488087476
139 14.833347385945773
140 15.33834517176019
141 14.897314281806276
142 15.510545397616585
143 16.13568585527799
144 16.317087427978528
145 16.01564244573611
146 16.130475866499236
147 15.676211935588741
148 15.725433606943737
149 14.892362551637168
150 15.178245640668724
151 15.195628032731292
152 14.825855386466577
153 13.904368274748736
154 15.597631651762173
155 16.00981983103927
156 13.892674306146153
157 13.027661417013261
158 12.218137547301705
159 13.26261397442257
160 13.588413152314905
161 12.841260578880725
162 12.768868008186873
163 13.30051262753926
164 13.72793703204384
165 14.333422011702115
166 15.50861149854339
167 14.662992109662978
168 14.562628743167638
169 13.700754074508525
170 13.891685392682142
171 13.01119228339428
172 12.597227896589796
173 12.052060013793628
174 12.644156874726436
175 12.02401806053966
176 11.584780227162225
177 11.408044805161161
178 11.279057684116836
179 9.931114192537082
180 10.356789555856844
181 9.981499803182837
182 10.065011152499688
183 11.128211779551886
184 10.952425788796134
185 10.295022239372985
186 10.746508010065115
187 10.89054725161225
188 10.732990176057044
189 10.599431423211632
190 12.748772114667705
191 12.976607766862715
192 12.290123640699965
193 11.39702480622686
194 11.825786270360894
195 10.899697647558506
196 11.646465003617802
197 12.268777304111047
198 11.797841674433009
199 12.32921569618127
200 12.706282669580158
201 12.548623319506463
202 12.801915051994172
203 12.598315209439448
204 13.2008144901661
205 12.07240045011465
206 11.733323546458065
207 12.30425160490032
208 11.753292101047142
209 11.99778448701014
210 12.337808912003384
211 11.322369741955649
212 10.553763419891904
213 10.840680465473962
214 10.801978038437692
215 11.611140040270916
216 12.18360537977866
217 10.854478885588355
218 12.157215243646725
219 12.178839981677797
220 11.620320898119687
221 11.836620562887937
222 11.673476984002011
223 12.95627845211153
224 10.747360661619696
225 10.411203725727091
226 10.769478103554166
227 10.29706645306854
228 11.155116428415168
229 11.01633238244547
230 11.284052903856049
231 12.08280639412809
232 12.721731998084834
233 11.704406916271827
234 11.855484000950236
235 12.060501017505748
236 11.856069079758878
237 11.043936409484052
238 11.627603087611156
239 12.475151275271536
240 12.590631323760329
241 12.356567010275938
242 12.231704421170688
243 12.688209960669683
244 12.302869489218413
245 12.422769449403605
246 12.363735700377504
247 13.058719887040908
248 12.629544350508805
249 13.591537748780588
250 13.692756537850226
251 13.065568164086525
252 13.236613303330875
253 12.592075066388878
254 13.054189340596597
255 11.55156249584074
256 10.37763246087593
257 11.51194109099546
258 11.884261105254591
259 13.07117657070968
260 12.442470479450181
261 12.928658060184562
262 11.786248105604564
263 11.296838350332058
264 11.211083325109321
265 11.339465946945085
266 11.270410454106496
267 11.939115214408806
268 11.731953592770347
269 10.033451979720514
270 9.671699136886904
271 9.930518792328861
272 9.609702836976638
273 9.823943304445187
274 10.047163849770678
275 8.999292598018469
276 8.452007014416187
277 8.737244101451411
278 10.13287696110746
279 9.538421895389643
280 11.01449660332454
281 9.679298856363037
282 10.07816045221908
283 9.784961769278828
284 9.867343577366906
285 9.682339723779583
286 10.601255898812592
287 9.661251898803782
288 9.675303120445022
289 8.955074463523149
290 9.32865345068914
291 9.473173035253547
292 9.476242194690203
293 10.49135660803193
294 10.306113216277177
295 10.662986063642315
296 10.138426097991125
297 9.682456538788319
298 10.337438276919722
299 10.28579948650496
300 10.579958605757618
301 10.040894525548152
302 9.93081417019753
303 10.291048021167391
304 10.259430692357808
305 9.719817652340376
306 9.59523014243952
307 8.094946758516686
308 9.333384769664208
309 8.501853922850861
310 7.9749098697025875
311 8.93746966113607
312 9.051004025144604
313 8.90929825571432
314 8.684304055454682
315 8.661479690988411
316 8.624768638785367
317 8.272608456022756
318 8.796087331450595
319 8.0555034927761
320 8.280055704862392
321 7.323753379545125
322 7.544831364268667
323 7.777634931708832
324 8.195066047758825
325 7.544088437431212
326 7.405239016897291
327 8.108818048059435
328 8.028394507575904
329 8.192697063073902
330 7.626091928327093
331 8.078496593688913
332 8.186804620120505
333 6.807082891864926
334 5.99460758892762
335 6.547912538745889
336 5.794824757576036
337 5.560875151156583
338 6.586196971314091
339 5.017167897769584
340 5.5760432773736595
341 5.712679531381493
342 6.268261844435367
343 6.006150907027514
344 6.093638925629248
345 6.250445613472091
346 5.410590757294638
347 5.586330513686501
348 5.5959116391114145
349 5.621340652440207
350 5.801494875248427
351 5.703710287154372
352 5.435472677411915
353 5.2626710002896555
354 5.720266896784151
355 5.763707294116341
356 5.75282120478498
357 5.880616505458409
358 5.85220159801513
359 5.774562528548667
360 4.864991951093191
361 4.961605009689702
362 4.919915477821328
363 5.144820801360796
364 5.267269711852987
365 5.265031834701185
366 5.594324932255922
367 5.654436031248347
368 5.5278574492627115
369 5.304713025921706
370 5.889265117731464
371 5.724340720423098
372 5.941060371051066
373 5.579029784177669
374 5.352908467555604
375 5.430617011202523
376 5.637374754597128
377 6.05258569684306
378 5.477222715939221
379 5.753204374719085
380 6.060301849240398
381 6.0066076415923915
382 5.7323566333974325
383 6.150320197733624
384 5.780334722241187
385 5.984475978345888
386 6.100881000080898
387 5.620922495924627
388 5.527144505153171
389 5.717007037777237
390 6.421007878239426
391 6.06817995805001
392 6.173414470748407
393 5.83647417320539
394 5.8604175034119885
395 6.022150324102316
396 5.668225104150264
397 6.185267645509581
398 6.111388677790614
399 5.613076539004991
400 5.786098874010885
401 5.972670761250936
402 6.072041014346208
403 5.789565442576104
404 6.2754897999417825
405 6.402262651845524
406 7.527148317206301
407 7.41837936256038
408 7.029654077214517
409 6.936856143233801
410 5.861902944215562
411 5.783564216978548
412 6.0037703106034535
413 5.873300981445651
414 5.981073738440219
415 5.916061918881771
416 5.852201479099484
417 5.8207509178072065
418 5.472301649309465
419 5.968290961391886
420 5.73316978366298
421 5.944872639279147
422 6.148709472449657
423 5.999682413785893
424 6.001833253376988
425 5.849511495125955
426 5.84441839083079
427 6.269961664764205
428 5.6878928889215326
429 6.376227239207795
430 7.244359791969873
431 7.779933235205106
432 6.60113057740038
433 6.572371744489795
434 7.634250043224453
435 7.2500472884583
436 6.226089037547604
437 6.259685712607613
438 6.25035437922006
439 7.187529131329664
440 6.070437863460862
441 5.9954241452345505
442 6.698798261707987
443 6.42767868954351
444 6.09703932119677
445 6.107814771052327
446 5.900723281030378
447 5.5319179343379705
448 5.6515442156743605
449 6.033864610202526
450 6.196778992067664
451 6.124791613207325
452 6.402533013050502
453 5.350955728210779
454 5.665649730882647
455 5.445686784348483
456 5.684011942483934
457 6.265256820411466
458 5.515135394508296
459 6.175782155408815
460 5.660658510171215
461 5.705759007789099
462 5.631559643478538
463 5.120934285621255
464 5.399405674429612
465 5.914994797394784
466 5.791572379352545
467 6.246251302937387
468 5.388368565383451
469 5.656997129953212
470 5.9342808368518005
471 6.061067530672459
472 5.5859936632947065
473 3.8781386489926892
474 4.059406714011092
475 4.652031990361885
476 3.9796834656301434
477 3.926001045931075
478 3.697661217387728
479 3.8144010310564647
480 3.800198891113906
481 3.8436664288074147
482 3.6170934293209127
483 3.56760973562318
484 3.7230751067757692
485 3.604982976843994
486 3.9454648883419594
487 3.9398942392506062
488 4.022613301691822
489 3.853772754893586
490 3.580955301734605
491 3.857942363403964
492 3.8115391824915457
493 3.6520805493527395
494 3.7152257530975303
495 3.746357964826507
496 3.8605995603740073
497 3.700809160169617
498 3.9037108121774495
499 3.9517923642118378
500 3.9721289662874013
501 4.041857860061651
502 3.736329937188625
503 3.8505631618126634
504 3.7510596541445653
505 3.925109820290117
506 3.8498255234424983
507 4.043333736484369
508 3.858415434913718
509 3.851281554302161
510 4.133508581248601
511 3.862303615714707
512 3.8361708088322457
513 4.122295254631664
514 3.857611001345773
515 3.970975395598863
516 3.7991602038819603
517 3.944138675655688
518 3.9767177178924182
519 3.899589606819039
520 3.9188476013921654
521 3.991038031322747
522 3.832116673900964
523 4.003346692376578
524 4.0313009411786
525 3.77090941786394
526 4.007164551496185
527 3.950707256554164
528 3.9511310803965216
529 3.4407953437977077
530 3.910157093216619
531 3.7339289435068754
532 3.7543720586571716
533 3.7295677752357905
534 3.318738559298296
535 3.993191078781218
536 3.5039632170276396
537 3.6443824163169283
538 3.695382068004961
539 3.634883211194585
540 3.510091295547444
541 3.725857496849825
542 3.554038130036291
543 3.5253713087912817
544 3.4940825398767714
545 4.0293706920922325
546 3.800812266865699
547 3.5923369304240276
548 3.7796116583591033
549 3.6887971093205674
550 3.5533196454586733
551 3.6342745156449516
552 3.79565992976578
553 3.7577189239256374
554 3.5878257862621306
555 3.776400597580626
556 3.478165251991588
557 3.6203826578193694
558 3.904177206532512
559 3.8144026836051963
560 3.5567762863245185
561 4.09216541063578
562 3.989257942803568
563 3.8822033840015533
564 3.9037509085815283
565 3.607183216216854
566 3.72928356739347
567 3.597007885387276
568 3.9179626539356276
569 3.6455938433511648
570 3.6672171755634797
571 3.773528455547194
572 4.058065814572707
573 3.857111425527409
574 3.8082857081986194
575 3.9540024066006283
576 3.879476041748705
577 3.921539042663273
578 3.8576985402825636
579 4.01437641721099
580 3.8118024199662623
581 3.895202919067809
582 3.639291491884423
583 3.8048287953350557
584 3.7772199726341222
585 3.3547981214335616
586 3.3297908142900545
587 3.1811495760248203
588 3.6075012761063476
589 3.7483197931986476
590 3.391091323113707
591 3.6751962616454357
592 3.818465477261702
593 3.6681155233529843
594 3.7399659314926152
595 3.5763329095367795
596 3.4145490524525672
597 3.5982558392343273
598 3.7366383277988184
599 3.7941698603027354
600 3.584547053455018
601 3.7767130015626695
602 3.8525615465268936
603 3.5037800316499714
604 3.90258217979216
605 3.8687469919789503
606 3.632876607268512
607 3.942061784013679
608 3.9374982672869616
609 3.7938280149596872
610 3.7880292611695783
611 3.8947101573089045
612 3.7305434339446735
613 3.755654261009418
614 3.799501978264853
615 3.7648154915055425
616 3.60800072275974
617 3.7475320267910015
618 3.579653390580741
619 3.836210328808478
620 3.8565132524153594
621 3.783603239163022
622 3.372672587067218
623 3.831141400319764
624 3.6555939133917654
625 3.687065576766347
626 3.8106280634442435
627 3.630634583763351
628 3.607667502651982
629 3.678115863118554
630 3.950509332382009
631 3.751047274141995
632 3.643884241633549
633 3.3927162421119292
634 3.8785838775446715
635 3.7749257471149975
636 3.8127209232834387
637 3.8482289947068393
638 3.7880945402085766
639 3.5178769668945318
640 3.779455944008595
641 3.62193440662862
642 3.7925170422193326
643 3.5288896334452526
644 3.448766840570397
645 3.874975061489184
646 3.855289872508194
647 3.845530737974485
648 3.867385076880523
649 3.8747576776539834
650 3.79843787223978
651 3.791899141147673
652 3.7713581089003494
653 3.5808489453720695
654 3.707419703232481
655 3.5980530523845027
656 3.8654675465267396
657 3.5776405067136285
658 3.6771820901799646
659 3.7006327775558367
660 3.7277131336151337
661 3.51554917358732
662 3.771326831046936
663 3.6281949105808295
664 3.8651868290506526
665 3.5604482509181796
666 3.7216672394004884
667 3.808801286567591
668 3.6286223232004353
669 3.842969342009587
670 3.552043619912504
671 3.6010887889478904
672 3.656569594248875
673 3.8076631715801037
674 3.7865538251330024
675 3.742263161977427
676 3.751719788816363
677 3.737664999521888
678 3.7994165955070853
679 3.8242388553438325
680 3.572671803239752
681 3.83843208785311
682 3.8078944906074144
683 3.692928452149942
684 3.652006788841807
685 3.7782970823888284
686 3.767968693332125
687 3.9710725780346903
688 3.9284715434526127
689 3.864363284217971
690 3.802234386473261
691 3.715963099003361
692 3.580631094269714
693 3.7181158667308725
694 3.638909993645698
695 3.8219357878460376
696 3.687865616300404
697 3.638264588186079
698 3.600071847079805
699 3.8468567391246795
700 3.702506465222109
701 3.7238014943365556
702 3.836867584041255
703 3.7918312981850177
704 3.833774909529312
705 3.737457035715448
706 3.6230409487329345
707 3.6836070784698824
708 3.5569258282212486
709 3.645338780055396
710 4.051429148605321
711 3.574452386786412
712 3.581361504485118
713 3.280474676213121
714 3.735383075742592
715 3.5690822407577727
716 3.7063700569953233
717 3.7049650908559997
718 3.6127234910575714
719 3.9712903608772105
720 3.6931591118718345
721 3.565378630119304
722 3.7678703368678987
723 3.7444689554958654
724 3.8769359714669895
725 3.5495205463253767
726 3.8666950347252436
727 3.8444258243297864
728 3.8924466173085293
729 3.5495017654305294
730 3.9753038314311944
731 3.6258498167515234
732 3.839246172867091
733 3.7565641870782285
734 4.008873390145601
735 3.524621850954134
736 3.5920709091421426
737 3.739245744030098
738 3.996229382806866
739 3.738111440810246
740 3.6225607260237678
741 3.4485242775139415
742 3.3665131796496914
743 3.640534790990864
744 3.342033742799165
745 3.73032381488095
746 3.4641289780926465
747 3.668107863681011
748 3.3611777794828894
749 3.7474570723028773
750 3.891020459884192
751 3.423402579965273
752 3.7944964654002185
753 3.593909141044222
754 3.7310460547063324
755 3.507188756851958
756 3.422837310570812
757 3.6369231237675774
758 3.560169940165291
759 3.688446662794398
760 3.866186533482167
761 3.545694409981907
762 3.7657128051290303
763 3.463874132005401
764 3.4953920798945486
765 3.424999752249515
766 3.6709776800190026
767 3.777958437307936
768 3.6874058931074116
769 3.595376268774269
770 3.765232331782037
771 3.882674130361179
772 3.761307926171628
773 4.01559831906511
774 3.8222612600163552
775 3.6922306946081367
776 3.7087615405925707
777 3.6473552066942254
778 3.643698464980938
779 3.766378629331864
780 3.7576899777447683
781 3.3119032302523466
782 3.169321156930019
783 3.824539866200624
784 3.608017378213179
785 3.421381197040272
786 3.6840325768114175
787 3.300988825776048
788 3.6046076881556415
789 3.268163795138589
790 3.696177148155118
791 3.2983039298540344
792 3.5552416310021253
793 3.669152322056241
794 3.641898401322164
795 3.5453555496585065
796 3.636592399604417
797 3.2726832454025963
798 3.4492373286211415
799 3.6346525242585446
800 3.3900321264382893
801 3.600679605846572
802 4.121243927501948
803 3.679934469587721
804 3.507523031807955
805 3.765938345895483
806 3.742696935962393
807 3.8421437453503686
808 3.674802680449163
809 3.3464606130184906
810 3.68260702565039
811 3.6872758029975476
812 3.4477304723742948
813 3.9003725594049303
814 3.5154460076760823
815 3.5290080251872107
816 3.47875034574281
817 3.6945609087218894
818 3.5483143677414475
819 3.6801181685419344
820 3.5861006140913814
821 3.9373369805517475
822 3.6491338689207247
823 3.9826802891097746
824 3.8002759122262524
825 3.4613359855376524
826 3.5192778559086153
827 3.7273572630965166
828 3.7112633905524546
829 3.976901244990292
830 3.7635888855085726
831 3.8186003191414075
832 3.4422437364257417
833 3.4774145343822624
834 3.5382084522588912
835 3.5532283382365497
836 3.695428998419454
837 3.5494719641524
838 3.8650924476330086
839 3.5904422719526092
840 3.609615053395467
841 3.6029746476448867
842 3.6830043391539036
843 3.838617743189363
844 3.1327058821851925
845 3.0078158745956394
846 3.3139900370475854
847 3.3306007153714647
848 3.185529510468581
849 3.3096953034157996
850 3.35713910391683
851 3.2817519451509853
852 3.1103582101341467
853 3.5656645921836225
854 3.062658577618222
855 3.4970615572667443
856 3.222811106344442
857 3.3734029493848565
858 3.1548563476630984
859 3.499650013422252
860 3.732445019067066
861 4.026641572968245
862 3.8560597674959243
863 2.993743505130488
864 3.0998005022095834
865 3.3712324282422106
866 3.6743063277669297
867 3.3330025969217174
868 3.733893186502639
869 3.43311141004702
870 3.3098621760625924
871 3.4337397855758014
872 3.7324109269457826
873 3.20279261603086
874 3.2022133369834966
875 3.3488129251721386
876 3.567662108006003
877 3.228888837659008
878 3.5409719964925963
879 3.5494070514723517
880 3.374954277780684
881 4.108156755960844
882 3.4186232081759953
883 3.2898778131326765
884 3.3775760736266656
885 3.198198068828322
886 3.4958927702177314
887 3.3216333856785902
888 3.055833889809944
889 3.2108623315995777
890 3.1441618751788507
891 3.309249051139609
892 3.3597420521105295
893 3.3021200671678472
894 3.0548457869772103
895 3.1929336037040663
896 3.146558693410166
897 3.199347546185089
898 3.082061890929816
899 3.400626979033272
900 3.534205749646262
901 3.445166044004413
902 3.3433365652382814
903 2.931539939336435
904 3.3089131880083067
905 3.1782352157796203
906 3.5045898868559213
907 3.8215283193024505
908 4.3426101816826455
909 3.7576889907984454
910 3.600777603385904
911 3.9232933242729198
912 4.417023525529939
913 4.077776131623114
914 4.003237103952856
915 4.22116688090139
916 4.3609325120800895
917 4.187305922687258
918 3.998367594498513
919 3.8976421890687454
920 4.051721612910726
921 3.84292931761101
922 3.491983448933711
923 3.533731098758007
924 3.865586273705449
925 3.9401536973972187
926 3.7958299867541165
927 3.866359506253362
928 3.7924524053055517
929 3.795462135963804
930 3.971708601134055
931 3.789231430333869
932 3.8306259031738876
933 3.827530425414481
934 3.973937242790945
935 3.7299505545647444
936 3.827743754176216
937 3.641445400292686
938 3.834630352675692
939 4.001730563352212
940 3.7393024686160388
941 3.703662074128627
942 3.8928499612825083
943 4.017777811742852
944 3.6535492784390415
945 3.3422057892919783
946 3.7692742834741715
947 3.705196079932458
948 3.4351600000843563
949 3.8537612253936215
950 3.8191803191463567
951 3.6423107034869435
952 3.8139778800862962
953 3.641266685922631
954 3.6985480264073622
955 3.6771138763994666
956 4.162356162951083
957 3.5077682935909253
958 3.834992837916818
959 3.658243451384512
960 4.433991680987701
961 3.8187135729833943
962 3.8380014059335656
963 3.824742355867874
964 3.625309385076061
965 3.900956750774892
966 3.6785359804580993
967 3.680685821641161
968 3.829442587195262
969 3.856954694225487
970 3.5280454690284557
971 3.5866954612064172
972 3.8020637399250163
973 3.895407850374746
974 3.7761340502428506
975 3.782224798648042
976 4.11810926111402
977 3.5157619194100183
978 3.985707325220629
979 3.6920383405166866
980 3.540308927098318
981 3.6729633241238404
982 3.6212881917954163
983 3.776948987051637
984 3.745814694928999
985 3.6441467531239784
986 3.5917322685386
987 3.4469038061282156
988 3.5898746139897995
989 3.7578610446480774
990 3.9636166772485666
991 3.8531642749335244
992 3.8478923703813517
993 3.529422693269412
994 3.939828702132897
995 3.9160122879834254
996 3.7684359126697147
997 3.775590810087499
998 3.740860519100944
999 3.9558310564597967
1000 3.724913850485055
1001 3.7069777698219646
1002 4.9790447137202225
1003 5.5503217415911426
1004 5.177766049880069
1005 5.0682740529033685
1006 5.334423294399809
1007 5.168032546567549
1008 5.25221565372807
1009 5.466586082353864
1010 5.697799829592508
1011 5.53676151251109
1012 5.484026618722972
1013 5.5768479503287285
1014 5.515614015729176
1015 5.498018860741434
1016 5.8042757886869385
1017 5.56299299843149
1018 5.451417588839691
1019 5.411158199988561
1020 5.732364001024583
1021 5.885329866334884
1022 5.57682809127443
1023 5.432225328136417
1024 5.763883864840776
1025 5.508901961542659
1026 5.501491693385872
1027 5.209398438435035
1028 5.483211704225104
1029 5.64279086179379
1030 5.558914705784038
1031 5.720617714736246
1032 5.475629431233442
1033 5.667773798924041
1034 5.223725585965014
1035 6.0391168421536605
1036 5.959959320971958
1037 5.5590852936655235
1038 6.063759167315175
1039 5.788493883797682
1040 5.449242828808139
1041 5.64348110514107
1042 5.8218898727609485
1043 5.846955580438583
1044 6.054484854592001
1045 5.630798194564519
1046 5.436363694853505
1047 5.864465294839067
1048 5.525144991428704
1049 5.402364105920506
1050 5.777020887077538
1051 5.926576174662209
1052 5.365295745121774
1053 5.020658611671468
1054 6.02928480423571
1055 5.949073599812003
1056 6.1978603106400065
1057 5.8155402972898775
1058 5.585066351886684
1059 5.747776186444977
1060 5.550447123950981
1061 5.2200638231529135
1062 5.636798977430608
1063 5.867263262444601
1064 5.467489780534905
1065 5.637401450509305
1066 5.370718027631321
1067 5.815278312193112
1068 5.782079720089107
1069 6.09908834382477
1070 6.414107092113218
1071 5.732743147962023
1072 5.591671154904909
1073 5.844637589052371
1074 5.4057491139660625
1075 5.7107352193438174
1076 5.7635453575283115
1077 5.581266641802875
1078 6.018722533096562
1079 5.946354233999268
1080 6.27059502197942
1081 5.3710882746469455
1082 6.169853017197875
1083 5.680455536896071
1084 5.744792878269972
1085 5.482373711715386
1086 5.88544551334394
1087 5.6091148065069465
1088 6.178590008929328
1089 6.034682235921076
1090 6.067687898969243
1091 5.793635205532325
1092 5.9557092871003645
1093 5.888503037435798
1094 6.131719382768735
1095 6.052538253114766
1096 6.124359600130385
1097 5.51376684280561
1098 5.572655758424024
1099 6.1218934350718905
1100 6.538040540337206
1101 5.564191032438692
1102 5.528019780408406
1103 5.6151650020309924
1104 5.969824682703842
1105 5.442409530869901
1106 5.9653950290900255
1107 5.807463624709333
1108 6.201924197041629
1109 7.230496742093282
1110 6.283069084251471
1111 6.211797464388631
1112 6.626350326074697
1113 6.4584469757585765
1114 5.958369144995759
1115 5.744344186364054
1116 6.370272135544728
1117 6.209266118120173
1118 6.016566259250659
1119 5.807465851368195
1120 5.832240614726006
1121 5.535254379022043
1122 5.849849769912313
1123 6.223524696280238
1124 5.7739403785268175
1125 5.739999192453494
1126 5.865050947619462
1127 5.7635736977990115
1128 5.7968639646066
1129 5.781540827366415
1130 6.125949926869914
1131 6.321430610616481
1132 5.482261355362231
1133 5.98449141718952
1134 6.313081899112775
1135 5.8565184131603125
1136 5.621621042382625
1137 5.22470290941885
1138 6.659735678586249
1139 5.916501413790061
1140 5.505503679579005
1141 5.932928167776441
1142 5.984309561194566
1143 5.9865028598853804
1144 5.785848960400622
1145 5.781610765430295
1146 5.654542538759905
1147 5.670132603181008
1148 5.889272599018205
1149 5.662915234590902
1150 5.687585377036014
1151 5.653555036117058
1152 6.299363832288407
1153 6.237840205877412
1154 6.277208052405685
1155 5.844590403356973
1156 5.7792155371759675
1157 5.866876100365147
1158 6.151158825304768
1159 5.946943151786959
1160 6.106677593239736
1161 6.017483194604839
1162 5.999962074224176
1163 5.775449795382188
1164 5.958706928559213
1165 6.140246877755902
1166 6.550819855593028
1167 6.04553151239917
1168 5.923370465707938
1169 5.90009613004157
1170 5.816296270835246
1171 6.031722476967049
1172 5.819807211557514
1173 6.122921295791027
1174 6.111246861082315
1175 5.774239940806
1176 6.483924629814176
1177 6.3517189499074815
1178 5.680011251383986
1179 5.665068445352777
1180 5.693644575683048
1181 5.887262661106986
1182 5.730974330795613
1183 6.185982901031758
1184 5.8163229609495835
1185 5.409805446616504
1186 5.944194033061635
1187 5.902774184177194
1188 5.8039997769196106
1189 5.517940405494752
1190 5.9058006506189376
1191 6.017791844509612
1192 5.452304501265796
1193 4.139141963748489
1194 3.9504823738411705
1195 4.161685070127217
1196 3.9325768731313193
1197 3.674645066978112
1198 3.8975048304795172
1199 4.1126777932045835
1200 4.727370669299092
1201 3.9555774239062544
1202 5.983625170668736
1203 6.001909522933332
1204 6.215121422610509
1205 5.476906591648167
1206 5.666200832797969
1207 5.566312177074219
1208 5.890813734164122
1209 4.99512117555353
1210 5.518565010211019
1211 5.622822786361888
1212 5.79529158153528
1213 5.557914732981649
1214 5.217048909812796
1215 5.354526172464399
1216 4.972698012336476
1217 5.23723913825249
1218 5.385148885149696
1219 5.395255913994061
1220 5.332822663449728
1221 5.363603803501904
1222 5.835656822136817
1223 5.946417502630512
1224 5.525902349699166
1225 5.523257385970397
1226 5.42914513370004
1227 4.968828753670437
1228 5.2249649691084015
1229 5.194311537269137
1230 5.0607401803100025
1231 5.264240728464165
1232 5.310588912343073
1233 5.500681233875369
1234 5.08480306324866
1235 5.73552450212733
1236 5.152853265731877
1237 5.208393687712803
1238 5.456879078217505
1239 5.25950945794001
1240 5.239955870573533
1241 4.978310367894569
1242 4.891808357755851
1243 4.878121207073186
1244 5.17044086942769
1245 5.357083008589528
1246 5.471162895534948
1247 5.422088665851686
1248 5.500868671211441
1249 4.864328854434988
1250 5.1273765560382705
1251 5.305801457411505
1252 5.346786295567967
1253 5.695376984031762
1254 5.424476332694105
1255 5.277428795279895
1256 5.184606714942599
1257 5.118976330853109
1258 4.926331130048419
1259 4.811954415727555
1260 5.356111860002005
1261 5.1911510539223755
1262 5.5696788541202205
1263 5.2060119372161395
1264 5.161043255592552
1265 5.384125011556495
1266 5.684731548749599
1267 5.177553417882744
1268 5.083988193333844
1269 5.040642376647369
1270 5.284954421768088
1271 5.238964711442677
1272 5.022462777427223
1273 5.559212371759401
1274 5.264997039698697
1275 5.3572235980042455
1276 5.304246245068768
1277 6.055675784728618
1278 6.147734545278709
1279 6.31118630821781
1280 6.497508524457632
1281 6.620808425973667
1282 7.182040567958526
1283 6.753631039501086
1284 5.582019600744615
1285 5.882267359481881
1286 5.797375504483551
1287 5.604712831838367
1288 5.725564893326076
1289 5.831489452904183
1290 5.895438808145303
1291 6.293057438642511
1292 5.857605243490559
1293 6.141629050696358
1294 5.245188127633758
1295 5.81298666147775
1296 5.941094694680187
1297 6.099925744610248
1298 6.184058729997561
1299 5.843520145344204
1300 5.851466369768083
1301 6.08390025707578
1302 5.7172308382506225
1303 5.592822467343885
1304 5.5728101605469185
1305 5.778203166228541
1306 6.002508252778374
1307 5.813200211472188
1308 5.930840318245727
1309 5.84076484921227
1310 6.102095188621518
1311 5.847573301326063
1312 6.1337643872478855
1313 5.846728923436483
1314 6.00790890287391
1315 6.2139774235894905
1316 6.253657279200593
1317 5.7180784106988085
1318 5.6685586110681765
1319 6.071189599067012
1320 6.223570350869186
1321 5.923944211511238
1322 5.844509151250114
1323 6.024302590358152
1324 5.613336500016096
1325 5.689733101905702
1326 5.930668003735275
1327 5.994631416815948
1328 5.964351591066987
1329 6.301305932078443
1330 6.0928130071306885
1331 6.54816169005664
1332 6.028210351302087
1333 6.497404020688221
1334 6.023002890433482
1335 5.996685861871193
1336 5.855718499370104
1337 5.443211633956039
1338 5.482368749911332
1339 6.122447196325742
1340 6.595465214384987
1341 6.923189143105453
1342 7.184791991344168
1343 6.561273706360032
1344 7.146039312962704
1345 7.108058428292197
1346 6.066214989658471
1347 5.986404658468182
1348 6.6217883709092575
1349 6.404369414556139
1350 6.797373886533308
1351 7.178547521149893
1352 6.464072356432612
1353 7.3170551662354395
1354 6.820906058156389
1355 6.848065022786411
1356 7.100420749562956
1357 7.169189160951615
1358 6.910418759289844
1359 6.92728929788471
1360 6.8798123847534445
1361 6.978421471540964
1362 6.447632194431274
1363 6.594343752046291
1364 6.050314188393761
1365 5.744851713183118
1366 6.380244646777042
1367 6.4601588463333695
1368 6.132532072697933
1369 6.806057683366468
1370 6.040163838936758
1371 5.84570596328611
1372 6.553965454446246
1373 6.552534065209354
1374 6.733052254330472
1375 6.6664460282228815
1376 6.174563797212636
1377 6.599096213676835
1378 6.4281202842240965
1379 6.389579088884098
1380 7.191919314731537
1381 6.494570041747673
1382 6.340420385372422
1383 6.655144782675957
1384 6.440132654508589
1385 6.487667079952804
1386 6.253800928932033
1387 6.702125323203316
1388 6.554933232254471
1389 6.171413395849522
1390 6.422423366069065
1391 6.72336473096325
1392 7.171401023544975
1393 7.356433249904104
1394 7.132985131337785
1395 6.8825968015170655
1396 6.439524606688784
1397 6.811022333149863
1398 6.558410072845593
1399 7.0306005185469
1400 7.279096336620345
1401 5.987703551105773
1402 6.204635987877571
1403 6.181189777681078
1404 6.738108679277164
1405 7.094963022039589
1406 7.255912711920492
1407 6.986413684541896
1408 6.9989986207301635
1409 7.271096353353178
1410 7.332904998577671
1411 7.121497736083597
1412 7.184140405923019
1413 7.259334906128187
1414 7.998115254055511
1415 7.034236343606332
1416 6.584207042372587
1417 7.221938553102014
1418 7.131996582935996
1419 7.3065100308500766
1420 7.640597662367383
1421 7.343333608767023
1422 7.428331561401336
1423 8.34490677531483
1424 7.759589666238772
1425 7.8177633809640374
1426 7.591629630552684
1427 8.152716003010012
1428 8.521605863240023
1429 7.665807261029243
1430 8.41371477493215
1431 8.165064596240992
1432 8.555564614147324
1433 7.7068908878449145
1434 7.573680417106626
1435 8.759173007854606
1436 8.500435591846411
1437 8.056066236651814
1438 8.740125379029966
1439 8.92818207154002
1440 8.310144395770257
1441 9.11502970919222
1442 8.393270928179712
1443 8.00146404544403
1444 8.349922181810719
1445 8.63368862636304
1446 8.445720953296894
1447 8.427307664360672
1448 8.20214723031983
1449 8.247116882964042
1450 7.226886193248093
1451 8.289872378519528
1452 8.487729602495719
1453 8.56413939752201
1454 8.561815496948933
1455 8.501030494053166
1456 9.200325024409501
1457 9.182257306345356
1458 9.51492512496092
1459 10.121208300788938
1460 9.095725590763035
1461 9.528661949913582
1462 9.307855692000084
1463 8.990569432093597
1464 9.461253955628449
1465 8.653841556753237
1466 9.772978186211427
1467 8.875638483946421
1468 9.367912422630043
1469 9.277980026362854
1470 8.75181863503486
1471 9.02341724575052
1472 9.774723282609141
1473 9.61218546612777
1474 8.48491948648925
1475 9.025644596858678
1476 9.394769210297696
1477 8.781941158424997
1478 8.814457595699386
1479 9.131084897446572
1480 9.36256462889128
1481 8.884457027972754
1482 8.77083108642675
1483 9.617336775738229
1484 9.29176507163175
1485 9.198136137746594
1486 8.967209820482028
1487 8.984574916084695
1488 9.11883454076115
1489 8.657146596979954
1490 9.587250301057862
1491 10.307274424201553
1492 10.367201439690636
1493 10.281082185243594
1494 10.414850814618172
1495 10.388148049581552
1496 10.483126814122745
1497 10.419868427891995
1498 10.66960965572154
1499 9.658869592341413
1500 10.368755605294902
1501 9.99272499351534
1502 10.869093799614692
1503 10.655929647253387
1504 10.190891733156116
1505 10.279961102650605
1506 11.955799065945154
1507 11.682518153084624
1508 11.154817925765872
1509 11.856599204862814
1510 11.118976533041764
1511 11.652179197041306
1512 11.240494743667584
1513 12.20109117974376
1514 11.835893524696864
1515 12.637346268728999
1516 11.270959349083821
1517 12.297978398723481
1518 11.512204513178158
1519 12.294221632965215
1520 12.25005976013331
1521 13.071596804646616
1522 11.627353573230444
1523 11.917679595384902
1524 11.250083460540063
1525 12.16407052741189
1526 11.456010170650233
1527 11.844769643394347
1528 12.007802868388055
1529 11.64472277455975
1530 12.356156605912624
1531 11.542563406092778
1532 10.703930907473563
1533 11.461023373242226
1534 11.592134651036893
1535 12.084049548124423
1536 13.286434558648088
1537 12.465370798813389
1538 11.402892323019955
1539 10.820457005953607
1540 12.451700072927878
1541 11.45890137295488
1542 11.600828540299155
1543 11.688600319255515
1544 11.633722936404514
1545 12.393272250608444
1546 11.517386745313116
1547 11.794195526598683
1548 11.08508210263085
1549 12.060134239310965
1550 12.900696076450078
1551 12.046700305471106
1552 12.39523947881189
1553 12.69752632054151
1554 11.519052311528835
1555 12.072679583057626
1556 12.269163571314103
1557 12.438151828834169
1558 12.342444223169146
1559 12.864340218888447
1560 11.12541075617902
1561 12.81968356834509
1562 12.43395245512484
1563 12.902145098105997
1564 13.675388038422945
1565 13.773443571956525
1566 12.384315988728353
1567 12.873610894653515
1568 12.694914059453023
1569 13.044443795281802
1570 12.538358867030398
1571 13.133454513031952
1572 12.816910625967038
1573 12.26397632244912
1574 13.056311566048834
1575 12.31642667795646
1576 12.61005014043703
1577 12.473042384699188
1578 13.074042876110337
1579 13.465734208108879
1580 13.680108609863236
1581 13.444832637426982
1582 13.130476457650056
1583 13.552315989732987
1584 12.728943974825773
1585 12.883130710940618
1586 13.271864490365317
1587 13.316994008223965
1588 13.270270081213962
1589 13.816101633715459
1590 12.330056444935174
1591 12.663361782516784
1592 13.705008828849454
1593 12.702747074416138
1594 13.735964794583573
1595 13.299865889724003
1596 13.476188749513186
1597 12.980932387560372
1598 12.763576933366863
1599 13.126088579378587
1600 13.359979417848617
1601 13.302156316511086
1602 12.982729007089846
1603 13.423607745141693
1604 12.330724959376921
1605 11.91687099151368
1606 11.419646332097434
1607 11.187504187206654
1608 11.738845258855395
1609 11.419771907492418
1610 11.625379646302198
1611 11.846774371949422
1612 12.25931847878713
1613 12.049627080246474
1614 11.722092953577667
1615 12.651269775699204
1616 11.960960827624858
1617 12.978093771673398
1618 13.193886333626537
1619 12.883504045718785
1620 12.704116777546243
1621 11.487848321681177
1622 13.87587907342944
1623 13.299487896837933
1624 14.170476185826598
1625 13.152645963793045
1626 13.556638875490474
1627 14.44591227653523
1628 13.332026794777525
1629 14.200406759939348
1630 14.36824571118377
1631 14.13429815839119
1632 14.677687960436407
1633 14.994800461690216
1634 15.06631519645272
1635 14.438462683562866
1636 16.06163474676001
1637 15.251662972092374
1638 14.257288717190097
1639 13.918895140528802
1640 13.507446785885099
1641 14.155839958381586
1642 14.36949419600646
1643 12.926390274465186
1644 13.102264185310952
1645 13.431072370752554
1646 13.971174311174751
1647 14.784786561705216
1648 14.580689043793743
1649 16.69230140373298
1650 16.260798088047945
1651 15.176619918509784
1652 14.910507499923533
1653 13.910733590814168
1654 15.123820929918978
1655 13.773266621526126
1656 13.782573819974582
1657 14.45711946740796
1658 15.15114345724682
1659 14.807732950347834
1660 15.490258820883739
1661 14.794356037000673
1662 15.083042501812157
1663 14.580919243323157
1664 15.959434476989514
1665 15.913302298051363
1666 15.612087886226035
1667 15.486354055210528
1668 15.926860847076592
1669 17.063994920234023
1670 16.636559743963073
1671 15.58837474889267
1672 14.254794550998705
1673 15.284743121076867
1674 13.994023523854707
1675 14.385394450038271
1676 15.744993333379904
1677 14.077292290430847
1678 14.013738718087213
1679 14.469326532154192
1680 14.247104783717282
1681 14.291665048095144
1682 15.465783983031828
1683 15.535357063755391
1684 14.681858094686332
1685 14.890696476938885
1686 15.22153274325969
1687 15.222979823106623
1688 16.02963682081427
1689 15.247143457850067
1690 15.65483974917836
1691 14.893903483288787
1692 15.78985166320295
1693 16.560514534248497
1694 16.31945265543752
1695 15.812398360954127
1696 16.51882930329033
1697 15.92694059023062
1698 15.664787206386919
1699 16.629993214530675
1700 15.544947934538754
1701 15.954018351764377
1702 14.785730789687593
1703 15.26144653859361
1704 15.584337903353155
1705 15.812871590362656
1706 15.387369763607573
1707 16.75644199889702
1708 17.549064011028033
1709 16.989036422457605
1710 15.543308654161766
1711 16.563394467638652
1712 16.78400870280171
1713 17.42688179755979
1714 16.018040098820293
1715 16.16612861667019
1716 16.4620439745939
1717 15.849833583131964
1718 14.378088348388243
1719 15.664804739738194
1720 15.404680838597304
1721 16.342879550413105
1722 15.228010736039788
1723 15.807789270745419
1724 16.826035265508445
1725 15.962920768605896
1726 15.647836206027584
1727 15.788214060273972
1728 15.803377296270693
1729 15.738971066405526
1730 16.092500592474874
1731 17.613395669086824
1732 17.029228208268584
1733 16.995564039909702
1734 16.31659032286565
1735 15.818091571302752
1736 16.579295628516974
1737 17.773103272010506
1738 18.49676599809009
1739 18.462522061134162
1740 17.929024035019225
1741 18.240647470035668
1742 18.50087050732753
1743 16.943148286583213
1744 16.962463492854326
1745 18.11351229359984
1746 17.703441359154176
1747 17.368281539018326
1748 17.863230999568202
1749 17.852318401964784
1750 17.8693243424385
1751 18.520357389249675
1752 18.125557967164152
1753 18.003269133764647
1754 18.605226689430683
1755 18.31497087633006
1756 18.957828066774738
1757 18.301991059191085
1758 18.796849711188724
1759 18.011658515839866
1760 17.957544755009007
1761 18.26373781960539
1762 18.534924958446037
1763 18.188679332822907
1764 17.886534636456418
1765 19.212374892814857
1766 18.79642816102468
1767 18.49354261703219
1768 19.547216662246132
1769 19.25455780392484
1770 19.98070913374928
1771 20.035744853709193
1772 18.069056802650458
1773 19.6413401069358
1774 17.80542929845645
1775 19.0636260619119
1776 20.19739799376366
1777 20.276759362742734
1778 19.809470380207284
1779 20.969006771427022
1780 19.419961035830024
1781 20.326315564259982
1782 20.84780737490811
1783 20.735542784812434
1784 20.686874974977062
1785 20.424468311042716
1786 21.076261427705436
1787 21.111525763132082
1788 20.391894031318433
1789 20.08746009638007
1790 20.023149438187534
1791 19.606617093595563
1792 19.504184958906258
1793 18.929389617844148
1794 19.97140174504552
1795 19.73566356887147
1796 19.986571279159904
1797 18.562214840013496
1798 17.80105630878804
1799 18.071442458886953
1800 18.864724004807577
1801 19.28584334838855
1802 19.834026007562386
1803 19.99297472668187
1804 20.28826657073536
1805 19.539813106202995
1806 19.49448991371992
1807 19.064787001141884
1808 19.078033667530384
1809 18.223365479936408
1810 18.461325505351585
1811 18.620322741246927
1812 19.169964321234627
1813 19.110362918245354
1814 17.874013410664027
1815 17.530035481964063
1816 18.047951472772954
1817 18.392724855646378
1818 18.43212206171183
1819 18.51762443086362
1820 19.093436509925336
1821 21.279319951293978
1822 20.643783222735532
1823 20.084307019837137
1824 19.839765241801263
1825 19.950076221783302
1826 19.931754147054235
1827 19.929108775676056
1828 18.917651110078282
1829 21.06693145781915
1830 21.010422856190395
1831 18.986909601900035
1832 19.631802041011063
1833 18.30747917092278
1834 18.483537918092807
1835 18.407543169699675
1836 20.075562822558805
1837 18.831195918667543
1838 18.95435480101801
1839 19.227604492734898
1840 19.003805100575665
1841 18.81105671490928
1842 19.111961161921933
1843 19.580254829584817
1844 21.00190835305955
1845 20.402144461838507
1846 19.031333684234795
1847 19.333836176906583
1848 20.077536793234714
1849 20.43603384197288
1850 20.504988839688224
1851 21.535034829667964
1852 21.15090298135249
1853 21.868511428859726
1854 20.770320876989697
1855 21.12413867498533
1856 19.367917268452825
1857 19.132024249315975
1858 18.741686370648228
1859 20.074404444385273
1860 20.28323485046416
1861 20.66525186791879
1862 21.558523694764485
1863 22.323713819417435
1864 22.235242361797336
1865 22.965640280704196
1866 22.992378569615852
1867 23.516829347718026
1868 23.413005818761505
1869 23.875967696630102
1870 24.076356507295785
1871 22.79276976205798
1872 22.920187799374638
1873 23.288647108538395
1874 23.64666561689095
1875 22.552325989169017
1876 22.407470769023146
1877 22.00206081520846
1878 21.241743615528804
1879 21.969350666749065
1880 22.32964392822259
1881 20.281465193137404
1882 22.064423543038743
1883 23.16576178824325
1884 21.717465892435765
1885 21.588978996354545
1886 21.3429917344149
1887 21.24560051656707
1888 22.47166067309219
1889 22.271576266842114
1890 21.930375091988566
1891 21.980794632305397
1892 21.705662649948707
1893 20.432265496645858
1894 21.906908270573467
1895 22.277299939262928
1896 23.20370694744994
1897 23.344517600057145
1898 22.77646431988943
1899 22.82981354070553
1900 23.126438295888946
1901 23.377423918464125
1902 21.801289604737484
1903 21.639674323264245
1904 21.782995125226456
1905 21.391727387383224
1906 21.607298885745926
1907 21.04900413230331
1908 21.921374577368095
1909 20.980086521686417
1910 20.030712307314978
1911 21.909753713778652
1912 22.216121735029347
1913 21.552296814424686
1914 21.277956378207698
1915 22.557498698417117
1916 22.288892317070108
1917 21.602310415754015
1918 20.572764542817218
1919 20.564582892398548
1920 19.726134674328968
1921 19.75499485752976
1922 19.77000875167545
1923 21.440348778710234
1924 21.12646334957596
1925 21.814359054572222
1926 21.956880031459836
1927 22.10722124521398
1928 23.5307008916297
1929 24.414923368493678
1930 23.114891971624726
1931 23.829072671971264
1932 23.114262256391545
1933 23.928083784771307
1934 24.260748073515927
1935 24.273519377744847
1936 23.567432072933546
1937 24.33596326422313
1938 23.532557971384186
1939 23.42775220019117
1940 23.09246051557301
1941 24.492141712154407
1942 23.34901770929043
1943 22.98971397572308
1944 23.43396653745202
1945 22.057482626479946
1946 22.518801955513645
1947 20.654815348835022
1948 21.267145624115322
1949 21.947942523201856
1950 21.554796443272874
1951 22.670171140089508
1952 21.700566226314674
1953 21.262208889140037
1954 22.458645722343466
1955 22.450207729533492
1956 23.070185386421493
1957 21.744492347441707
1958 21.94285517793566
1959 22.282262561024343
1960 23.38803464938085
1961 23.16204135408975
1962 22.916352637637743
1963 23.117027360060078
1964 21.78777921726377
1965 23.43666860564104
1966 24.84455189436238
1967 24.71559279388402
1968 25.518933377084227
1969 24.908164954679243
1970 25.70139787203953
1971 25.865750918168956
1972 25.977757778965877
1973 25.826199774117583
1974 26.072939517769306
1975 26.146284354609406
1976 27.032834747028705
1977 25.53459462333679
1978 25.1237733527281
1979 26.211434555902198
1980 26.292822292946937
1981 26.018643123470188
1982 25.90868313441331
1983 24.71448037308408
1984 25.757144888625874
1985 24.862844905109625
1986 25.83904725846871
1987 25.24935335054798
1988 25.49606819716766
1989 24.69721758816046
1990 25.8920638998126
1991 25.075928983506305
1992 25.099550649168837
1993 23.754842347843017
1994 25.827295504843487
1995 25.968994757930744
1996 26.09693060176645
1997 26.2722352554437
1998 26.68468586490022
1999 26.19503698215745
