0 0.0
1 0.2962820529937744
2 0.5781140327453613
3 0.4653497338294983
4 0.4671347141265869
5 0.3808315694332123
6 0.5403544902801514
7 0.6280142068862915
8 0.3581092655658722
9 0.3137906491756439
10 0.7106598019599915
11 0.6038420796394348
12 0.5332357883453369
13 0.682864785194397
14 0.8148236274719238
15 0.5446494817733765
16 0.7702292203903198
17 0.7424969673156738
18 0.9141029715538025
19 0.938563346862793
20 0.30580830574035645
21 0.3378204107284546
22 0.33581477403640747
23 0.32404956221580505
24 0.24400770664215088
25 0.47518467903137207
26 0.32999762892723083
27 0.40061119198799133
28 0.3681674897670746
29 0.32909297943115234
30 0.5890265107154846
31 0.7142011523246765
32 0.5695101618766785
33 0.522462010383606
34 1.2309194803237915
35 0.9295501708984375
36 1.1767700910568237
37 1.0857164859771729
38 1.1794146299362183
39 1.1315689086914063
40 0.2896502614021301
41 1.0178158283233643
42 0.24191050231456757
43 0.4615934193134308
44 0.9110583066940308
45 1.0069338083267212
46 0.9507461190223694
47 0.3664385974407196
48 0.7938932776451111
49 0.8900623321533203
50 0.6863603591918945
51 1.0633659362792969
52 0.8787305355072021
53 1.0942755937576294
54 1.0119121074676514
55 1.0242040157318115
56 0.9922138452529907
57 0.9540936350822449
58 0.7991012334823608
59 0.9075928926467896
60 1.1920908689498901
61 0.32320114970207214
62 0.5850136876106262
63 0.5903234481811523
64 0.7849740982055664
65 0.7068225741386414
66 0.44219571352005005
67 0.508179247379303
68 0.7259402871131897
69 0.6479519605636597
70 0.41179177165031433
71 0.4422658383846283
72 0.3609302341938019
73 0.5606089234352112
74 0.5274093151092529
75 0.7823563814163208
76 0.2698381543159485
77 0.21348446607589722
78 0.40205469727516174
79 0.5896511673927307
80 0.3868676424026489
81 0.6151047945022583
82 0.30788642168045044
83 0.5651116967201233
84 0.2929210364818573
85 0.3630470931529999
86 0.8554971814155579
87 0.575557291507721
88 0.5398368239402771
89 0.43415722250938416
90 1.0469062328338623
91 0.6655421853065491
92 0.5943120718002319
93 0.4518636167049408
94 0.7165053486824036
95 0.6138246655464172
96 0.5110069513320923
97 0.32417482137680054
98 0.7038118243217468
99 0.23010393977165222
100 0.3988912105560303
101 0.7255575656890869
102 0.6606611013412476
103 0.6346914172172546
104 0.8557427525520325
105 0.41031646728515625
106 0.5492851138114929
107 0.3140394389629364
108 0.4564180374145508
109 0.2793569564819336
110 0.5064941048622131
111 0.5015798807144165
112 0.47664839029312134
113 0.4480573236942291
114 0.3821905553340912
115 0.46006762981414795
116 0.6387686133384705
117 0.2519102692604065
118 0.5165668725967407
119 0.609000027179718
120 0.5380957126617432
121 0.33101385831832886
122 0.4519566297531128
123 0.5543763041496277
124 0.5023303031921387
125 0.5507827401161194
126 0.5046837329864502
127 0.533367931842804
128 0.3731434941291809
129 0.6129535436630249
130 0.700756847858429
131 0.5377774834632874
132 0.49026453495025635
133 0.6593009233474731
134 0.9856972694396973
135 1.4551277160644531
136 1.4542347192764282
137 2.352034091949463
138 2.2551016807556152
139 2.0604631900787354
140 1.867197036743164
141 2.405648946762085
142 1.6774041652679443
143 1.7146472930908203
144 1.3573516607284546
145 1.6131418943405151
146 2.1020185947418213
147 2.3859987258911133
148 2.341296911239624
149 1.9423553943634033
150 1.733709692955017
151 1.994364857673645
152 1.6306451559066772
153 2.2588677406311035
154 1.9043197631835938
155 2.327854633331299
156 2.307530164718628
157 2.13889217376709
158 1.8796274662017822
159 2.568098306655884
160 1.9663679599761963
161 1.9646891355514526
162 1.6590914726257324
163 1.3769081830978394
164 1.4410420656204224
165 1.364227533340454
166 0.7129026651382446
167 0.6974210143089294
168 0.7617403268814087
169 0.6253936886787415
170 0.7003673315048218
171 0.8029462099075317
172 0.6550793051719666
173 0.901378870010376
174 0.7399664521217346
175 0.8725112080574036
176 0.7520906329154968
177 0.6470343470573425
178 0.8084173798561096
179 0.3601577877998352
180 0.25750377774238586
181 0.6952913403511047
182 0.751564085483551
183 0.32648295164108276
184 0.5800204277038574
185 0.449074923992157
186 0.4882601499557495
187 0.23505912721157074
188 0.3402758836746216
189 0.8245764374732971
190 0.6466740369796753
191 0.6079412698745728
192 0.3198252320289612
193 0.2645903527736664
194 0.6351760625839233
195 0.30682840943336487
196 1.17780601978302
197 0.3015734851360321
198 0.483130544424057
199 0.6397706270217896
200 0.4998418688774109
201 0.3416888117790222
202 0.5537616610527039
203 0.42235106229782104
204 0.6574074625968933
205 0.280404657125473
206 0.45617228746414185
207 0.3146490752696991
208 0.2932073175907135
209 0.7270480990409851
210 0.4011639356613159
211 0.6438856720924377
212 0.2574028968811035
213 1.0278898477554321
214 0.9695811867713928
215 0.4811195731163025
216 0.8115120530128479
217 0.9174657464027405
218 0.3354169428348541
219 0.3675098121166229
220 0.35616475343704224
221 0.23835332691669464
222 0.427158921957016
223 0.1581963747739792
224 0.26741015911102295
225 0.49856606125831604
226 0.497029185295105
227 0.4154254198074341
228 0.6456119418144226
229 0.8337797522544861
230 0.23475539684295654
231 0.9342793822288513
232 0.3769567906856537
233 0.8006340861320496
234 0.5458739995956421
235 0.2286827564239502
236 0.5801039934158325
237 0.4520907700061798
238 0.4215810298919678
239 0.6797609925270081
240 0.2836840748786926
241 0.29238834977149963
242 0.7399789690971375
243 0.7433751225471497
244 0.5529304146766663
245 0.758847177028656
246 0.7005852460861206
247 0.805146336555481
248 0.47579270601272583
249 0.7024898529052734
250 0.8738279342651367
251 0.40603041648864746
252 0.790088415145874
253 0.9696553349494934
254 1.2728387117385864
255 1.5653800964355469
256 1.4105439186096191
257 1.5142823457717896
258 1.5656079053878784
259 1.5355011224746704
260 1.1309479475021362
261 1.5822687149047852
262 1.391928791999817
263 1.1476209163665771
264 1.5349647998809814
265 1.682665467262268
266 1.233206868171692
267 0.42270711064338684
268 0.5154222846031189
269 0.4377378523349762
270 0.9563872814178467
271 1.233966588973999
272 1.5924072265625
273 1.3485749959945679
274 1.4216992855072021
275 1.209151268005371
276 1.3317692279815674
277 1.3582803010940552
278 1.023780107498169
279 1.4525758028030396
280 1.4916247129440308
281 1.4144387245178223
282 1.452404499053955
283 1.0042431354522705
284 1.6460016965866089
285 1.377170205116272
286 1.5550400018692017
287 1.4675674438476563
288 1.4199519157409668
289 1.1976721286773682
290 0.7811296582221985
291 1.0716570615768433
292 1.3417538404464722
293 1.454201340675354
294 1.5929018259048462
295 1.5726536512374878
296 1.496862769126892
297 1.8162007331848145
298 1.0480679273605347
299 1.6064467430114746
300 1.9004628658294678
301 1.5358649492263794
302 2.0958352088928223
303 1.1631009578704834
304 1.604480504989624
305 1.0362573862075806
306 1.0525844097137451
307 0.8358608484268188
308 1.6594361066818237
309 0.7576029896736145
310 0.4651135504245758
311 0.556222140789032
312 0.5890513062477112
313 0.8509094715118408
314 0.503826916217804
315 0.9377973675727844
316 0.6726217269897461
317 0.5279555320739746
318 0.7611733078956604
319 0.7911243438720703
320 1.2322869300842285
321 1.259116291999817
322 0.7119614481925964
323 1.0431519746780396
324 0.8941674828529358
325 0.5111390948295593
326 0.4494452476501465
327 0.6773205995559692
328 0.4612876772880554
329 0.7122474312782288
330 0.9520813226699829
331 0.9143451452255249
332 0.8935024738311768
333 0.7976902723312378
334 0.8527812361717224
335 0.7205764651298523
336 0.683162271976471
337 0.45710983872413635
338 0.648689329624176
339 0.6911576390266418
340 0.7927739024162292
341 0.6329312324523926
342 0.4240626394748688
343 0.5352377891540527
344 0.4399738609790802
345 0.5310236811637878
346 0.6977372765541077
347 1.1029902696609497
348 0.5969401597976685
349 0.6789454221725464
350 1.06546950340271
351 0.9794585704803467
352 0.9059089422225952
353 1.2426023483276367
354 1.3085031509399414
355 1.0874054431915283
356 1.1450115442276
357 1.0605355501174927
358 1.0191154479980469
359 0.46962130069732666
360 0.8966216444969177
361 0.8360787630081177
362 0.5461263656616211
363 0.859628438949585
364 0.36061811447143555
365 0.9123652577400208
366 0.5843676328659058
367 0.47377684712409973
368 0.4975682199001312
369 0.9691793918609619
370 0.9688511490821838
371 0.6523206830024719
372 1.103692889213562
373 0.7810606956481934
374 0.9377564191818237
375 1.6057440042495728
376 1.1793861389160156
377 0.6782585382461548
378 1.2335023880004883
379 0.8706438541412354
380 0.6146154403686523
381 0.527945339679718
382 0.5348676443099976
383 0.8802591562271118
384 0.29989540576934814
385 1.0948561429977417
386 0.971637487411499
387 0.8855389952659607
388 1.7805174589157104
389 1.2200467586517334
390 0.7875954508781433
391 0.5349584817886353
392 0.382835328578949
393 0.5765690803527832
394 0.40042898058891296
395 0.6268243789672852
396 0.44939252734184265
397 0.24147525429725647
398 0.38261640071868896
399 0.7236202359199524
400 0.5404787659645081
401 0.7672858238220215
402 0.7303586006164551
403 0.7559208273887634
404 0.9108918905258179
405 1.063858151435852
406 0.8022496700286865
407 0.8532711267471313
408 0.8384783864021301
409 0.42537036538124084
410 0.8947991132736206
411 1.2675906419754028
412 0.7235679626464844
413 1.0626344680786133
414 0.7398735284805298
415 0.6610643267631531
416 0.9345540404319763
417 0.564537763595581
418 0.4676525592803955
419 0.8869873285293579
420 0.7212751507759094
421 0.4019398093223572
422 0.382183700799942
423 0.629959225654602
424 0.6785648465156555
425 0.4521962106227875
426 0.8609340190887451
427 0.7320489883422852
428 0.6445630192756653
429 0.5180190205574036
430 0.6022158265113831
431 0.6794143915176392
432 0.5698751211166382
433 0.8657859563827515
434 1.1510136127471924
435 0.4804529845714569
436 0.7916167378425598
437 0.7873260378837585
438 0.5465487837791443
439 0.5259729027748108
440 0.3750416934490204
441 0.6821072697639465
442 0.7832116484642029
443 0.9809522032737732
444 1.0545238256454468
445 1.2219477891921997
446 0.9589966535568237
447 1.0797618627548218
448 0.9394105076789856
449 1.0367538928985596
450 0.9573756456375122
451 1.150928020477295
452 0.8032572865486145
453 0.8797631859779358
454 0.8481749296188354
455 0.6956621408462524
456 0.5687751770019531
457 0.7080970406532288
458 1.1862516403198242
459 0.8264964818954468
460 0.9670602083206177
461 0.5793498158454895
462 0.8854823112487793
463 0.8730549216270447
464 0.8571641445159912
465 1.1419000625610352
466 0.6583678722381592
467 0.9696145057678223
468 0.8193763494491577
469 0.783203661441803
470 0.7156476378440857
471 0.9836430549621582
472 1.1424864530563354
473 0.9854468703269958
474 0.6895649433135986
475 0.7537114024162292
476 0.9470852613449097
477 0.7160001397132874
478 0.7396218180656433
479 1.0518115758895874
480 0.9355881810188293
481 0.8630367517471313
482 0.5204519629478455
483 0.513328492641449
484 0.6228346228599548
485 1.0328336954116821
486 0.8345968723297119
487 0.5393907427787781
488 0.7037236094474792
489 0.8679443001747131
490 0.6330823302268982
491 0.7383229732513428
492 0.74266117811203
493 0.5123390555381775
494 0.5027440786361694
495 0.9146079421043396
496 0.41651225090026855
497 0.8607999086380005
498 0.7502281069755554
499 0.5346478223800659
500 1.0842918157577515
501 0.9888702630996704
502 0.824273943901062
503 0.44707122445106506
504 0.411729097366333
505 0.8789464831352234
506 0.6938962936401367
507 0.9417722225189209
508 0.709489107131958
509 0.7253110408782959
510 0.74845951795578
511 1.0364032983779907
512 0.8454492688179016
513 0.9749902486801147
514 1.329392433166504
515 0.7132928967475891
516 0.5134243965148926
517 0.37433281540870667
518 0.4250362515449524
519 0.317440390586853
520 0.8301994800567627
521 1.04590904712677
522 0.9551933407783508
523 0.7194541096687317
524 0.5280643701553345
525 0.3271423876285553
526 0.925812304019928
527 0.4543704092502594
528 0.6486672163009644
529 0.4620378315448761
530 0.5178742408752441
531 0.5579653978347778
532 0.4410015642642975
533 0.7445423007011414
534 0.8189581632614136
535 0.6080102920532227
536 0.5281606316566467
537 0.49696940183639526
538 0.6175742149353027
539 0.8063575029373169
540 0.39470890164375305
541 0.41053423285484314
542 0.5962719321250916
543 0.7937008142471313
544 0.5553377866744995
545 0.5875189900398254
546 0.4036710560321808
547 0.2913307249546051
548 0.554205060005188
549 0.46192628145217896
550 0.5385026931762695
551 0.7088074088096619
552 0.7006121873855591
553 0.39513859152793884
554 0.4932996332645416
555 0.49226370453834534
556 0.4975779354572296
557 0.269030898809433
558 0.4506695568561554
559 0.4934121370315552
560 0.8037055730819702
561 0.8708529472351074
562 0.7393338680267334
563 0.5531339645385742
564 0.7441957592964172
565 0.4570768475532532
566 0.7886133790016174
567 0.4961409568786621
568 0.49225953221321106
569 1.0087026357650757
570 0.5642287731170654
571 0.8282697796821594
572 0.8678868412971497
573 0.46539148688316345
574 0.7508357167243958
575 0.8799175024032593
576 1.1180168390274048
577 1.1919575929641724
578 1.3231582641601563
579 1.1504350900650024
580 0.8740748763084412
581 0.5225988626480103
582 0.784106969833374
583 0.9274250268936157
584 0.7582795023918152
585 0.7141087651252747
586 0.5122475624084473
587 0.7813180088996887
588 0.7044106721878052
589 0.5921592712402344
590 0.6809573769569397
591 0.5879084467887878
592 0.6507645845413208
593 0.7907179594039917
594 1.1195378303527832
595 1.0004055500030518
596 1.5257081985473633
597 1.5174801349639893
598 1.6133761405944824
599 1.7589340209960938
600 1.8091566562652588
601 1.60073983669281
602 1.8965438604354858
603 1.559104084968567
604 1.688012957572937
605 1.8712741136550903
606 2.0257058143615723
607 1.8493155241012573
608 1.777558445930481
609 1.372164011001587
610 1.334299087524414
611 0.9926430583000183
612 0.5129730105400085
613 0.7863099575042725
614 0.548632025718689
615 0.4511204957962036
616 0.7720739841461182
617 0.9294509887695313
618 0.9400767683982849
619 0.8483637571334839
620 1.1735963821411133
621 0.5974323749542236
622 0.6400917768478394
623 0.9075287580490112
624 0.6373523473739624
625 0.39875125885009766
626 0.5430046319961548
627 0.3578749895095825
628 0.4647162854671478
629 0.4655042886734009
630 0.6094862818717957
631 0.4803003668785095
632 0.40286093950271606
633 0.5099357962608337
634 0.4176449477672577
635 0.5234224200248718
636 0.6458022594451904
637 0.47678306698799133
638 0.6808672547340393
639 0.6615318655967712
640 0.8640478849411011
641 0.43190672993659973
642 0.46196627616882324
643 0.5272139310836792
644 0.4143916368484497
645 0.48905476927757263
646 0.5719451904296875
647 0.7390980124473572
648 0.5712514519691467
649 0.5231449604034424
650 0.6723749041557312
651 0.272493839263916
652 0.6969723105430603
653 0.27517765760421753
654 0.48013070225715637
655 0.658859133720398
656 0.3792940080165863
657 0.7044196724891663
658 1.2388986349105835
659 0.8300431370735168
660 0.5526611804962158
661 0.7013663649559021
662 0.8800315260887146
663 0.6421205997467041
664 0.5860882997512817
665 0.47862333059310913
666 0.7484831213951111
667 0.8598936796188354
668 0.8016806840896606
669 0.6443368196487427
670 0.46814781427383423
671 0.349793940782547
672 0.565154492855072
673 0.3726941645145416
674 0.7592777609825134
675 0.6421555280685425
676 0.41395139694213867
677 0.6146571040153503
678 0.39656680822372437
679 0.5688844919204712
680 0.5229595303535461
681 0.49401599168777466
682 0.470934122800827
683 0.5304422974586487
684 0.7027450799942017
685 0.6819535493850708
686 0.587059497833252
687 0.27493834495544434
688 0.6641458868980408
689 0.17413921654224396
690 0.54096519947052
691 0.27722543478012085
692 0.43913668394088745
693 0.588520348072052
694 0.4275359809398651
695 0.4724581241607666
696 0.33733272552490234
697 0.5431857109069824
698 0.6551420092582703
699 0.24398930370807648
700 0.3578518331050873
701 0.6220653057098389
702 0.4169163107872009
703 0.5380909442901611
704 0.9101659655570984
705 1.1367219686508179
706 1.3192009925842285
707 1.2010709047317505
708 0.9391551613807678
709 0.5562812685966492
710 1.0276401042938232
711 0.8504444360733032
712 0.7938817739486694
713 1.097002387046814
714 0.756056547164917
715 1.1241496801376343
716 1.0213948488235474
717 0.894365668296814
718 1.1213873624801636
719 0.9371989369392395
720 0.587269127368927
721 0.6035547852516174
722 1.3255633115768433
723 0.8470496535301208
724 1.0470198392868042
725 0.890670895576477
726 0.4069114327430725
727 0.5695507526397705
728 0.5993267297744751
729 0.7404088973999023
730 0.8837050795555115
731 0.6307212114334106
732 0.7129886746406555
733 0.5261148810386658
734 0.5875725746154785
735 0.8168166875839233
736 0.828955888748169
737 1.2266829013824463
738 0.9925551414489746
739 0.7324934601783752
740 0.6570907831192017
741 0.8874552249908447
742 0.8294848799705505
743 0.8550204038619995
744 0.8097211718559265
745 1.0593245029449463
746 1.1400452852249146
747 0.9406790733337402
748 0.8109946846961975
749 0.9529018998146057
750 1.2335330247879028
751 1.671625018119812
752 1.0460125207901
753 1.462587594985962
754 1.6775319576263428
755 0.9813141822814941
756 1.128431797027588
757 1.1669325828552246
758 1.628904938697815
759 1.5716077089309692
760 1.2858227491378784
761 0.9920250773429871
762 0.767424464225769
763 0.9670085310935974
764 1.4305002689361572
765 0.8276470303535461
766 1.0122926235198975
767 1.1550769805908203
768 0.6569066643714905
769 0.7581852078437805
770 0.8655849695205688
771 0.8729323744773865
772 0.5270359516143799
773 0.9019288420677185
774 1.040021300315857
775 0.8150896430015564
776 0.5456525683403015
777 1.0955458879470825
778 0.9371214509010315
779 0.9564059972763062
780 1.129433274269104
781 0.9427775740623474
782 1.4333406686782837
783 0.9633540511131287
784 1.1447112560272217
785 0.8265767097473145
786 0.3802112638950348
787 0.8430730104446411
788 0.990748941898346
789 1.0100914239883423
790 1.3808587789535522
791 1.2805744409561157
792 1.1153267621994019
793 1.0829893350601196
794 1.2782114744186401
795 1.1453957557678223
796 1.5352922677993774
797 1.4016059637069702
798 0.7672405242919922
799 0.9249279499053955
800 1.2930395603179932
801 1.272261142730713
802 0.7816076874732971
803 1.3071708679199219
804 1.4827607870101929
805 1.2233428955078125
806 0.8249551057815552
807 1.2599791288375854
808 0.8663039803504944
809 1.176389217376709
810 1.3046191930770874
811 1.0239242315292358
812 1.1011650562286377
813 1.100223183631897
814 1.591356635093689
815 1.7222148180007935
816 2.110534906387329
817 1.702022671699524
818 1.9819997549057007
819 1.5842628479003906
820 1.7596745491027832
821 1.9108880758285522
822 1.698767900466919
823 2.4143617153167725
824 2.0730490684509277
825 2.50019907951355
826 2.0268638134002686
827 1.519041657447815
828 2.6856472492218018
829 2.392642021179199
830 1.9397284984588623
831 2.0326383113861084
832 1.463810682296753
833 2.0121848583221436
834 1.4255505800247192
835 1.552758812904358
836 2.124835252761841
837 2.173579692840576
838 2.1478679180145264
839 1.406476616859436
840 1.664319634437561
841 2.05307674407959
842 1.7923612594604492
843 1.937148094177246
844 2.143470048904419
845 2.0031120777130127
846 1.7383109331130981
847 1.520707368850708
848 1.8267288208007813
849 1.8587287664413452
850 2.0051140785217285
851 2.1175501346588135
852 1.953467845916748
853 2.0023484230041504
854 1.2790712118148804
855 0.9507759213447571
856 0.9192763566970825
857 1.5708073377609253
858 0.9089255928993225
859 0.8841496706008911
860 1.1975352764129639
861 0.8570777773857117
862 0.9246340990066528
863 0.7654696702957153
864 0.9453118443489075
865 0.9395229816436768
866 0.5205652117729187
867 1.1798300743103027
868 1.3753395080566406
869 0.7600557208061218
870 0.6408045291900635
871 0.6514133214950562
872 0.5714414119720459
873 0.6897293329238892
874 0.6046749353408813
875 0.6381198167800903
876 0.6503495573997498
877 0.4708058834075928
878 0.6009997129440308
879 0.4036168158054352
880 0.46729937195777893
881 0.425728440284729
882 0.5545603036880493
883 0.7795097231864929
884 0.8706009984016418
885 0.5565973520278931
886 0.7734589576721191
887 0.7411262392997742
888 1.239614486694336
889 1.3905956745147705
890 1.1117088794708252
891 1.0502991676330566
892 1.3159066438674927
893 1.3007930517196655
894 1.1476398706436157
895 0.8994482755661011
896 0.8413527011871338
897 0.9361397624015808
898 0.6885200142860413
899 1.3902109861373901
900 1.3538053035736084
901 0.8660498857498169
902 1.1888084411621094
903 1.4058411121368408
904 1.2781579494476318
905 1.7253141403198242
906 1.3551260232925415
907 1.575512409210205
908 1.3392616510391235
909 1.5255385637283325
910 2.099226951599121
911 1.8796043395996094
912 1.4187579154968262
913 1.7324748039245605
914 1.2149869203567505
915 1.0415444374084473
916 0.6985154151916504
917 0.9835179448127747
918 0.9084647297859192
919 1.0674889087677002
920 0.5363790392875671
921 0.8286883234977722
922 0.9246322512626648
923 0.9428269863128662
924 0.7288834452629089
925 1.453960657119751
926 0.6747328042984009
927 0.8835506439208984
928 1.0388656854629517
929 1.0875890254974365
930 0.7697035670280457
931 1.141335368156433
932 1.2329750061035156
933 1.5209918022155762
934 1.2358331680297852
935 1.40413236618042
936 0.8293943405151367
937 1.2269445657730103
938 1.165950894355774
939 1.463812232017517
940 1.0329848527908325
941 1.3167061805725098
942 0.8400256633758545
943 1.337497353553772
944 1.6148971319198608
945 1.5348081588745117
946 1.3955206871032715
947 1.330390453338623
948 1.307810664176941
949 1.0566444396972656
950 1.2336262464523315
951 0.8439655303955078
952 1.2573696374893188
953 1.538041353225708
954 1.4528727531433105
955 1.0630621910095215
956 1.3538765907287598
957 1.6306060552597046
958 2.1441454887390137
959 1.8584667444229126
960 1.3319900035858154
961 1.5325385332107544
962 1.7234888076782227
963 1.7279112339019775
964 1.892469882965088
965 1.4946985244750977
966 2.182922840118408
967 1.5237818956375122
968 1.2093141078948975
969 1.2386938333511353
970 1.2784817218780518
971 1.5968456268310547
972 1.5508862733840942
973 1.823363184928894
974 1.2829169034957886
975 1.1380807161331177
976 1.4936153888702393
977 1.8608944416046143
978 1.52572762966156
979 1.4915592670440674
980 1.4918595552444458
981 1.3005759716033936
982 1.1120107173919678
983 2.031094551086426
984 1.5864568948745728
985 0.93863844871521
986 1.006590485572815
987 1.2967180013656616
988 0.6288681030273438
989 1.166459083557129
990 0.6471019983291626
991 1.2309218645095825
992 1.014783263206482
993 1.0911616086959839
994 1.2540174722671509
995 0.9151923060417175
996 0.8959454894065857
997 1.0136475563049316
998 1.4243690967559814
999 0.9194943904876709
1000 0.7430494427680969
1001 0.7270509004592896
1002 1.063227891921997
1003 0.873992919921875
1004 0.830690324306488
1005 0.6626702547073364
1006 0.2506858706474304
1007 0.6368467807769775
1008 0.6198762059211731
1009 0.6895866394042969
1010 0.5922877788543701
1011 0.6270846724510193
1012 0.8675968050956726
1013 0.3981645107269287
1014 1.0962612628936768
1015 0.4564596712589264
1016 0.25360307097435
1017 0.7206524610519409
1018 0.30201882123947144
1019 0.6189960241317749
1020 0.6345221400260925
1021 0.43270331621170044
1022 0.7952348589897156
1023 0.6660903096199036
1024 0.506479799747467
1025 0.4561217427253723
1026 0.65867680311203
1027 0.40449953079223633
1028 0.7022277116775513
1029 0.9022047519683838
1030 0.7772678732872009
1031 0.602388858795166
1032 1.1078503131866455
1033 1.245558500289917
1034 0.733043372631073
1035 1.0180221796035767
1036 0.5895555019378662
1037 0.5867162942886353
1038 0.8253018856048584
1039 0.529033362865448
1040 0.8472482562065125
1041 0.7269778847694397
1042 1.1177964210510254
1043 0.619570791721344
1044 0.45751067996025085
1045 0.7125584483146667
1046 0.9009599089622498
1047 1.0887203216552734
1048 0.5113527178764343
1049 0.466396689414978
1050 0.3257826268672943
1051 0.8371987342834473
1052 0.5227241516113281
1053 0.7428503036499023
1054 1.0851384401321411
1055 0.7252604961395264
1056 0.44017577171325684
1057 0.7368095517158508
1058 0.5968276262283325
1059 0.6928845047950745
1060 1.0194811820983887
1061 1.0391926765441895
1062 1.0633753538131714
1063 1.009845495223999
1064 0.8535041809082031
1065 0.8456258773803711
1066 0.6169949769973755
1067 0.789801836013794
1068 0.7238351106643677
1069 0.958186686038971
1070 0.6702805161476135
1071 0.6501396298408508
1072 0.6154364347457886
1073 0.6473765969276428
1074 0.7585980892181396
1075 0.6388903856277466
1076 0.4233575761318207
1077 0.4926242232322693
1078 0.7165088653564453
1079 0.6207616329193115
1080 0.9065712094306946
1081 0.5094048976898193
1082 0.4401848316192627
1083 0.6709063649177551
1084 0.6075946092605591
1085 0.5219031572341919
1086 0.6915919184684753
1087 0.7338353395462036
1088 0.6254209280014038
1089 0.5217316746711731
1090 0.8713868856430054
1091 1.1741321086883545
1092 0.7277060151100159
1093 0.843855619430542
1094 0.9769762754440308
1095 0.9519895911216736
1096 0.4977961480617523
1097 0.5110446214675903
1098 0.3603745400905609
1099 0.39336517453193665
1100 0.7216210961341858
1101 0.5669216513633728
1102 0.6074455976486206
1103 0.3345499336719513
1104 0.5954049825668335
1105 0.9353973269462585
1106 0.46597936749458313
1107 0.7003074884414673
1108 0.9681136012077332
1109 1.1866302490234375
1110 1.0660990476608276
1111 1.2082918882369995
1112 1.1874189376831055
1113 1.3777787685394287
1114 1.0286904573440552
1115 1.888451337814331
1116 1.138108491897583
1117 1.1855924129486084
1118 1.2107890844345093
1119 1.2151163816452026
1120 1.0106562376022339
1121 1.1046394109725952
1122 1.4917696714401245
1123 1.8996343612670898
1124 1.1071621179580688
1125 1.5271693468093872
1126 1.789637565612793
1127 1.805207371711731
1128 1.5428690910339355
1129 0.7133846879005432
1130 0.6291621327400208
1131 0.7183961272239685
1132 0.7679927945137024
1133 0.9116820693016052
1134 0.8757784366607666
1135 0.3344764709472656
1136 0.7250375747680664
1137 0.7536705732345581
1138 1.0366926193237305
1139 0.4301713705062866
1140 0.46644914150238037
1141 0.583245575428009
1142 0.4465520679950714
1143 0.7251404523849487
1144 0.5719603300094604
1145 0.46415814757347107
1146 0.7704309821128845
1147 0.9534351825714111
1148 0.4405941665172577
1149 0.7732734680175781
1150 0.7422301769256592
1151 0.8232378959655762
1152 0.9812545776367188
1153 0.9473131895065308
1154 0.849911093711853
1155 0.7285454273223877
1156 0.831149160861969
1157 0.5920085906982422
1158 0.4957998991012573
1159 0.7158227562904358
1160 0.6054849028587341
1161 0.44391676783561707
1162 0.49481937289237976
1163 0.7295795679092407
1164 0.524145245552063
1165 0.5403057932853699
1166 0.7453615665435791
1167 0.5838806629180908
1168 0.781822919845581
1169 0.4112793803215027
1170 0.6816890239715576
1171 0.970421552658081
1172 1.0078890323638916
1173 0.8697735071182251
1174 0.6920918226242065
1175 0.594826877117157
1176 0.23729191720485687
1177 0.8124991655349731
1178 0.38991037011146545
1179 0.9561101794242859
1180 0.43513134121894836
1181 0.5368947386741638
1182 0.5847040414810181
1183 0.5586429834365845
1184 0.6324893832206726
1185 0.6205806732177734
1186 0.8085314035415649
1187 0.5291412472724915
1188 0.7586715221405029
1189 0.7129849195480347
1190 0.7632943987846375
1191 0.9157302975654602
1192 0.8186855316162109
1193 0.6737617254257202
1194 0.4307838976383209
1195 0.44218966364860535
1196 0.8007267117500305
1197 0.6852121949195862
1198 0.8380315899848938
1199 0.599536657333374
1200 1.1223034858703613
1201 0.806752622127533
1202 0.765352189540863
1203 0.711258053779602
1204 0.6824793815612793
1205 0.6139355897903442
1206 0.4570138454437256
1207 0.5646901726722717
1208 0.7058300971984863
1209 0.3676411211490631
1210 0.7331348657608032
1211 1.3498228788375854
1212 0.9825674891471863
1213 0.5135138630867004
1214 0.7465680837631226
1215 0.5527088642120361
1216 0.47238197922706604
1217 0.5151247382164001
1218 0.5428570508956909
1219 1.0740249156951904
1220 0.8462889194488525
1221 0.8613564372062683
1222 0.8469467163085938
1223 0.858769416809082
1224 1.1737200021743774
1225 0.6909810900688171
1226 0.42826664447784424
1227 0.3016018867492676
1228 0.6369419097900391
1229 0.5134296417236328
1230 0.9022200107574463
1231 1.0934869050979614
1232 0.7042463421821594
1233 0.670489490032196
1234 0.39510560035705566
1235 0.6239139437675476
1236 0.6572160720825195
1237 0.7714283466339111
1238 0.5560024976730347
1239 0.46557343006134033
1240 0.9083569645881653
1241 0.2620607316493988
1242 0.33740052580833435
1243 0.6357707381248474
1244 0.6132099628448486
1245 0.3329907953739166
1246 0.6370167136192322
1247 0.5019956231117249
1248 0.41694217920303345
1249 0.4655062258243561
1250 0.7156872153282166
1251 0.5849060416221619
1252 0.633704662322998
1253 0.5808706879615784
1254 1.0393750667572021
1255 0.9623567461967468
1256 0.8885979056358337
1257 0.7162885069847107
1258 0.5835028290748596
1259 0.7790413498878479
1260 0.5908031463623047
1261 0.8590086698532104
1262 0.6168766617774963
1263 0.6874278783798218
1264 0.7461392283439636
1265 0.36224475502967834
1266 0.35399067401885986
1267 0.5864875912666321
1268 0.9833158254623413
1269 0.5499508380889893
1270 0.6870594620704651
1271 0.5224524140357971
1272 0.7282081246376038
1273 0.6332759857177734
1274 0.843273401260376
1275 0.8926328420639038
1276 0.8788889050483704
1277 0.6823826432228088
1278 1.0618698596954346
1279 1.0107316970825195
1280 0.8865036368370056
1281 0.5305423736572266
1282 0.9624933004379272
1283 0.3127329647541046
1284 1.125235676765442
1285 0.9718705415725708
1286 1.1294180154800415
1287 0.6285390257835388
1288 0.6020531058311462
1289 0.3697877526283264
1290 0.787719190120697
1291 0.7320369482040405
1292 0.6192077398300171
1293 0.4437031149864197
1294 0.8167922496795654
1295 0.8028742074966431
1296 0.7118188738822937
1297 0.9496616721153259
1298 1.1716227531433105
1299 0.43310150504112244
1300 0.7959731221199036
1301 0.5478989481925964
1302 0.48577752709388733
1303 0.7109007239341736
1304 0.8001989126205444
1305 0.6993436813354492
1306 0.9244019389152527
1307 0.7312839031219482
1308 0.6157994866371155
1309 0.4115435481071472
1310 0.6051371097564697
1311 0.7992943525314331
1312 0.8299186825752258
1313 0.4259900152683258
1314 0.34299764037132263
1315 0.8485059142112732
1316 0.7679339647293091
1317 0.7383343577384949
1318 0.8648072481155396
1319 0.9383066892623901
1320 0.6013319492340088
1321 0.7660291790962219
1322 0.8450983166694641
1323 0.9964322447776794
1324 0.7562398910522461
1325 0.4582827687263489
1326 0.7094017863273621
1327 0.9204089641571045
1328 0.9443414211273193
1329 0.6771096587181091
1330 1.275667428970337
1331 0.9032014608383179
1332 1.0740903615951538
1333 0.5977575182914734
1334 1.2204484939575195
1335 0.7134515047073364
1336 0.6766659021377563
1337 0.5441594123840332
1338 0.423696368932724
1339 0.5449075102806091
1340 0.6160595417022705
1341 0.9531269669532776
1342 0.8392443060874939
1343 0.8826842904090881
1344 0.756673276424408
1345 0.6291240453720093
1346 0.6464509963989258
1347 0.19598841667175293
1348 0.5603470206260681
1349 0.5151439905166626
1350 0.4407244324684143
1351 0.7327266931533813
1352 0.7671893835067749
1353 0.8195276856422424
1354 0.5214075446128845
1355 1.2494374513626099
1356 0.46162351965904236
1357 0.5884976983070374
1358 0.6019287109375
1359 0.49623098969459534
1360 0.7395354509353638
1361 0.9077699184417725
1362 0.8065433502197266
1363 1.239408254623413
1364 0.9806965589523315
1365 0.803753674030304
1366 1.1560686826705933
1367 0.9137136936187744
1368 0.6808550357818604
1369 0.7767240405082703
1370 0.6770070195198059
1371 0.5778337717056274
1372 0.7114266753196716
1373 0.6846906542778015
1374 0.4991540014743805
1375 0.7074149250984192
1376 0.6329091787338257
1377 0.9409387707710266
1378 0.6284902691841125
1379 1.001044511795044
1380 0.8354884386062622
1381 0.6060099005699158
1382 0.37282422184944153
1383 0.7261446714401245
1384 0.6696728467941284
1385 0.917378306388855
1386 0.5927748084068298
1387 0.8102938532829285
1388 0.9079203605651855
1389 0.815762996673584
1390 0.5239176750183105
1391 0.21663528680801392
1392 0.7827269434928894
1393 0.5967269539833069
1394 0.7736876606941223
1395 0.5244323015213013
1396 0.9061771631240845
1397 1.201021432876587
1398 0.6940216422080994
1399 0.7220613956451416
1400 0.6458870768547058
1401 0.5213691592216492
1402 1.4193140268325806
1403 0.8115354180335999
1404 1.0502371788024902
1405 1.2765722274780273
1406 0.5692107677459717
1407 0.6173068284988403
1408 0.5255808234214783
1409 0.8729336261749268
1410 0.9155256152153015
1411 0.7117142081260681
1412 0.6542879343032837
1413 0.3768901824951172
1414 0.36296314001083374
1415 0.862155556678772
1416 0.48027467727661133
1417 0.594642698764801
1418 0.7194413542747498
1419 0.7185600996017456
1420 0.5913677215576172
1421 0.8094778060913086
1422 0.5701965689659119
1423 0.6429197192192078
1424 0.9178152084350586
1425 0.7007119059562683
1426 0.4404681324958801
1427 0.6445870995521545
1428 0.9107974767684937
1429 1.360142707824707
1430 0.8430063128471375
1431 0.6696324944496155
1432 0.8407598733901978
1433 0.818453848361969
1434 0.9205264449119568
1435 0.8465715050697327
1436 1.0728094577789307
1437 0.7020778656005859
1438 1.3662294149398804
1439 0.7614927887916565
1440 0.9702304601669312
1441 0.9260767102241516
1442 0.821232795715332
1443 0.7538465857505798
1444 0.5464019775390625
1445 0.27239784598350525
1446 0.5133615732192993
1447 0.8775444030761719
1448 1.1757192611694336
1449 0.9722683429718018
1450 1.0375901460647583
1451 0.2445410043001175
1452 0.5429149866104126
1453 0.5029134154319763
1454 0.3755703568458557
1455 0.8612915277481079
1456 1.0474724769592285
1457 0.5592750310897827
1458 1.4342005252838135
1459 0.7373406887054443
1460 0.5598752498626709
1461 0.3458437919616699
1462 1.026695966720581
1463 0.497824102640152
1464 0.43118682503700256
1465 0.5481414794921875
1466 0.7648853659629822
1467 0.5740073323249817
1468 0.40920770168304443
1469 0.4469032883644104
1470 0.5351261496543884
1471 0.46289509534835815
1472 0.751484215259552
1473 1.0026441812515259
1474 1.0533716678619385
1475 0.5118517875671387
1476 0.8253144025802612
1477 0.6778702735900879
1478 0.6954572796821594
1479 0.5927854776382446
1480 0.6173889636993408
1481 0.5525224804878235
1482 0.8771583437919617
1483 1.0817729234695435
1484 0.8789035081863403
1485 1.2959882020950317
1486 0.7822481393814087
1487 0.9689922332763672
1488 1.0922589302062988
1489 0.6782052516937256
1490 1.2720322608947754
1491 0.7029091119766235
1492 0.5061264038085938
1493 0.6616837382316589
1494 0.843838095664978
1495 0.4207534193992615
1496 0.6890339851379395
1497 0.6388112306594849
1498 0.6723350882530212
1499 0.31234806776046753
1500 0.8583366870880127
1501 0.4969043433666229
1502 0.8268495202064514
1503 0.5025255680084229
1504 0.731212317943573
1505 0.5049764513969421
1506 0.6224368810653687
1507 0.47688028216362
1508 0.8288871049880981
1509 1.0273717641830444
1510 0.8735730648040771
1511 0.37473034858703613
1512 0.6850180625915527
1513 0.5546656847000122
1514 0.7828039526939392
1515 0.49809321761131287
1516 0.6249642968177795
1517 0.5754311680793762
1518 0.9862598776817322
1519 0.4637354910373688
1520 0.9457022547721863
1521 0.6428571343421936
1522 0.3995553255081177
1523 0.5066641569137573
1524 0.5223292112350464
1525 0.744758129119873
1526 1.2056927680969238
1527 0.9294818043708801
1528 0.7183175086975098
1529 1.010369062423706
1530 1.1307605504989624
1531 0.5103990435600281
1532 1.1467254161834717
1533 0.8065744042396545
1534 0.503877580165863
1535 0.7187415957450867
1536 0.9465959072113037
1537 0.7717591524124146
1538 0.9371448755264282
1539 0.34186428785324097
1540 0.6852790117263794
1541 0.6525522470474243
1542 0.39491721987724304
1543 0.6482391953468323
1544 0.676077663898468
1545 0.36719873547554016
1546 0.6132835149765015
1547 0.7946869730949402
1548 0.3847144544124603
1549 1.2806086540222168
1550 0.5957643389701843
1551 0.6671262383460999
1552 0.8882376551628113
1553 0.40100136399269104
1554 0.4963601529598236
1555 0.8348844647407532
1556 0.5490684509277344
1557 0.3955289125442505
1558 0.7962192893028259
1559 0.6991336941719055
1560 0.7193492650985718
1561 0.8758938908576965
1562 0.8135548233985901
1563 0.6826278567314148
1564 0.8053728342056274
1565 0.38535386323928833
1566 0.37870654463768005
1567 0.40217676758766174
1568 0.7580322623252869
1569 0.9453819394111633
1570 0.9033463597297668
1571 0.5634234547615051
1572 0.9907342791557312
1573 0.9426573514938354
1574 0.8810031414031982
1575 0.7446489334106445
1576 0.7842085957527161
1577 1.0461010932922363
1578 1.188100814819336
1579 0.846165657043457
1580 1.1584619283676147
1581 0.7715879082679749
1582 0.6160840392112732
1583 0.7664185762405396
1584 1.0267544984817505
1585 0.5230617523193359
1586 0.9077280163764954
1587 1.3108351230621338
1588 1.090593934059143
1589 0.6641120910644531
1590 0.7827887535095215
1591 0.49975842237472534
1592 0.8209453225135803
1593 1.0445910692214966
1594 0.7284748554229736
1595 0.5677184462547302
1596 0.609351634979248
1597 0.7028631567955017
1598 0.6814447641372681
1599 0.3578277826309204
1600 0.9161357879638672
1601 0.9513499736785889
1602 0.9119963049888611
1603 0.736118733882904
1604 0.7377179265022278
1605 0.7464809417724609
1606 0.6094238758087158
1607 0.3841703534126282
1608 0.8138271570205688
1609 0.39499932527542114
1610 0.620039165019989
1611 0.3876163959503174
1612 0.710870087146759
1613 0.775192379951477
1614 0.683624804019928
1615 0.3248760402202606
1616 0.6170651316642761
1617 0.5863626003265381
1618 0.7303333878517151
1619 0.5901570320129395
1620 0.8641111254692078
1621 0.35487332940101624
1622 0.8436045050621033
1623 0.7547325491905212
1624 0.8377853035926819
1625 0.9624088406562805
1626 0.7017415165901184
1627 0.809339702129364
1628 0.4146242141723633
1629 0.5988155603408813
1630 0.5644980669021606
1631 0.7574618458747864
1632 0.5542895197868347
1633 0.8947365283966064
1634 0.42520323395729065
1635 0.6988937258720398
1636 0.43343138694763184
1637 0.37805643677711487
1638 1.1429375410079956
1639 0.7931323051452637
1640 0.7212365865707397
1641 0.45209231972694397
1642 0.47063806653022766
1643 0.8439316153526306
1644 0.3900061249732971
1645 0.731539249420166
1646 0.3436785936355591
1647 0.7694172859191895
1648 0.9016276001930237
1649 1.2814242839813232
1650 0.6479451060295105
1651 0.5882102847099304
1652 0.528883695602417
1653 0.7527656555175781
1654 0.9017674922943115
1655 1.271803617477417
1656 0.5867761373519897
1657 0.7299936413764954
1658 0.42242610454559326
1659 0.6952835917472839
1660 1.252065896987915
1661 1.0533825159072876
1662 0.7032391428947449
1663 0.948016345500946
1664 0.85923832654953
1665 0.5593135356903076
1666 0.8692313432693481
1667 0.8858067989349365
1668 0.7981420159339905
1669 0.9463244676589966
1670 0.7887853980064392
1671 0.627850353717804
1672 0.8211221098899841
1673 0.4615704417228699
1674 0.7162059545516968
1675 0.9694167971611023
1676 0.4544295072555542
1677 1.0679411888122559
1678 0.8916651010513306
1679 0.4160889983177185
1680 0.8199672102928162
1681 0.6913764476776123
1682 0.9892012476921082
1683 0.7139099836349487
1684 0.4321059286594391
1685 0.8338024616241455
1686 0.7098480463027954
1687 0.80721116065979
1688 0.6575438380241394
1689 0.7015491724014282
1690 0.5011155605316162
1691 0.5225497484207153
1692 0.4915754199028015
1693 0.6169360280036926
1694 1.2520266771316528
1695 0.7482498288154602
1696 0.6905136108398438
1697 0.5461062788963318
1698 0.5420428514480591
1699 1.0734916925430298
1700 0.6187383532524109
1701 0.830935001373291
1702 0.7430357933044434
1703 0.6737980842590332
1704 0.318791002035141
1705 0.5911416411399841
1706 0.7881665825843811
1707 0.8898048400878906
1708 0.8754082322120667
1709 0.8280965089797974
1710 1.0484648942947388
1711 1.1199482679367065
1712 1.11189603805542
1713 0.9533920288085938
1714 0.683944582939148
1715 0.5944520235061646
1716 0.380542516708374
1717 0.8146728277206421
1718 0.8256637454032898
1719 0.8246386051177979
1720 0.6392372846603394
1721 1.2376697063446045
1722 1.035057783126831
1723 0.9453859329223633
1724 0.4941737949848175
1725 0.9138485193252563
1726 1.0537405014038086
1727 1.1622244119644165
1728 0.6187800765037537
1729 0.8331373929977417
1730 0.8567699193954468
1731 1.1251271963119507
1732 0.528989851474762
1733 0.4403545558452606
1734 0.6356949806213379
1735 0.6212378144264221
1736 0.6547805070877075
1737 0.6659506559371948
1738 0.6034435033798218
1739 0.5529700517654419
1740 0.705811083316803
1741 0.44857916235923767
1742 0.40845543146133423
1743 0.9750300645828247
1744 1.089909315109253
1745 0.9984301924705505
1746 1.2296054363250732
1747 1.244756817817688
1748 1.7062973976135254
1749 1.3011724948883057
1750 1.1554055213928223
1751 1.0898581743240356
1752 0.9456252455711365
1753 1.1107364892959595
1754 0.981759786605835
1755 0.9402919411659241
1756 1.6565935611724854
1757 1.666418433189392
1758 1.3826888799667358
1759 1.120036005973816
1760 1.3661251068115234
1761 1.1520285606384277
1762 0.6963520646095276
1763 0.5338192582130432
1764 0.576827883720398
1765 0.7940777540206909
1766 0.7463177442550659
1767 0.633093535900116
1768 1.1497098207473755
1769 0.5684503316879272
1770 0.9578770995140076
1771 0.8740439414978027
1772 0.42813846468925476
1773 0.8489133715629578
1774 0.7267242074012756
1775 0.8274585008621216
1776 0.7360277771949768
1777 1.0456876754760742
1778 0.644852340221405
1779 0.9375262260437012
1780 0.5983214974403381
1781 0.6120128631591797
1782 0.6169731020927429
1783 0.5154234766960144
1784 0.4972221553325653
1785 0.489105224609375
1786 0.5667557716369629
1787 0.3503986597061157
1788 0.5622755289077759
1789 0.6232253909111023
1790 0.4576350748538971
1791 0.8468520641326904
1792 0.7473657131195068
1793 1.050279974937439
1794 0.929857611656189
1795 0.5389946699142456
1796 0.3439820110797882
1797 1.1654762029647827
1798 1.180273413658142
1799 1.0204890966415405
1800 0.7749985456466675
1801 0.6242438554763794
1802 0.42319178581237793
1803 0.5431501865386963
1804 0.781757652759552
1805 0.34880784153938293
1806 1.0194048881530762
1807 0.9274418950080872
1808 0.3752206563949585
1809 0.4641711115837097
1810 0.40290385484695435
1811 0.5767844319343567
1812 0.45657679438591003
1813 1.048317551612854
1814 0.6750456094741821
1815 0.7979324460029602
1816 0.9972802400588989
1817 0.45099467039108276
1818 0.6369295120239258
1819 0.4094737470149994
1820 0.3492484390735626
1821 0.8289387822151184
1822 0.7152873873710632
1823 0.5803471207618713
1824 0.32742857933044434
1825 0.5573185086250305
1826 0.3729640543460846
1827 0.7485488057136536
1828 0.7536141872406006
1829 1.0702670812606812
1830 0.9358866810798645
1831 0.9033999443054199
1832 0.928669273853302
1833 0.8048160672187805
1834 1.0622748136520386
1835 0.6815309524536133
1836 0.45649245381355286
1837 0.6160269975662231
1838 0.8813055157661438
1839 0.9116401076316833
1840 0.565883994102478
1841 0.5234850645065308
1842 0.7796003222465515
1843 0.6189292073249817
1844 0.9296775460243225
1845 0.4776059687137604
1846 1.3732248544692993
1847 1.1063594818115234
1848 1.048102855682373
1849 0.4844963848590851
1850 0.6262661218643188
1851 1.0305863618850708
1852 0.8830191493034363
1853 0.9079663753509521
1854 0.5797989964485168
1855 1.2666414976119995
1856 0.6982450485229492
1857 0.8557602167129517
1858 1.0261586904525757
1859 1.0407555103302002
1860 0.8867424726486206
1861 0.7846344709396362
1862 0.8527215719223022
1863 1.2042455673217773
1864 1.1605618000030518
1865 0.815910279750824
1866 1.193738341331482
1867 0.8349658250808716
1868 0.6944023370742798
1869 0.8420543670654297
1870 1.124647617340088
1871 1.4133143424987793
1872 1.2397090196609497
1873 1.1872854232788086
1874 0.7551523447036743
1875 0.42136216163635254
1876 0.6942963600158691
1877 0.7539712190628052
1878 0.691292941570282
1879 0.623435914516449
1880 0.5975704193115234
1881 0.7718173861503601
1882 1.0813467502593994
1883 0.9327355623245239
1884 1.264359474182129
1885 0.6956719756126404
1886 0.9044868350028992
1887 0.8430245518684387
1888 0.5849533081054688
1889 1.2350863218307495
1890 1.3094522953033447
1891 1.2008084058761597
1892 1.4152405261993408
1893 0.7544804215431213
1894 0.844144344329834
1895 0.4674670696258545
1896 0.7125905752182007
1897 0.5745986700057983
1898 0.8045874238014221
1899 0.41048169136047363
1900 0.6056275367736816
1901 0.3723369538784027
1902 0.6267444491386414
1903 0.48817458748817444
1904 0.6248157024383545
1905 0.5912891030311584
1906 0.9151204228401184
1907 1.1505340337753296
1908 0.5853553414344788
1909 0.8361344933509827
1910 0.6405436992645264
1911 0.8208007216453552
1912 1.1575669050216675
1913 0.7619972825050354
1914 0.776665210723877
1915 0.4508642256259918
1916 0.8269215822219849
1917 1.392690896987915
1918 0.7194116115570068
1919 0.7748004198074341
1920 0.742745578289032
1921 0.8013113141059875
1922 0.5716376900672913
1923 0.5044892430305481
1924 0.5058047771453857
1925 0.8473594784736633
1926 1.4352619647979736
1927 0.9011380672454834
1928 1.0671886205673218
1929 1.07053804397583
1930 0.5368998646736145
1931 1.2945356369018555
1932 0.9034225344657898
1933 0.7949857711791992
1934 1.0768533945083618
1935 1.0208228826522827
1936 0.828369677066803
1937 1.5623109340667725
1938 1.0386627912521362
1939 1.0784457921981812
1940 0.9859699010848999
1941 0.7792506217956543
1942 1.234735369682312
1943 0.7693300247192383
1944 0.8531433939933777
1945 0.5410181283950806
1946 0.8969836831092834
1947 1.0519965887069702
1948 0.4788268208503723
1949 0.9583088159561157
1950 0.6480934619903564
1951 0.5580161809921265
1952 0.5058085322380066
1953 0.4381537139415741
1954 0.4866890609264374
1955 0.4724210500717163
1956 0.5165098309516907
1957 0.375451922416687
1958 0.7270623445510864
1959 0.9007151126861572
1960 0.8384640216827393
1961 0.6945714354515076
1962 0.8269464373588562
1963 0.9507509469985962
1964 0.6893622875213623
1965 0.3362559974193573
1966 0.9881203174591064
1967 0.692120373249054
1968 0.4462786316871643
1969 0.26751887798309326
1970 0.5634498596191406
1971 0.8022478222846985
1972 0.6247477531433105
1973 0.9044211506843567
1974 0.5262959003448486
1975 0.6685466766357422
1976 0.6812019944190979
1977 0.7212725281715393
1978 0.9182097315788269
1979 0.847569465637207
1980 0.5016488432884216
1981 0.3410353660583496
1982 0.5003731846809387
1983 0.4959809184074402
1984 0.6771764755249023
1985 0.9861796498298645
1986 0.3890396058559418
1987 0.36862432956695557
1988 0.7129455208778381
1989 0.6001330614089966
1990 0.5205912590026855
1991 0.595012903213501
1992 0.5966784954071045
1993 0.5586816668510437
1994 0.7489499449729919
1995 0.8099534511566162
1996 0.9675254225730896
1997 0.7264551520347595
1998 0.9708585143089294
1999 0.6293143630027771
