0 0.0
1 0.44712069630622864
2 0.6899641752243042
3 0.4465675950050354
4 0.6356877088546753
5 0.4791773855686188
6 0.46266376972198486
7 0.33767443895339966
8 0.3849141299724579
9 0.6911242008209229
10 0.43995675444602966
11 0.6754821538925171
12 0.6628947854042053
13 0.8142367601394653
14 0.7280540466308594
15 0.7968922853469849
16 0.9407302737236023
17 0.7271357774734497
18 1.1330081224441528
19 1.3484638929367065
20 0.9248998761177063
21 1.1657218933105469
22 0.809263288974762
23 1.0464943647384644
24 1.061042070388794
25 1.225740909576416
26 1.1110719442367554
27 0.8643587231636047
28 1.0819669961929321
29 1.1790679693222046
30 0.8701669573783875
31 0.6916458606719971
32 1.238604187965393
33 0.5976625084877014
34 1.0007599592208862
35 0.899135172367096
36 1.2690740823745728
37 0.916433572769165
38 0.8708218336105347
39 0.5292772650718689
40 0.47032907605171204
41 0.9659537672996521
42 0.7865073084831238
43 1.028009057044983
44 0.8144049048423767
45 1.2739492654800415
46 1.7503033876419067
47 1.5561800003051758
48 1.1247823238372803
49 1.3067519664764404
50 1.5904251337051392
51 1.3854464292526245
52 0.6724401712417603
53 0.868130624294281
54 0.9688470959663391
55 0.7583834528923035
56 0.592989981174469
57 1.1044328212738037
58 1.3691461086273193
59 1.020188331604004
60 1.2450364828109741
61 1.0711214542388916
62 1.0381176471710205
63 1.1553378105163574
64 1.1835248470306396
65 0.9471094012260437
66 0.7027912735939026
67 0.8396851420402527
68 0.937267005443573
69 1.0401936769485474
70 0.7948219180107117
71 0.7986863255500793
72 0.7725180387496948
73 0.8017944693565369
74 0.8262869119644165
75 1.3381094932556152
76 0.8597986102104187
77 0.9220508337020874
78 0.7707279920578003
79 1.0117237567901611
80 1.2465931177139282
81 0.9451825618743896
82 1.3223578929901123
83 1.3240931034088135
84 1.0614964962005615
85 1.0288126468658447
86 0.7600595355033875
87 0.994047999382019
88 0.5477220416069031
89 0.47770431637763977
90 0.5799186825752258
91 0.5541273951530457
92 0.5928406715393066
93 0.3768390417098999
94 0.7007965445518494
95 0.6073558330535889
96 0.9354112148284912
97 0.44462960958480835
98 0.26473796367645264
99 0.39070048928260803
100 0.5792407393455505
101 0.9031482338905334
102 0.9766275882720947
103 0.645068883895874
104 1.0167592763900757
105 0.6416943669319153
106 0.6859681010246277
107 0.7672915458679199
108 0.933069109916687
109 0.8116825819015503
110 0.4365983009338379
111 0.537351131439209
112 0.5426691770553589
113 0.30216243863105774
114 0.5009052753448486
115 0.8346254229545593
116 0.6784703135490417
117 1.2042994499206543
118 0.9812565445899963
119 0.7301621437072754
120 1.4009370803833008
121 1.2969026565551758
122 1.8180409669876099
123 1.3892115354537964
124 1.7038896083831787
125 1.3725477457046509
126 1.2296699285507202
127 1.5366443395614624
128 1.394221305847168
129 0.5551375150680542
130 1.0906915664672852
131 1.2534953355789185
132 0.8882908225059509
133 1.1190645694732666
134 0.7332886457443237
135 1.8571960926055908
136 1.0579006671905518
137 0.8525598049163818
138 1.2173041105270386
139 0.9324734210968018
140 1.2252815961837769
141 1.4231116771697998
142 1.0541486740112305
143 1.182737946510315
144 1.1493995189666748
145 1.4195060729980469
146 0.9429247975349426
147 0.9696776270866394
148 0.9301536679267883
149 1.0459339618682861
150 1.2851555347442627
151 1.5108591318130493
152 1.2296631336212158
153 1.244407057762146
154 1.138731837272644
155 1.207305669784546
156 1.4860433340072632
157 1.052237868309021
158 1.0885601043701172
159 1.0166414976119995
160 0.8291338682174683
161 1.226289987564087
162 1.1188549995422363
163 1.1096407175064087
164 1.4278684854507446
165 1.0751057863235474
166 0.6439144611358643
167 0.44768476486206055
168 0.7958411574363708
169 1.0484346151351929
170 0.805396556854248
171 0.9284229278564453
172 0.8168488144874573
173 0.6783996224403381
174 0.5583938956260681
175 0.6259452700614929
176 0.7570975422859192
177 0.6133995652198792
178 0.587173581123352
179 0.6094006299972534
180 0.7516022324562073
181 0.40112197399139404
182 0.8551484942436218
183 0.6843781471252441
184 0.548309862613678
185 1.3050857782363892
186 1.6212279796600342
187 0.7901767492294312
188 0.8877642154693604
189 0.7203235626220703
190 0.8904487490653992
191 0.9393098950386047
192 1.3125704526901245
193 0.9047020673751831
194 0.43247783184051514
195 0.6360775828361511
196 0.492757111787796
197 1.0444889068603516
198 0.7976441979408264
199 1.22108793258667
200 1.0926233530044556
201 1.219670295715332
202 1.2452418804168701
203 1.3967595100402832
204 0.9386985301971436
205 1.1334489583969116
206 1.2253024578094482
207 0.8436177372932434
208 0.6437917947769165
209 0.45202749967575073
210 0.38955140113830566
211 0.48201486468315125
212 0.6763958930969238
213 0.8198029398918152
214 1.2358992099761963
215 0.3778422176837921
216 0.5866659879684448
217 0.5596674084663391
218 0.86966472864151
219 0.7989614009857178
220 0.7364581823348999
221 0.4437386989593506
222 0.5774444341659546
223 0.5852804780006409
224 0.8004336357116699
225 0.8940709233283997
226 0.9987432360649109
227 1.0949082374572754
228 0.8608982563018799
229 1.0577423572540283
230 0.875659167766571
231 0.6916519403457642
232 0.3075076937675476
233 0.6619775295257568
234 0.6478146910667419
235 0.9360129237174988
236 0.36714833974838257
237 0.40000084042549133
238 0.5431609749794006
239 0.4062894880771637
240 0.5404011607170105
241 0.41188421845436096
242 0.7600805163383484
243 1.262625813484192
244 0.6165739297866821
245 1.0313646793365479
246 1.2496881484985352
247 0.9775593876838684
248 0.812711775302887
249 1.4473419189453125
250 0.8311473727226257
251 0.26551178097724915
252 1.1804786920547485
253 1.1750913858413696
254 1.3047372102737427
255 1.3768086433410645
256 0.8557345867156982
257 1.1296451091766357
258 1.0421274900436401
259 1.3230124711990356
260 1.127372145652771
261 1.5650054216384888
262 1.2640589475631714
263 1.2774109840393066
264 1.5223901271820068
265 1.7454230785369873
266 1.5521734952926636
267 2.1679770946502686
268 1.6288694143295288
269 1.6753854751586914
270 1.2197216749191284
271 0.8746336698532104
272 1.08273446559906
273 1.0629545450210571
274 0.6807346343994141
275 0.9645661115646362
276 0.9358128905296326
277 0.4062650203704834
278 0.7982573509216309
279 1.1835054159164429
280 1.6383411884307861
281 1.7689788341522217
282 1.6664496660232544
283 1.8047734498977661
284 1.7753381729125977
285 1.6337319612503052
286 1.432822823524475
287 1.5554897785186768
288 1.0154612064361572
289 0.9880393147468567
290 0.9984819293022156
291 0.7625986933708191
292 1.3007618188858032
293 1.3027150630950928
294 1.2189323902130127
295 1.2183858156204224
296 1.4536675214767456
297 1.4538506269454956
298 1.4102293252944946
299 1.6199806928634644
300 1.026249885559082
301 1.4799622297286987
302 1.469875454902649
303 1.5741286277770996
304 1.8006235361099243
305 1.2365479469299316
306 1.252129316329956
307 1.0096492767333984
308 0.9144754409790039
309 1.101677417755127
310 1.4064053297042847
311 1.6958597898483276
312 1.6889561414718628
313 1.344188928604126
314 1.5804457664489746
315 1.478934407234192
316 1.5397026538848877
317 1.393721103668213
318 1.2450295686721802
319 1.1678295135498047
320 1.82835054397583
321 1.823140263557434
322 0.6594911813735962
323 0.6447166800498962
324 0.5817888975143433
325 0.4695799946784973
326 0.4486774206161499
327 0.45290684700012207
328 1.7119338512420654
329 1.101049542427063
330 1.0112873315811157
331 1.2758142948150635
332 1.024918556213379
333 0.6275908946990967
334 0.36900413036346436
335 0.5253874063491821
336 1.051099181175232
337 0.7269085049629211
338 0.7620751261711121
339 1.451922059059143
340 0.7220810651779175
341 0.6177730560302734
342 0.662656307220459
343 1.335070252418518
344 1.093039870262146
345 1.2850322723388672
346 1.2003360986709595
347 1.1686488389968872
348 1.326055884361267
349 1.4278851747512817
350 1.0376026630401611
351 0.8411866426467896
352 0.5962855219841003
353 0.7550692558288574
354 1.0785200595855713
355 1.533408522605896
356 1.4123140573501587
357 0.9958552718162537
358 1.641709566116333
359 1.3687063455581665
360 0.9914134740829468
361 1.0700074434280396
362 1.2737984657287598
363 1.052608609199524
364 1.0553253889083862
365 0.7540848255157471
366 0.9503232836723328
367 1.222132921218872
368 1.2242964506149292
369 0.9214363098144531
370 0.9480785727500916
371 1.3766628503799438
372 1.2185875177383423
373 1.539449691772461
374 1.3549820184707642
375 1.2131084203720093
376 1.0305322408676147
377 1.7790042161941528
378 0.8511049747467041
379 0.4796307384967804
380 0.7017456889152527
381 1.1602388620376587
382 0.6983751654624939
383 0.9841926693916321
384 1.0889599323272705
385 1.4052557945251465
386 0.9236293435096741
387 0.9144005179405212
388 1.0178412199020386
389 1.2943328619003296
390 1.2436199188232422
391 1.03453528881073
392 0.6916191577911377
393 0.40369343757629395
394 0.34726032614707947
395 0.6072291135787964
396 0.32665836811065674
397 0.19513854384422302
398 0.600077211856842
399 0.7713319659233093
400 0.5174883604049683
401 0.8195907473564148
402 0.7049931883811951
403 0.9826008081436157
404 0.5164936184883118
405 0.8530476689338684
406 0.9166440963745117
407 0.419018030166626
408 0.5270475745201111
409 0.6408882141113281
410 0.5604645609855652
411 0.24538041651248932
412 0.671820878982544
413 0.8963636755943298
414 1.0699868202209473
415 1.3590822219848633
416 1.301522135734558
417 0.9298761487007141
418 0.8812980651855469
419 0.8703252077102661
420 1.0360459089279175
421 0.7815588116645813
422 0.7665542960166931
423 1.5120309591293335
424 1.055016040802002
425 1.2055200338363647
426 0.6608860492706299
427 1.2934378385543823
428 0.8722830414772034
429 1.036668300628662
430 0.7623316049575806
431 1.503822684288025
432 1.101319670677185
433 0.9455351829528809
434 0.7555156946182251
435 1.5801595449447632
436 1.3500423431396484
437 1.1764967441558838
438 0.8632518649101257
439 1.3967375755310059
440 0.819159746170044
441 1.1200774908065796
442 1.3362631797790527
443 1.4840850830078125
444 1.4443341493606567
445 1.0020455121994019
446 1.151489496231079
447 1.2071596384048462
448 1.526025414466858
449 1.2793185710906982
450 1.6515522003173828
451 1.2160165309906006
452 1.583886981010437
453 1.3024653196334839
454 1.246969223022461
455 1.5596089363098145
456 1.3020379543304443
457 1.4152560234069824
458 1.130285382270813
459 0.9262939691543579
460 0.8714777231216431
461 1.177160382270813
462 0.8203482031822205
463 0.2903256118297577
464 1.1443090438842773
465 1.2490668296813965
466 0.7328511476516724
467 0.8386298418045044
468 0.5295695066452026
469 0.41537579894065857
470 1.2817020416259766
471 0.4111519753932953
472 0.8073506951332092
473 0.7027379870414734
474 0.6735330820083618
475 0.6756901741027832
476 1.063933253288269
477 0.586883008480072
478 0.5501729846000671
479 0.7366703748703003
480 0.4220028817653656
481 0.7312631011009216
482 0.7726486325263977
483 0.3839847147464752
484 0.680202841758728
485 0.5960612893104553
486 0.7622309327125549
487 0.9706489443778992
488 1.1185227632522583
489 0.39260509610176086
490 0.7762183547019958
491 0.564695417881012
492 0.8508076667785645
493 0.6277859210968018
494 0.4501085579395294
495 0.6745288372039795
496 1.0675163269042969
497 1.431459665298462
498 1.2254905700683594
499 1.731464147567749
500 1.5075232982635498
501 1.7486958503723145
502 1.7043185234069824
503 1.6590147018432617
504 1.5223973989486694
505 0.9942594170570374
506 1.4754732847213745
507 1.5199054479599
508 1.444547414779663
509 0.9902975559234619
510 1.1508760452270508
511 1.4196873903274536
512 0.7520897388458252
513 0.9902998805046082
514 0.6274551749229431
515 0.5068886280059814
516 0.8782210350036621
517 0.4997332692146301
518 1.0630866289138794
519 0.6863498091697693
520 0.8468314409255981
521 1.2706172466278076
522 0.967016875743866
523 0.8054540157318115
524 0.840074896812439
525 0.8048087358474731
526 0.5800464749336243
527 0.6767020225524902
528 0.7378565669059753
529 0.5832760334014893
530 0.8972331285476685
531 0.5526744723320007
532 0.4634595215320587
533 0.670734703540802
534 0.7537927627563477
535 0.6971479654312134
536 0.4166961908340454
537 0.39586350321769714
538 0.3505920171737671
539 0.38816890120506287
540 0.6055613160133362
541 0.48552772402763367
542 1.0613971948623657
543 1.0127546787261963
544 1.0102808475494385
545 1.3717626333236694
546 1.1578773260116577
547 0.8173021078109741
548 1.1167973279953003
549 0.8620635271072388
550 0.5635462999343872
551 0.9205865263938904
552 0.7370612621307373
553 0.6107165217399597
554 0.621017575263977
555 1.2373601198196411
556 0.8467853665351868
557 0.9053104519844055
558 0.5821069478988647
559 1.0901761054992676
560 1.3501707315444946
561 1.1003830432891846
562 0.9874283075332642
563 0.8019230365753174
564 0.8583328127861023
565 0.9606329798698425
566 1.2751076221466064
567 0.6645565629005432
568 0.6674272418022156
569 0.8410701751708984
570 0.5762959718704224
571 0.5381227135658264
572 0.8995314240455627
573 0.7515161037445068
574 0.6125739216804504
575 1.1623283624649048
576 0.7097306847572327
577 1.0499403476715088
578 0.7693799138069153
579 0.5867304801940918
580 1.0961320400238037
581 0.9176015853881836
582 0.35921552777290344
583 1.1571766138076782
584 0.8286572694778442
585 1.0898611545562744
586 0.8364042043685913
587 1.1782705783843994
588 1.8904528617858887
589 1.241906762123108
590 1.0069397687911987
591 0.9184607267379761
592 1.1451674699783325
593 1.5032422542572021
594 1.3582186698913574
595 1.409009337425232
596 1.7911186218261719
597 1.5547802448272705
598 1.5467948913574219
599 0.8853992223739624
600 1.2495317459106445
601 0.7685043811798096
602 0.6382618546485901
603 0.8778558969497681
604 0.7496951222419739
605 0.7653698921203613
606 0.7618553042411804
607 0.5971145033836365
608 0.442008912563324
609 0.5157458782196045
610 0.5502797365188599
611 0.862449049949646
612 0.3967541456222534
613 0.4953584671020508
614 0.6249179840087891
615 0.4468129873275757
616 0.8092195391654968
617 0.4423593282699585
618 0.6034318208694458
619 0.6414360404014587
620 0.626416027545929
621 0.5071772933006287
622 0.5553938746452332
623 0.6651674509048462
624 0.8077766299247742
625 0.754159152507782
626 0.9841387867927551
627 0.5259363651275635
628 0.8103111982345581
629 0.30629053711891174
630 0.5866727828979492
631 1.018884301185608
632 0.9326574802398682
633 0.6314353346824646
634 0.9195326566696167
635 1.0319286584854126
636 1.2620292901992798
637 1.1177538633346558
638 1.0554500818252563
639 0.9232305288314819
640 0.7038007378578186
641 0.7049888968467712
642 0.8767746686935425
643 0.9534554481506348
644 0.874222457408905
645 0.6310388445854187
646 0.5820313096046448
647 0.942570149898529
648 0.7684245705604553
649 0.49310821294784546
650 1.288915991783142
651 0.7637527585029602
652 0.8335832953453064
653 1.0597630739212036
654 0.7153118848800659
655 0.6540505290031433
656 0.5405294895172119
657 0.6661388278007507
658 0.9326476454734802
659 0.6956287622451782
660 1.093684196472168
661 0.9671719670295715
662 0.7746491432189941
663 0.5188298225402832
664 0.8244073987007141
665 0.8054802417755127
666 0.965116024017334
667 1.3699984550476074
668 0.9446702003479004
669 1.5921525955200195
670 1.277066946029663
671 1.130571961402893
672 1.1286919116973877
673 0.873091995716095
674 1.2663403749465942
675 0.8520559072494507
676 1.1522903442382813
677 1.056418776512146
678 0.8765621781349182
679 0.813882052898407
680 1.2531256675720215
681 1.005170226097107
682 1.4153822660446167
683 1.4127404689788818
684 1.6161589622497559
685 1.5868123769760132
686 1.8503940105438232
687 1.6475927829742432
688 1.6140133142471313
689 2.0421628952026367
690 1.8313672542572021
691 1.5866419076919556
692 1.4700316190719604
693 0.8058926463127136
694 0.822766125202179
695 1.0512322187423706
696 1.2259776592254639
697 1.3031870126724243
698 0.9803721904754639
699 1.4058130979537964
700 1.411978006362915
701 1.502930998802185
702 1.6641874313354492
703 1.15198814868927
704 1.2974051237106323
705 1.2580479383468628
706 1.3422101736068726
707 1.7423986196517944
708 1.1813331842422485
709 1.6558042764663696
710 1.2249953746795654
711 1.4252853393554688
712 1.627411961555481
713 1.282085657119751
714 1.3979743719100952
715 1.5061615705490112
716 1.0299214124679565
717 1.795905590057373
718 1.4748389720916748
719 1.49921452999115
720 1.8959237337112427
721 1.2606706619262695
722 1.4712858200073242
723 1.6622987985610962
724 1.3291974067687988
725 1.2518305778503418
726 1.4619663953781128
727 1.0920920372009277
728 1.3558176755905151
729 1.5283857583999634
730 1.2784093618392944
731 1.6878474950790405
732 2.0021257400512695
733 1.602436900138855
734 1.8152494430541992
735 1.4829128980636597
736 2.2322025299072266
737 1.67916738986969
738 1.545790433883667
739 1.2116334438323975
740 1.1625161170959473
741 1.216309905052185
742 1.9971091747283936
743 1.4566609859466553
744 1.5753628015518188
745 1.4078391790390015
746 1.826809287071228
747 1.2392089366912842
748 1.7181177139282227
749 1.4030612707138062
750 1.3709973096847534
751 1.6587464809417725
752 1.6416645050048828
753 1.398742914199829
754 1.478883147239685
755 1.4834610223770142
756 1.5958963632583618
757 1.7937185764312744
758 1.7950676679611206
759 1.6961658000946045
760 1.4555511474609375
761 1.949316143989563
762 1.4835762977600098
763 1.4199600219726563
764 1.7310330867767334
765 2.033818006515503
766 1.5043359994888306
767 1.4999403953552246
768 1.424978494644165
769 2.0487396717071533
770 1.7470104694366455
771 1.7688062191009521
772 1.6897227764129639
773 1.7006498575210571
774 1.905532717704773
775 1.5057713985443115
776 1.5518577098846436
777 2.6324710845947266
778 1.7627661228179932
779 1.783098816871643
780 2.395085334777832
781 2.3333396911621094
782 2.4111950397491455
783 2.105837821960449
784 1.8755708932876587
785 1.9567503929138184
786 1.499619722366333
787 2.543031692504883
788 1.878248929977417
789 1.6218634843826294
790 1.963531494140625
791 1.5104541778564453
792 1.58370840549469
793 1.6996729373931885
794 1.576527714729309
795 1.9588305950164795
796 1.1069157123565674
797 1.4169543981552124
798 1.6054127216339111
799 1.4322832822799683
800 1.5470192432403564
801 1.8255397081375122
802 1.7886075973510742
803 1.7755478620529175
804 2.0524816513061523
805 1.7863236665725708
806 1.8651033639907837
807 1.63956618309021
808 2.1263599395751953
809 1.4487665891647339
810 1.8406356573104858
811 2.1260688304901123
812 2.0762431621551514
813 1.985918641090393
814 1.903012752532959
815 1.7714983224868774
816 1.6373704671859741
817 1.6369483470916748
818 2.2451493740081787
819 2.0069353580474854
820 1.6100527048110962
821 1.704305648803711
822 2.0329833030700684
823 2.382744073867798
824 2.1142125129699707
825 2.103832960128784
826 2.3645174503326416
827 1.8862963914871216
828 1.707433819770813
829 1.6486526727676392
830 1.6500746011734009
831 2.055995464324951
832 2.150156259536743
833 1.8742960691452026
834 2.0387842655181885
835 2.0136594772338867
836 1.77737557888031
837 2.1196093559265137
838 1.291001796722412
839 1.8778554201126099
840 1.4502984285354614
841 1.8045597076416016
842 1.7535855770111084
843 1.88800048828125
844 1.720109224319458
845 2.3186047077178955
846 2.2416839599609375
847 2.610153913497925
848 2.3095779418945313
849 2.0263490676879883
850 2.4797465801239014
851 2.389403820037842
852 2.3141751289367676
853 2.7430222034454346
854 2.7178688049316406
855 2.6354122161865234
856 2.159085750579834
857 2.465519666671753
858 2.5715861320495605
859 2.61905837059021
860 1.906464695930481
861 1.5071684122085571
862 1.664215326309204
863 1.273145318031311
864 1.2246677875518799
865 1.6048290729522705
866 1.4177640676498413
867 1.8584460020065308
868 2.2833423614501953
869 1.9765948057174683
870 1.952158808708191
871 2.1532785892486572
872 1.9978933334350586
873 1.5953680276870728
874 2.016281843185425
875 2.3530595302581787
876 1.946959376335144
877 2.184335947036743
878 2.5700626373291016
879 2.3615238666534424
880 3.1023948192596436
881 3.004688262939453
882 2.590575695037842
883 2.7677836418151855
884 2.2985968589782715
885 2.313871145248413
886 2.251802444458008
887 2.47758412361145
888 2.397634744644165
889 2.609633684158325
890 2.2623724937438965
891 2.292457342147827
892 2.0176990032196045
893 2.23990797996521
894 2.1707634925842285
895 2.4417150020599365
896 2.5945253372192383
897 2.2355968952178955
898 2.2678017616271973
899 2.428344964981079
900 1.6666676998138428
901 1.8807984590530396
902 1.962419867515564
903 1.9382377862930298
904 1.9066226482391357
905 2.25378680229187
906 1.798256278038025
907 1.9939972162246704
908 2.2217371463775635
909 2.448056936264038
910 2.44122576713562
911 2.442284107208252
912 1.7019528150558472
913 2.059199571609497
914 2.392367124557495
915 2.0655555725097656
916 1.8167476654052734
917 1.5705031156539917
918 1.7642321586608887
919 1.421416163444519
920 1.6268171072006226
921 2.4227302074432373
922 2.1686089038848877
923 2.3882200717926025
924 1.602004051208496
925 2.3656742572784424
926 1.5456124544143677
927 1.709266185760498
928 2.333435297012329
929 2.529491424560547
930 2.33237624168396
931 2.2425057888031006
932 2.0519461631774902
933 2.2375192642211914
934 2.16629958152771
935 1.9877560138702393
936 1.9574592113494873
937 2.4075369834899902
938 2.861765146255493
939 2.42097806930542
940 2.117250442504883
941 2.502678871154785
942 2.265007257461548
943 2.5499792098999023
944 2.389878988265991
945 2.4019007682800293
946 1.8202351331710815
947 1.6666994094848633
948 1.731024980545044
949 1.332816481590271
950 1.6805833578109741
951 1.4338264465332031
952 2.068295478820801
953 1.9651527404785156
954 1.1248458623886108
955 2.4935402870178223
956 2.361085891723633
957 2.294079542160034
958 2.1494388580322266
959 2.338862657546997
960 1.5054014921188354
961 1.852052092552185
962 2.369983673095703
963 2.3430335521698
964 2.5942869186401367
965 2.707846164703369
966 1.81277334690094
967 2.1600840091705322
968 2.129030466079712
969 2.5357391834259033
970 2.478303909301758
971 1.8577120304107666
972 2.263695240020752
973 1.8395307064056396
974 2.2418031692504883
975 2.066951036453247
976 2.1119117736816406
977 1.8804277181625366
978 1.6988637447357178
979 1.6629078388214111
980 1.6596581935882568
981 2.621213436126709
982 2.5024044513702393
983 1.965372085571289
984 1.7092622518539429
985 2.5883209705352783
986 2.2004714012145996
987 2.42617130279541
988 2.632359743118286
989 1.7344039678573608
990 1.846143126487732
991 2.412402629852295
992 2.210500955581665
993 2.152907609939575
994 2.292442560195923
995 1.4571882486343384
996 1.5834119319915771
997 2.0013883113861084
998 2.020704984664917
999 2.009427785873413
1000 2.224972724914551
1001 1.8912287950515747
1002 1.1836074590682983
1003 1.2922849655151367
1004 1.7871801853179932
1005 1.5134357213974
1006 1.2588309049606323
1007 1.7224313020706177
1008 1.7613303661346436
1009 1.4572982788085938
1010 1.453413963317871
1011 1.1235065460205078
1012 1.2951536178588867
1013 1.30412757396698
1014 0.8834313154220581
1015 1.0197985172271729
1016 1.2485431432724
1017 1.1088629961013794
1018 1.9024224281311035
1019 1.2225159406661987
1020 0.994615912437439
1021 0.7230970859527588
1022 0.9254623651504517
1023 0.7836382985115051
1024 0.755606472492218
1025 1.0895769596099854
1026 0.4908856451511383
1027 0.4431401491165161
1028 0.508050799369812
1029 0.9079914689064026
1030 0.7519532442092896
1031 1.2534795999526978
1032 1.038306713104248
1033 1.1674652099609375
1034 1.1786525249481201
1035 0.8307680487632751
1036 0.4588591456413269
1037 0.49656617641448975
1038 0.8301674723625183
1039 0.9067818522453308
1040 0.7029415369033813
1041 0.5150623917579651
1042 0.9379492998123169
1043 1.1091127395629883
1044 1.2071179151535034
1045 1.1732641458511353
1046 1.217764973640442
1047 1.0631563663482666
1048 1.1043894290924072
1049 0.8364325165748596
1050 0.8309522271156311
1051 1.0693434476852417
1052 0.6029807925224304
1053 0.41209864616394043
1054 0.9717512726783752
1055 0.7408819794654846
1056 0.639600932598114
1057 0.7218053340911865
1058 1.2838257551193237
1059 1.1054465770721436
1060 1.12599778175354
1061 1.0079861879348755
1062 1.304608702659607
1063 1.2880456447601318
1064 1.0058376789093018
1065 1.1854138374328613
1066 1.4731320142745972
1067 1.1635462045669556
1068 1.4094457626342773
1069 1.0846890211105347
1070 1.0998495817184448
1071 1.3724253177642822
1072 1.38446044921875
1073 1.3415077924728394
1074 1.9364478588104248
1075 1.597203254699707
1076 1.4489352703094482
1077 1.996972680091858
1078 1.7359435558319092
1079 1.539914846420288
1080 2.130751848220825
1081 1.2241793870925903
1082 1.7729196548461914
1083 1.412907600402832
1084 1.6955465078353882
1085 1.0754002332687378
1086 1.1706022024154663
1087 2.2742602825164795
1088 1.404520034790039
1089 1.3299415111541748
1090 1.1500414609909058
1091 1.4062163829803467
1092 1.3097233772277832
1093 1.0975583791732788
1094 0.9885271191596985
1095 1.4906163215637207
1096 1.120486855506897
1097 1.4197700023651123
1098 1.4466973543167114
1099 1.7737147808074951
1100 1.256550908088684
1101 1.5811136960983276
1102 1.7261958122253418
1103 1.516858458518982
1104 1.7559112310409546
1105 1.9127202033996582
1106 2.0192816257476807
1107 1.8927855491638184
1108 2.0909810066223145
1109 1.235914945602417
1110 1.6133315563201904
1111 1.3146828413009644
1112 1.8183804750442505
1113 1.818450689315796
1114 1.474276065826416
1115 1.9144757986068726
1116 1.551859736442566
1117 1.72230863571167
1118 1.5660048723220825
1119 1.8578237295150757
1120 1.6439650058746338
1121 1.886168360710144
1122 2.1453518867492676
1123 1.9229142665863037
1124 2.101500988006592
1125 2.0314159393310547
1126 2.4909307956695557
1127 2.4091851711273193
1128 2.118992328643799
1129 2.16440486907959
1130 2.167341470718384
1131 1.8101826906204224
1132 1.6902036666870117
1133 2.06369948387146
1134 1.949773907661438
1135 1.7922719717025757
1136 1.5104953050613403
1137 2.1852502822875977
1138 1.5578625202178955
1139 1.8398107290267944
1140 1.6202682256698608
1141 1.3151882886886597
1142 1.5343424081802368
1143 1.21062433719635
1144 1.7289118766784668
1145 1.3100483417510986
1146 1.6060386896133423
1147 1.3254735469818115
1148 1.2418317794799805
1149 1.2083946466445923
1150 1.1389979124069214
1151 0.5892715454101563
1152 0.9686087965965271
1153 0.7720658779144287
1154 1.098366379737854
1155 1.0939934253692627
1156 1.0572021007537842
1157 0.8395856022834778
1158 1.3665709495544434
1159 0.7835953235626221
1160 1.1579327583312988
1161 1.257202386856079
1162 1.121286392211914
1163 1.348904013633728
1164 1.371326208114624
1165 1.5426065921783447
1166 1.7729792594909668
1167 1.2557166814804077
1168 1.2174453735351563
1169 1.2580891847610474
1170 1.3522077798843384
1171 1.6876784563064575
1172 1.5199908018112183
1173 1.6806460618972778
1174 1.3198496103286743
1175 0.9116286039352417
1176 0.8447660803794861
1177 1.5004169940948486
1178 1.209730863571167
1179 1.0864567756652832
1180 1.2970227003097534
1181 1.2342270612716675
1182 1.870880365371704
1183 1.3916290998458862
1184 1.2686595916748047
1185 1.1172375679016113
1186 1.6757946014404297
1187 1.3126177787780762
1188 1.254900574684143
1189 1.2343710660934448
1190 1.3750231266021729
1191 1.3150382041931152
1192 1.320019006729126
1193 1.9635863304138184
1194 1.748383641242981
1195 1.5657637119293213
1196 1.3621479272842407
1197 1.518103837966919
1198 1.3375179767608643
1199 1.2901194095611572
1200 1.1502234935760498
1201 1.3814324140548706
1202 1.3066353797912598
1203 1.1686359643936157
1204 1.1605428457260132
1205 1.156430721282959
1206 1.4354437589645386
1207 1.231523036956787
1208 1.1951956748962402
1209 1.5626146793365479
1210 0.9035757184028625
1211 1.1040661334991455
1212 1.1281157732009888
1213 1.1969679594039917
1214 1.248942494392395
1215 1.0567799806594849
1216 1.576736330986023
1217 1.0091643333435059
1218 1.2935538291931152
1219 1.102551817893982
1220 1.288252592086792
1221 1.371298909187317
1222 1.1366392374038696
1223 1.5523362159729004
1224 1.1101030111312866
1225 1.1320735216140747
1226 1.569667935371399
1227 1.3193159103393555
1228 1.238610863685608
1229 1.5095031261444092
1230 1.4363222122192383
1231 1.3007879257202148
1232 1.2767447233200073
1233 1.0177351236343384
1234 1.1443586349487305
1235 1.1050916910171509
1236 1.6707020998001099
1237 1.1903756856918335
1238 1.3960206508636475
1239 1.2362706661224365
1240 1.0966291427612305
1241 0.9469867944717407
1242 0.8713870644569397
1243 1.0419813394546509
1244 1.3792531490325928
1245 1.2747697830200195
1246 1.3757734298706055
1247 1.0796412229537964
1248 1.132632851600647
1249 1.4001963138580322
1250 1.3061082363128662
1251 1.648944616317749
1252 1.2725731134414673
1253 0.6587256193161011
1254 1.1593081951141357
1255 1.0046236515045166
1256 0.682792067527771
1257 1.109391450881958
1258 1.2678085565567017
1259 0.8774389028549194
1260 0.8804075121879578
1261 0.6394012570381165
1262 1.367108941078186
1263 0.8692097067832947
1264 0.5679793357849121
1265 1.0999435186386108
1266 1.0154011249542236
1267 2.3288626670837402
1268 1.440351128578186
1269 1.424444317817688
1270 1.187259554862976
1271 0.9737558960914612
1272 0.9635962843894958
1273 0.9635815620422363
1274 0.5534617900848389
1275 0.570319414138794
1276 0.5443806052207947
1277 0.9810927510261536
1278 0.749782145023346
1279 0.5191161036491394
1280 0.9898526668548584
1281 0.7988446354866028
1282 0.9009070992469788
1283 0.9608063101768494
1284 1.2663955688476563
1285 1.5159940719604492
1286 1.2303273677825928
1287 0.38701382279396057
1288 0.956637978553772
1289 0.9224111437797546
1290 1.2236191034317017
1291 0.8192499876022339
1292 0.46758124232292175
1293 0.5783630609512329
1294 0.8774752616882324
1295 1.4585728645324707
1296 1.5669186115264893
1297 2.2806944847106934
1298 1.9496831893920898
1299 2.108710527420044
1300 2.9428768157958984
1301 2.402296543121338
1302 2.404024839401245
1303 2.3959200382232666
1304 1.0212706327438354
1305 1.409515380859375
1306 0.9343953132629395
1307 1.0588862895965576
1308 1.420582890510559
1309 1.6268192529678345
1310 1.0214402675628662
1311 1.261449933052063
1312 1.597868800163269
1313 1.1494293212890625
1314 1.1191951036453247
1315 1.6229467391967773
1316 1.1919589042663574
1317 1.7972476482391357
1318 1.1264817714691162
1319 1.0394172668457031
1320 0.6970053911209106
1321 0.5648300647735596
1322 1.2240122556686401
1323 1.1577444076538086
1324 1.3354140520095825
1325 1.4911993741989136
1326 1.0572139024734497
1327 1.0106489658355713
1328 0.9990742206573486
1329 1.0128644704818726
1330 0.7449548840522766
1331 0.9727616906166077
1332 1.1617549657821655
1333 1.3717315196990967
1334 1.0047305822372437
1335 1.069696068763733
1336 1.2353801727294922
1337 2.0565810203552246
1338 1.4123011827468872
1339 1.1871541738510132
1340 1.0617234706878662
1341 1.425018310546875
1342 1.4828089475631714
1343 1.293122410774231
1344 1.6992065906524658
1345 0.8547602891921997
1346 1.6832045316696167
1347 1.1974645853042603
1348 1.4295151233673096
1349 1.3349697589874268
1350 1.530103087425232
1351 2.051252841949463
1352 2.362914800643921
1353 1.9154030084609985
1354 2.150198459625244
1355 1.4644882678985596
1356 1.9235498905181885
1357 1.8648332357406616
1358 1.9337959289550781
1359 1.1525914669036865
1360 1.5547815561294556
1361 1.5130106210708618
1362 1.393365502357483
1363 1.1915762424468994
1364 1.4582124948501587
1365 1.5678468942642212
1366 1.0241581201553345
1367 1.0329045057296753
1368 1.2380117177963257
1369 1.688689112663269
1370 1.2866909503936768
1371 1.1645572185516357
1372 1.944763422012329
1373 1.3584411144256592
1374 1.392159342765808
1375 1.7550907135009766
1376 0.8621082901954651
1377 1.187164306640625
1378 0.9561977386474609
1379 1.4756264686584473
1380 1.7407625913619995
1381 1.8810592889785767
1382 2.113126039505005
1383 1.4611977338790894
1384 1.1699304580688477
1385 0.9780547022819519
1386 1.0828510522842407
1387 1.1444859504699707
1388 1.3641738891601563
1389 1.616511583328247
1390 1.6098711490631104
1391 1.824404001235962
1392 1.951188087463379
1393 1.2188369035720825
1394 1.6675044298171997
1395 1.3689361810684204
1396 0.9258414506912231
1397 2.2237820625305176
1398 1.6915758848190308
1399 1.7674086093902588
1400 2.1740033626556396
1401 2.010603904724121
1402 1.5638428926467896
1403 1.5560321807861328
1404 1.1358240842819214
1405 1.450773000717163
1406 1.2025713920593262
1407 1.3116594552993774
1408 1.1927427053451538
1409 1.2862716913223267
1410 0.9629238247871399
1411 1.3113009929656982
1412 1.7385462522506714
1413 1.9037991762161255
1414 1.7146103382110596
1415 1.5227720737457275
1416 1.406080961227417
1417 0.9252477288246155
1418 1.5606600046157837
1419 0.9458064436912537
1420 0.8338707685470581
1421 0.8604250550270081
1422 1.0033080577850342
1423 0.8633871674537659
1424 1.0802996158599854
1425 0.8865275979042053
1426 1.2657111883163452
1427 1.0799344778060913
1428 1.0693624019622803
1429 1.698294758796692
1430 1.7487741708755493
1431 2.0570309162139893
1432 1.7806074619293213
1433 0.9160618782043457
1434 1.0865768194198608
1435 1.0067137479782104
1436 0.7224717736244202
1437 1.273269772529602
1438 0.7809643149375916
1439 0.5253630876541138
1440 0.9960648417472839
1441 0.8299957513809204
1442 0.9724390506744385
1443 1.3587470054626465
1444 0.8027686476707458
1445 0.930138349533081
1446 0.9813219308853149
1447 0.8340120911598206
1448 0.7912989854812622
1449 0.599496066570282
1450 0.6047974228858948
1451 0.7686277031898499
1452 1.2432878017425537
1453 0.9735899567604065
1454 0.6533241271972656
1455 0.7892425656318665
1456 0.9372428059577942
1457 0.8547847270965576
1458 1.1099799871444702
1459 0.7382410168647766
1460 0.5022255182266235
1461 0.7302859425544739
1462 0.8484951853752136
1463 0.8704191446304321
1464 0.9870665073394775
1465 1.3055083751678467
1466 0.8538851141929626
1467 1.1026954650878906
1468 1.0579160451889038
1469 1.280380129814148
1470 0.5714229345321655
1471 1.177891731262207
1472 0.9014920592308044
1473 0.5824392437934875
1474 0.9482431411743164
1475 0.859337568283081
1476 0.4758746922016144
1477 1.1525514125823975
1478 1.099482774734497
1479 1.3131860494613647
1480 0.9528042674064636
1481 0.88087397813797
1482 0.9278011322021484
1483 1.0044358968734741
1484 1.0809736251831055
1485 1.2087067365646362
1486 0.8250898718833923
1487 0.6201234459877014
1488 0.5499857068061829
1489 0.7012709975242615
1490 1.121903657913208
1491 1.4571090936660767
1492 1.2241275310516357
1493 1.6344040632247925
1494 1.5766987800598145
1495 1.5045380592346191
1496 1.613214135169983
1497 1.3368843793869019
1498 1.2214688062667847
1499 1.37478506565094
1500 1.2834856510162354
1501 1.7211648225784302
1502 2.4630086421966553
1503 1.7978025674819946
1504 1.7336562871932983
1505 1.5279135704040527
1506 1.6995426416397095
1507 1.3525844812393188
1508 1.885481357574463
1509 1.7284736633300781
1510 1.5147740840911865
1511 1.0268914699554443
1512 1.5039172172546387
1513 0.9006144404411316
1514 1.0318050384521484
1515 0.8727284669876099
1516 0.7857357859611511
1517 0.7028464674949646
1518 1.1536751985549927
1519 0.3358589708805084
1520 0.9447134733200073
1521 1.075419545173645
1522 1.4080220460891724
1523 0.7590323686599731
1524 0.9095220565795898
1525 0.8279764652252197
1526 0.7997772693634033
1527 1.0507875680923462
1528 1.4591799974441528
1529 1.0963234901428223
1530 1.4781767129898071
1531 1.150437831878662
1532 0.9531047344207764
1533 0.5652410984039307
1534 0.9006615877151489
1535 0.5875360369682312
1536 1.076188564300537
1537 0.742834210395813
1538 0.9001907706260681
1539 0.8902963995933533
1540 0.6096635460853577
1541 0.5172372460365295
1542 0.9710408449172974
1543 1.2051955461502075
1544 0.82965487241745
1545 0.8060972094535828
1546 0.42303064465522766
1547 1.2372280359268188
1548 0.5735746622085571
1549 0.4049491286277771
1550 0.8715476393699646
1551 1.186908483505249
1552 0.8331782817840576
1553 0.8367242217063904
1554 0.7514134049415588
1555 0.9543991684913635
1556 1.3415144681930542
1557 1.2949450016021729
1558 1.2548154592514038
1559 1.0205241441726685
1560 1.0648715496063232
1561 0.9651439785957336
1562 0.8609176278114319
1563 0.8351861238479614
1564 0.7640932202339172
1565 0.5649561285972595
1566 0.6187168955802917
1567 0.7876172065734863
1568 0.9320217370986938
1569 0.888972282409668
1570 1.205907940864563
1571 1.4650815725326538
1572 1.1070361137390137
1573 1.2339231967926025
1574 1.4007529020309448
1575 0.9644060730934143
1576 1.2248181104660034
1577 1.3257896900177002
1578 1.2560243606567383
1579 1.3233790397644043
1580 0.7339978814125061
1581 1.1669951677322388
1582 0.7213975191116333
1583 1.2725695371627808
1584 1.0588428974151611
1585 0.8399133682250977
1586 0.6294166445732117
1587 0.6572656035423279
1588 1.0077210664749146
1589 1.2556763887405396
1590 1.2380187511444092
1591 0.9609818458557129
1592 1.2017310857772827
1593 0.9265826940536499
1594 1.3134254217147827
1595 1.399201512336731
1596 0.9771289229393005
1597 0.8004554510116577
1598 1.0373358726501465
1599 1.1228259801864624
1600 1.0365780591964722
1601 1.4927693605422974
1602 1.4829695224761963
1603 0.527316689491272
1604 0.7395537495613098
1605 1.1536080837249756
1606 0.8796525597572327
1607 0.906082808971405
1608 0.5287948250770569
1609 0.7288445234298706
1610 0.7503960132598877
1611 0.4226458668708801
1612 0.9340089559555054
1613 0.9024568200111389
1614 1.055740475654602
1615 1.0870968103408813
1616 0.7442370057106018
1617 0.6497876644134521
1618 0.581977128982544
1619 1.023598551750183
1620 0.8358584046363831
1621 0.6348929405212402
1622 0.8046245574951172
1623 0.8342189788818359
1624 1.060367226600647
1625 0.967487633228302
1626 1.1588413715362549
1627 1.0533170700073242
1628 0.9741765260696411
1629 0.9089549779891968
1630 0.5530145168304443
1631 0.5506897568702698
1632 0.4882270097732544
1633 0.6284645199775696
1634 0.6553878784179688
1635 0.8224813342094421
1636 1.1127989292144775
1637 0.6847227811813354
1638 0.8316196799278259
1639 0.37467512488365173
1640 0.8899177312850952
1641 0.7137719988822937
1642 0.6225073933601379
1643 0.9388058185577393
1644 0.727878212928772
1645 0.7098225951194763
1646 0.9647738337516785
1647 0.6978692412376404
1648 0.5411999821662903
1649 0.8009302616119385
1650 0.5919567346572876
1651 0.5930294394493103
1652 0.7564738392829895
1653 0.5126549005508423
1654 0.8489806652069092
1655 0.5185492634773254
1656 0.5841284394264221
1657 0.8705306053161621
1658 0.8211166858673096
1659 1.0724841356277466
1660 0.9875177145004272
1661 0.9359385967254639
1662 0.8724285960197449
1663 0.9095861315727234
1664 1.0532375574111938
1665 1.01144540309906
1666 1.350804328918457
1667 0.8159326910972595
1668 0.9670423865318298
1669 0.9580633640289307
1670 0.6888618469238281
1671 0.398182213306427
1672 0.7244821190834045
1673 0.9475651383399963
1674 0.8182156682014465
1675 0.8726636171340942
1676 0.8925935626029968
1677 0.8807440996170044
1678 0.7622581124305725
1679 0.7738091945648193
1680 0.4638291001319885
1681 0.5013654828071594
1682 0.8341971039772034
1683 0.9652095437049866
1684 1.489197850227356
1685 2.0491294860839844
1686 1.2339777946472168
1687 0.7280035614967346
1688 0.9323707222938538
1689 1.1329638957977295
1690 1.1502633094787598
1691 0.9878432750701904
1692 1.0116745233535767
1693 0.8890199661254883
1694 1.1133723258972168
1695 0.9126356840133667
1696 1.019925832748413
1697 0.9799800515174866
1698 0.8406262397766113
1699 1.1015692949295044
1700 0.8756932020187378
1701 0.753889262676239
1702 1.0459423065185547
1703 0.7557405829429626
1704 0.8423969149589539
1705 0.6848840117454529
1706 1.0841894149780273
1707 0.626758337020874
1708 0.7802124619483948
1709 0.5614809393882751
1710 1.2503535747528076
1711 0.9754529595375061
1712 0.915170431137085
1713 0.28513047099113464
1714 0.7459931373596191
1715 0.6637008786201477
1716 0.9664824604988098
1717 1.0246062278747559
1718 1.279325246810913
1719 1.322182297706604
1720 0.7971935868263245
1721 0.6002256870269775
1722 0.6884598135948181
1723 0.7174610495567322
1724 0.8920089602470398
1725 0.8019935488700867
1726 0.9969696402549744
1727 0.9124128222465515
1728 0.7655187249183655
1729 0.8686848878860474
1730 0.7401764988899231
1731 1.1494346857070923
1732 1.290529727935791
1733 0.6884407997131348
1734 0.5781421065330505
1735 0.9960538744926453
1736 0.7180066704750061
1737 0.5328937768936157
1738 0.7877342104911804
1739 1.0266644954681396
1740 1.743360161781311
1741 0.7024608850479126
1742 0.8549327254295349
1743 1.0131709575653076
1744 0.9404795169830322
1745 0.505167543888092
1746 0.6810768842697144
1747 0.9275000095367432
1748 1.061478614807129
1749 1.2756683826446533
1750 1.0627461671829224
1751 1.3635072708129883
1752 1.2188917398452759
1753 1.3774241209030151
1754 1.125572681427002
1755 1.0008623600006104
1756 1.1687510013580322
1757 1.1666327714920044
1758 1.0490602254867554
1759 1.0476826429367065
1760 1.5546009540557861
1761 1.2303916215896606
1762 2.142146587371826
1763 1.2631604671478271
1764 1.063933253288269
1765 1.5679081678390503
1766 0.8171681761741638
1767 0.9685425162315369
1768 1.026254653930664
1769 0.8727878928184509
1770 1.2955483198165894
1771 1.4751167297363281
1772 1.0040098428726196
1773 1.3199046850204468
1774 1.0955959558486938
1775 1.2536251544952393
1776 0.9864329695701599
1777 1.2348065376281738
1778 1.074060320854187
1779 1.1401076316833496
1780 1.2379704713821411
1781 1.0381182432174683
1782 1.0482226610183716
1783 0.9333840012550354
1784 1.1858527660369873
1785 1.0566860437393188
1786 0.527344286441803
1787 0.5275835990905762
1788 0.992848813533783
1789 1.4437507390975952
1790 0.7074289321899414
1791 1.1429678201675415
1792 1.6117892265319824
1793 1.3128044605255127
1794 1.4178427457809448
1795 1.122531533241272
1796 1.4202730655670166
1797 1.8806407451629639
1798 1.3405193090438843
1799 1.2227981090545654
1800 1.3704274892807007
1801 1.3145393133163452
1802 0.9360286593437195
1803 1.281899333000183
1804 1.0468721389770508
1805 1.0704150199890137
1806 0.9319072961807251
1807 1.1642366647720337
1808 1.6275990009307861
1809 1.1876208782196045
1810 1.199410319328308
1811 1.193985939025879
1812 1.650336503982544
1813 1.4334802627563477
1814 1.0683631896972656
1815 1.0934242010116577
1816 1.137234091758728
1817 0.8846333622932434
1818 1.4470361471176147
1819 0.9036272764205933
1820 1.0600559711456299
1821 1.2942323684692383
1822 1.4116170406341553
1823 1.261243224143982
1824 1.6720713376998901
1825 1.3457361459732056
1826 1.6779261827468872
1827 1.3918068408966064
1828 1.3064080476760864
1829 0.9907767176628113
1830 1.0428200960159302
1831 1.142791748046875
1832 1.3414876461029053
1833 1.2090651988983154
1834 0.8268864750862122
1835 1.2236071825027466
1836 0.8468489646911621
1837 0.8780288696289063
1838 0.9171195030212402
1839 1.0470610857009888
1840 0.5476512908935547
1841 0.7483087778091431
1842 0.6354563236236572
1843 0.8888291716575623
1844 0.7986478805541992
1845 0.9122285842895508
1846 0.7953788042068481
1847 0.947403073310852
1848 1.2095255851745605
1849 1.357569932937622
1850 1.4193828105926514
1851 1.2148480415344238
1852 1.8383679389953613
1853 1.722415566444397
1854 0.9877861738204956
1855 1.674874186515808
1856 1.0676681995391846
1857 1.2346545457839966
1858 1.0002119541168213
1859 1.361177682876587
1860 1.3705968856811523
1861 1.2098637819290161
1862 1.3536806106567383
1863 1.269239902496338
1864 0.9475190043449402
1865 1.131259560585022
1866 0.6233381628990173
1867 0.7589923143386841
1868 1.0453310012817383
1869 0.6172870993614197
1870 1.3175792694091797
1871 1.6615080833435059
1872 1.7109192609786987
1873 1.0711458921432495
1874 0.9796132445335388
1875 1.3444998264312744
1876 0.9424842000007629
1877 1.251009225845337
1878 1.7658827304840088
1879 1.66109037399292
1880 1.5593640804290771
1881 1.4345258474349976
1882 1.4078079462051392
1883 1.6075931787490845
1884 1.2486014366149902
1885 1.345329999923706
1886 1.2646878957748413
1887 1.0893408060073853
1888 1.4670361280441284
1889 1.29856276512146
1890 0.9948638677597046
1891 1.3404394388198853
1892 1.3046032190322876
1893 1.2619081735610962
1894 1.1620898246765137
1895 1.4980577230453491
1896 1.3771892786026
1897 1.9348763227462769
1898 1.4962577819824219
1899 1.417187213897705
1900 1.2994436025619507
1901 1.8351426124572754
1902 1.6976062059402466
1903 1.371346354484558
1904 1.765493392944336
1905 1.5927718877792358
1906 1.3682804107666016
1907 1.56007719039917
1908 1.2662384510040283
1909 1.1145750284194946
1910 1.2665013074874878
1911 0.9200464487075806
1912 0.8836451172828674
1913 0.9841951131820679
1914 1.6731899976730347
1915 0.7822494506835938
1916 0.8914747834205627
1917 0.9137270450592041
1918 0.8122007250785828
1919 0.6222689747810364
1920 0.6468732357025146
1921 0.8264346718788147
1922 1.1500486135482788
1923 0.5891575813293457
1924 0.425676554441452
1925 0.47444233298301697
1926 0.7342727780342102
1927 0.44435593485832214
1928 0.7827197313308716
1929 0.45753005146980286
1930 0.6966381669044495
1931 1.3660122156143188
1932 1.1920021772384644
1933 0.7285439968109131
1934 0.7293359637260437
1935 0.5717122554779053
1936 0.7844585180282593
1937 0.6094958186149597
1938 1.08015775680542
1939 1.1680431365966797
1940 0.8293290138244629
1941 0.5094815492630005
1942 0.9481552243232727
1943 0.9359889626502991
1944 0.5603082180023193
1945 0.3110957741737366
1946 0.4737057089805603
1947 0.7062197327613831
1948 0.927430272102356
1949 0.8892850279808044
1950 0.8015133142471313
1951 0.8399251699447632
1952 0.9907756447792053
1953 0.7537777423858643
1954 0.9536991119384766
1955 0.78289794921875
1956 0.545954704284668
1957 0.8216475248336792
1958 0.9169710278511047
1959 0.8728553056716919
1960 1.2917907238006592
1961 1.2776316404342651
1962 1.7107219696044922
1963 1.4507956504821777
1964 1.3347387313842773
1965 1.1815117597579956
1966 1.1517291069030762
1967 1.1919244527816772
1968 1.3460577726364136
1969 1.2787458896636963
1970 1.5878174304962158
1971 1.4136782884597778
1972 1.531306505203247
1973 1.6075233221054077
1974 1.568979263305664
1975 1.59404456615448
1976 1.6288050413131714
1977 1.4146610498428345
1978 1.4859579801559448
1979 1.4001145362854004
1980 1.8270405530929565
1981 1.519781470298767
1982 1.5266724824905396
1983 1.4529268741607666
1984 1.5931659936904907
1985 1.6521817445755005
1986 1.532812237739563
1987 2.113088846206665
1988 1.859127163887024
1989 1.2997320890426636
1990 1.8116317987442017
1991 1.5055818557739258
1992 1.8448760509490967
1993 1.8902990818023682
1994 2.0801703929901123
1995 1.4725279808044434
1996 1.3560320138931274
1997 1.621018409729004
1998 1.6973443031311035
1999 1.8223122358322144
