0 0.0
1 0.4819537103176117
2 0.5802664160728455
3 0.7390661239624023
4 0.8649237751960754
5 0.526884913444519
6 1.0360817909240723
7 0.5436162948608398
8 0.8792110681533813
9 0.9430994391441345
10 1.2609540224075317
11 0.5311471819877625
12 0.8025615811347961
13 0.9834604263305664
14 1.0492407083511353
15 0.8614651560783386
16 1.4116185903549194
17 0.9264715313911438
18 1.222142219543457
19 1.4428281784057617
20 1.3066179752349854
21 1.3653117418289185
22 1.1985108852386475
23 1.2667244672775269
24 1.1089640855789185
25 1.1206799745559692
26 0.7962252497673035
27 0.8935174942016602
28 1.1214812994003296
29 1.1546282768249512
30 1.0671072006225586
31 0.9711714386940002
32 0.9101626873016357
33 1.1146873235702515
34 1.6246988773345947
35 0.9930397272109985
36 1.0435538291931152
37 1.41668701171875
38 1.115234375
39 0.5489186644554138
40 0.7326244711875916
41 0.6786117553710938
42 0.7051438093185425
43 1.1760915517807007
44 0.6560253500938416
45 0.6467653512954712
46 0.6695965528488159
47 0.5755324363708496
48 0.5445845127105713
49 0.8309229612350464
50 0.6482325792312622
51 0.439727246761322
52 0.4030964970588684
53 0.47337815165519714
54 0.6827974319458008
55 0.7978911995887756
56 0.4383845627307892
57 0.7349550127983093
58 0.5472500920295715
59 0.3709852695465088
60 0.6478716731071472
61 0.8782957792282104
62 0.7642550468444824
63 0.6120975613594055
64 0.38964158296585083
65 0.7566251158714294
66 0.5859168767929077
67 0.5826899409294128
68 0.6841198801994324
69 0.5770389437675476
70 0.5671337246894836
71 0.43065503239631653
72 0.5156200528144836
73 0.5822288393974304
74 0.5445891618728638
75 0.3750973343849182
76 0.3515828549861908
77 0.2785407304763794
78 0.5300223231315613
79 0.7593144774436951
80 0.7636865377426147
81 0.4212101995944977
82 0.36932113766670227
83 0.49552401900291443
84 0.4582003355026245
85 0.6940571665763855
86 1.0257524251937866
87 1.0024235248565674
88 1.0209327936172485
89 0.8000410795211792
90 1.039553165435791
91 0.7431631684303284
92 1.1246510744094849
93 0.8458409905433655
94 0.44595983624458313
95 0.4295942187309265
96 0.43028023838996887
97 0.48211416602134705
98 0.4309421181678772
99 0.431100457906723
100 0.4518122673034668
101 0.4142349064350128
102 0.5972550511360168
103 0.34728896617889404
104 0.7178927659988403
105 0.4611137807369232
106 0.6923952102661133
107 0.9234033226966858
108 0.5670784711837769
109 0.2566818296909332
110 0.7316442131996155
111 0.527230441570282
112 0.5919193029403687
113 0.37441691756248474
114 0.3780744671821594
115 0.18696469068527222
116 0.32888638973236084
117 0.5019506812095642
118 0.4852403700351715
119 0.49454230070114136
120 0.4015432298183441
121 0.413622111082077
122 0.694412350654602
123 0.6573891639709473
124 0.337710440158844
125 0.8655694723129272
126 0.6183372735977173
127 1.2434686422348022
128 1.1446057558059692
129 0.936676025390625
130 0.9371836185455322
131 0.9402602910995483
132 0.4714202284812927
133 0.38937631249427795
134 0.6281457543373108
135 0.7222697138786316
136 1.2673414945602417
137 1.2874797582626343
138 1.0118454694747925
139 0.5070626139640808
140 0.5516515374183655
141 0.284565806388855
142 0.6717363595962524
143 0.3053859770298004
144 0.31866881251335144
145 0.38654375076293945
146 0.293841689825058
147 0.70131915807724
148 0.31380295753479004
149 0.4028986096382141
150 0.8523605465888977
151 0.587092936038971
152 0.5679656863212585
153 0.7879146337509155
154 0.7632763385772705
155 1.008887529373169
156 1.9147553443908691
157 1.7325385808944702
158 1.907886266708374
159 1.5560767650604248
160 1.5645049810409546
161 1.9870439767837524
162 1.4447884559631348
163 0.8748602867126465
164 0.7099817395210266
165 0.7207256555557251
166 0.6969896554946899
167 0.4652377665042877
168 0.5826113820075989
169 0.7426100969314575
170 0.7711320519447327
171 0.4477567970752716
172 0.7097830176353455
173 1.09200119972229
174 0.6046191453933716
175 0.9143657684326172
176 0.8080023527145386
177 0.7257084250450134
178 1.199026346206665
179 0.6373163461685181
180 0.6390238404273987
181 0.7148746252059937
182 0.47838088870048523
183 0.6552254557609558
184 0.8440080285072327
185 0.7359856963157654
186 0.5753055810928345
187 0.46324169635772705
188 0.5700110197067261
189 0.47044700384140015
190 0.6487432718276978
191 0.46303361654281616
192 0.8208630084991455
193 0.8287405371665955
194 0.915724515914917
195 0.5281612873077393
196 0.36702466011047363
197 0.31573644280433655
198 0.7555714249610901
199 0.6468997597694397
200 0.693611204624176
201 0.844077467918396
202 0.4167253375053406
203 0.7102736830711365
204 0.5476822853088379
205 0.908750593662262
206 0.498590886592865
207 0.7274059057235718
208 0.4450988471508026
209 0.669094979763031
210 0.33272939920425415
211 0.44920483231544495
212 0.567453145980835
213 0.4878826439380646
214 0.5025253891944885
215 0.3648641109466553
216 0.5305823087692261
217 1.0079206228256226
218 0.42798325419425964
219 0.5460412502288818
220 1.48457670211792
221 1.3332127332687378
222 1.0465247631072998
223 1.650438666343689
224 1.837374210357666
225 2.10681414604187
226 1.7766836881637573
227 1.6478333473205566
228 1.7398004531860352
229 1.9828685522079468
230 1.9947913885116577
231 1.917323350906372
232 1.8667610883712769
233 1.9857083559036255
234 1.0622185468673706
235 0.864730715751648
236 1.1298223733901978
237 0.9900559186935425
238 0.7649068236351013
239 1.351293921470642
240 0.6862873435020447
241 0.9471914172172546
242 0.6479552984237671
243 0.8216142058372498
244 0.3214080333709717
245 0.9717358946800232
246 0.6731143593788147
247 0.8802453875541687
248 0.66981041431427
249 1.2917622327804565
250 0.7472367882728577
251 0.6163086295127869
252 0.6309522390365601
253 0.3915207087993622
254 0.578777015209198
255 0.925187885761261
256 0.6052851676940918
257 0.3129594624042511
258 0.30498507618904114
259 0.3994971811771393
260 0.4073188006877899
261 0.616982102394104
262 0.44768285751342773
263 0.6848427653312683
264 0.38329511880874634
265 0.41756781935691833
266 0.2775319516658783
267 0.39208847284317017
268 0.5053033828735352
269 0.5288349390029907
270 0.6174352765083313
271 0.5716911554336548
272 0.43373504281044006
273 0.5007453560829163
274 0.1592974215745926
275 0.6901381015777588
276 0.7934160828590393
277 1.041628122329712
278 0.7553135752677917
279 1.3839646577835083
280 1.2847912311553955
281 0.6562674045562744
282 0.6447471976280212
283 0.605873703956604
284 0.7501288652420044
285 0.6757649779319763
286 0.43526241183280945
287 0.7282568216323853
288 0.4337752163410187
289 0.91860431432724
290 0.9419801235198975
291 1.0349774360656738
292 1.4240270853042603
293 0.6756324172019958
294 0.3714108169078827
295 0.4172448217868805
296 0.4204123318195343
297 0.70518958568573
298 0.5477897524833679
299 0.8417399525642395
300 1.1318567991256714
301 0.6302570700645447
302 0.9235673546791077
303 1.193424105644226
304 1.178488850593567
305 0.9754412770271301
306 0.647788405418396
307 0.6538576483726501
308 0.9569963216781616
309 1.0287408828735352
310 0.8758822083473206
311 0.6693977117538452
312 0.6084072589874268
313 0.5881142616271973
314 1.2751420736312866
315 0.7086020112037659
316 1.0890130996704102
317 1.0439820289611816
318 0.9878696799278259
319 0.780201256275177
320 1.0483622550964355
321 1.046351432800293
322 0.824272632598877
323 0.5396208167076111
324 1.214112639427185
325 0.746713399887085
326 1.3779486417770386
327 1.0158250331878662
328 1.1045734882354736
329 0.6770458221435547
330 0.7292309403419495
331 1.0767529010772705
332 0.7626180648803711
333 0.4214516282081604
334 0.7487911581993103
335 0.5487198233604431
336 1.0551412105560303
337 0.8883393406867981
338 0.9471240043640137
339 1.2256478071212769
340 1.2582848072052002
341 1.3360943794250488
342 1.3710798025131226
343 1.2287681102752686
344 1.3297107219696045
345 1.0011845827102661
346 0.5044769644737244
347 0.9987463355064392
348 0.7272304892539978
349 0.7128634452819824
350 0.7075991630554199
351 0.49233078956604004
352 0.7995002269744873
353 0.7365363240242004
354 0.9960576891899109
355 0.8025031685829163
356 0.875275731086731
357 1.202813982963562
358 1.470822811126709
359 1.5145419836044312
360 1.1345120668411255
361 1.0081241130828857
362 1.2044249773025513
363 1.4182627201080322
364 1.1649494171142578
365 0.8342939615249634
366 1.2789875268936157
367 0.7921969294548035
368 1.1918010711669922
369 1.00106680393219
370 0.8603293895721436
371 0.9827535152435303
372 0.7515794038772583
373 1.2222062349319458
374 0.7991480231285095
375 1.0297034978866577
376 1.0308935642242432
377 0.894575834274292
378 1.096792459487915
379 0.9038359522819519
380 0.6057809591293335
381 0.9109100103378296
382 0.7578231692314148
383 1.282909631729126
384 0.700225830078125
385 0.8855540752410889
386 0.6997615098953247
387 1.1711448431015015
388 1.3412704467773438
389 0.8209714889526367
390 1.2784377336502075
391 0.5777453184127808
392 1.0086886882781982
393 0.9966679811477661
394 1.1292120218276978
395 0.5213326215744019
396 0.9031100869178772
397 0.6718536019325256
398 0.689091145992279
399 0.5229256749153137
400 0.5025956034660339
401 0.7569339871406555
402 0.45925480127334595
403 0.9893298149108887
404 0.842706024646759
405 0.7466437220573425
406 1.1420600414276123
407 1.152355432510376
408 1.0408629179000854
409 0.8963618278503418
410 0.6661245822906494
411 0.921906590461731
412 0.8362944722175598
413 0.428105890750885
414 0.6802894473075867
415 0.4859969913959503
416 0.47065436840057373
417 0.6489799618721008
418 0.7658852934837341
419 0.4877967834472656
420 0.7269309759140015
421 0.4304151237010956
422 0.805187463760376
423 0.6364861130714417
424 0.9035192131996155
425 0.8285056948661804
426 0.7567622065544128
427 1.0689599514007568
428 0.7747846245765686
429 0.9330090284347534
430 0.8282859325408936
431 0.7256497144699097
432 1.192799687385559
433 0.968185305595398
434 0.7211125493049622
435 0.8355327248573303
436 1.2052184343338013
437 0.8177306056022644
438 0.944858729839325
439 0.6501892805099487
440 0.8795232176780701
441 0.747238278388977
442 0.640967845916748
443 0.5550962090492249
444 0.7048667669296265
445 1.0215015411376953
446 0.6566736698150635
447 0.7723467946052551
448 0.7079208493232727
449 0.7080427408218384
450 0.5883229970932007
451 0.7233866453170776
452 0.48337700963020325
453 0.5931307077407837
454 0.557025134563446
455 0.5869045853614807
456 0.4298595190048218
457 0.780576765537262
458 0.7759807109832764
459 0.48148706555366516
460 0.7308173179626465
461 0.4187251627445221
462 0.5411148071289063
463 0.8111740350723267
464 0.6227596998214722
465 0.406128853559494
466 1.0676860809326172
467 0.9585199356079102
468 1.1597729921340942
469 0.6443178057670593
470 0.8526279330253601
471 1.178800344467163
472 0.4564410448074341
473 0.4814055263996124
474 0.5836376547813416
475 0.4891137182712555
476 1.067317247390747
477 0.6973625421524048
478 0.6090654134750366
479 0.5046476721763611
480 0.5627061128616333
481 0.4469391107559204
482 0.8076702356338501
483 0.8582229614257813
484 0.7941917777061462
485 0.7992652654647827
486 1.1938267946243286
487 0.9180798530578613
488 1.0682519674301147
489 0.9188469052314758
490 0.9712227582931519
491 0.9637935161590576
492 1.0330158472061157
493 1.1257494688034058
494 0.9351766109466553
495 1.087834119796753
496 0.9947933554649353
497 1.0161309242248535
498 1.0662304162979126
499 1.4774569272994995
500 0.7842101454734802
501 0.7578280568122864
502 0.5394224524497986
503 1.0088096857070923
504 0.371719092130661
505 0.8385450839996338
506 1.1884894371032715
507 0.9292819499969482
508 0.4894886612892151
509 0.6653278470039368
510 0.8881816864013672
511 1.016298532485962
512 1.2972890138626099
513 1.012681484222412
514 1.0499070882797241
515 1.4072788953781128
516 1.5707954168319702
517 1.5245113372802734
518 0.6079363822937012
519 0.9130212068557739
520 0.8559075593948364
521 0.8813555836677551
522 0.720911979675293
523 1.4342752695083618
524 0.8249343037605286
525 0.7674560546875
526 1.1240794658660889
527 0.8852763175964355
528 1.1529048681259155
529 0.8517590165138245
530 0.6699268221855164
531 1.2736083269119263
532 0.8949578404426575
533 0.48054301738739014
534 0.8120934963226318
535 0.6831223368644714
536 1.0320018529891968
537 1.1130045652389526
538 1.2406872510910034
539 1.0947121381759644
540 1.041310429573059
541 0.684367299079895
542 0.6687003970146179
543 0.7400334477424622
544 0.7756921648979187
545 0.6698905825614929
546 0.985471248626709
547 1.0191624164581299
548 0.9219199419021606
549 0.7489995360374451
550 1.0019701719284058
551 0.9103876352310181
552 0.8431756496429443
553 0.9948594570159912
554 1.1564533710479736
555 1.1270233392715454
556 0.6586296558380127
557 1.1726428270339966
558 1.2597540616989136
559 0.85569167137146
560 0.7534809708595276
561 0.9412640929222107
562 0.3796783685684204
563 0.6655603647232056
564 1.0965300798416138
565 0.9817633032798767
566 0.9767376780509949
567 0.7057832479476929
568 0.5102665424346924
569 0.8402056694030762
570 0.40552616119384766
571 1.0003310441970825
572 0.6167384386062622
573 1.0592104196548462
574 0.9016992449760437
575 0.6264222264289856
576 0.7513760924339294
577 1.0205034017562866
578 0.9131710529327393
579 0.6944389939308167
580 0.8139923214912415
581 0.9153245687484741
582 1.0065650939941406
583 1.2983312606811523
584 1.2167506217956543
585 1.4466888904571533
586 1.4701447486877441
587 1.2934377193450928
588 1.3476060628890991
589 0.8971717953681946
590 0.6727516055107117
591 1.5150132179260254
592 0.9427498579025269
593 0.7671334147453308
594 0.9189019799232483
595 0.7473262548446655
596 0.8251211047172546
597 0.771847665309906
598 0.8390132784843445
599 1.8457809686660767
600 1.1988357305526733
601 0.743299126625061
602 0.6396632194519043
603 0.9750405550003052
604 0.9805696606636047
605 1.6637316942214966
606 0.9262334108352661
607 0.9402901530265808
608 1.03127920627594
609 1.1133142709732056
610 0.9516918659210205
611 0.9670075178146362
612 0.9497119784355164
613 0.5317097306251526
614 0.7480720281600952
615 0.9739430546760559
616 1.3012837171554565
617 1.2594103813171387
618 1.0394039154052734
619 0.7096645832061768
620 0.9074702262878418
621 1.0757992267608643
622 1.560246229171753
623 1.594077706336975
624 1.231684684753418
625 1.4383901357650757
626 1.1789653301239014
627 0.8929349184036255
628 1.0883203744888306
629 0.85645991563797
630 1.119213581085205
631 1.2766311168670654
632 1.2411084175109863
633 1.0290942192077637
634 0.8435805439949036
635 0.6772913932800293
636 0.6381703019142151
637 0.772124171257019
638 1.0683438777923584
639 0.9109280109405518
640 1.0722856521606445
641 0.9303240776062012
642 0.8321207165718079
643 1.0970314741134644
644 0.8747166395187378
645 0.8398029804229736
646 0.7010281682014465
647 0.5951542854309082
648 0.6843069791793823
649 0.804668664932251
650 0.9384779334068298
651 0.9504297971725464
652 1.2860448360443115
653 1.2596222162246704
654 1.6168630123138428
655 1.3029522895812988
656 1.9080348014831543
657 1.5813120603561401
658 2.09940242767334
659 2.069998025894165
660 2.267303228378296
661 2.5469486713409424
662 1.9912710189819336
663 1.9522907733917236
664 1.7554923295974731
665 0.8216685652732849
666 0.9042185544967651
667 0.8066273331642151
668 1.1634849309921265
669 0.968658983707428
670 1.4125564098358154
671 1.2113622426986694
672 1.4606541395187378
673 1.0019651651382446
674 0.7304766178131104
675 1.193207025527954
676 0.9655736088752747
677 1.212106466293335
678 1.311044692993164
679 1.2817827463150024
680 1.0701909065246582
681 1.1741610765457153
682 0.8503332734107971
683 0.8509564995765686
684 0.986293375492096
685 1.0595420598983765
686 1.6350839138031006
687 1.3846735954284668
688 1.1939029693603516
689 1.1289780139923096
690 1.012094259262085
691 1.440050482749939
692 1.409613013267517
693 1.224244475364685
694 0.8336399793624878
695 1.18622887134552
696 1.1885857582092285
697 1.0967026948928833
698 1.2579691410064697
699 1.0934547185897827
700 1.0648962259292603
701 1.0536272525787354
702 1.2513912916183472
703 1.400283694267273
704 0.9148462414741516
705 1.4858179092407227
706 0.987769365310669
707 1.2062643766403198
708 1.2125656604766846
709 1.263759970664978
710 0.9365462064743042
711 1.0049763917922974
712 0.8774455785751343
713 1.1006280183792114
714 1.2590560913085938
715 0.9506779909133911
716 1.2043085098266602
717 1.222031593322754
718 1.343460202217102
719 1.4174296855926514
720 1.2615729570388794
721 1.387306571006775
722 1.1317920684814453
723 1.6833308935165405
724 1.633367657661438
725 1.460974097251892
726 1.831896185874939
727 1.9430545568466187
728 2.3351924419403076
729 1.3961793184280396
730 1.3632664680480957
731 1.3826218843460083
732 1.1149879693984985
733 1.3432258367538452
734 1.1069891452789307
735 1.3337225914001465
736 1.4098137617111206
737 1.6071677207946777
738 1.2460201978683472
739 1.4707865715026855
740 1.652661681175232
741 1.655928611755371
742 1.6220782995224
743 1.4499506950378418
744 0.925520122051239
745 1.2662434577941895
746 1.4332391023635864
747 1.2771852016448975
748 1.7493401765823364
749 1.8239222764968872
750 1.6129698753356934
751 1.3762481212615967
752 1.9537065029144287
753 1.970910906791687
754 1.616493582725525
755 1.928114414215088
756 1.8020509481430054
757 1.6210274696350098
758 1.501363754272461
759 1.4259642362594604
760 2.0847864151000977
761 2.327407121658325
762 2.011960983276367
763 2.7218472957611084
764 2.1041693687438965
765 1.8326297998428345
766 1.8083726167678833
767 1.9585593938827515
768 1.9315553903579712
769 1.989168405532837
770 1.8807343244552612
771 1.6508135795593262
772 1.860540509223938
773 1.2964452505111694
774 1.4292337894439697
775 1.385438323020935
776 1.527045488357544
777 1.7453372478485107
778 1.6550477743148804
779 1.5975710153579712
780 2.0262844562530518
781 1.538283348083496
782 1.6239475011825562
783 1.2297428846359253
784 1.2147356271743774
785 1.3276876211166382
786 1.3003449440002441
787 2.0013532638549805
788 1.3776286840438843
789 1.9698020219802856
790 1.23634934425354
791 1.0744696855545044
792 1.5979112386703491
793 1.6854355335235596
794 1.7665352821350098
795 2.113123655319214
796 2.2355034351348877
797 1.9566900730133057
798 1.5916751623153687
799 1.5207643508911133
800 1.591705322265625
801 1.6743278503417969
802 1.8544631004333496
803 1.5941647291183472
804 1.880812644958496
805 1.650374412536621
806 1.9126120805740356
807 2.37180757522583
808 1.2866854667663574
809 1.3173408508300781
810 1.479957938194275
811 1.0540047883987427
812 1.4956045150756836
813 1.057097315788269
814 0.8695256114006042
815 0.7179614305496216
816 1.340073585510254
817 1.6501179933547974
818 1.9888827800750732
819 1.5198230743408203
820 1.1968830823898315
821 2.0026416778564453
822 2.3280997276306152
823 2.1283016204833984
824 1.513344645500183
825 2.1455142498016357
826 1.9973968267440796
827 2.1396374702453613
828 2.181140899658203
829 2.237396240234375
830 1.9901517629623413
831 1.4308685064315796
832 1.1342376470565796
833 1.7254645824432373
834 1.4705992937088013
835 1.4701420068740845
836 1.7724140882492065
837 1.950286626815796
838 1.6970680952072144
839 1.703869104385376
840 1.4928444623947144
841 1.5448853969573975
842 1.9352138042449951
843 1.3959704637527466
844 1.617313265800476
845 1.6093953847885132
846 1.2811791896820068
847 1.5362517833709717
848 1.5692187547683716
849 1.530945897102356
850 1.5100518465042114
851 1.3498244285583496
852 1.1134898662567139
853 1.1453663110733032
854 1.4727500677108765
855 1.8205738067626953
856 2.135181427001953
857 2.0085577964782715
858 1.7807337045669556
859 1.728373646736145
860 1.6946343183517456
861 1.588367223739624
862 2.0384976863861084
863 1.8502076864242554
864 1.7531580924987793
865 1.6365525722503662
866 1.8840059041976929
867 1.296897292137146
868 1.7982314825057983
869 1.5992412567138672
870 1.2986369132995605
871 1.153029441833496
872 1.3079220056533813
873 1.2944889068603516
874 1.6343202590942383
875 1.5866601467132568
876 1.7633628845214844
877 1.4760271310806274
878 1.5424790382385254
879 1.5001975297927856
880 1.3578712940216064
881 1.3502994775772095
882 1.4110180139541626
883 1.093576431274414
884 1.4008780717849731
885 1.402295708656311
886 1.2770432233810425
887 1.6429895162582397
888 0.8985344767570496
889 1.305272102355957
890 1.236091136932373
891 0.9876711368560791
892 1.5083874464035034
893 1.9234251976013184
894 2.108391046524048
895 2.3851091861724854
896 2.1865553855895996
897 2.4295992851257324
898 1.97110915184021
899 2.1955041885375977
900 1.8871797323226929
901 1.9155383110046387
902 1.8412353992462158
903 1.8275985717773438
904 1.7563360929489136
905 1.7716734409332275
906 1.9035979509353638
907 2.0810492038726807
908 2.1089937686920166
909 1.981150507926941
910 1.693870186805725
911 1.7512133121490479
912 2.3059957027435303
913 2.1065218448638916
914 2.038942575454712
915 2.042567253112793
916 2.7304742336273193
917 1.9009599685668945
918 2.4683690071105957
919 2.6343274116516113
920 2.0375211238861084
921 2.3073203563690186
922 2.4323668479919434
923 2.1047749519348145
924 2.4948902130126953
925 2.559375762939453
926 2.59605073928833
927 2.4404375553131104
928 2.1813769340515137
929 2.5372133255004883
930 2.132493257522583
931 2.2400619983673096
932 2.383009672164917
933 2.104673385620117
934 2.0233383178710938
935 1.9207707643508911
936 1.9004207849502563
937 1.772236943244934
938 2.0479514598846436
939 2.2211966514587402
940 1.8186123371124268
941 1.942861557006836
942 2.1148717403411865
943 2.55055570602417
944 2.6203317642211914
945 2.119288444519043
946 1.8794047832489014
947 2.1499035358428955
948 1.8234164714813232
949 1.7292448282241821
950 2.0425522327423096
951 2.222806215286255
952 2.190574884414673
953 2.5479209423065186
954 2.387399435043335
955 2.682638168334961
956 2.340604782104492
957 2.0957820415496826
958 2.456061601638794
959 1.9086024761199951
960 2.108541250228882
961 2.1610593795776367
962 2.154240608215332
963 2.3616397380828857
964 2.658019542694092
965 2.0271308422088623
966 2.416766405105591
967 2.3059401512145996
968 2.171894073486328
969 2.111658811569214
970 1.9992221593856812
971 2.186584234237671
972 2.2656502723693848
973 2.4080045223236084
974 2.3032169342041016
975 1.9590638875961304
976 2.1431024074554443
977 1.8397443294525146
978 2.0305335521698
979 2.0429491996765137
980 2.31555438041687
981 2.216539144515991
982 2.454911947250366
983 2.2085399627685547
984 2.035940170288086
985 2.129181146621704
986 2.749011516571045
987 2.370072364807129
988 2.350151777267456
989 2.356480836868286
990 2.809734344482422
991 2.258441925048828
992 2.2003467082977295
993 2.59962797164917
994 2.283655881881714
995 2.4797282218933105
996 2.1434645652770996
997 2.2599785327911377
998 2.2763919830322266
999 2.1986656188964844
1000 1.8025294542312622
1001 2.110083818435669
1002 1.9630334377288818
1003 2.0033180713653564
1004 2.0009942054748535
1005 1.8136051893234253
1006 1.839545488357544
1007 1.77878999710083
1008 2.1354622840881348
1009 2.784156084060669
1010 2.1314167976379395
1011 2.243161201477051
1012 2.148660182952881
1013 2.3967273235321045
1014 1.959943413734436
1015 1.8455904722213745
1016 2.1844470500946045
1017 2.109666585922241
1018 2.0900087356567383
1019 1.8958959579467773
1020 2.1654508113861084
1021 1.7293959856033325
1022 1.4875272512435913
1023 1.5183629989624023
1024 1.8004618883132935
1025 1.6988343000411987
1026 1.637694239616394
1027 1.6170812845230103
1028 1.9744974374771118
1029 2.1245315074920654
1030 1.8155916929244995
1031 1.5566014051437378
1032 1.781204104423523
1033 1.8028572797775269
1034 1.5600090026855469
1035 1.7540919780731201
1036 1.5330281257629395
1037 1.6048729419708252
1038 1.8742380142211914
1039 2.1100716590881348
1040 1.8445433378219604
1041 1.984665870666504
1042 1.9058091640472412
1043 1.685811996459961
1044 1.8641332387924194
1045 1.7058992385864258
1046 1.800599455833435
1047 1.6605929136276245
1048 1.7947018146514893
1049 1.8061631917953491
1050 1.8110398054122925
1051 1.98659348487854
1052 1.7030147314071655
1053 2.2172813415527344
1054 2.0657851696014404
1055 1.9582301378250122
1056 1.9877362251281738
1057 2.5315847396850586
1058 2.1812403202056885
1059 2.243394136428833
1060 2.4379994869232178
1061 1.8623381853103638
1062 2.3103320598602295
1063 2.2892611026763916
1064 2.235170364379883
1065 2.031181573867798
1066 1.8162742853164673
1067 2.198106050491333
1068 2.1672163009643555
1069 2.1862995624542236
1070 2.2336273193359375
1071 2.4516310691833496
1072 2.198059320449829
1073 2.276154041290283
1074 1.9256792068481445
1075 1.8167906999588013
1076 2.1955108642578125
1077 1.9328968524932861
1078 1.7908011674880981
1079 2.1575684547424316
1080 2.1178486347198486
1081 2.1308791637420654
1082 1.6621172428131104
1083 1.8723888397216797
1084 2.0192971229553223
1085 1.9389861822128296
1086 2.1576056480407715
1087 1.94550359249115
1088 2.0526270866394043
1089 2.059062957763672
1090 2.075841188430786
1091 2.3355324268341064
1092 1.764202356338501
1093 2.130192518234253
1094 1.6977522373199463
1095 2.0496129989624023
1096 1.6847363710403442
1097 2.1231496334075928
1098 1.7558751106262207
1099 1.9668642282485962
1100 2.031384229660034
1101 2.3509066104888916
1102 2.2376549243927
1103 2.150515079498291
1104 2.0844013690948486
1105 2.048881769180298
1106 2.208685874938965
1107 2.2071750164031982
1108 2.269639253616333
1109 1.8326807022094727
1110 1.9014338254928589
1111 2.2121505737304688
1112 2.1244590282440186
1113 2.1187222003936768
1114 2.2624590396881104
1115 2.58420991897583
1116 2.576612710952759
1117 2.324246644973755
1118 2.639273166656494
1119 2.2504122257232666
1120 2.2486634254455566
1121 2.485764503479004
1122 2.5181362628936768
1123 1.8117085695266724
1124 2.036221504211426
1125 2.3146860599517822
1126 2.7794222831726074
1127 2.421708106994629
1128 2.3537111282348633
1129 2.558068037033081
1130 2.3819432258605957
1131 2.833308458328247
1132 2.828848361968994
1133 2.4401092529296875
1134 2.8286306858062744
1135 2.643665075302124
1136 2.379288911819458
1137 2.2697041034698486
1138 2.2569897174835205
1139 2.1593127250671387
1140 2.0018749237060547
1141 2.210085391998291
1142 2.173872232437134
1143 2.4747281074523926
1144 2.3293347358703613
1145 2.3039438724517822
1146 2.2058494091033936
1147 2.2465732097625732
1148 2.2506093978881836
1149 2.2092790603637695
1150 2.622910976409912
1151 2.409595251083374
1152 2.3175830841064453
1153 2.567012071609497
1154 2.4644854068756104
1155 2.6297872066497803
1156 2.1476047039031982
1157 2.0523431301116943
1158 2.0488505363464355
1159 2.433396100997925
1160 2.0367984771728516
1161 2.329395055770874
1162 2.1508727073669434
1163 2.487489700317383
1164 2.2376465797424316
1165 1.8329859972000122
1166 2.076747179031372
1167 2.29998517036438
1168 1.8485257625579834
1169 2.3165555000305176
1170 2.3194704055786133
1171 1.8133047819137573
1172 1.989687204360962
1173 1.9350165128707886
1174 2.0414540767669678
1175 2.058173656463623
1176 2.312628746032715
1177 2.154749870300293
1178 2.5499937534332275
1179 2.1718571186065674
1180 1.9205402135849
1181 1.9425396919250488
1182 2.0999934673309326
1183 2.40649676322937
1184 2.2185122966766357
1185 2.0443766117095947
1186 2.002641201019287
1187 1.9541882276535034
1188 2.0412535667419434
1189 2.1367347240448
1190 2.71856951713562
1191 2.0297458171844482
1192 1.84303617477417
1193 1.9951550960540771
1194 1.8365625143051147
1195 1.9673686027526855
1196 2.1695868968963623
1197 1.962445616722107
1198 2.032196521759033
1199 1.9671242237091064
1200 2.4342246055603027
1201 2.1196532249450684
1202 1.9926315546035767
1203 1.87873375415802
1204 2.1688292026519775
1205 1.9114751815795898
1206 1.9534262418746948
1207 1.9046834707260132
1208 2.170553684234619
1209 1.8641382455825806
1210 1.9604421854019165
1211 2.0966479778289795
1212 1.9652019739151
1213 1.994567632675171
1214 1.9262025356292725
1215 1.876109004020691
1216 1.9368032217025757
1217 1.6611030101776123
1218 1.7564142942428589
1219 1.8981919288635254
1220 1.8185088634490967
1221 1.7816219329833984
1222 1.8774640560150146
1223 1.8405895233154297
1224 1.830145001411438
1225 1.684100866317749
1226 2.1233882904052734
1227 1.7899787425994873
1228 2.233694553375244
1229 2.2279651165008545
1230 1.7346328496932983
1231 1.6813043355941772
1232 1.7392878532409668
1233 1.7671481370925903
1234 2.104140520095825
1235 1.9665483236312866
1236 1.944931983947754
1237 2.1480681896209717
1238 1.7020548582077026
1239 1.784772276878357
1240 1.789145827293396
1241 1.9812573194503784
1242 2.0966928005218506
1243 2.289088487625122
1244 1.8923121690750122
1245 1.8459469079971313
1246 1.9749010801315308
1247 1.8652018308639526
1248 1.7126643657684326
1249 1.6158894300460815
1250 1.5991294384002686
1251 1.4443345069885254
1252 1.6045022010803223
1253 1.6761897802352905
1254 2.054121494293213
1255 1.2658047676086426
1256 1.18142569065094
1257 1.0778894424438477
1258 1.8343656063079834
1259 1.606439232826233
1260 1.4709738492965698
1261 1.6818686723709106
1262 1.5055568218231201
1263 1.6571979522705078
1264 1.499682903289795
1265 1.3009083271026611
1266 1.2164270877838135
1267 1.06062650680542
1268 0.8312055468559265
1269 1.0631943941116333
1270 0.8281455039978027
1271 1.0405573844909668
1272 0.5052142143249512
1273 0.5780035853385925
1274 0.8028124570846558
1275 0.9371985197067261
1276 0.5387287735939026
1277 0.5255135893821716
1278 0.25022023916244507
1279 0.14374876022338867
1280 0.4739592671394348
1281 0.43447285890579224
1282 0.6841972470283508
1283 0.524844765663147
1284 0.6815015077590942
1285 0.7023981809616089
1286 0.5891301035881042
1287 1.0142359733581543
1288 1.1913102865219116
1289 0.7244135141372681
1290 1.100460171699524
1291 0.8448998928070068
1292 1.037750482559204
1293 0.4682934582233429
1294 0.7059934735298157
1295 1.111979603767395
1296 0.6278618574142456
1297 0.3996856212615967
1298 0.8186880350112915
1299 0.7738815546035767
1300 0.6200499534606934
1301 0.7812555432319641
1302 0.962092936038971
1303 0.856175422668457
1304 0.545412540435791
1305 1.0104905366897583
1306 1.023735761642456
1307 0.951348602771759
1308 1.0146386623382568
1309 0.42509788274765015
1310 0.37386977672576904
1311 0.5688238739967346
1312 0.7127692699432373
1313 0.6262553930282593
1314 0.6210657954216003
1315 0.7403019070625305
1316 0.43787848949432373
1317 0.7885419726371765
1318 0.6732796430587769
1319 0.6313825845718384
1320 0.7750397324562073
1321 0.6411842107772827
1322 0.841070830821991
1323 0.39552029967308044
1324 0.3932877779006958
1325 0.46112704277038574
1326 0.4331091046333313
1327 0.4322790801525116
1328 0.7684200406074524
1329 0.7171397805213928
1330 0.9445211291313171
1331 0.6840227842330933
1332 0.4449508786201477
1333 0.7715812921524048
1334 0.5354375243186951
1335 0.42407625913619995
1336 0.40206319093704224
1337 0.8307127356529236
1338 0.3337278962135315
1339 0.7325720191001892
1340 0.4039247930049896
1341 0.6754111647605896
1342 0.42462629079818726
1343 0.6347559094429016
1344 0.37648704648017883
1345 0.568237841129303
1346 0.5554206371307373
1347 0.5415940284729004
1348 0.5610483288764954
1349 0.4238221049308777
1350 0.9145264029502869
1351 0.8001609444618225
1352 0.7360108494758606
1353 1.2457165718078613
1354 0.9306654334068298
1355 0.6523556113243103
1356 0.6843873858451843
1357 0.7688164114952087
1358 0.4785785377025604
1359 0.5528193116188049
1360 0.6269752383232117
1361 0.4200608432292938
1362 0.7865337133407593
1363 0.6678656935691833
1364 0.31924501061439514
1365 0.4511376619338989
1366 0.7284700274467468
1367 0.8537429571151733
1368 0.6215252876281738
1369 1.0015158653259277
1370 0.7116290330886841
1371 0.7317453622817993
1372 0.9010192155838013
1373 1.2175438404083252
1374 1.0352277755737305
1375 0.5430138111114502
1376 0.919148862361908
1377 0.7838707566261292
1378 1.0812575817108154
1379 0.854207456111908
1380 1.4455465078353882
1381 0.7843615412712097
1382 1.0197744369506836
1383 1.1826939582824707
1384 1.6053930521011353
1385 1.1752653121948242
1386 1.4455024003982544
1387 1.087471842765808
1388 0.887905478477478
1389 1.0740045309066772
1390 0.7979580163955688
1391 0.905307948589325
1392 0.6549404859542847
1393 0.8760094046592712
1394 0.7234643697738647
1395 1.133978247642517
1396 0.8884277939796448
1397 0.8726975321769714
1398 0.8481264114379883
1399 1.4871448278427124
1400 1.2965025901794434
1401 1.0414661169052124
1402 1.083279013633728
1403 1.4967739582061768
1404 0.990602433681488
1405 1.1154814958572388
1406 1.3560504913330078
1407 1.4154561758041382
1408 1.0265803337097168
1409 0.9467013478279114
1410 0.9713641405105591
1411 1.4089224338531494
1412 1.0403578281402588
1413 0.9587399959564209
1414 1.154663324356079
1415 1.0553944110870361
1416 0.864130437374115
1417 0.9361197352409363
1418 0.7775166630744934
1419 1.3227808475494385
1420 1.0059716701507568
1421 1.1134873628616333
1422 0.9770267605781555
1423 1.3670003414154053
1424 1.1615468263626099
1425 1.3592264652252197
1426 1.667216181755066
1427 0.9569652676582336
1428 1.6124610900878906
1429 0.9412209391593933
1430 1.5794005393981934
1431 1.2459243535995483
1432 1.3108787536621094
1433 1.2244443893432617
1434 1.53231942653656
1435 1.3074909448623657
1436 0.7985431551933289
1437 0.788879930973053
1438 0.5020251274108887
1439 0.5398576259613037
1440 0.8537722229957581
1441 0.7501906752586365
1442 1.1889872550964355
1443 0.39688703417778015
1444 1.0679740905761719
1445 0.847726047039032
1446 0.5351915955543518
1447 0.49530449509620667
1448 0.5620040893554688
1449 0.438911497592926
1450 0.8401480317115784
1451 0.709287703037262
1452 1.274695873260498
1453 0.7520071268081665
1454 1.0620440244674683
1455 1.0092259645462036
1456 0.4968488812446594
1457 0.7889825105667114
1458 0.7787398099899292
1459 0.7559173107147217
1460 0.7725343108177185
1461 0.5911363363265991
1462 1.0634773969650269
1463 0.7181941866874695
1464 1.514292597770691
1465 1.4966543912887573
1466 0.8499640226364136
1467 0.7911019325256348
1468 0.9426584839820862
1469 0.7883119583129883
1470 0.8479313850402832
1471 1.0687949657440186
1472 1.2716902494430542
1473 1.1697314977645874
1474 0.7530953288078308
1475 0.437485933303833
1476 0.6786298155784607
1477 0.5280637741088867
1478 0.7231360077857971
1479 0.5115526914596558
1480 0.6894264817237854
1481 0.8815702795982361
1482 1.2313288450241089
1483 0.7641157507896423
1484 0.6654379963874817
1485 0.9308018088340759
1486 0.44641777873039246
1487 0.3432970643043518
1488 0.927570104598999
1489 1.0076019763946533
1490 1.2278794050216675
1491 0.6669085621833801
1492 0.514599621295929
1493 0.7340860962867737
1494 0.7875391840934753
1495 0.7096127271652222
1496 0.8435236811637878
1497 1.2341678142547607
1498 0.9224643111228943
1499 0.841107964515686
1500 0.7931662797927856
1501 0.9616961479187012
1502 0.8859428763389587
1503 0.35727745294570923
1504 0.44232669472694397
1505 1.0195024013519287
1506 0.941515326499939
1507 1.1347097158432007
1508 0.711575448513031
1509 0.9689738750457764
1510 0.458941251039505
1511 0.6761088967323303
1512 0.9255590438842773
1513 0.985533595085144
1514 0.5963909029960632
1515 1.238429069519043
1516 0.7791889905929565
1517 1.222967267036438
1518 1.37024986743927
1519 1.1419230699539185
1520 1.0828378200531006
1521 1.3242599964141846
1522 1.5082900524139404
1523 1.5059674978256226
1524 0.934860348701477
1525 1.2880879640579224
1526 1.1012691259384155
1527 1.0298312902450562
1528 1.346962809562683
1529 1.225268840789795
1530 0.9601625800132751
1531 1.3155514001846313
1532 0.8515618443489075
1533 0.6806663870811462
1534 0.6453174352645874
1535 0.32410091161727905
1536 0.5776020288467407
1537 0.7284069061279297
1538 0.7765951156616211
1539 0.5225553512573242
1540 0.47515663504600525
1541 0.4960421919822693
1542 1.1003072261810303
1543 1.0039710998535156
1544 0.8984367251396179
1545 1.223756194114685
1546 1.3171172142028809
1547 0.8222756385803223
1548 0.7338239550590515
1549 1.0792120695114136
1550 1.4267328977584839
1551 0.9555036425590515
1552 0.9039570093154907
1553 1.1291863918304443
1554 1.2146577835083008
1555 1.2208322286605835
1556 0.9437812566757202
1557 1.254319667816162
1558 1.4433600902557373
1559 0.8805776238441467
1560 1.1309140920639038
1561 0.8527156114578247
1562 1.084535837173462
1563 1.2778897285461426
1564 1.3809397220611572
1565 0.7226889729499817
1566 1.105704426765442
1567 0.7143986225128174
1568 0.6448684334754944
1569 0.5922675728797913
1570 0.5588147640228271
1571 0.7174042463302612
1572 0.4028937816619873
1573 0.7504755854606628
1574 0.6834397315979004
1575 0.9288833737373352
1576 0.8626159429550171
1577 0.7058559060096741
1578 1.0969178676605225
1579 0.6402958631515503
1580 0.3950880765914917
1581 0.6121309399604797
1582 1.2150804996490479
1583 1.131425380706787
1584 0.6217528581619263
1585 1.2881230115890503
1586 0.8050184845924377
1587 1.6480404138565063
1588 1.0076748132705688
1589 0.8130497932434082
1590 1.23589026927948
1591 0.8442230820655823
1592 0.9120860695838928
1593 0.4819200336933136
1594 0.4741435945034027
1595 0.5203635692596436
1596 0.6682758331298828
1597 1.2489118576049805
1598 1.0977344512939453
1599 0.6816814541816711
1600 1.0178098678588867
1601 0.4376917779445648
1602 0.5666113495826721
1603 0.6761201620101929
1604 0.8100354671478271
1605 0.8495919704437256
1606 0.9937999844551086
1607 0.7232006788253784
1608 0.4879390001296997
1609 0.5714522004127502
1610 0.6717994213104248
1611 0.42800432443618774
1612 0.3076920509338379
1613 0.947991132736206
1614 0.5747225880622864
1615 0.489036500453949
1616 0.5779886245727539
1617 0.5743007659912109
1618 0.6553462147712708
1619 0.4587985873222351
1620 0.945997416973114
1621 1.178419589996338
1622 0.8795633316040039
1623 1.053714632987976
1624 0.9170296788215637
1625 0.8860575556755066
1626 1.1911336183547974
1627 0.4034373164176941
1628 0.846972644329071
1629 1.0876355171203613
1630 0.8417279720306396
1631 0.7565261721611023
1632 1.1720964908599854
1633 0.980276882648468
1634 1.143498420715332
1635 0.8549601435661316
1636 0.9968626499176025
1637 0.6211469173431396
1638 0.7932103872299194
1639 1.0345388650894165
1640 1.113542914390564
1641 0.7333773374557495
1642 0.8720284700393677
1643 0.8544447422027588
1644 0.5260162353515625
1645 1.2309244871139526
1646 0.7402326464653015
1647 0.921482503414154
1648 0.5829524993896484
1649 0.8595341444015503
1650 1.20473313331604
1651 1.3692829608917236
1652 2.255948066711426
1653 1.3960963487625122
1654 0.9224287271499634
1655 1.206547498703003
1656 1.376484751701355
1657 1.5976858139038086
1658 1.5208854675292969
1659 0.9390830397605896
1660 0.3324598968029022
1661 0.3222593665122986
1662 0.8164118528366089
1663 0.8576240539550781
1664 1.4422074556350708
1665 1.2967092990875244
1666 1.0902281999588013
1667 1.2423276901245117
1668 1.253433346748352
1669 0.5637896060943604
1670 0.9779132008552551
1671 1.0897791385650635
1672 0.7960577607154846
1673 0.688755989074707
1674 0.39657801389694214
1675 0.5161494612693787
1676 0.36965954303741455
1677 0.728356659412384
1678 0.6599639654159546
1679 0.6707429885864258
1680 0.6023033857345581
1681 1.0275993347167969
1682 0.6819208860397339
1683 0.6872048377990723
1684 0.9446316957473755
1685 0.4275704324245453
1686 0.5727736353874207
1687 0.8083353042602539
1688 0.8741670846939087
1689 1.0448031425476074
1690 1.3921138048171997
1691 0.6339125037193298
1692 0.8401533365249634
1693 0.3788124620914459
1694 0.456881046295166
1695 0.7136852145195007
1696 0.9622206091880798
1697 1.2530765533447266
1698 1.111065149307251
1699 1.2813953161239624
1700 0.6754151582717896
1701 0.8789166212081909
1702 0.7045051455497742
1703 0.5152825713157654
1704 0.6032431125640869
1705 0.7186538577079773
1706 0.3964605927467346
1707 0.38418179750442505
1708 0.5275452733039856
1709 0.7648046016693115
1710 0.4885058104991913
1711 0.7360745668411255
1712 0.6192284822463989
1713 0.5234453082084656
1714 0.2711995840072632
1715 0.6332846879959106
1716 0.6881142854690552
1717 0.6193096041679382
1718 0.7672127485275269
1719 0.749660849571228
1720 0.38317808508872986
1721 1.2728723287582397
1722 0.802550196647644
1723 1.245670199394226
1724 2.122258186340332
1725 1.7424614429473877
1726 1.8124638795852661
1727 1.0283759832382202
1728 1.5187816619873047
1729 1.088157296180725
1730 1.160123348236084
1731 0.6957328915596008
1732 0.6105397939682007
1733 0.3215636909008026
1734 0.9612619876861572
1735 0.9567068815231323
1736 1.0436862707138062
1737 1.0879322290420532
1738 0.9889088273048401
1739 0.8961657285690308
1740 1.3660110235214233
1741 1.040614366531372
1742 1.2679742574691772
1743 1.0330060720443726
1744 1.5196185111999512
1745 1.221034288406372
1746 1.2838267087936401
1747 0.875899612903595
1748 0.7110589742660522
1749 0.6506379246711731
1750 0.3851422965526581
1751 0.7306371331214905
1752 0.7837924957275391
1753 0.5496028065681458
1754 0.5024849772453308
1755 0.441457599401474
1756 0.5934469699859619
1757 1.0747613906860352
1758 0.4695814549922943
1759 0.5877490639686584
1760 0.8882468342781067
1761 0.7196640968322754
1762 0.9674407839775085
1763 0.5827720165252686
1764 0.8147960305213928
1765 1.0624139308929443
1766 0.9884939193725586
1767 1.0561460256576538
1768 0.49387603998184204
1769 0.6794278621673584
1770 0.6839821338653564
1771 0.61292964220047
1772 0.8832572102546692
1773 0.826649010181427
1774 0.7120843529701233
1775 0.9661271572113037
1776 0.7806575298309326
1777 1.1041319370269775
1778 0.6659806966781616
1779 0.8348053097724915
1780 0.6627625823020935
1781 0.6295198202133179
1782 0.6266961693763733
1783 0.7594373822212219
1784 0.563429594039917
1785 1.016843318939209
1786 0.9509361982345581
1787 0.9705695509910583
1788 0.928530216217041
1789 0.8261345624923706
1790 1.1331853866577148
1791 0.777158260345459
1792 1.1372110843658447
1793 1.4862679243087769
1794 0.9493812918663025
1795 1.1054450273513794
1796 0.8892616033554077
1797 0.9443476796150208
1798 0.994670569896698
1799 0.7416146993637085
1800 0.868149995803833
1801 0.8909707069396973
1802 1.079008936882019
1803 1.0180487632751465
1804 0.823697566986084
1805 0.7587022185325623
1806 0.9198242425918579
1807 0.8753386735916138
1808 0.8076081275939941
1809 1.0656954050064087
1810 0.9340213537216187
1811 1.164981722831726
1812 0.9536643624305725
1813 0.8861921429634094
1814 1.490723967552185
1815 1.1601924896240234
1816 0.9552868008613586
1817 1.0714219808578491
1818 1.0660852193832397
1819 0.9919735789299011
1820 0.8238283395767212
1821 0.8910982012748718
1822 0.6258359551429749
1823 0.975519061088562
1824 1.2889267206192017
1825 1.0582563877105713
1826 1.0358710289001465
1827 1.1735855340957642
1828 1.2429953813552856
1829 1.4253665208816528
1830 1.4384359121322632
1831 1.1878893375396729
1832 1.3617465496063232
1833 0.862817645072937
1834 1.024614691734314
1835 1.0058380365371704
1836 0.8564677834510803
1837 1.1900122165679932
1838 1.2485681772232056
1839 1.1110872030258179
1840 0.9019864797592163
1841 0.8656100630760193
1842 1.1375833749771118
1843 0.7647486329078674
1844 0.9394475221633911
1845 0.8266414403915405
1846 0.6039386987686157
1847 0.6304458379745483
1848 0.7786899209022522
1849 1.0162311792373657
1850 0.726616621017456
1851 0.9184623956680298
1852 1.1113592386245728
1853 0.7263665795326233
1854 0.5802913904190063
1855 0.7064355611801147
1856 0.5376570820808411
1857 0.7146317362785339
1858 0.8227266073226929
1859 0.22837485373020172
1860 0.9044724106788635
1861 0.8213040828704834
1862 0.47729575634002686
1863 0.8384928107261658
1864 0.44491860270500183
1865 0.5125147700309753
1866 0.7438328862190247
1867 0.9234229326248169
1868 1.2676235437393188
1869 1.1402324438095093
1870 1.1252822875976563
1871 0.7885692119598389
1872 0.979777455329895
1873 1.406682014465332
1874 1.0409276485443115
1875 1.7688292264938354
1876 1.448568344116211
1877 1.580793857574463
1878 0.9086889028549194
1879 1.231295108795166
1880 1.5007646083831787
1881 1.3810185194015503
1882 1.4206914901733398
1883 1.1931421756744385
1884 1.331910252571106
1885 0.5616443157196045
1886 1.374477744102478
1887 1.0867351293563843
1888 1.1497153043746948
1889 1.3438270092010498
1890 1.7415415048599243
1891 1.482938528060913
1892 1.6739985942840576
1893 1.1465401649475098
1894 0.9209777116775513
1895 1.3423060178756714
1896 1.5769073963165283
1897 1.7690547704696655
1898 0.9006994962692261
1899 1.0425478219985962
1900 1.4009900093078613
1901 1.039354681968689
1902 1.1107755899429321
1903 1.1114412546157837
1904 1.2724859714508057
1905 1.4232761859893799
1906 1.5982707738876343
1907 1.4649076461791992
1908 1.4730416536331177
1909 1.776289939880371
1910 1.227237582206726
1911 1.3137071132659912
1912 1.520975947380066
1913 1.165861964225769
1914 1.2781703472137451
1915 0.817212700843811
1916 0.8587936758995056
1917 0.6933106780052185
1918 0.671096920967102
1919 0.5016751289367676
1920 0.46175721287727356
1921 0.9776715040206909
1922 0.9355093240737915
1923 0.719658374786377
1924 1.3360987901687622
1925 0.7358259558677673
1926 0.748569130897522
1927 1.018638014793396
1928 1.2583609819412231
1929 1.253848910331726
1930 1.1494826078414917
1931 0.8871304988861084
1932 1.1546615362167358
1933 0.8939244747161865
1934 0.8979595303535461
1935 0.8289279937744141
1936 0.7620017528533936
1937 0.6344647407531738
1938 1.1298930644989014
1939 0.7102766036987305
1940 0.40088850259780884
1941 0.9468322992324829
1942 0.6149010062217712
1943 0.7513757348060608
1944 0.9465034008026123
1945 1.2092009782791138
1946 0.7371646761894226
1947 1.235845923423767
1948 1.1442155838012695
1949 0.9404986500740051
1950 0.8602153062820435
1951 0.6403635144233704
1952 0.527423083782196
1953 0.4433336555957794
1954 0.6436166763305664
1955 0.7830275893211365
1956 0.9353947639465332
1957 0.7810002565383911
1958 0.791043758392334
1959 0.5818196535110474
1960 0.8706602454185486
1961 1.0411300659179688
1962 0.7801169157028198
1963 0.7520298957824707
1964 0.7450293302536011
1965 0.6912798285484314
1966 0.5253937244415283
1967 0.7338607907295227
1968 0.3843046724796295
1969 0.5304220914840698
1970 1.0159693956375122
1971 0.6992689371109009
1972 0.32117652893066406
1973 0.5364607572555542
1974 0.7026363611221313
1975 0.35375210642814636
1976 0.6594072580337524
1977 0.7241767048835754
1978 0.596042275428772
1979 0.8116034269332886
1980 0.6716121435165405
1981 0.5879545211791992
1982 0.4685964286327362
1983 0.3399524390697479
1984 0.8400431871414185
1985 0.666951596736908
1986 0.540540337562561
1987 0.4034188985824585
1988 0.3869639039039612
1989 0.30092930793762207
1990 0.45665135979652405
1991 0.4090547263622284
1992 0.35216715931892395
1993 0.48379719257354736
1994 0.30505478382110596
1995 0.5164386034011841
1996 0.5657331347465515
1997 0.6788915991783142
1998 0.48302531242370605
1999 1.090352177619934
