0 0.0
1 0.30731984972953796
2 0.7153347730636597
3 0.2151908129453659
4 0.6159749031066895
5 0.3747938871383667
6 0.4426100552082062
7 0.4164263606071472
8 0.35920241475105286
9 0.40531405806541443
10 0.38836902379989624
11 0.5731401443481445
12 0.6169556379318237
13 0.43036124110221863
14 0.5670191049575806
15 0.8939403891563416
16 1.291642665863037
17 0.5601497888565063
18 0.5703493356704712
19 0.8450272083282471
20 0.39100340008735657
21 0.8415018320083618
22 0.6041370630264282
23 0.9111328721046448
24 0.803223729133606
25 0.7497798800468445
26 0.36416685581207275
27 0.521108865737915
28 0.9915298223495483
29 0.6547552943229675
30 0.5265979170799255
31 0.827125072479248
32 0.7421890497207642
33 0.545049250125885
34 0.5324988961219788
35 0.39713865518569946
36 0.5844060778617859
37 0.7719889283180237
38 0.7259770035743713
39 0.47796839475631714
40 0.6044808030128479
41 0.5455350279808044
42 0.6282497048377991
43 0.6681815385818481
44 0.6683250069618225
45 0.3941037952899933
46 0.5079168677330017
47 0.7019375562667847
48 0.44157329201698303
49 0.6622384786605835
50 0.45920097827911377
51 0.30281826853752136
52 0.7643709778785706
53 0.4906293451786041
54 0.615870475769043
55 0.38549065589904785
56 0.528099536895752
57 0.32885250449180603
58 0.6293777823448181
59 0.8812829852104187
60 0.49410414695739746
61 1.358919620513916
62 1.1386489868164063
63 1.1253372430801392
64 1.2797380685806274
65 1.2806752920150757
66 1.3136780261993408
67 0.43732979893684387
68 1.3899585008621216
69 1.3744527101516724
70 1.2715401649475098
71 1.5345971584320068
72 0.903476893901825
73 0.977656900882721
74 1.1918551921844482
75 0.8973595499992371
76 0.9963801503181458
77 0.7388938069343567
78 0.7886459231376648
79 0.9542760252952576
80 1.034934401512146
81 0.9044190049171448
82 0.5633207559585571
83 0.7223970293998718
84 1.591256856918335
85 1.4613178968429565
86 1.2015726566314697
87 0.8916714787483215
88 0.9585481882095337
89 0.6144634485244751
90 0.595711350440979
91 0.6548783183097839
92 1.1434768438339233
93 0.8091825246810913
94 1.6329690217971802
95 1.1212447881698608
96 0.9794096946716309
97 1.066807746887207
98 1.5312588214874268
99 1.6885241270065308
100 1.0196130275726318
101 1.2114421129226685
102 1.0594351291656494
103 0.5828171968460083
104 1.3005563020706177
105 1.4453988075256348
106 1.2233831882476807
107 1.1205724477767944
108 1.1513030529022217
109 1.504752278327942
110 1.3973239660263062
111 1.9535486698150635
112 1.3139400482177734
113 0.9301154613494873
114 0.8475683927536011
115 0.7639375329017639
116 0.800177276134491
117 0.3769565522670746
118 0.429869681596756
119 0.20622888207435608
120 0.7018424272537231
121 0.7606817483901978
122 0.8387250900268555
123 0.35669174790382385
124 0.5903849005699158
125 0.9099555015563965
126 0.5743162631988525
127 0.5832337737083435
128 0.33345770835876465
129 0.49513161182403564
130 0.5418528318405151
131 0.7035146355628967
132 0.4235936105251312
133 0.5659618377685547
134 0.6140440702438354
135 0.3227063715457916
136 0.6662769317626953
137 0.7419707179069519
138 0.556257426738739
139 0.5530129671096802
140 0.5841139554977417
141 0.7248808741569519
142 0.6182026863098145
143 0.37495625019073486
144 0.7998043894767761
145 0.36236321926116943
146 0.6048666834831238
147 0.5119529962539673
148 0.45313605666160583
149 0.8897731304168701
150 0.3510158658027649
151 0.5645597577095032
152 0.9420682191848755
153 0.7794929146766663
154 0.7604867219924927
155 0.6848989725112915
156 0.8387530446052551
157 0.9847353100776672
158 0.554046630859375
159 0.5022429823875427
160 0.45580756664276123
161 0.41643452644348145
162 0.49165603518486023
163 0.8010928630828857
164 0.6292069554328918
165 0.8292933702468872
166 0.6977460980415344
167 0.6103843450546265
168 0.4258253276348114
169 1.3376173973083496
170 0.9748945832252502
171 1.0499416589736938
172 0.572696328163147
173 1.0596340894699097
174 0.7691739797592163
175 1.0811126232147217
176 0.7710399031639099
177 0.7489173412322998
178 0.8951581716537476
179 1.246368646621704
180 1.2554731369018555
181 1.4485453367233276
182 1.1468043327331543
183 0.6264534592628479
184 0.6724622845649719
185 1.4424560070037842
186 1.430591106414795
187 1.632935643196106
188 1.8456085920333862
189 1.405529499053955
190 1.3550989627838135
191 0.6524441838264465
192 0.7867222428321838
193 1.234403133392334
194 0.7830023169517517
195 1.3152952194213867
196 0.8176599740982056
197 0.9606946706771851
198 0.8150956630706787
199 0.7432462573051453
200 0.4862543046474457
201 0.5751250386238098
202 0.8194422721862793
203 0.7389033436775208
204 1.2121678590774536
205 0.9026002287864685
206 0.6160610914230347
207 0.8170030117034912
208 0.7105815410614014
209 1.419208288192749
210 0.7133787274360657
211 0.556604266166687
212 0.8180192708969116
213 1.3092114925384521
214 0.6501324772834778
215 0.5440171360969543
216 0.7792785167694092
217 0.9989129900932312
218 0.5595768094062805
219 0.7501165866851807
220 0.7650121450424194
221 0.7626478672027588
222 0.7659724950790405
223 0.8198425769805908
224 1.034885287284851
225 0.9044063091278076
226 0.7056552171707153
227 0.9015242457389832
228 0.37407997250556946
229 0.7189756631851196
230 0.5011899471282959
231 0.7046802043914795
232 0.41763830184936523
233 0.38685375452041626
234 0.7573776245117188
235 0.6058347821235657
236 0.7276087999343872
237 0.5664942860603333
238 0.5078358054161072
239 0.4957648813724518
240 0.685512363910675
241 0.8803315162658691
242 0.8073639273643494
243 0.923769474029541
244 1.3488365411758423
245 0.630861759185791
246 1.0091001987457275
247 0.689799964427948
248 0.7037861943244934
249 0.6204688549041748
250 0.8003860116004944
251 0.6005210876464844
252 0.7947698831558228
253 0.8611695170402527
254 0.4234808683395386
255 0.5274028182029724
256 0.5487497448921204
257 0.5524442195892334
258 0.42714035511016846
259 0.6339020133018494
260 0.7742480635643005
261 0.6197811365127563
262 0.6057603359222412
263 0.6930901408195496
264 0.5222848653793335
265 0.7887086868286133
266 0.890304446220398
267 0.7333618402481079
268 1.3379006385803223
269 1.0240269899368286
270 0.7820586562156677
271 0.7192754745483398
272 1.10809326171875
273 1.0207366943359375
274 1.3266010284423828
275 1.5519917011260986
276 1.5794216394424438
277 1.4552217721939087
278 1.096999168395996
279 0.8365300297737122
280 1.0324043035507202
281 0.5433732271194458
282 0.6566838622093201
283 1.1217000484466553
284 0.6780213713645935
285 0.5740985870361328
286 0.7872508764266968
287 0.9009555578231812
288 0.5978375673294067
289 0.8693109154701233
290 0.7582263946533203
291 0.862874448299408
292 0.6901717782020569
293 1.0619940757751465
294 1.141427755355835
295 0.9509703516960144
296 1.0812578201293945
297 1.2590998411178589
298 0.9714685678482056
299 0.9863347411155701
300 0.9047949910163879
301 0.5877232551574707
302 0.8021302819252014
303 0.6019181609153748
304 0.71345055103302
305 1.359026312828064
306 0.9726687073707581
307 0.9174253344535828
308 0.8383766412734985
309 1.0914217233657837
310 0.5343866944313049
311 1.2153732776641846
312 1.3353601694107056
313 1.0652211904525757
314 1.6541780233383179
315 0.9427556991577148
316 1.1157208681106567
317 1.0230079889297485
318 0.3917989134788513
319 0.7666760087013245
320 0.7213664054870605
321 0.5434286594390869
322 0.7170136570930481
323 1.1048758029937744
324 1.400524616241455
325 0.850916862487793
326 0.5813079476356506
327 0.9347386360168457
328 1.1181161403656006
329 0.6659513115882874
330 1.3388514518737793
331 1.44882071018219
332 0.7513112425804138
333 0.5547675490379333
334 0.7801808714866638
335 0.2434726059436798
336 0.4801972806453705
337 0.3072321116924286
338 0.42330673336982727
339 0.9406433701515198
340 1.0425124168395996
341 0.8491113781929016
342 0.6406862735748291
343 0.7897672057151794
344 0.5451867580413818
345 0.7097753882408142
346 0.7341069579124451
347 0.5869649648666382
348 1.2913641929626465
349 1.1675668954849243
350 0.6346299052238464
351 0.9079234004020691
352 0.8241347670555115
353 0.9348020553588867
354 1.0747032165527344
355 1.1818183660507202
356 0.6471941471099854
357 0.9077486991882324
358 0.9944830536842346
359 0.5656223297119141
360 0.4942970871925354
361 0.46080726385116577
362 0.8140615224838257
363 0.5255591869354248
364 0.584960401058197
365 0.9375616312026978
366 0.7943596243858337
367 1.4486409425735474
368 0.970966637134552
369 0.9930785298347473
370 0.906999409198761
371 0.9168728590011597
372 0.7619307041168213
373 0.8387914896011353
374 1.0134025812149048
375 0.8938710689544678
376 0.9507738351821899
377 0.9865462183952332
378 0.75855553150177
379 0.6193417906761169
380 0.9343469738960266
381 0.9960095286369324
382 0.7592751979827881
383 1.0741236209869385
384 0.9935410022735596
385 0.45813533663749695
386 1.155470848083496
387 0.7393484711647034
388 0.9325841069221497
389 0.6556608080863953
390 0.7603025436401367
391 0.7059119939804077
392 1.0064656734466553
393 1.1645362377166748
394 1.175599455833435
395 1.0348474979400635
396 0.8697436451911926
397 0.6424946784973145
398 0.6586392521858215
399 0.69406658411026
400 1.020259141921997
401 0.9301714301109314
402 0.8111053705215454
403 0.8774721622467041
404 1.2195630073547363
405 1.0011959075927734
406 0.7469296455383301
407 1.0892078876495361
408 0.8472982048988342
409 0.8293370604515076
410 0.6886893510818481
411 0.9062841534614563
412 0.8584280610084534
413 0.8714916110038757
414 1.1057988405227661
415 0.9947835803031921
416 0.5934874415397644
417 0.5129433870315552
418 0.5780308842658997
419 0.6343940496444702
420 0.8970888257026672
421 0.5587843656539917
422 0.6652213931083679
423 0.3678205907344818
424 1.0386106967926025
425 0.3511645197868347
426 0.7133203148841858
427 0.7342816591262817
428 0.46919843554496765
429 0.6610550284385681
430 0.7901124358177185
431 0.7028419375419617
432 1.130955696105957
433 0.7273163795471191
434 0.9276970624923706
435 1.1185543537139893
436 1.1193655729293823
437 0.953912079334259
438 0.7669328451156616
439 0.7599872350692749
440 0.7213264107704163
441 0.917889416217804
442 0.969990611076355
443 0.9711633324623108
444 1.54762601852417
445 0.675401508808136
446 0.7293683290481567
447 0.9205392003059387
448 0.6531028151512146
449 0.2593114376068115
450 0.4795103073120117
451 1.1541388034820557
452 1.2382475137710571
453 1.704871416091919
454 1.6635627746582031
455 1.6150742769241333
456 1.538028597831726
457 1.1491421461105347
458 0.8273194432258606
459 1.371612787246704
460 0.824084997177124
461 0.8559460639953613
462 0.8588629364967346
463 0.8143347501754761
464 1.3266562223434448
465 1.4805701971054077
466 1.5254982709884644
467 1.7120285034179688
468 1.222318172454834
469 1.7561981678009033
470 1.1032532453536987
471 0.8972654938697815
472 1.104735016822815
473 0.930785059928894
474 1.1187655925750732
475 0.662985622882843
476 1.2608462572097778
477 0.4555909037590027
478 0.7416217923164368
479 0.8525317311286926
480 1.2511732578277588
481 0.9303391575813293
482 1.0440244674682617
483 1.1210352182388306
484 1.2255852222442627
485 0.9956012964248657
486 0.7468048334121704
487 1.2745698690414429
488 1.3609533309936523
489 1.2978395223617554
490 0.9480332136154175
491 1.00101637840271
492 1.2455352544784546
493 0.8179619908332825
494 0.769269585609436
495 1.0256659984588623
496 0.8189727663993835
497 1.0838570594787598
498 0.8066459894180298
499 0.8150637745857239
500 0.4263487458229065
501 0.9808672666549683
502 0.48019787669181824
503 0.6335799694061279
504 0.7599250078201294
505 1.2215290069580078
506 0.7982049584388733
507 1.2719297409057617
508 0.692626953125
509 1.2399201393127441
510 1.033481240272522
511 1.215755581855774
512 1.4454246759414673
513 1.1828218698501587
514 0.8701130151748657
515 1.2744669914245605
516 1.577986478805542
517 1.4332382678985596
518 1.363063931465149
519 1.2793611288070679
520 1.3046810626983643
521 1.2922990322113037
522 1.5053062438964844
523 1.474180817604065
524 1.1256669759750366
525 1.2442080974578857
526 1.2147529125213623
527 1.7283153533935547
528 1.9055558443069458
529 1.7048314809799194
530 1.0700418949127197
531 1.0888843536376953
532 1.2190226316452026
533 1.454235553741455
534 1.024948239326477
535 0.8823924660682678
536 1.2337286472320557
537 1.5479904413223267
538 1.3572181463241577
539 1.4022868871688843
540 0.6061763167381287
541 0.960269033908844
542 1.379665493965149
543 1.6179641485214233
544 1.9152827262878418
545 1.9045608043670654
546 1.5353984832763672
547 1.6329083442687988
548 1.60367751121521
549 1.1687533855438232
550 1.675792932510376
551 1.9486066102981567
552 0.9552209377288818
553 0.4831748306751251
554 1.2863322496414185
555 1.2983185052871704
556 1.2398600578308105
557 0.9551731944084167
558 1.051128625869751
559 1.345000982284546
560 1.3782684803009033
561 0.9436290860176086
562 0.9329068660736084
563 1.0514966249465942
564 0.6868208050727844
565 0.8899736404418945
566 1.017896294593811
567 0.8586639761924744
568 0.9031165242195129
569 0.7610517740249634
570 1.0713849067687988
571 0.8995280861854553
572 1.001714825630188
573 0.5994239449501038
574 0.8266922235488892
575 0.8949359059333801
576 0.3516395390033722
577 0.7575855255126953
578 0.4992696940898895
579 0.6503961682319641
580 0.5804301500320435
581 1.0153722763061523
582 0.5880188345909119
583 0.9347203373908997
584 0.6706222891807556
585 0.8083469271659851
586 0.47897177934646606
587 0.8591867089271545
588 0.6876539587974548
589 0.5245437026023865
590 0.5563936233520508
591 0.5534418225288391
592 0.4394966661930084
593 0.7589974999427795
594 0.7489921450614929
595 0.5818677544593811
596 1.2741199731826782
597 0.7322015762329102
598 0.534781277179718
599 0.5017949342727661
600 0.43771228194236755
601 0.8934444189071655
602 0.5461907982826233
603 0.5904566645622253
604 0.5035716891288757
605 0.551740288734436
606 0.46332409977912903
607 0.5269030928611755
608 0.35073399543762207
609 0.6643218398094177
610 0.6207256317138672
611 0.5216578245162964
612 0.9011817574501038
613 0.7075113654136658
614 0.8113681077957153
615 0.6464253067970276
616 0.3509180545806885
617 0.2451508641242981
618 0.38060736656188965
619 0.596598207950592
620 0.8236347436904907
621 0.47350338101387024
622 0.6355471014976501
623 0.5536859631538391
624 0.5055707097053528
625 0.43474313616752625
626 0.7374584078788757
627 0.5246226787567139
628 0.45968514680862427
629 0.7271412014961243
630 0.371214359998703
631 0.9435122609138489
632 0.7131250500679016
633 0.7223587036132813
634 0.5399602055549622
635 0.5945428013801575
636 0.4823245406150818
637 0.4001155495643616
638 0.6478517055511475
639 0.8281158804893494
640 0.9154795408248901
641 0.8681419491767883
642 1.4674383401870728
643 1.2884161472320557
644 0.8750348687171936
645 0.6989455819129944
646 0.4528332054615021
647 0.5102320909500122
648 0.9700525999069214
649 1.2481497526168823
650 1.3302809000015259
651 1.3334362506866455
652 1.2777478694915771
653 0.9386262893676758
654 1.157975673675537
655 1.2530239820480347
656 1.3087364435195923
657 0.9421682953834534
658 1.2601592540740967
659 1.2406518459320068
660 1.1290245056152344
661 1.0264737606048584
662 1.2395734786987305
663 1.4535166025161743
664 1.094234585762024
665 1.2031919956207275
666 1.0749870538711548
667 1.287037968635559
668 0.9830284714698792
669 1.2748898267745972
670 0.9009652137756348
671 1.4355484247207642
672 1.1520520448684692
673 1.000604510307312
674 0.7085698246955872
675 0.9676753282546997
676 0.8873909711837769
677 1.0108288526535034
678 0.9953071475028992
679 0.7621909379959106
680 0.4411027729511261
681 0.5710573792457581
682 0.7290309071540833
683 0.9805933237075806
684 0.8260577917098999
685 0.9973405599594116
686 0.6907904148101807
687 0.7847941517829895
688 0.9185059666633606
689 0.4449672996997833
690 0.7544711828231812
691 0.9691227078437805
692 0.6821123361587524
693 0.6647040843963623
694 0.9189873337745667
695 0.7385453581809998
696 0.6739981770515442
697 0.7208804488182068
698 0.9134341478347778
699 1.0713812112808228
700 0.8725364804267883
701 0.9671659469604492
702 0.7142427563667297
703 0.29456374049186707
704 0.7497889995574951
705 0.6469548344612122
706 0.6951140761375427
707 0.5725340247154236
708 0.6561241745948792
709 0.5250494480133057
710 0.8255276083946228
711 0.8137101531028748
712 1.2261073589324951
713 0.5023099184036255
714 0.4142196774482727
715 0.45021823048591614
716 0.41760215163230896
717 0.6381296515464783
718 1.0964628458023071
719 1.1008352041244507
720 0.6972985863685608
721 0.4380352795124054
722 0.7680776715278625
723 0.9155067205429077
724 0.9181267023086548
725 0.6471682190895081
726 0.99750816822052
727 0.7660292983055115
728 0.9151778221130371
729 0.8522019386291504
730 0.8051127195358276
731 0.6025252342224121
732 0.9775383472442627
733 0.7019058465957642
734 0.7249962687492371
735 0.8826274275779724
736 1.466820478439331
737 1.2078535556793213
738 1.0728377103805542
739 0.6773998141288757
740 0.8359660506248474
741 0.9057223796844482
742 0.74160236120224
743 0.7690751552581787
744 0.5517479181289673
745 0.6139668226242065
746 0.5448838472366333
747 0.3830564022064209
748 0.6663159132003784
749 0.5316085815429688
750 0.6746114492416382
751 0.47248655557632446
752 0.6425215601921082
753 1.0797470808029175
754 0.8642932772636414
755 0.5794517993927002
756 0.9375158548355103
757 0.9040100574493408
758 0.9876206517219543
759 0.7380446195602417
760 0.8712868690490723
761 0.6321272850036621
762 0.5993244647979736
763 0.5397920608520508
764 0.7269195318222046
765 1.107080340385437
766 0.8600616455078125
767 1.0128318071365356
768 1.0581715106964111
769 1.0056155920028687
770 1.0729917287826538
771 1.0166420936584473
772 0.9022542238235474
773 0.8056570887565613
774 0.47089990973472595
775 0.6234138011932373
776 0.6674706935882568
777 0.656230092048645
778 0.908157229423523
779 0.7758883833885193
780 0.7172234058380127
781 0.6919273138046265
782 0.8212209343910217
783 0.9579242467880249
784 0.7634882926940918
785 0.7423011660575867
786 0.9506364464759827
787 0.6906746029853821
788 0.8372458219528198
789 0.4381766617298126
790 0.5406510829925537
791 1.0087640285491943
792 0.5483243465423584
793 0.6226682662963867
794 0.6650555729866028
795 0.5606456995010376
796 0.7529563903808594
797 0.712836742401123
798 0.6265692114830017
799 0.7936422824859619
800 0.8811146020889282
801 0.7003235220909119
802 0.6075937151908875
803 0.8177309036254883
804 0.756397008895874
805 1.019014835357666
806 0.632227897644043
807 0.7754151225090027
808 0.7026358246803284
809 0.5116893649101257
810 0.9706509709358215
811 0.9801082611083984
812 1.1987134218215942
813 1.1030361652374268
814 1.5799304246902466
815 1.318642497062683
816 0.5585312247276306
817 1.0407428741455078
818 0.9189598560333252
819 0.6989994049072266
820 0.5989198684692383
821 0.6643729209899902
822 0.7278473973274231
823 0.7805323004722595
824 0.4851848781108856
825 0.5348078012466431
826 0.5917465686798096
827 0.7799676060676575
828 0.8537624478340149
829 0.7083759903907776
830 1.021376371383667
831 0.9509996175765991
832 0.9293941855430603
833 0.9172630310058594
834 0.7507715821266174
835 0.617072582244873
836 0.8433192372322083
837 0.9934715628623962
838 0.8710065484046936
839 0.7586337327957153
840 0.5704302191734314
841 0.9643945693969727
842 0.6912961006164551
843 1.0453234910964966
844 0.7462151050567627
845 0.7137916684150696
846 0.6661384701728821
847 1.1047552824020386
848 0.7514268159866333
849 0.9125851988792419
850 0.7487062811851501
851 0.6391851902008057
852 0.5941471457481384
853 0.7457132935523987
854 0.7563682794570923
855 1.110511302947998
856 1.137352466583252
857 0.8377258777618408
858 0.6754050850868225
859 1.1692016124725342
860 0.8384726643562317
861 1.0620009899139404
862 0.8529461622238159
863 0.8384684324264526
864 0.9401059150695801
865 0.7244449853897095
866 0.719542920589447
867 0.8414415717124939
868 0.5700966715812683
869 0.6535592079162598
870 0.8475370407104492
871 1.0474416017532349
872 1.0858501195907593
873 0.8249534368515015
874 0.7260887026786804
875 0.8947545886039734
876 0.596860408782959
877 0.6215366125106812
878 0.33632218837738037
879 0.7427199482917786
880 0.6347981691360474
881 0.8163374662399292
882 1.2066543102264404
883 1.004251480102539
884 0.9615079760551453
885 0.7222276926040649
886 1.0009511709213257
887 0.7260291576385498
888 1.0252275466918945
889 1.149896502494812
890 1.745087742805481
891 1.4406801462173462
892 0.8140988349914551
893 0.7485262751579285
894 0.8795968294143677
895 0.6181449890136719
896 0.6674506664276123
897 0.5291703343391418
898 0.5751423239707947
899 0.7888717651367188
900 0.6649008393287659
901 0.705683171749115
902 0.797149658203125
903 1.1916807889938354
904 1.2712639570236206
905 0.9639912843704224
906 1.427003026008606
907 1.0853172540664673
908 1.1650477647781372
909 1.1343439817428589
910 1.079899549484253
911 0.9891022443771362
912 1.543866753578186
913 1.2345342636108398
914 1.2106002569198608
915 1.1176652908325195
916 1.0647780895233154
917 1.5120935440063477
918 1.075616478919983
919 1.2240726947784424
920 1.0206592082977295
921 1.3327100276947021
922 1.1813710927963257
923 1.1272661685943604
924 1.062730073928833
925 1.1571054458618164
926 0.8229963183403015
927 1.0123528242111206
928 1.0946710109710693
929 1.0360848903656006
930 1.349814534187317
931 1.0834980010986328
932 0.9056904315948486
933 1.0994963645935059
934 1.2251956462860107
935 0.9536824226379395
936 0.633120596408844
937 1.001652479171753
938 0.9463838338851929
939 0.7456487417221069
940 0.8601347804069519
941 0.7429961562156677
942 0.6380836367607117
943 1.1732257604599
944 1.1844542026519775
945 1.1390466690063477
946 1.3946607112884521
947 1.109721064567566
948 1.537252426147461
949 0.7723091244697571
950 0.9509559273719788
951 0.89484041929245
952 0.8756388425827026
953 0.579405665397644
954 1.1103116273880005
955 0.5736148953437805
956 0.5771405100822449
957 0.6032863855361938
958 0.4641346335411072
959 0.9042591452598572
960 0.8835700154304504
961 0.7863612771034241
962 0.8347371220588684
963 0.733119785785675
964 0.513430118560791
965 0.4417625963687897
966 0.3308790326118469
967 0.5617064237594604
968 0.6939547061920166
969 0.6490328907966614
970 0.6059171557426453
971 0.4469758868217468
972 0.5493539571762085
973 0.8903251886367798
974 0.9179838299751282
975 0.8671592473983765
976 0.4449501633644104
977 1.2118252515792847
978 0.9984952211380005
979 1.3267695903778076
980 0.8097688555717468
981 0.7567272782325745
982 0.9949669241905212
983 0.7864668965339661
984 0.976563572883606
985 0.6985465288162231
986 0.6657446026802063
987 0.6690016388893127
988 0.42066460847854614
989 0.9636592268943787
990 0.6765540242195129
991 0.6221098899841309
992 0.5896032452583313
993 0.9631279110908508
994 0.9027373790740967
995 0.7259138226509094
996 0.8042106032371521
997 1.2293223142623901
998 0.6534075140953064
999 0.7381330728530884
1000 0.6799201369285583
1001 0.44985195994377136
1002 0.5391817092895508
1003 1.0200315713882446
1004 0.7116696834564209
1005 0.7552946209907532
1006 0.28539636731147766
1007 0.5346091985702515
1008 0.4168640077114105
1009 0.811384379863739
1010 1.0331355333328247
1011 0.7764245867729187
1012 0.7427120208740234
1013 0.903160810470581
1014 0.8279920220375061
1015 0.5496164560317993
1016 0.7516047358512878
1017 0.724036693572998
1018 0.9121462106704712
1019 0.6364074945449829
1020 0.6940566897392273
1021 1.2296833992004395
1022 0.8405794501304626
1023 1.0847331285476685
1024 1.054355502128601
1025 1.1011466979980469
1026 1.6861085891723633
1027 1.1806057691574097
1028 1.1051347255706787
1029 0.5229071974754333
1030 0.8710235357284546
1031 0.8056598901748657
1032 0.5700435638427734
1033 0.9903898239135742
1034 0.8109422326087952
1035 0.9212408065795898
1036 0.5954174399375916
1037 0.9620286226272583
1038 0.9404469132423401
1039 0.9370263814926147
1040 0.6470233201980591
1041 0.9951239228248596
1042 1.1306047439575195
1043 1.142496943473816
1044 0.9942734837532043
1045 0.9045191407203674
1046 0.8981695771217346
1047 0.9453743696212769
1048 1.1264663934707642
1049 0.9118416905403137
1050 1.0046683549880981
1051 0.9232131242752075
1052 1.5232871770858765
1053 1.4342377185821533
1054 1.2789180278778076
1055 1.3680860996246338
1056 1.4741026163101196
1057 1.329817533493042
1058 1.3021711111068726
1059 1.2110577821731567
1060 1.1486380100250244
1061 1.224279522895813
1062 1.1650762557983398
1063 1.409821629524231
1064 1.0639296770095825
1065 0.5419275760650635
1066 0.9678032994270325
1067 1.079405665397644
1068 0.9748126864433289
1069 0.8905766606330872
1070 0.5803303718566895
1071 0.9542989134788513
1072 0.9132875800132751
1073 0.933117151260376
1074 0.7890253067016602
1075 0.9511500597000122
1076 1.005968451499939
1077 0.7528762221336365
1078 1.061867356300354
1079 1.1714394092559814
1080 0.6011523604393005
1081 0.6337932348251343
1082 0.9715491533279419
1083 0.3814898431301117
1084 0.6409913301467896
1085 0.6826901435852051
1086 1.0780236721038818
1087 0.9761967658996582
1088 0.8853883743286133
1089 1.1362903118133545
1090 0.7805905938148499
1091 1.1264711618423462
1092 1.1882896423339844
1093 0.8512349128723145
1094 0.7678720951080322
1095 1.2983133792877197
1096 0.563251256942749
1097 0.9686254262924194
1098 1.1304495334625244
1099 1.4842541217803955
1100 1.2046774625778198
1101 0.764482319355011
1102 0.8584177494049072
1103 0.8062602281570435
1104 0.7767902612686157
1105 1.257742166519165
1106 0.9313135743141174
1107 0.8347870707511902
1108 1.4073874950408936
1109 0.9976930618286133
1110 0.8579807877540588
1111 0.9581779837608337
1112 0.9137631058692932
1113 0.8975390195846558
1114 0.8879441618919373
1115 1.159838080406189
1116 0.670861542224884
1117 0.7762818336486816
1118 0.7436394691467285
1119 0.7518573999404907
1120 0.9390146732330322
1121 0.6843676567077637
1122 0.7637513875961304
1123 0.8068315386772156
1124 0.8053750991821289
1125 0.680701494216919
1126 0.6767520308494568
1127 0.8840331435203552
1128 0.5079237222671509
1129 0.8749624490737915
1130 0.8615337610244751
1131 0.7490423321723938
1132 0.923556923866272
1133 1.054702877998352
1134 0.7510417103767395
1135 0.9806773066520691
1136 0.994479238986969
1137 1.06261146068573
1138 0.7831814885139465
1139 1.0986011028289795
1140 1.1037683486938477
1141 0.8686661124229431
1142 0.7815861105918884
1143 0.6500904560089111
1144 0.52897047996521
1145 0.7904595732688904
1146 1.1921178102493286
1147 1.023250937461853
1148 0.7467438578605652
1149 0.8354614973068237
1150 0.9020245671272278
1151 0.8051217198371887
1152 1.1060458421707153
1153 0.7281686663627625
1154 0.9913917183876038
1155 0.5915710926055908
1156 0.883597731590271
1157 0.5794591903686523
1158 0.6948321461677551
1159 0.576381504535675
1160 0.8927130103111267
1161 0.6062426567077637
1162 0.5593184232711792
1163 0.5800731778144836
1164 0.5505566000938416
1165 0.736812174320221
1166 0.9611632823944092
1167 1.1235811710357666
1168 0.6508757472038269
1169 0.610366940498352
1170 1.1348353624343872
1171 0.8086239099502563
1172 0.6851199269294739
1173 0.42701593041419983
1174 0.9514639377593994
1175 1.0129374265670776
1176 0.4909939467906952
1177 0.5679320096969604
1178 1.071764349937439
1179 0.38439902663230896
1180 0.5925687551498413
1181 0.8635062575340271
1182 0.3475724160671234
1183 0.7519785165786743
1184 0.8284209966659546
1185 0.812279999256134
1186 0.8201372623443604
1187 0.9193756580352783
1188 0.671665370464325
1189 0.25620537996292114
1190 0.663777232170105
1191 1.1442809104919434
1192 0.741919755935669
1193 0.5917171835899353
1194 0.8582815527915955
1195 0.902522623538971
1196 0.7103871703147888
1197 0.6847885251045227
1198 0.5502793192863464
1199 0.7298799753189087
1200 0.4312714636325836
1201 0.8782956004142761
1202 0.4933153986930847
1203 0.6402298212051392
1204 0.820739209651947
1205 0.4613279402256012
1206 0.7557381391525269
1207 1.0198808908462524
1208 1.0837692022323608
1209 0.6129741072654724
1210 0.9853381514549255
1211 0.8299332857131958
1212 1.0020142793655396
1213 1.0828230381011963
1214 0.9583526253700256
1215 1.1065219640731812
1216 0.6093786358833313
1217 0.8566598296165466
1218 0.75436931848526
1219 0.6357120871543884
1220 1.352962851524353
1221 1.1506402492523193
1222 0.9140884280204773
1223 0.8430466651916504
1224 0.7198781967163086
1225 0.8325711488723755
1226 0.9369778633117676
1227 0.9602454900741577
1228 0.9164727926254272
1229 0.7294417023658752
1230 0.6498081088066101
1231 0.8358495235443115
1232 0.776019811630249
1233 0.8290225267410278
1234 0.5580681562423706
1235 0.6567631959915161
1236 0.7935640215873718
1237 0.8357903361320496
1238 0.9126539826393127
1239 0.8245307207107544
1240 0.6161587238311768
1241 0.7134020328521729
1242 0.5651463270187378
1243 0.6829457879066467
1244 0.926630437374115
1245 0.9546923041343689
1246 0.833255410194397
1247 0.9209619164466858
1248 0.8581618070602417
1249 1.226980447769165
1250 0.5598054528236389
1251 0.4602620005607605
1252 0.5272443294525146
1253 0.4325074255466461
1254 0.468418151140213
1255 0.5367060303688049
1256 0.31115657091140747
1257 0.6792120337486267
1258 0.786916971206665
1259 1.0160545110702515
1260 0.665263831615448
1261 0.8094803690910339
1262 0.49952414631843567
1263 0.8025286197662354
1264 0.6728664636611938
1265 0.9706593155860901
1266 0.9349063634872437
1267 0.8329540491104126
1268 0.7229685187339783
1269 0.38756611943244934
1270 0.5213581919670105
1271 0.27895912528038025
1272 0.4170069694519043
1273 0.5650174617767334
1274 0.4783722162246704
1275 0.6364995241165161
1276 0.6687724590301514
1277 0.8083806037902832
1278 0.6396571397781372
1279 0.5625483989715576
1280 0.8201961517333984
1281 0.654086709022522
1282 0.624639093875885
1283 0.6370463371276855
1284 0.7564940452575684
1285 0.3010062873363495
1286 0.8416949510574341
1287 0.7836105227470398
1288 0.2411022037267685
1289 0.43448981642723083
1290 0.5079799294471741
1291 0.7117026448249817
1292 0.6140581965446472
1293 0.566579282283783
1294 0.5428722500801086
1295 0.46618884801864624
1296 0.5357890129089355
1297 0.45618394017219543
1298 0.964756190776825
1299 0.6664533615112305
1300 0.6200175881385803
1301 0.34386640787124634
1302 0.4045964181423187
1303 0.6358006596565247
1304 0.5638929009437561
1305 0.5343872308731079
1306 0.29207175970077515
1307 0.3579654097557068
1308 0.49601227045059204
1309 0.526635468006134
1310 0.40140703320503235
1311 0.33955004811286926
1312 0.3871636688709259
1313 0.7719336152076721
1314 0.39439356327056885
1315 0.36618706583976746
1316 0.6904369592666626
1317 0.5933814644813538
1318 0.838347315788269
1319 0.7891732454299927
1320 0.9065635800361633
1321 1.0763835906982422
1322 0.48886820673942566
1323 0.7157047986984253
1324 0.9336073398590088
1325 1.2815057039260864
1326 0.7479586005210876
1327 0.9791468977928162
1328 0.646221935749054
1329 1.1488547325134277
1330 0.9154624938964844
1331 0.9323070645332336
1332 1.096503496170044
1333 0.9091724157333374
1334 1.0891952514648438
1335 0.6803234219551086
1336 0.8234246373176575
1337 1.1000757217407227
1338 0.8394764065742493
1339 0.7933072447776794
1340 0.5723236203193665
1341 0.7434247136116028
1342 0.37610912322998047
1343 1.0667777061462402
1344 0.8798156976699829
1345 0.6367999315261841
1346 0.6063584685325623
1347 0.6333209872245789
1348 1.0766544342041016
1349 1.1226247549057007
1350 1.4771870374679565
1351 0.5268884897232056
1352 0.4545978009700775
1353 0.5673328638076782
1354 0.44620373845100403
1355 0.7084211111068726
1356 0.9089887738227844
1357 0.5823758244514465
1358 0.8785851001739502
1359 0.9308488368988037
1360 0.4088507294654846
1361 0.6253474354743958
1362 0.5367143750190735
1363 0.49492985010147095
1364 0.35728690028190613
1365 0.7245835661888123
1366 0.5942627787590027
1367 0.740449845790863
1368 0.5839176774024963
1369 0.6678453087806702
1370 0.5988687872886658
1371 0.5839423537254333
1372 0.9239808917045593
1373 0.9986511468887329
1374 0.4230330288410187
1375 0.4719095230102539
1376 0.30892977118492126
1377 0.565983235836029
1378 0.33129578828811646
1379 0.7779551148414612
1380 0.23886127769947052
1381 0.27278172969818115
1382 0.3370698094367981
1383 0.45832329988479614
1384 0.7397662997245789
1385 0.6595872044563293
1386 0.5341852903366089
1387 1.0050773620605469
1388 0.9904131889343262
1389 1.373695731163025
1390 1.3439404964447021
1391 0.8579543232917786
1392 0.5569360852241516
1393 1.2944095134735107
1394 1.229749083518982
1395 0.9229106903076172
1396 0.9403931498527527
1397 0.7118452191352844
1398 0.4935015141963959
1399 0.7232779860496521
1400 1.4717656373977661
1401 1.1393797397613525
1402 0.7220745086669922
1403 0.765856146812439
1404 0.7168856263160706
1405 0.5356677174568176
1406 0.8978641033172607
1407 0.5784902572631836
1408 0.6166344285011292
1409 1.243208885192871
1410 0.8430495858192444
1411 0.7536389231681824
1412 1.0426779985427856
1413 0.8293769955635071
1414 0.41891610622406006
1415 0.6574705243110657
1416 0.7936112880706787
1417 0.4327446520328522
1418 0.5041617155075073
1419 0.35109806060791016
1420 0.2899170219898224
1421 0.2880237400531769
1422 0.38007232546806335
1423 0.41038739681243896
1424 0.41714879870414734
1425 0.8633877038955688
1426 1.039358139038086
1427 0.7080597281455994
1428 1.2681227922439575
1429 1.0776344537734985
1430 0.5539290308952332
1431 0.54586261510849
1432 0.8286891579627991
1433 0.44251349568367004
1434 0.7641885876655579
1435 0.3878111243247986
1436 0.7174997329711914
1437 0.5461649894714355
1438 0.7425053715705872
1439 0.7347677946090698
1440 0.6147518754005432
1441 0.641310453414917
1442 0.3909640610218048
1443 0.5222917795181274
1444 0.6262942552566528
1445 0.7327216863632202
1446 0.37443333864212036
1447 0.39953556656837463
1448 0.4744909107685089
1449 0.5080966353416443
1450 0.5092841386795044
1451 0.44541847705841064
1452 0.3603775203227997
1453 0.981961190700531
1454 0.6040255427360535
1455 0.5027208924293518
1456 1.132338285446167
1457 0.6928810477256775
1458 0.9934489130973816
1459 1.1261197328567505
1460 0.49614816904067993
1461 1.104990005493164
1462 0.9763997197151184
1463 1.042165994644165
1464 0.9569985270500183
1465 1.3057535886764526
1466 0.563200056552887
1467 1.1183840036392212
1468 0.7940489649772644
1469 0.6663162708282471
1470 0.8444103002548218
1471 0.9833426475524902
1472 0.846432626247406
1473 1.366345763206482
1474 0.7743874788284302
1475 1.2058573961257935
1476 0.6022170782089233
1477 0.6214525103569031
1478 0.6617556810379028
1479 0.49383828043937683
1480 0.308054119348526
1481 0.48947569727897644
1482 0.5643384456634521
1483 0.5497376322746277
1484 0.4317058026790619
1485 0.5877020955085754
1486 0.9785903692245483
1487 1.3784708976745605
1488 1.0823220014572144
1489 0.5617687702178955
1490 1.0352866649627686
1491 0.43195441365242004
1492 0.8552652597427368
1493 0.9503032565116882
1494 1.2484618425369263
1495 1.3281350135803223
1496 1.392471432685852
1497 1.5537327527999878
1498 1.3779957294464111
1499 1.0672677755355835
1500 0.7716184258460999
1501 1.1066713333129883
1502 1.0151677131652832
1503 0.6716393232345581
1504 0.6990817785263062
1505 0.5662060976028442
1506 0.3775750696659088
1507 0.959540069103241
1508 1.3435814380645752
1509 1.1465729475021362
1510 0.9185517430305481
1511 0.8497611284255981
1512 0.3799772262573242
1513 0.8003895282745361
1514 0.5114060640335083
1515 0.2902693748474121
1516 0.3700903058052063
1517 0.7260291576385498
1518 0.5722024440765381
1519 0.8169965744018555
1520 1.1223013401031494
1521 1.2759658098220825
1522 1.4009422063827515
1523 1.3311126232147217
1524 1.4610852003097534
1525 0.7447253465652466
1526 0.8772540092468262
1527 0.519696831703186
1528 0.6350628733634949
1529 0.6691052317619324
1530 0.7135323882102966
1531 0.7103385925292969
1532 0.6296056509017944
1533 0.6142666935920715
1534 0.6758697628974915
1535 0.4163673222064972
1536 0.5666947960853577
1537 0.8099603652954102
1538 1.1645675897598267
1539 0.6977057456970215
1540 1.0392396450042725
1541 0.8286187052726746
1542 1.1405326128005981
1543 1.2240407466888428
1544 0.784144401550293
1545 0.7765859961509705
1546 0.9866657257080078
1547 0.48961591720581055
1548 1.0635641813278198
1549 0.6682702302932739
1550 0.4866655468940735
1551 0.6290504336357117
1552 0.34619569778442383
1553 0.4640533924102783
1554 0.475989431142807
1555 0.641036868095398
1556 0.49907243251800537
1557 0.4918745160102844
1558 0.6841340065002441
1559 0.998907208442688
1560 0.9884861707687378
1561 0.7454492449760437
1562 0.8081915378570557
1563 1.2224674224853516
1564 1.2509994506835938
1565 0.9483288526535034
1566 0.790038526058197
1567 0.3545544147491455
1568 0.8385891318321228
1569 0.8087272644042969
1570 1.0903105735778809
1571 0.6272696256637573
1572 0.7673656940460205
1573 0.7019088268280029
1574 1.0973867177963257
1575 0.8312554359436035
1576 0.4497263431549072
1577 0.44046610593795776
1578 0.3603687584400177
1579 0.5612098574638367
1580 0.7793171405792236
1581 0.8302087187767029
1582 0.4556167721748352
1583 0.5665340423583984
1584 0.6790408492088318
1585 0.4881545305252075
1586 0.38488975167274475
1587 0.4253329038619995
1588 0.5637131929397583
1589 0.7741574645042419
1590 0.9474502205848694
1591 0.794636607170105
1592 0.3886719048023224
1593 0.49105870723724365
1594 0.7176617383956909
1595 0.44519659876823425
1596 1.0995869636535645
1597 0.5495015978813171
1598 0.7820282578468323
1599 0.38261979818344116
1600 0.3241698443889618
1601 0.4717998802661896
1602 0.7102510333061218
1603 0.970283031463623
1604 0.6400227546691895
1605 0.6421323418617249
1606 1.0924456119537354
1607 0.8480506539344788
1608 1.1385512351989746
1609 1.300042986869812
1610 1.0882577896118164
1611 1.1945915222167969
1612 1.4934366941452026
1613 1.3727927207946777
1614 1.4570757150650024
1615 0.5127379298210144
1616 0.8059331178665161
1617 1.3898876905441284
1618 1.3222025632858276
1619 0.814835250377655
1620 0.8980335593223572
1621 0.44762539863586426
1622 0.590829610824585
1623 0.8206315636634827
1624 0.9811565279960632
1625 1.0816545486450195
1626 0.3735962510108948
1627 0.44875994324684143
1628 0.7019650340080261
1629 0.6236335635185242
1630 0.9886144995689392
1631 0.868836522102356
1632 0.9518245458602905
1633 0.3554188311100006
1634 0.789640486240387
1635 1.0089080333709717
1636 1.1307690143585205
1637 0.711312472820282
1638 1.2077553272247314
1639 1.4821536540985107
1640 1.228028416633606
1641 0.6644287705421448
1642 1.357119083404541
1643 1.160084843635559
1644 1.4288297891616821
1645 1.3702452182769775
1646 1.4246370792388916
1647 1.2199941873550415
1648 1.2321971654891968
1649 1.3835868835449219
1650 1.2581815719604492
1651 1.1851738691329956
1652 1.377724528312683
1653 1.025509238243103
1654 1.4782387018203735
1655 1.3752341270446777
1656 0.731616199016571
1657 0.44298169016838074
1658 0.5927718281745911
1659 0.9073333144187927
1660 1.3765658140182495
1661 1.506956934928894
1662 1.0578804016113281
1663 1.1220921277999878
1664 1.2590618133544922
1665 1.1825920343399048
1666 1.1968929767608643
1667 0.8364468812942505
1668 0.63154137134552
1669 0.8286463618278503
1670 0.31525757908821106
1671 0.5667886137962341
1672 0.5128040909767151
1673 1.2066607475280762
1674 1.2323064804077148
1675 1.1548343896865845
1676 1.4347739219665527
1677 1.1571601629257202
1678 1.3480491638183594
1679 1.6538727283477783
1680 1.6086467504501343
1681 1.196696400642395
1682 1.0445283651351929
1683 1.3845789432525635
1684 1.0305671691894531
1685 1.427707552909851
1686 0.9548906087875366
1687 0.9760030508041382
1688 0.21053293347358704
1689 0.7575932145118713
1690 0.662720263004303
1691 0.5120068192481995
1692 0.1934352070093155
1693 0.7761666178703308
1694 0.3893716037273407
1695 0.7544566988945007
1696 0.7052968740463257
1697 0.592380702495575
1698 0.413582980632782
1699 0.8361677527427673
1700 0.5459984540939331
1701 0.5623731017112732
1702 0.4513112008571625
1703 0.9086785316467285
1704 0.7806958556175232
1705 0.737371027469635
1706 1.153848648071289
1707 0.46220433712005615
1708 0.47749605774879456
1709 0.4583941102027893
1710 0.6935402154922485
1711 0.3066963851451874
1712 0.46779075264930725
1713 0.7662762999534607
1714 0.6209574341773987
1715 0.785633385181427
1716 0.23623786866664886
1717 0.618526041507721
1718 0.41431093215942383
1719 0.7703139185905457
1720 0.8072653412818909
1721 0.5299697518348694
1722 0.3358490765094757
1723 0.5733808279037476
1724 0.5553780198097229
1725 0.8401287198066711
1726 0.5292160511016846
1727 0.4352126717567444
1728 0.882565438747406
1729 1.1686122417449951
1730 0.8721307516098022
1731 0.7496094107627869
1732 0.7732446789741516
1733 0.9234834909439087
1734 0.908047616481781
1735 0.7878624796867371
1736 0.5198067426681519
1737 1.0425434112548828
1738 1.6583548784255981
1739 1.098689079284668
1740 1.4195103645324707
1741 1.3999260663986206
1742 1.9557826519012451
1743 2.0914480686187744
1744 1.6664100885391235
1745 1.8404037952423096
1746 1.394741415977478
1747 1.5891425609588623
1748 1.3815248012542725
1749 1.4722626209259033
1750 1.0806374549865723
1751 1.3941617012023926
1752 1.254272699356079
1753 1.1679208278656006
1754 1.0121170282363892
1755 1.0929919481277466
1756 0.9014606475830078
1757 0.9817729592323303
1758 0.9061746001243591
1759 0.9365906715393066
1760 1.3104956150054932
1761 0.7837837934494019
1762 1.1651819944381714
1763 1.171379804611206
1764 1.505679965019226
1765 1.1305255889892578
1766 0.5485660433769226
1767 0.46024248003959656
1768 0.5496709942817688
1769 0.33969759941101074
1770 0.4758419692516327
1771 0.3569180965423584
1772 0.8136513829231262
1773 0.5911279916763306
1774 0.7252054214477539
1775 0.9732309579849243
1776 0.3795109689235687
1777 0.9195026755332947
1778 0.5640111565589905
1779 0.4885220229625702
1780 0.7255990505218506
1781 0.9867879748344421
1782 0.6675845384597778
1783 1.1594090461730957
1784 1.1309542655944824
1785 0.816067099571228
1786 0.734714925289154
1787 0.7660043239593506
1788 0.4580972492694855
1789 0.8596423268318176
1790 0.6976776123046875
1791 1.4487727880477905
1792 0.9269275665283203
1793 1.2139009237289429
1794 0.7578674554824829
1795 0.8446398973464966
1796 1.3164467811584473
1797 0.8394666314125061
1798 0.8325871229171753
1799 1.3086812496185303
1800 0.8008391261100769
1801 0.7948591709136963
1802 0.7737066149711609
1803 1.0277621746063232
1804 0.8280692100524902
1805 0.7879176139831543
1806 1.0510364770889282
1807 0.890957772731781
1808 1.3355649709701538
1809 1.4699015617370605
1810 1.4151403903961182
1811 0.6546369791030884
1812 0.67401522397995
1813 1.3492506742477417
1814 1.2947161197662354
1815 0.7744434475898743
1816 0.6578107476234436
1817 1.4661502838134766
1818 0.8273150324821472
1819 1.375200867652893
1820 1.0609124898910522
1821 1.0572689771652222
1822 0.9682714343070984
1823 1.5161843299865723
1824 1.0320954322814941
1825 0.5569506287574768
1826 0.739027738571167
1827 0.9463391304016113
1828 0.6700560450553894
1829 0.6752073168754578
1830 0.8214786648750305
1831 1.0984700918197632
1832 0.7230063080787659
1833 0.6977959275245667
1834 0.35642775893211365
1835 0.7655482888221741
1836 0.3091728091239929
1837 0.8865929841995239
1838 0.4323541820049286
1839 0.779429018497467
1840 1.2197262048721313
1841 0.9502972960472107
1842 0.7027905583381653
1843 0.935274064540863
1844 1.200209617614746
1845 0.8054824471473694
1846 0.9939828515052795
1847 0.7265678644180298
1848 0.7162688970565796
1849 0.6087683439254761
1850 0.7641770839691162
1851 0.6329215168952942
1852 0.6157363653182983
1853 1.2825655937194824
1854 0.8460795879364014
1855 0.7914632558822632
1856 1.110412836074829
1857 0.6993659138679504
1858 1.189858317375183
1859 1.1773778200149536
1860 1.2031848430633545
1861 1.492224931716919
1862 1.2214313745498657
1863 1.1831579208374023
1864 0.8285879492759705
1865 1.1762386560440063
1866 1.1953458786010742
1867 1.0389654636383057
1868 1.785169005393982
1869 2.250800371170044
1870 1.4056079387664795
1871 1.7876769304275513
1872 1.4485429525375366
1873 1.1705124378204346
1874 1.0625324249267578
1875 0.9471077919006348
1876 1.0321446657180786
1877 1.2122620344161987
1878 1.32732355594635
1879 1.0915300846099854
1880 1.1492284536361694
1881 1.4017421007156372
1882 1.322884440422058
1883 0.8394091725349426
1884 1.6931265592575073
1885 1.386210560798645
1886 1.1560128927230835
1887 1.550184965133667
1888 1.1286864280700684
1889 1.988930106163025
1890 1.9512399435043335
1891 1.6091684103012085
1892 1.5346131324768066
1893 0.6763290762901306
1894 1.0357723236083984
1895 1.5225716829299927
1896 1.0661675930023193
1897 1.2561229467391968
1898 1.1058645248413086
1899 1.144499659538269
1900 1.391932487487793
1901 1.19077730178833
1902 1.4836180210113525
1903 1.2817972898483276
1904 1.3341975212097168
1905 1.517087459564209
1906 1.4942139387130737
1907 1.4002532958984375
1908 1.5268129110336304
1909 1.766972303390503
1910 1.36176335811615
1911 1.7216705083847046
1912 1.2673736810684204
1913 1.8805428743362427
1914 1.144230842590332
1915 1.5065113306045532
1916 1.5326377153396606
1917 1.8293019533157349
1918 1.79409658908844
1919 1.551172137260437
1920 1.3809643983840942
1921 1.0468097925186157
1922 1.2169691324234009
1923 1.1932647228240967
1924 1.5432350635528564
1925 1.3917537927627563
1926 1.4460020065307617
1927 1.4585118293762207
1928 1.4888622760772705
1929 0.6131593585014343
1930 0.9588921666145325
1931 0.8931360244750977
1932 0.8656873106956482
1933 1.4142796993255615
1934 0.9432114958763123
1935 1.2552926540374756
1936 1.2474201917648315
1937 1.154075026512146
1938 1.3182913064956665
1939 0.6299329996109009
1940 0.8189736604690552
1941 0.9050040245056152
1942 0.36127692461013794
1943 0.689184308052063
1944 0.4380559027194977
1945 1.1966601610183716
1946 1.1124025583267212
1947 1.51885187625885
1948 1.3147087097167969
1949 1.1732497215270996
1950 1.1363356113433838
1951 1.1730142831802368
1952 0.6362730264663696
1953 0.859620213508606
1954 1.0110421180725098
1955 0.7664051651954651
1956 1.1419576406478882
1957 0.7727180123329163
1958 0.6999403834342957
1959 0.6976635456085205
1960 0.43692901730537415
1961 0.8307906985282898
1962 0.5203124284744263
1963 0.6028316020965576
1964 0.42835697531700134
1965 0.7702484130859375
1966 0.4735237956047058
1967 0.8287558555603027
1968 0.5173359513282776
1969 0.6173693537712097
1970 1.3333543539047241
1971 0.9118081331253052
1972 1.389371395111084
1973 1.2083637714385986
1974 1.2391713857650757
1975 1.091052770614624
1976 1.0726755857467651
1977 0.9711437225341797
1978 1.0384272336959839
1979 1.2035585641860962
1980 1.3443974256515503
1981 1.1253516674041748
1982 1.3815661668777466
1983 1.5705667734146118
1984 1.6010468006134033
1985 1.4503294229507446
1986 1.567779302597046
1987 1.4228178262710571
1988 1.459372878074646
1989 1.5126054286956787
1990 1.4770922660827637
1991 0.970452070236206
1992 0.9676824808120728
1993 0.8001490831375122
1994 1.4539010524749756
1995 1.5823771953582764
1996 1.4341083765029907
1997 1.255621075630188
1998 1.6336581707000732
1999 1.1501407623291016
