0 0.0
1 0.49716025590896606
2 0.49693048000335693
3 0.35036903619766235
4 0.5750966668128967
5 0.5392787456512451
6 0.7360385656356812
7 0.4259718954563141
8 0.5847418308258057
9 0.3494628071784973
10 0.5484272837638855
11 0.5897729992866516
12 0.6515598893165588
13 0.21234823763370514
14 0.649917721748352
15 0.5187572240829468
16 0.4493856430053711
17 0.5514655709266663
18 0.5987187623977661
19 0.7601552605628967
20 0.5020837783813477
21 0.5782124996185303
22 0.8365439772605896
23 1.1330597400665283
24 0.7138336300849915
25 0.7676449418067932
26 0.7532984018325806
27 0.8433115482330322
28 0.606219470500946
29 0.7808059453964233
30 0.6795405149459839
31 0.4840186834335327
32 0.7138807773590088
33 0.7433109283447266
34 0.6123127937316895
35 0.623309314250946
36 0.6338435411453247
37 0.632745087146759
38 0.6738073825836182
39 0.6295787692070007
40 0.46170562505722046
41 0.6697858572006226
42 0.7118713855743408
43 0.4148164689540863
44 0.6280471682548523
45 0.41649892926216125
46 0.42205795645713806
47 0.696470320224762
48 0.4362449645996094
49 0.4718083441257477
50 0.4651912450790405
51 0.32666468620300293
52 0.3292817771434784
53 0.434691458940506
54 0.6064968109130859
55 0.620747983455658
56 0.45218074321746826
57 0.5574553608894348
58 0.7462770938873291
59 0.7153673768043518
60 0.5411206483840942
61 0.6451396346092224
62 0.5235678553581238
63 0.42509645223617554
64 0.4786052703857422
65 0.4385015666484833
66 0.7699312567710876
67 0.5619317293167114
68 0.6841820478439331
69 0.8142114877700806
70 0.622988760471344
71 0.2905109226703644
72 0.5526639819145203
73 0.42166435718536377
74 0.42388617992401123
75 0.41741707921028137
76 0.36200758814811707
77 0.6819884777069092
78 0.86124587059021
79 0.5080474019050598
80 0.48120391368865967
81 0.6651752591133118
82 0.3974859416484833
83 0.3291185796260834
84 0.34968531131744385
85 0.5629669427871704
86 0.546766459941864
87 0.6875623464584351
88 0.5341816544532776
89 0.589874267578125
90 0.5247791409492493
91 0.641611635684967
92 0.48614341020584106
93 0.6967894434928894
94 0.5219825506210327
95 0.35161292552948
96 0.4827130138874054
97 0.5706235766410828
98 0.8682302236557007
99 0.47083351016044617
100 0.3494037687778473
101 0.59528648853302
102 0.5939098000526428
103 0.3751438558101654
104 0.42169928550720215
105 0.34287029504776
106 0.5114175081253052
107 0.5158739686012268
108 0.5005155801773071
109 0.3396874666213989
110 0.5007174015045166
111 0.4806180000305176
112 0.438198983669281
113 0.4759669005870819
114 0.4799521565437317
115 0.4666808843612671
116 0.42239490151405334
117 0.3510463535785675
118 0.40482598543167114
119 0.5864052772521973
120 0.46036431193351746
121 0.3309714198112488
122 0.5773755311965942
123 0.4812570810317993
124 0.4617133140563965
125 0.7942450046539307
126 0.45172378420829773
127 0.4240492284297943
128 0.2745817005634308
129 0.32147687673568726
130 0.3224773108959198
131 0.4146212935447693
132 0.5528198480606079
133 0.5548937916755676
134 0.8721100091934204
135 0.41658908128738403
136 0.608902096748352
137 0.6996064782142639
138 0.650359034538269
139 0.7497014403343201
140 0.5495147705078125
141 0.5211297869682312
142 0.5284105539321899
143 0.36936140060424805
144 0.7429215312004089
145 0.44658157229423523
146 0.42539694905281067
147 0.5695384740829468
148 0.40117502212524414
149 0.8301551938056946
150 0.6205532550811768
151 0.48282188177108765
152 1.0858426094055176
153 0.9864765405654907
154 0.4381888508796692
155 0.7790496945381165
156 0.54632169008255
157 0.4467495083808899
158 0.44323083758354187
159 0.23669543862342834
160 0.5831943154335022
161 0.45538389682769775
162 0.5180553197860718
163 0.5625017881393433
164 0.5366642475128174
165 0.57475745677948
166 0.4500477910041809
167 0.5872274041175842
168 0.43630310893058777
169 0.4057929813861847
170 0.6113214492797852
171 0.55598384141922
172 0.6560831665992737
173 0.6539599299430847
174 0.42270252108573914
175 0.4961608946323395
176 0.6873607635498047
177 0.7229083180427551
178 0.4152269959449768
179 0.3047879636287689
180 0.42898258566856384
181 0.38538676500320435
182 0.5095207095146179
183 0.593176543712616
184 0.40516766905784607
185 0.4386191666126251
186 0.3061336576938629
187 0.48714134097099304
188 0.755181610584259
189 0.45810046792030334
190 0.7286820411682129
191 0.3928479552268982
192 0.7857589721679688
193 0.8369112610816956
194 0.4272729754447937
195 0.8324885368347168
196 0.7579480409622192
197 0.6787506341934204
198 0.7158851623535156
199 0.5895808935165405
200 0.501529335975647
201 0.5866358876228333
202 0.9880800247192383
203 0.8079586625099182
204 0.784072756767273
205 0.42630496621131897
206 0.7086092233657837
207 0.7362717390060425
208 0.5264503955841064
209 0.5396144986152649
210 0.46182122826576233
211 0.43653613328933716
212 0.927888035774231
213 0.4336450397968292
214 0.7089681625366211
215 0.6984238624572754
216 0.6712645888328552
217 0.8320086002349854
218 0.9244472980499268
219 0.9044607877731323
220 0.6979765892028809
221 0.72963947057724
222 0.9053378105163574
223 0.8710657954216003
224 0.6775405406951904
225 0.5207949876785278
226 0.7540575265884399
227 0.38036003708839417
228 0.616400420665741
229 0.8753327131271362
230 0.6122419834136963
231 1.053759217262268
232 0.33082640171051025
233 0.5034628510475159
234 0.9643099308013916
235 0.949790358543396
236 1.022623062133789
237 0.6077576279640198
238 0.6367567777633667
239 1.0092467069625854
240 0.9562829732894897
241 0.5366795659065247
242 0.5109226703643799
243 1.1219407320022583
244 1.1738542318344116
245 0.6875739097595215
246 0.9054183959960938
247 0.4691038131713867
248 0.4988292157649994
249 0.7443372011184692
250 0.6182434558868408
251 0.6624656915664673
252 0.49138879776000977
253 0.5515435934066772
254 0.7368118166923523
255 0.6625617146492004
256 0.5395025610923767
257 0.8807584047317505
258 0.819714367389679
259 0.5722216963768005
260 0.8383164405822754
261 0.7925408482551575
262 0.8122120499610901
263 0.9012370109558105
264 0.7371203303337097
265 0.5374794006347656
266 0.5766597986221313
267 0.6240683794021606
268 0.567296028137207
269 0.3178146481513977
270 0.7689007520675659
271 0.7881936430931091
272 0.7683769464492798
273 0.6711553335189819
274 0.6467465162277222
275 0.7822692394256592
276 0.5405946373939514
277 0.5866251587867737
278 0.8422513008117676
279 0.6150503754615784
280 0.5212574005126953
281 0.6495132446289063
282 0.40717628598213196
283 0.27054157853126526
284 0.5728507041931152
285 0.7044674158096313
286 0.31523606181144714
287 0.7386787533760071
288 0.3258577883243561
289 0.5551844239234924
290 0.9236839413642883
291 0.7088850736618042
292 0.6945809721946716
293 0.7901226878166199
294 0.6926719546318054
295 0.7167317271232605
296 0.5218487977981567
297 0.4524405300617218
298 1.2659833431243896
299 0.3512253761291504
300 0.537039041519165
301 0.3416418433189392
302 0.6105582118034363
303 0.7453287839889526
304 0.7973507642745972
305 0.6342489719390869
306 0.6773499846458435
307 0.8263698816299438
308 0.7389078736305237
309 0.929358184337616
310 0.7257484793663025
311 0.764098048210144
312 0.6431556344032288
313 0.9669501781463623
314 0.4817996919155121
315 0.5245135426521301
316 0.6051838397979736
317 0.853729248046875
318 0.8555445075035095
319 0.7717625498771667
320 0.659331738948822
321 1.1049702167510986
322 1.1620975732803345
323 0.9489986896514893
324 0.8046537041664124
325 1.363228440284729
326 0.9483063220977783
327 0.5300794243812561
328 0.7423020601272583
329 0.7420745491981506
330 0.8171330690383911
331 0.46744751930236816
332 0.6115859150886536
333 0.7619121074676514
334 0.7532336115837097
335 0.8755377531051636
336 0.5420317649841309
337 1.2362154722213745
338 0.796795129776001
339 0.8615503907203674
340 0.9225403666496277
341 0.45644474029541016
342 0.6758385300636292
343 0.7090415358543396
344 0.5742591023445129
345 0.6648156046867371
346 0.8840062618255615
347 0.42927485704421997
348 0.8409880995750427
349 0.9048909544944763
350 0.7781838774681091
351 0.5431641340255737
352 0.5778462290763855
353 0.4083705544471741
354 0.6443124413490295
355 0.40280890464782715
356 0.3988257646560669
357 0.5274641513824463
358 0.40305158495903015
359 0.8280006647109985
360 0.6228784918785095
361 0.41449669003486633
362 0.7444508075714111
363 1.0742990970611572
364 0.6521527171134949
365 0.4860556423664093
366 0.4586019814014435
367 0.7577563524246216
368 0.7347153425216675
369 0.3771418333053589
370 0.45923879742622375
371 0.817638099193573
372 0.8334040641784668
373 0.6417771577835083
374 0.7134053707122803
375 0.6505337953567505
376 0.6991143226623535
377 0.6808094382286072
378 0.8510140776634216
379 0.6229968070983887
380 0.565458357334137
381 0.762057363986969
382 1.2141209840774536
383 0.46337443590164185
384 0.6782302856445313
385 1.0416501760482788
386 0.6313677430152893
387 0.9123598337173462
388 0.5058174133300781
389 0.5831806659698486
390 0.7869100570678711
391 0.7860564589500427
392 0.5714859366416931
393 0.661687433719635
394 0.5367662906646729
395 0.5341973304748535
396 0.4751056432723999
397 0.4184863567352295
398 0.9789281487464905
399 0.6184694170951843
400 0.8661467432975769
401 0.8139204382896423
402 1.0986086130142212
403 1.1931447982788086
404 1.3923087120056152
405 1.2051204442977905
406 1.3338584899902344
407 0.751908004283905
408 0.6092845797538757
409 0.5517328977584839
410 0.534260630607605
411 0.7768775820732117
412 1.2495959997177124
413 1.4258747100830078
414 1.1524652242660522
415 0.608433723449707
416 0.6351237297058105
417 1.0634609460830688
418 0.685624361038208
419 0.5296475291252136
420 0.6968725323677063
421 0.6037312746047974
422 0.6323670148849487
423 0.8034152984619141
424 0.7245596051216125
425 0.9822418093681335
426 0.6010545492172241
427 0.8568610548973083
428 0.7178323268890381
429 0.5557788610458374
430 0.5899715423583984
431 0.5393183827400208
432 0.6579177379608154
433 0.8552685976028442
434 0.5833301544189453
435 0.6430842876434326
436 0.8723867535591125
437 0.8877633213996887
438 0.711226224899292
439 0.8963949680328369
440 1.0400036573410034
441 0.32837793231010437
442 0.35521435737609863
443 0.8000189661979675
444 0.49450233578681946
445 0.6013374924659729
446 0.5173928737640381
447 0.7510818243026733
448 0.8889208436012268
449 0.8781538009643555
450 0.770499587059021
451 0.8881939053535461
452 0.3381885588169098
453 0.6437167525291443
454 0.7450646758079529
455 0.7557962536811829
456 0.9238131046295166
457 0.555053174495697
458 1.2720091342926025
459 0.6872168779373169
460 0.6080628037452698
461 0.7132222056388855
462 0.5439313650131226
463 0.624634861946106
464 0.39324724674224854
465 0.4597325026988983
466 0.5857526659965515
467 0.5267041325569153
468 0.3791269361972809
469 0.6358102560043335
470 0.6825131177902222
471 0.8271952271461487
472 0.4022583067417145
473 0.4843166768550873
474 0.6195232272148132
475 0.49036672711372375
476 0.326279878616333
477 0.5396459102630615
478 0.4054592549800873
479 0.4538626968860626
480 0.5384724736213684
481 0.5217738151550293
482 0.43686747550964355
483 0.61956787109375
484 1.0669499635696411
485 0.46851739287376404
486 0.4953174889087677
487 0.6681838035583496
488 0.44346851110458374
489 0.45967239141464233
490 0.2828992009162903
491 0.5554348826408386
492 0.4220106601715088
493 0.6197551488876343
494 0.8474178910255432
495 0.23510301113128662
496 0.4790041744709015
497 0.9711218476295471
498 0.572817862033844
499 0.6844019889831543
500 0.7022082209587097
501 0.5903093814849854
502 0.5615739822387695
503 0.990667998790741
504 0.75113844871521
505 0.8434693813323975
506 0.7112622261047363
507 0.4999735355377197
508 0.915827214717865
509 0.9245612025260925
510 0.697455883026123
511 0.5291617512702942
512 0.6212196946144104
513 0.7507921457290649
514 0.8668487668037415
515 0.8741636872291565
516 0.7143358588218689
517 0.7584303617477417
518 0.6410074830055237
519 0.7522478699684143
520 0.8029721975326538
521 1.4117138385772705
522 1.156460165977478
523 0.5561380982398987
524 1.0523258447647095
525 0.9156845211982727
526 0.9935446977615356
527 1.259319543838501
528 1.4420225620269775
529 1.0536059141159058
530 0.5239487290382385
531 0.8320055603981018
532 0.6477236151695251
533 0.7039548754692078
534 0.6743609309196472
535 0.917427122592926
536 0.638996958732605
537 0.6294025778770447
538 0.6008126139640808
539 0.6121927499771118
540 0.8235450387001038
541 0.6061202883720398
542 0.6425399780273438
543 0.4652491509914398
544 0.5096098184585571
545 0.2908056080341339
546 0.6275491714477539
547 0.7178066372871399
548 0.6201328039169312
549 0.4084376394748688
550 0.7130799293518066
551 0.7528396248817444
552 0.4485597014427185
553 0.6399518847465515
554 0.711000919342041
555 0.8031646013259888
556 0.601595938205719
557 0.662179172039032
558 0.45698750019073486
559 0.5133646726608276
560 0.6853480935096741
561 0.5647178292274475
562 0.5887569189071655
563 0.45243310928344727
564 0.3705311417579651
565 0.5459970831871033
566 0.9415429830551147
567 0.9113091826438904
568 0.42156288027763367
569 0.2202068716287613
570 0.39625704288482666
571 0.8310174942016602
572 0.6334640979766846
573 0.8114854097366333
574 0.7073529958724976
575 0.7155390977859497
576 0.8892782926559448
577 0.49676528573036194
578 0.6753665208816528
579 0.6220225691795349
580 0.7008671164512634
581 0.6140564680099487
582 0.779335618019104
583 0.6838400959968567
584 0.7733139991760254
585 0.7608602643013
586 0.7799652814865112
587 0.7445394992828369
588 0.5973771810531616
589 1.1572126150131226
590 0.739686131477356
591 0.47660067677497864
592 0.5397014617919922
593 0.3810020387172699
594 0.5976030230522156
595 0.4702523946762085
596 0.5388863682746887
597 0.6145011782646179
598 0.4067181944847107
599 0.3921186029911041
600 0.5051060914993286
601 0.8712300658226013
602 0.470039963722229
603 0.45876437425613403
604 0.546703040599823
605 0.32642337679862976
606 0.6271119117736816
607 0.6629637479782104
608 0.41725167632102966
609 0.42133310437202454
610 0.5168137550354004
611 0.5724709033966064
612 0.5540288686752319
613 0.8436154127120972
614 0.8834806084632874
615 0.6183072924613953
616 0.6481541395187378
617 0.7471155524253845
618 0.6457834243774414
619 0.48694655299186707
620 1.1224051713943481
621 0.8678230047225952
622 0.877302885055542
623 0.6565147042274475
624 0.8472603559494019
625 0.6302306652069092
626 1.0429034233093262
627 0.9035974144935608
628 0.6136839985847473
629 0.7554476857185364
630 0.5996094346046448
631 0.6687617897987366
632 0.5606204867362976
633 0.9437287449836731
634 0.8201252818107605
635 0.5963591933250427
636 0.7857938408851624
637 0.3770451843738556
638 0.6591845750808716
639 0.6541780829429626
640 0.7190335988998413
641 0.31296733021736145
642 0.7098860144615173
643 0.3234081268310547
644 0.9265625476837158
645 0.6723544597625732
646 0.6937096118927002
647 0.885845422744751
648 0.5476734042167664
649 0.40681833028793335
650 0.6642121076583862
651 0.3506567180156708
652 0.6995425820350647
653 0.49402928352355957
654 0.6150423884391785
655 0.7686130404472351
656 0.44636058807373047
657 0.4069076478481293
658 0.4028361737728119
659 0.5979964733123779
660 0.5538308620452881
661 0.5663079023361206
662 0.41331803798675537
663 0.6348034739494324
664 0.4760441482067108
665 0.5788897275924683
666 0.6371982097625732
667 0.8938071131706238
668 0.4923166334629059
669 0.52727872133255
670 0.4464709162712097
671 0.77931809425354
672 0.5763813257217407
673 0.7486480474472046
674 0.35567066073417664
675 0.7096410989761353
676 0.7310850024223328
677 0.5025742053985596
678 0.6082520484924316
679 0.3878779709339142
680 0.5380387306213379
681 0.5321323871612549
682 0.36270904541015625
683 0.8826382160186768
684 1.0184558629989624
685 0.5957213640213013
686 0.490768164396286
687 0.6246640086174011
688 0.481422483921051
689 0.44700682163238525
690 0.8405406475067139
691 0.7454347610473633
692 0.8188064098358154
693 0.9425747394561768
694 0.8730784058570862
695 0.6187602877616882
696 0.5539400577545166
697 0.8160589337348938
698 0.5803624391555786
699 0.6760208606719971
700 0.6881721019744873
701 0.5279198288917542
702 0.5711075067520142
703 0.8848634958267212
704 0.6205313205718994
705 0.7260209918022156
706 0.4631434381008148
707 0.5705860257148743
708 0.7468398213386536
709 0.6274692416191101
710 0.666585385799408
711 0.531359851360321
712 0.5394213199615479
713 0.6659698486328125
714 0.7082077860832214
715 0.6487212181091309
716 0.38384687900543213
717 0.5445258021354675
718 0.5771985650062561
719 0.38697347044944763
720 0.4347507953643799
721 0.550861656665802
722 0.579245924949646
723 0.5097463130950928
724 0.547142505645752
725 0.5725032091140747
726 0.6263278722763062
727 0.9226515889167786
728 0.6406815648078918
729 0.8019901514053345
730 0.9077060222625732
731 1.1481045484542847
732 0.7564618587493896
733 0.8699168562889099
734 0.766934871673584
735 0.49933770298957825
736 0.40772414207458496
737 0.6605458855628967
738 0.5901183485984802
739 0.5686510801315308
740 0.511064350605011
741 0.861702024936676
742 0.8226599097251892
743 0.8923195600509644
744 1.0521103143692017
745 0.5127464532852173
746 0.6934175491333008
747 0.29833683371543884
748 0.4487994313240051
749 0.9027218222618103
750 0.69700688123703
751 0.6148754358291626
752 0.8219248056411743
753 0.6637252569198608
754 0.6757778525352478
755 0.6896116733551025
756 0.6433393955230713
757 0.7441300749778748
758 0.39706647396087646
759 0.8016597628593445
760 0.7586959600448608
761 1.1389894485473633
762 1.3163560628890991
763 0.9189977049827576
764 0.7731128931045532
765 0.961348831653595
766 0.9021402597427368
767 0.45995351672172546
768 0.4751696288585663
769 0.7815507054328918
770 0.4468523859977722
771 0.909270703792572
772 0.960393488407135
773 1.0064963102340698
774 1.0860435962677002
775 0.6852892637252808
776 0.5002594590187073
777 0.3651750683784485
778 0.7212622761726379
779 0.9653491973876953
780 0.601362943649292
781 0.8557029366493225
782 0.761391282081604
783 1.012149691581726
784 0.6825881004333496
785 0.5075616836547852
786 0.5458362698554993
787 0.5081366300582886
788 0.6139756441116333
789 0.8556897640228271
790 0.8244443535804749
791 0.6051319241523743
792 0.43130916357040405
793 0.6591402888298035
794 0.4093398451805115
795 0.455026775598526
796 0.6317497491836548
797 0.5434238314628601
798 0.4330832064151764
799 0.48520582914352417
800 1.0013017654418945
801 0.9913330674171448
802 0.5801175236701965
803 0.4584817886352539
804 0.7229971289634705
805 0.43298637866973877
806 0.9570517539978027
807 0.4741245210170746
808 0.3286725878715515
809 0.6552855372428894
810 0.9031497836112976
811 0.6466907262802124
812 0.408188134431839
813 0.4309122562408447
814 0.7815591096878052
815 0.4663507342338562
816 1.061298131942749
817 0.6979913115501404
818 1.024377703666687
819 0.3811683654785156
820 0.756301760673523
821 0.6071945428848267
822 0.6887735724449158
823 0.6563977599143982
824 0.790151059627533
825 0.4108896553516388
826 0.6558011174201965
827 0.3929440379142761
828 0.5247893929481506
829 0.6999329328536987
830 0.606153130531311
831 0.6500846147537231
832 0.42390522360801697
833 0.8039456009864807
834 0.5525211095809937
835 0.72914719581604
836 0.404508113861084
837 1.0049878358840942
838 0.6927450895309448
839 0.4720911979675293
840 1.115355372428894
841 0.7158911824226379
842 0.5098937153816223
843 0.8891010880470276
844 0.43169334530830383
845 0.43333810567855835
846 0.47116631269454956
847 0.44826677441596985
848 0.4185258150100708
849 0.7851402163505554
850 0.8546208739280701
851 0.8349454402923584
852 0.45803654193878174
853 0.5846588611602783
854 0.7220481038093567
855 0.7198947072029114
856 0.5997599959373474
857 0.8810219168663025
858 0.3492046594619751
859 0.8016166090965271
860 0.9518296718597412
861 0.44756844639778137
862 0.7479127049446106
863 0.7324754595756531
864 0.8206999897956848
865 0.8874978423118591
866 0.7801503539085388
867 0.7687988877296448
868 0.7173185348510742
869 0.7007837891578674
870 0.940552294254303
871 1.300410509109497
872 1.2534489631652832
873 0.740536093711853
874 1.1387923955917358
875 1.414696455001831
876 1.2978626489639282
877 1.0863674879074097
878 0.5734853148460388
879 0.7553039193153381
880 0.9900208711624146
881 0.6239199638366699
882 0.7412027716636658
883 1.1892125606536865
884 0.8570284843444824
885 0.6019675731658936
886 0.6769070029258728
887 0.4953083097934723
888 0.9951193928718567
889 0.8646438717842102
890 0.8296816349029541
891 0.39827004075050354
892 1.0398226976394653
893 0.702295184135437
894 0.94278484582901
895 1.0142664909362793
896 0.8831658959388733
897 1.0719552040100098
898 0.5535264015197754
899 0.6353033185005188
900 0.7368491888046265
901 1.0949442386627197
902 0.6190664172172546
903 0.6498407125473022
904 0.5519678592681885
905 0.5157003402709961
906 0.8154990077018738
907 0.4818874001502991
908 0.33726927638053894
909 0.5525742173194885
910 0.7319273352622986
911 0.47168776392936707
912 0.506179690361023
913 0.9654024839401245
914 0.4670432209968567
915 0.6493390202522278
916 0.7277659773826599
917 0.6535795331001282
918 0.4240110516548157
919 0.8424752950668335
920 0.9377089142799377
921 0.41541945934295654
922 0.842578649520874
923 0.47675156593322754
924 0.8081609010696411
925 0.5535626411437988
926 0.58961021900177
927 0.5887555480003357
928 0.7254632115364075
929 0.5473191142082214
930 0.6468407511711121
931 0.6978095769882202
932 0.5964206457138062
933 0.7398759126663208
934 1.2020245790481567
935 0.5936040878295898
936 1.120176911354065
937 1.2809679508209229
938 1.5775630474090576
939 1.87459397315979
940 1.7321646213531494
941 1.5173794031143188
942 1.4394781589508057
943 1.5775326490402222
944 1.2026702165603638
945 1.4589239358901978
946 1.2645326852798462
947 1.669651746749878
948 2.090022325515747
949 1.5294126272201538
950 1.4405659437179565
951 1.639496922492981
952 1.4447368383407593
953 1.242534875869751
954 1.5124472379684448
955 1.298415184020996
956 1.45731520652771
957 1.3781311511993408
958 1.7429111003875732
959 1.5695592164993286
960 1.9962055683135986
961 1.4724475145339966
962 1.856343388557434
963 1.1245441436767578
964 1.5518192052841187
965 2.020341634750366
966 1.4503252506256104
967 1.2832810878753662
968 1.2604236602783203
969 1.5503283739089966
970 1.2735233306884766
971 1.7170617580413818
972 1.480979084968567
973 0.8151826858520508
974 0.6020853519439697
975 0.5834206342697144
976 0.7933098673820496
977 1.201247215270996
978 0.8859204053878784
979 1.2638353109359741
980 1.4424428939819336
981 1.6734893321990967
982 1.7187573909759521
983 1.8173375129699707
984 2.2244925498962402
985 1.3590205907821655
986 0.9370436668395996
987 1.4904670715332031
988 1.2445603609085083
989 0.8480501174926758
990 0.787025511264801
991 1.2567691802978516
992 1.1901100873947144
993 0.93953537940979
994 0.8323006629943848
995 0.8131884336471558
996 1.131575345993042
997 1.0407687425613403
998 1.6906603574752808
999 1.380820631980896
1000 1.0674042701721191
1001 0.9443200826644897
1002 0.9504302740097046
1003 1.2026346921920776
1004 0.8049893975257874
1005 0.7239275574684143
1006 1.0694069862365723
1007 0.8825833797454834
1008 0.924933910369873
1009 1.0808738470077515
1010 1.1250958442687988
1011 1.1739634275436401
1012 1.2157548666000366
1013 1.10380220413208
1014 1.0033421516418457
1015 1.5965285301208496
1016 2.01129150390625
1017 1.9268258810043335
1018 1.629737138748169
1019 1.9470560550689697
1020 1.3739384412765503
1021 1.5503476858139038
1022 1.8099629878997803
1023 1.671486496925354
1024 2.014552354812622
1025 1.8004052639007568
1026 2.0291666984558105
1027 1.966876745223999
1028 1.787519931793213
1029 2.093824625015259
1030 2.017946481704712
1031 1.929192066192627
1032 2.033449411392212
1033 2.2345123291015625
1034 1.7447737455368042
1035 1.8153527975082397
1036 1.9077939987182617
1037 2.5757558345794678
1038 2.4607436656951904
1039 2.290278673171997
1040 2.6831412315368652
1041 2.5684313774108887
1042 1.9268661737442017
1043 1.9245229959487915
1044 1.557955026626587
1045 2.3168394565582275
1046 2.1136868000030518
1047 1.9646648168563843
1048 1.5470572710037231
1049 1.741730809211731
1050 1.8019230365753174
1051 1.70065438747406
1052 2.2474029064178467
1053 1.289137363433838
1054 1.251435399055481
1055 1.493447184562683
1056 1.198021650314331
1057 1.1226881742477417
1058 0.8960993885993958
1059 0.8890232443809509
1060 1.0217896699905396
1061 1.8080353736877441
1062 1.0098804235458374
1063 1.035553216934204
1064 1.0204662084579468
1065 0.9436684250831604
1066 1.4601696729660034
1067 1.1279455423355103
1068 0.9551335573196411
1069 0.9122062921524048
1070 1.215135097503662
1071 1.3945173025131226
1072 1.4881963729858398
1073 1.0255218744277954
1074 1.0762286186218262
1075 1.059977650642395
1076 1.2649307250976563
1077 1.0018879175186157
1078 1.3059537410736084
1079 1.267279028892517
1080 1.5099666118621826
1081 1.2723824977874756
1082 1.0817385911941528
1083 1.4068355560302734
1084 1.2520312070846558
1085 1.146945834159851
1086 1.213283658027649
1087 1.3376106023788452
1088 1.3830511569976807
1089 1.4377330541610718
1090 0.9394204020500183
1091 1.2394869327545166
1092 1.1542209386825562
1093 1.4311325550079346
1094 1.3362194299697876
1095 1.4676631689071655
1096 1.6091375350952148
1097 1.322270393371582
1098 1.1990870237350464
1099 1.471756935119629
1100 1.1455676555633545
1101 1.2866116762161255
1102 1.1654068231582642
1103 0.9620541930198669
1104 1.4387704133987427
1105 0.9216058850288391
1106 1.4182682037353516
1107 1.2967219352722168
1108 1.1089375019073486
1109 1.1317875385284424
1110 1.428277850151062
1111 1.6719965934753418
1112 1.751941442489624
1113 1.0338211059570313
1114 1.6622216701507568
1115 1.5874736309051514
1116 1.4810916185379028
1117 1.4331567287445068
1118 1.2167253494262695
1119 1.5374224185943604
1120 1.4610995054244995
1121 1.6617727279663086
1122 0.8399171829223633
1123 1.2465782165527344
1124 1.4168702363967896
1125 1.088106393814087
1126 1.1515533924102783
1127 0.8204514980316162
1128 0.9327372908592224
1129 1.041353702545166
1130 1.3468208312988281
1131 1.195502519607544
1132 0.9746983051300049
1133 1.0204670429229736
1134 1.3545490503311157
1135 0.9609304070472717
1136 1.0295084714889526
1137 0.9801913499832153
1138 1.3636441230773926
1139 1.0253726243972778
1140 0.865311861038208
1141 1.3316162824630737
1142 1.2148845195770264
1143 0.9689351320266724
1144 1.08365797996521
1145 1.2385056018829346
1146 1.580306053161621
1147 1.7796496152877808
1148 1.6301237344741821
1149 1.2564717531204224
1150 1.2158567905426025
1151 1.448359489440918
1152 1.471299648284912
1153 1.1424795389175415
1154 1.3329769372940063
1155 1.1687153577804565
1156 1.3998287916183472
1157 1.2146092653274536
1158 0.7553354501724243
1159 1.0095701217651367
1160 1.0904297828674316
1161 1.3047641515731812
1162 0.7882048487663269
1163 0.9196906685829163
1164 0.9633467793464661
1165 0.934775173664093
1166 0.852761447429657
1167 1.0526422262191772
1168 0.9549071192741394
1169 1.453687310218811
1170 1.1907223463058472
1171 1.2205511331558228
1172 1.33454430103302
1173 1.1651777029037476
1174 1.6186918020248413
1175 0.9087434411048889
1176 1.0557478666305542
1177 0.9502258896827698
1178 1.1244568824768066
1179 1.5155805349349976
1180 1.522670030593872
1181 1.2994794845581055
1182 1.6235146522521973
1183 1.5006561279296875
1184 1.5956926345825195
1185 1.1955606937408447
1186 1.4745911359786987
1187 1.4479787349700928
1188 1.2926042079925537
1189 1.3575631380081177
1190 1.0228757858276367
1191 1.198557734489441
1192 1.3011207580566406
1193 1.3780299425125122
1194 1.3704535961151123
1195 1.727745532989502
1196 1.5057607889175415
1197 1.7533700466156006
1198 1.3434439897537231
1199 1.3175334930419922
1200 1.0483119487762451
1201 1.067786455154419
1202 1.0748487710952759
1203 1.1122524738311768
1204 1.0416327714920044
1205 1.1471457481384277
1206 0.7526569366455078
1207 1.3261770009994507
1208 1.1096075773239136
1209 1.1913169622421265
1210 1.3109755516052246
1211 1.1504995822906494
1212 1.291538119316101
1213 1.2609741687774658
1214 1.3689409494400024
1215 1.4222919940948486
1216 1.33245050907135
1217 1.4437435865402222
1218 1.7167868614196777
1219 1.5871344804763794
1220 1.4133896827697754
1221 1.079712986946106
1222 1.1684757471084595
1223 1.2895030975341797
1224 1.401262640953064
1225 0.7751625180244446
1226 1.3040478229522705
1227 1.1261327266693115
1228 0.8767958879470825
1229 1.0342820882797241
1230 0.9948440194129944
1231 1.0721056461334229
1232 1.2844091653823853
1233 1.6603273153305054
1234 1.1064810752868652
1235 1.477566123008728
1236 1.71806800365448
1237 1.549755573272705
1238 1.4057379961013794
1239 1.8855438232421875
1240 1.8160178661346436
1241 1.5079832077026367
1242 1.6841866970062256
1243 1.5402812957763672
1244 1.4400602579116821
1245 1.3591045141220093
1246 1.3632577657699585
1247 1.2848412990570068
1248 1.6620633602142334
1249 1.7714207172393799
1250 1.1899536848068237
1251 1.5901473760604858
1252 1.206965684890747
1253 0.7573522925376892
1254 0.7962900400161743
1255 0.8170337677001953
1256 1.0961096286773682
1257 0.9605268239974976
1258 0.914683997631073
1259 1.3090672492980957
1260 1.276294231414795
1261 0.8780033588409424
1262 0.7590097784996033
1263 0.8516162037849426
1264 0.963544487953186
1265 0.834203839302063
1266 0.8067023754119873
1267 0.8877901434898376
1268 0.9242037534713745
1269 1.3031327724456787
1270 1.0335273742675781
1271 1.0021753311157227
1272 1.0162218809127808
1273 1.3794958591461182
1274 0.8849015235900879
1275 0.9833847284317017
1276 0.5618461966514587
1277 0.6969878673553467
1278 0.5683013200759888
1279 0.6999951004981995
1280 0.8669642210006714
1281 1.2764204740524292
1282 0.6357378363609314
1283 1.0776638984680176
1284 1.3387600183486938
1285 1.0801751613616943
1286 0.7844664454460144
1287 0.874121367931366
1288 0.6799805164337158
1289 0.7143673300743103
1290 0.7144617438316345
1291 0.8273239731788635
1292 0.7905561327934265
1293 1.1342004537582397
1294 1.0419032573699951
1295 1.1328623294830322
1296 0.8378522992134094
1297 0.9934267997741699
1298 0.8656183481216431
1299 1.0666463375091553
1300 0.77130126953125
1301 0.6965566277503967
1302 0.7058233022689819
1303 0.8292967677116394
1304 0.869975745677948
1305 0.8138943314552307
1306 1.046542763710022
1307 0.9747968316078186
1308 0.9129357933998108
1309 0.7905132174491882
1310 0.9813958406448364
1311 0.9127934575080872
1312 0.7500723600387573
1313 0.938052773475647
1314 0.9353007078170776
1315 0.9593161940574646
1316 0.8385167121887207
1317 0.8110330700874329
1318 0.7890496850013733
1319 0.8451526165008545
1320 0.9427598714828491
1321 0.6994385719299316
1322 0.9744762778282166
1323 0.8263179659843445
1324 0.8241742849349976
1325 0.7431599497795105
1326 0.6219285130500793
1327 0.6801337003707886
1328 0.8293178677558899
1329 0.6557431817054749
1330 0.706451416015625
1331 0.8776152729988098
1332 0.8340986967086792
1333 0.7763634920120239
1334 0.7240123748779297
1335 0.7947835922241211
1336 0.7617535591125488
1337 0.7043423056602478
1338 0.6169978380203247
1339 0.9755091667175293
1340 0.872319757938385
1341 0.7596461176872253
1342 0.7883474826812744
1343 0.7983176112174988
1344 0.8948732614517212
1345 0.9513446092605591
1346 1.0122509002685547
1347 0.8311120867729187
1348 0.8020613789558411
1349 0.7985450625419617
1350 1.0701792240142822
1351 0.9582036733627319
1352 0.7220385074615479
1353 0.913973867893219
1354 0.7318442463874817
1355 0.9030710458755493
1356 0.8292996883392334
1357 1.0797162055969238
1358 0.879090428352356
1359 1.2763671875
1360 1.0629034042358398
1361 0.8634419441223145
1362 0.8216133117675781
1363 0.6434907913208008
1364 0.9338823556900024
1365 0.733765721321106
1366 0.7477425336837769
1367 0.8101972937583923
1368 0.9329646229743958
1369 1.0180702209472656
1370 0.7207478284835815
1371 0.7258128523826599
1372 0.7982474565505981
1373 0.7897248864173889
1374 0.836418867111206
1375 0.9736061096191406
1376 0.8282791376113892
1377 0.7220543026924133
1378 0.9651764035224915
1379 0.971743106842041
1380 0.9521699547767639
1381 0.8059036135673523
1382 0.7759491801261902
1383 0.7399362921714783
1384 0.6984543800354004
1385 0.8723419308662415
1386 0.7697522640228271
1387 0.8197258710861206
1388 0.9519157409667969
1389 0.8616479635238647
1390 1.326403021812439
1391 0.9019545316696167
1392 1.0554556846618652
1393 1.3951542377471924
1394 0.7872287034988403
1395 1.1174461841583252
1396 1.013183832168579
1397 1.1331238746643066
1398 1.42487370967865
1399 1.17104971408844
1400 1.0568337440490723
1401 0.748930811882019
1402 0.9725027084350586
1403 0.7379709482192993
1404 0.7178004384040833
1405 1.034604549407959
1406 0.9826287627220154
1407 0.8383949398994446
1408 0.7186165452003479
1409 0.8434973955154419
1410 0.888947069644928
1411 0.9222494959831238
1412 0.8725777268409729
1413 0.9193699955940247
1414 0.9361514449119568
1415 0.9641053080558777
1416 0.9008913040161133
1417 0.9287242293357849
1418 0.7357727885246277
1419 0.6827713847160339
1420 0.9133140444755554
1421 0.9845280647277832
1422 0.6820553541183472
1423 0.9962523579597473
1424 0.7490808367729187
1425 0.6945695281028748
1426 0.8954053521156311
1427 0.8826934099197388
1428 0.7744688391685486
1429 0.8357019424438477
1430 0.8556440472602844
1431 0.8457761406898499
1432 0.8596577048301697
1433 0.9127185344696045
1434 0.6021081209182739
1435 0.8940994143486023
1436 0.6380226016044617
1437 0.7144785523414612
1438 0.8028410077095032
1439 0.8713173866271973
1440 0.8105564117431641
1441 0.5929198265075684
1442 0.8075209259986877
1443 0.8830168843269348
1444 0.9027994871139526
1445 0.8551195859909058
1446 0.7712453603744507
1447 1.1330933570861816
1448 0.8104576468467712
1449 0.7641259431838989
1450 0.894049882888794
1451 0.913007915019989
1452 0.8532466292381287
1453 0.978411078453064
1454 0.7898386716842651
1455 0.9563562273979187
1456 0.9171055555343628
1457 0.8613103628158569
1458 0.8860454559326172
1459 1.3951053619384766
1460 0.691725492477417
1461 0.8861960768699646
1462 0.9362280964851379
1463 0.82049161195755
1464 0.8476158976554871
1465 1.2358143329620361
1466 0.8724763989448547
1467 0.9011892676353455
1468 0.8715761303901672
1469 1.3703490495681763
1470 1.0824474096298218
1471 1.1485294103622437
1472 0.9816926121711731
1473 0.9925997257232666
1474 0.8813832402229309
1475 0.8633719086647034
1476 0.6468729972839355
1477 0.7515530586242676
1478 0.6677665710449219
1479 0.8098856806755066
1480 0.8568227887153625
1481 1.0301262140274048
1482 0.7885245084762573
1483 0.988690972328186
1484 0.8884463310241699
1485 1.0036869049072266
1486 0.7474615573883057
1487 0.8367393612861633
1488 0.8065161108970642
1489 1.011224627494812
1490 1.0441815853118896
1491 0.8309303522109985
1492 0.9074371457099915
1493 0.7988668084144592
1494 0.767295777797699
1495 1.0784080028533936
1496 0.8020855188369751
1497 0.8453467488288879
1498 0.5767903327941895
1499 0.8343697190284729
1500 0.8817048072814941
1501 0.8070957064628601
1502 0.6743626594543457
1503 0.8625762462615967
1504 0.9962345361709595
1505 0.8818244338035583
1506 0.9272454977035522
1507 0.9565099477767944
1508 0.8399204015731812
1509 1.0003174543380737
1510 0.750160813331604
1511 0.6294916272163391
1512 0.9031874537467957
1513 0.7858227491378784
1514 0.7943007946014404
1515 0.7674197554588318
1516 0.811438262462616
1517 0.734550952911377
1518 0.6993927359580994
1519 1.0590039491653442
1520 0.886985719203949
1521 0.9302281737327576
1522 1.017857313156128
1523 0.8675322532653809
1524 0.6973147988319397
1525 0.9161639213562012
1526 0.9168543815612793
1527 0.7795019149780273
1528 0.700810968875885
1529 0.6857542991638184
1530 0.7226569652557373
1531 0.5450735092163086
1532 0.8734679222106934
1533 1.145119071006775
1534 0.798117458820343
1535 0.8688197731971741
1536 0.906810462474823
1537 0.996590793132782
1538 0.8623350262641907
1539 1.1134713888168335
1540 1.0011348724365234
1541 0.924656867980957
1542 0.9372886419296265
1543 0.7816697955131531
1544 1.0644508600234985
1545 0.9195327758789063
1546 0.8655167818069458
1547 0.8555102944374084
1548 0.8165565133094788
1549 0.863241970539093
1550 0.9800098538398743
1551 0.7251320481300354
1552 0.9592964053153992
1553 0.8027980327606201
1554 0.8204972147941589
1555 0.7393930554389954
1556 0.6519041061401367
1557 0.7594874501228333
1558 1.090810775756836
1559 1.016448974609375
1560 0.8164913654327393
1561 0.788548469543457
1562 0.7652943134307861
1563 0.8339681029319763
1564 0.9166644811630249
1565 0.8457725644111633
1566 0.7644201517105103
1567 0.8879376649856567
1568 1.0784657001495361
1569 0.8483971357345581
1570 0.7231723666191101
1571 0.7148829698562622
1572 0.8891024589538574
1573 0.8544119000434875
1574 0.8951470851898193
1575 1.0147662162780762
1576 0.7299296855926514
1577 0.8458252549171448
1578 1.1051603555679321
1579 0.7606309056282043
1580 0.6585844159126282
1581 0.7182603478431702
1582 1.0554410219192505
1583 0.8504353761672974
1584 0.9194074273109436
1585 1.6953063011169434
1586 1.0799635648727417
1587 1.1008086204528809
1588 0.935021698474884
1589 0.9866935014724731
1590 0.6925907135009766
1591 1.1864789724349976
1592 0.9619644284248352
1593 1.0612086057662964
1594 0.9364420175552368
1595 1.0069717168807983
1596 0.8720583319664001
1597 0.9622566103935242
1598 0.8766185641288757
1599 0.7468992471694946
1600 0.8831455111503601
1601 0.753485918045044
1602 0.9008470773696899
1603 0.8609709143638611
1604 0.9229914546012878
1605 0.7671581506729126
1606 0.6964097619056702
1607 0.916435718536377
1608 0.8688681721687317
1609 0.5858091115951538
1610 0.8586869835853577
1611 0.7333168983459473
1612 0.9569405317306519
1613 0.9125280976295471
1614 0.7954555153846741
1615 1.1520988941192627
1616 1.0614348649978638
1617 0.9982393980026245
1618 0.9144859313964844
1619 0.7112768888473511
1620 1.0096092224121094
1621 1.2783366441726685
1622 0.9053205847740173
1623 1.2296350002288818
1624 1.6617788076400757
1625 1.0970436334609985
1626 0.9687342047691345
1627 1.1199153661727905
1628 1.3068430423736572
1629 0.9888426661491394
1630 1.0829517841339111
1631 1.180314064025879
1632 1.0208219289779663
1633 1.5068732500076294
1634 1.200688362121582
1635 1.05656099319458
1636 1.3109614849090576
1637 1.3061400651931763
1638 1.1536816358566284
1639 1.082118272781372
1640 0.9533806443214417
1641 0.8522034883499146
1642 1.1685984134674072
1643 1.3272297382354736
1644 1.0420498847961426
1645 1.1884068250656128
1646 1.183667778968811
1647 1.0187186002731323
1648 1.039101004600525
1649 0.9059345126152039
1650 0.9709520936012268
1651 1.1354752779006958
1652 0.7512134313583374
1653 1.0330605506896973
1654 1.2437599897384644
1655 0.9918632507324219
1656 0.983817994594574
1657 1.0016741752624512
1658 0.9124324917793274
1659 0.953187108039856
1660 0.83050537109375
1661 0.7134391665458679
1662 0.7751779556274414
1663 0.9761693477630615
1664 0.9115532636642456
1665 0.8590995669364929
1666 0.8119021058082581
1667 0.9632923603057861
1668 0.9556888937950134
1669 1.0120128393173218
1670 0.7141528129577637
1671 0.8942695260047913
1672 0.8031953573226929
1673 1.0488308668136597
1674 0.9223551750183105
1675 0.9005731344223022
1676 1.0644243955612183
1677 0.8498652577400208
1678 0.9152711629867554
1679 0.7730787396430969
1680 0.9736666083335876
1681 0.9958602786064148
1682 0.8714349865913391
1683 1.0472493171691895
1684 1.0155208110809326
1685 0.8804545998573303
1686 0.7180092930793762
1687 0.6647554636001587
1688 1.0366990566253662
1689 1.0280804634094238
1690 1.2790889739990234
1691 1.1698352098464966
1692 0.9784877896308899
1693 1.019327998161316
1694 1.028428316116333
1695 1.1958484649658203
1696 1.0050674676895142
1697 0.8574485778808594
1698 0.985335648059845
1699 0.7235063910484314
1700 0.9732365012168884
1701 1.1378705501556396
1702 0.7768902778625488
1703 1.0783394575119019
1704 1.0815049409866333
1705 1.150586724281311
1706 1.846694827079773
1707 1.4710311889648438
1708 1.115820288658142
1709 1.1097629070281982
1710 0.8720948696136475
1711 1.4334977865219116
1712 1.0083049535751343
1713 1.3472408056259155
1714 1.5418975353240967
1715 1.8626766204833984
1716 1.4205143451690674
1717 1.0370601415634155
1718 1.1309973001480103
1719 1.1494669914245605
1720 0.899671196937561
1721 0.9012984037399292
1722 1.2576483488082886
1723 0.8147721290588379
1724 0.8899602293968201
1725 0.7893799543380737
1726 0.9270629286766052
1727 1.011532187461853
1728 1.0543479919433594
1729 0.8317902088165283
1730 0.7820348739624023
1731 0.8044218420982361
1732 0.9319356679916382
1733 0.6235012412071228
1734 0.7903579473495483
1735 0.9094926714897156
1736 1.081685185432434
1737 0.9258977174758911
1738 1.0325456857681274
1739 0.8257832527160645
1740 1.2857660055160522
1741 1.4719058275222778
1742 1.1471178531646729
1743 1.0215389728546143
1744 1.4732569456100464
1745 1.5085530281066895
1746 1.0029029846191406
1747 0.9095680713653564
1748 1.1269822120666504
1749 1.2491551637649536
1750 0.883414626121521
1751 1.188281536102295
1752 1.4223220348358154
1753 0.9096425771713257
1754 0.9420812726020813
1755 1.2393412590026855
1756 1.0577597618103027
1757 1.6301742792129517
1758 1.5809355974197388
1759 1.7668943405151367
1760 0.9741033315658569
1761 1.110352873802185
1762 1.232113242149353
1763 1.0689399242401123
1764 1.2438939809799194
1765 1.058455228805542
1766 1.167994499206543
1767 1.2159427404403687
1768 1.202242374420166
1769 1.3197847604751587
1770 0.9559788703918457
1771 0.9290029406547546
1772 0.8967234492301941
1773 1.0003348588943481
1774 0.9532095789909363
1775 1.221961259841919
1776 1.281965732574463
1777 1.370022177696228
1778 0.8976918458938599
1779 0.8227847814559937
1780 0.8487339019775391
1781 0.6922947764396667
1782 0.8718931078910828
1783 0.7484526038169861
1784 0.9563480615615845
1785 0.8662246465682983
1786 1.1954820156097412
1787 1.3420133590698242
1788 1.0836129188537598
1789 0.9229767918586731
1790 0.9550760984420776
1791 1.100005030632019
1792 0.9502224326133728
1793 0.9195384979248047
1794 0.8887156844139099
1795 0.9743785858154297
1796 0.7576763033866882
1797 1.3524779081344604
1798 1.1303764581680298
1799 1.2391902208328247
1800 0.980814516544342
1801 1.2507821321487427
1802 0.8509222865104675
1803 0.7607493996620178
1804 0.8064752221107483
1805 0.9533969163894653
1806 0.7645752429962158
1807 0.9334338903427124
1808 0.8529141545295715
1809 0.6654656529426575
1810 0.900958776473999
1811 0.7897738814353943
1812 0.9664588570594788
1813 0.9297206997871399
1814 0.7078165411949158
1815 0.7446277737617493
1816 1.1608479022979736
1817 0.6476268768310547
1818 1.2208335399627686
1819 0.8651471138000488
1820 1.1985979080200195
1821 0.8056793808937073
1822 1.2873761653900146
1823 1.2036393880844116
1824 1.024828553199768
1825 1.1525543928146362
1826 1.0232986211776733
1827 0.9636675715446472
1828 1.3214114904403687
1829 1.1965011358261108
1830 1.245128870010376
1831 1.1952202320098877
1832 1.2361327409744263
1833 1.0650312900543213
1834 1.3451025485992432
1835 1.46709406375885
1836 0.672974169254303
1837 0.8491995334625244
1838 1.0048311948776245
1839 1.0266281366348267
1840 0.8967621922492981
1841 0.7770595550537109
1842 1.3702223300933838
1843 1.3875983953475952
1844 1.1495015621185303
1845 0.8745898604393005
1846 0.8289926052093506
1847 0.8689591884613037
1848 0.7094517350196838
1849 0.9238952398300171
1850 0.7332720756530762
1851 0.7705122828483582
1852 0.8857171535491943
1853 0.6555001735687256
1854 0.8139069080352783
1855 0.8979085087776184
1856 0.8694871068000793
1857 1.0112829208374023
1858 0.9191069602966309
1859 0.970166027545929
1860 1.0953336954116821
1861 0.7397118210792542
1862 1.2478421926498413
1863 0.9120133519172668
1864 0.8406416773796082
1865 0.9493325352668762
1866 0.8483730554580688
1867 0.7975584268569946
1868 0.6750572919845581
1869 0.991830050945282
1870 0.9872452020645142
1871 0.5641248226165771
1872 0.7772008776664734
1873 0.638916015625
1874 0.7909860014915466
1875 0.589257538318634
1876 0.9864787459373474
1877 0.7896822690963745
1878 1.010317325592041
1879 1.2183092832565308
1880 0.7068610787391663
1881 0.9123335480690002
1882 0.7716232538223267
1883 0.8883407711982727
1884 0.7705740332603455
1885 0.8531994223594666
1886 0.8485226631164551
1887 0.8426214456558228
1888 0.6876643300056458
1889 0.8419546484947205
1890 0.7037240266799927
1891 1.0838868618011475
1892 1.2251670360565186
1893 0.8479284048080444
1894 0.9116502404212952
1895 1.170793056488037
1896 0.8402288556098938
1897 0.8737683296203613
1898 0.7483022212982178
1899 1.3304237127304077
1900 0.7976374626159668
1901 1.1635363101959229
1902 1.498594045639038
1903 1.0417611598968506
1904 0.8234599232673645
1905 0.6892065405845642
1906 0.9469127655029297
1907 0.8020502924919128
1908 0.7701401114463806
1909 0.7810062170028687
1910 0.6323782801628113
1911 0.7776890397071838
1912 0.722102165222168
1913 0.837638258934021
1914 0.7619300484657288
1915 0.7849189639091492
1916 0.8650758266448975
1917 0.821110725402832
1918 0.9267427921295166
1919 1.005972981452942
1920 0.9428660869598389
1921 0.7263779640197754
1922 0.8052645921707153
1923 0.7864201068878174
1924 0.8428623080253601
1925 0.7235788702964783
1926 1.0328298807144165
1927 0.8463764190673828
1928 0.9126298427581787
1929 0.6834631562232971
1930 0.7309150695800781
1931 0.7612970471382141
1932 0.8630605340003967
1933 1.1630723476409912
1934 0.7931544184684753
1935 0.7414994835853577
1936 0.9639759063720703
1937 0.8871809244155884
1938 0.6185694932937622
1939 0.7048069834709167
1940 0.6046711206436157
1941 1.0683718919754028
1942 0.9493069052696228
1943 0.7807820439338684
1944 0.8113618493080139
1945 0.9599100947380066
1946 1.2035359144210815
1947 1.4039002656936646
1948 1.4050257205963135
1949 1.3914941549301147
1950 1.3943427801132202
1951 1.497344732284546
1952 1.354905128479004
1953 1.556489109992981
1954 1.0825440883636475
1955 1.231452465057373
1956 1.0457178354263306
1957 1.272167444229126
1958 1.429695963859558
1959 1.643947958946228
1960 1.5413870811462402
1961 1.2441492080688477
1962 0.9769527316093445
1963 1.264609694480896
1964 1.0485825538635254
1965 0.8349606990814209
1966 0.769121527671814
1967 1.078948974609375
1968 0.9843091368675232
1969 0.865691065788269
1970 0.8476269841194153
1971 0.8570520281791687
1972 0.7829822301864624
1973 0.6054467558860779
1974 0.6146689057350159
1975 0.7821561694145203
1976 0.7809421420097351
1977 0.8159640431404114
1978 0.6667081713676453
1979 0.8213100433349609
1980 0.8580077886581421
1981 1.0138717889785767
1982 0.837186872959137
1983 0.9125241637229919
1984 0.7354750633239746
1985 0.7381479144096375
1986 0.8400550484657288
1987 0.7343889474868774
1988 0.9489531517028809
1989 0.7179533839225769
1990 1.2455122470855713
1991 0.751457929611206
1992 0.9300960302352905
1993 0.9035843014717102
1994 0.8028904795646667
1995 0.9504603147506714
1996 0.5813418626785278
1997 1.0359649658203125
1998 0.7513889074325562
1999 0.8472225069999695
