0 0.0
1 0.9633183479309082
2 0.40378350019454956
3 0.8575562238693237
4 0.6043910980224609
5 0.5828568339347839
6 0.8346830010414124
7 0.5558362007141113
8 0.5382009744644165
9 0.5739517211914063
10 0.42117106914520264
11 0.4660302400588989
12 1.0849621295928955
13 0.746718168258667
14 0.9450827240943909
15 0.5843610763549805
16 0.47484803199768066
17 0.870713472366333
18 0.2779242694377899
19 0.8764276504516602
20 1.2068554162979126
21 0.8974366784095764
22 0.7303610444068909
23 0.7434844374656677
24 0.434661328792572
25 0.409648060798645
26 0.7781906127929688
27 1.0719273090362549
28 1.2185156345367432
29 1.1398279666900635
30 0.7985902428627014
31 1.2302650213241577
32 1.1756417751312256
33 0.8333615064620972
34 1.3614494800567627
35 0.8805399537086487
36 0.8364397287368774
37 0.9381065368652344
38 0.8202683329582214
39 0.8285290002822876
40 0.5639320015907288
41 0.9468139410018921
42 0.19664739072322845
43 0.831421971321106
44 0.7253638505935669
45 0.6819117069244385
46 1.1048771142959595
47 0.8394225835800171
48 0.7803714871406555
49 0.5976957082748413
50 0.8576537370681763
51 0.9380636811256409
52 0.8957618474960327
53 0.8586977124214172
54 1.1029707193374634
55 0.5135704874992371
56 0.5924920439720154
57 0.6342933773994446
58 0.7921152114868164
59 0.5107690691947937
60 1.025905728340149
61 0.6225363612174988
62 0.7734651565551758
63 0.7099764347076416
64 0.49879345297813416
65 0.4682562053203583
66 0.3096589148044586
67 0.6695596575737
68 0.6378040909767151
69 0.48888376355171204
70 0.9890992641448975
71 1.2795178890228271
72 0.42596927285194397
73 0.8102927207946777
74 0.9194862842559814
75 0.5089267492294312
76 0.5230743288993835
77 0.7184293270111084
78 0.7810459136962891
79 0.6733236908912659
80 0.7505507469177246
81 0.5693439245223999
82 0.8366377353668213
83 0.6586148738861084
84 0.8326367139816284
85 1.3300285339355469
86 0.9615025520324707
87 0.6635050773620605
88 0.38740333914756775
89 0.4231646656990051
90 0.7446134090423584
91 0.6737073659896851
92 0.4431432783603668
93 0.5832482576370239
94 0.9336811304092407
95 0.6529727578163147
96 0.49567198753356934
97 0.386491596698761
98 0.6517431139945984
99 0.4674081802368164
100 0.6316201090812683
101 0.71193528175354
102 0.809050440788269
103 0.5343197584152222
104 0.6879189610481262
105 0.7328736186027527
106 0.7755387425422668
107 0.3850175738334656
108 0.5427207946777344
109 1.1224392652511597
110 0.7643647193908691
111 0.9304533004760742
112 0.5042078495025635
113 0.47031790018081665
114 0.41900569200515747
115 0.4970649778842926
116 0.5886960625648499
117 0.5997042655944824
118 0.4620458781719208
119 0.6814086437225342
120 0.8552753925323486
121 0.774602472782135
122 1.0512515306472778
123 1.140821099281311
124 1.328392744064331
125 1.23287832736969
126 0.8838397264480591
127 0.8445682525634766
128 0.8594626188278198
129 0.8061820864677429
130 0.6714401245117188
131 0.8488383293151855
132 1.0657074451446533
133 0.8380362391471863
134 1.026229977607727
135 0.7171661257743835
136 0.5431638956069946
137 0.8097651600837708
138 0.630282461643219
139 0.7391025424003601
140 0.5741534233093262
141 0.7277944087982178
142 0.29536712169647217
143 0.5936020612716675
144 0.4077053666114807
145 0.8222663998603821
146 0.671931266784668
147 0.7560840249061584
148 0.6645296216011047
149 0.7317538261413574
150 0.8122157454490662
151 0.529108464717865
152 0.9289312958717346
153 0.9573331475257874
154 1.2740962505340576
155 0.8758094310760498
156 0.7548779845237732
157 0.5535427927970886
158 0.6612184047698975
159 0.4646073281764984
160 0.6987310647964478
161 0.6966015696525574
162 0.8916034698486328
163 0.7344194650650024
164 0.7833719253540039
165 0.8951989412307739
166 0.7838279604911804
167 0.8813426494598389
168 0.8226892352104187
169 0.6206511855125427
170 0.7360531091690063
171 0.8538869023323059
172 1.0855598449707031
173 1.0593048334121704
174 0.6801193356513977
175 1.1376153230667114
176 0.9123857021331787
177 1.0575523376464844
178 0.7658630609512329
179 0.8148581981658936
180 0.7668074369430542
181 0.7494627833366394
182 0.7852531671524048
183 0.6341557502746582
184 0.9241617321968079
185 1.3242205381393433
186 0.9158488512039185
187 0.7995730638504028
188 1.157659888267517
189 0.7496814131736755
190 1.37935209274292
191 1.1737608909606934
192 1.316130518913269
193 0.9034472107887268
194 0.5578920245170593
195 0.917269229888916
196 1.1224560737609863
197 0.9263417720794678
198 0.8475956916809082
199 0.7745703458786011
200 0.9708670377731323
201 0.6658440828323364
202 0.7057129740715027
203 1.6566298007965088
204 1.0963877439498901
205 1.0144013166427612
206 1.1122331619262695
207 0.8809900879859924
208 1.2834972143173218
209 0.8637498021125793
210 1.0351239442825317
211 0.8658775687217712
212 1.1834709644317627
213 1.5549299716949463
214 1.3341017961502075
215 0.9867914319038391
216 0.8989629745483398
217 1.4214822053909302
218 0.7986889481544495
219 0.5390468239784241
220 0.8154256939888
221 1.134964942932129
222 0.9383371472358704
223 1.1845453977584839
224 1.4451606273651123
225 0.8963745832443237
226 1.0140597820281982
227 0.6699479818344116
228 0.5967212915420532
229 1.3361085653305054
230 0.8974282145500183
231 0.4955732822418213
232 0.6772937774658203
233 0.7352085113525391
234 1.1182515621185303
235 0.8907758593559265
236 0.6491546630859375
237 0.8904197812080383
238 0.8565367460250854
239 0.9834287762641907
240 0.6684539914131165
241 0.7849388718605042
242 0.8104364275932312
243 0.8846874833106995
244 1.0939595699310303
245 0.7780394554138184
246 0.9275826811790466
247 0.6351749897003174
248 1.1124911308288574
249 0.7685462236404419
250 0.7933000326156616
251 1.0714844465255737
252 1.2034215927124023
253 1.2342556715011597
254 0.9217391610145569
255 0.728233814239502
256 0.8172461986541748
257 0.8506801128387451
258 1.0993765592575073
259 1.10634183883667
260 1.0281331539154053
261 0.47723907232284546
262 0.9085664749145508
263 1.0340430736541748
264 0.7421339750289917
265 0.6117579340934753
266 0.9399476051330566
267 0.7348780632019043
268 1.1292756795883179
269 0.9452769160270691
270 0.8921452164649963
271 0.8071902394294739
272 0.7420748472213745
273 0.7837719321250916
274 0.8857868313789368
275 0.9742500185966492
276 1.3521870374679565
277 0.9796295166015625
278 0.7249165177345276
279 0.8235729336738586
280 1.0533367395401
281 0.8379396796226501
282 1.0486533641815186
283 0.9480267763137817
284 0.6155483722686768
285 0.6301318407058716
286 1.1164361238479614
287 1.0640186071395874
288 1.047020673751831
289 0.9791100025177002
290 1.2193772792816162
291 1.0067965984344482
292 1.0901391506195068
293 0.9947981238365173
294 1.0196404457092285
295 1.0519880056381226
296 0.9147781729698181
297 1.2852015495300293
298 1.0039706230163574
299 1.2494770288467407
300 1.1902129650115967
301 1.2612049579620361
302 0.8045197129249573
303 0.8723779916763306
304 0.9196851253509521
305 0.9964103102684021
306 1.2471706867218018
307 1.0215258598327637
308 1.1618112325668335
309 1.0217716693878174
310 0.943849503993988
311 0.9936597943305969
312 1.4323937892913818
313 1.544424295425415
314 1.5168434381484985
315 1.5451622009277344
316 1.414441704750061
317 1.1690003871917725
318 0.9461846947669983
319 1.0689045190811157
320 1.2174662351608276
321 1.4077428579330444
322 1.212247371673584
323 1.3629802465438843
324 1.5077205896377563
325 0.934843897819519
326 0.842583179473877
327 1.0006600618362427
328 0.8751550316810608
329 0.8923226594924927
330 1.0939710140228271
331 1.2633086442947388
332 0.3866410553455353
333 0.9487977027893066
334 1.3246649503707886
335 0.830001950263977
336 1.1928735971450806
337 0.38134559988975525
338 0.9341303110122681
339 0.9277282953262329
340 0.82303386926651
341 0.8313777446746826
342 0.9654433131217957
343 1.0034966468811035
344 0.7186241745948792
345 0.5393663048744202
346 0.631790280342102
347 0.22709548473358154
348 0.4668155312538147
349 0.43189117312431335
350 0.6713208556175232
351 0.7373999357223511
352 1.0518547296524048
353 1.0802537202835083
354 1.0158295631408691
355 1.022698998451233
356 0.7152472138404846
357 1.0332387685775757
358 0.8542172908782959
359 1.276946783065796
360 0.9617501497268677
361 0.8183561563491821
362 0.838646650314331
363 0.9760113954544067
364 0.9016041159629822
365 1.0005429983139038
366 0.6727377772331238
367 0.6634928584098816
368 0.9344390630722046
369 1.0663788318634033
370 1.1916834115982056
371 0.6664122939109802
372 1.2223896980285645
373 0.8093912601470947
374 0.6866354942321777
375 0.7711877226829529
376 1.3403111696243286
377 1.210710883140564
378 0.9013023972511292
379 0.8425511121749878
380 1.1829029321670532
381 0.7512853741645813
382 1.0105546712875366
383 0.9131489396095276
384 1.0766187906265259
385 1.001763105392456
386 1.0288883447647095
387 0.6956393718719482
388 1.1546334028244019
389 0.5546367764472961
390 0.526496171951294
391 0.9018381237983704
392 0.9482486844062805
393 1.198898196220398
394 1.499126672744751
395 0.9362944960594177
396 0.8535651564598083
397 0.8030911087989807
398 1.1411021947860718
399 1.2146872282028198
400 1.3477898836135864
401 0.6652679443359375
402 1.2920688390731812
403 1.6061077117919922
404 1.1428041458129883
405 1.2451729774475098
406 1.2725882530212402
407 1.3160611391067505
408 0.6880618929862976
409 1.1230491399765015
410 1.0294115543365479
411 0.995903491973877
412 0.9298357367515564
413 0.7426744103431702
414 1.2206292152404785
415 1.2514573335647583
416 1.4989653825759888
417 0.8075686097145081
418 1.1222195625305176
419 1.0352399349212646
420 0.8703954815864563
421 0.7748761773109436
422 0.9887927174568176
423 1.004886269569397
424 1.2825337648391724
425 0.9019390940666199
426 0.8715129494667053
427 0.9053342342376709
428 1.2829521894454956
429 0.9893083572387695
430 1.0963340997695923
431 1.1884909868240356
432 0.9978335499763489
433 1.3500704765319824
434 1.4382002353668213
435 0.9718877077102661
436 0.9488979578018188
437 1.200513482093811
438 1.3383212089538574
439 1.2278814315795898
440 1.011688470840454
441 1.3018300533294678
442 0.817797064781189
443 1.1577458381652832
444 0.7636653780937195
445 0.9145044684410095
446 0.8560916185379028
447 1.3019003868103027
448 0.9989939332008362
449 0.821530282497406
450 0.6028607487678528
451 0.9389357566833496
452 0.9752886295318604
453 0.8125824928283691
454 1.0661534070968628
455 1.379929780960083
456 1.1557666063308716
457 1.298852801322937
458 1.4132856130599976
459 1.0708820819854736
460 0.9155076742172241
461 1.3725258111953735
462 1.2367196083068848
463 0.960568368434906
464 1.0191235542297363
465 1.1811797618865967
466 0.9274712204933167
467 0.9160882234573364
468 1.126229166984558
469 1.1312766075134277
470 0.7813857197761536
471 0.8442859649658203
472 0.9995681047439575
473 1.191730260848999
474 1.025326132774353
475 0.8641160726547241
476 0.5980147123336792
477 0.8328942060470581
478 0.6197558045387268
479 1.188172698020935
480 1.1949824094772339
481 0.9969161152839661
482 0.959006667137146
483 1.4617351293563843
484 1.373090147972107
485 0.7753297090530396
486 1.2765426635742188
487 0.9630498886108398
488 0.4014069736003876
489 0.41473448276519775
490 0.5410083532333374
491 0.5438612699508667
492 0.44258782267570496
493 0.4726421535015106
494 0.9347274899482727
495 0.7180167436599731
496 0.7379415035247803
497 0.8996357321739197
498 0.9476618766784668
499 1.0184499025344849
500 0.6908606886863708
501 0.5865688920021057
502 0.8433921933174133
503 0.7558717131614685
504 0.628458559513092
505 0.8642759919166565
506 0.6617582440376282
507 0.8872341513633728
508 0.5732330083847046
509 0.9286714196205139
510 0.34355634450912476
511 0.616056501865387
512 0.6515492796897888
513 0.6068078279495239
514 0.7086237668991089
515 0.7174698710441589
516 0.6598315834999084
517 0.8756229877471924
518 1.0426076650619507
519 0.8432619571685791
520 0.9844391942024231
521 0.7696815133094788
522 1.0983772277832031
523 0.740325927734375
524 0.35932406783103943
525 0.5120440125465393
526 0.8111042976379395
527 0.3971879184246063
528 0.644978940486908
529 0.5644031167030334
530 0.8544338345527649
531 0.624761164188385
532 1.0250179767608643
533 1.0342724323272705
534 0.8783349990844727
535 1.019946813583374
536 1.008913278579712
537 0.9552993774414063
538 0.5733835697174072
539 0.7832156419754028
540 0.5775356292724609
541 1.0064630508422852
542 1.0410429239273071
543 0.8935330510139465
544 0.9850299954414368
545 0.7449619174003601
546 0.9162562489509583
547 0.8454645872116089
548 0.78740394115448
549 0.8233413100242615
550 0.853954017162323
551 0.8146480917930603
552 0.9623404145240784
553 0.9565446376800537
554 0.6339821815490723
555 0.953025221824646
556 0.8979233503341675
557 1.1325466632843018
558 1.157502293586731
559 1.099102258682251
560 0.9839204549789429
561 0.9605376720428467
562 0.9423407912254333
563 0.6362506747245789
564 0.8043125867843628
565 0.6384246349334717
566 0.7020286917686462
567 1.225796103477478
568 0.6812571287155151
569 0.592970609664917
570 0.4507720470428467
571 0.9937649369239807
572 0.7479790449142456
573 1.0682148933410645
574 0.7183361649513245
575 0.6360426545143127
576 0.9265849590301514
577 1.0342321395874023
578 1.3000928163528442
579 1.2016321420669556
580 1.1624929904937744
581 1.1992779970169067
582 0.9944964051246643
583 1.1929709911346436
584 1.1275947093963623
585 0.9993150234222412
586 1.1954046487808228
587 0.8669831156730652
588 1.256259560585022
589 1.1265287399291992
590 1.291496753692627
591 1.4691393375396729
592 0.9600226879119873
593 1.3646763563156128
594 0.7309361100196838
595 1.126451015472412
596 0.6977075934410095
597 0.836478590965271
598 1.011152982711792
599 0.4826543629169464
600 1.1832023859024048
601 1.1362789869308472
602 0.8818928003311157
603 0.6036205291748047
604 0.9158853888511658
605 1.050050973892212
606 0.5241590142250061
607 0.9836477041244507
608 0.6097381711006165
609 1.001596212387085
610 0.9127176403999329
611 1.1740427017211914
612 1.190384030342102
613 1.1857789754867554
614 1.130962610244751
615 1.4002878665924072
616 1.1849603652954102
617 0.44118431210517883
618 0.6139240264892578
619 0.814533531665802
620 0.9740211963653564
621 1.1449147462844849
622 0.8903680443763733
623 0.9572532176971436
624 0.5813448429107666
625 0.6013713479042053
626 0.5523779988288879
627 1.3147878646850586
628 1.197784662246704
629 0.993198812007904
630 1.2644191980361938
631 0.9153994917869568
632 1.094520926475525
633 0.8871376514434814
634 1.2633283138275146
635 1.2063441276550293
636 1.264049768447876
637 1.2911227941513062
638 1.2624282836914063
639 1.305868148803711
640 1.0779955387115479
641 0.7244123816490173
642 0.7513317465782166
643 0.8436591625213623
644 1.0525474548339844
645 0.6162715554237366
646 0.7426397204399109
647 0.6001592874526978
648 0.8296345472335815
649 0.9160195589065552
650 0.9610493779182434
651 0.6622154712677002
652 0.5685932636260986
653 0.7924743294715881
654 1.0916916131973267
655 0.7754566669464111
656 0.7092617750167847
657 0.6421895623207092
658 0.5690217018127441
659 0.9377376437187195
660 0.7657630443572998
661 1.1253000497817993
662 0.9546594619750977
663 0.6237063407897949
664 0.2721795439720154
665 0.8653884530067444
666 0.5710742473602295
667 0.5019070506095886
668 0.9943332076072693
669 0.879721462726593
670 0.7842186689376831
671 0.858044445514679
672 0.29751327633857727
673 0.7539125084877014
674 1.09046471118927
675 1.2293434143066406
676 1.1142796277999878
677 0.8540262579917908
678 0.932479977607727
679 1.141298770904541
680 1.0237796306610107
681 0.885521411895752
682 1.2847691774368286
683 1.5201921463012695
684 1.1893115043640137
685 0.9794865846633911
686 1.32925546169281
687 1.0345277786254883
688 1.2456094026565552
689 1.5404284000396729
690 1.2657520771026611
691 1.2634963989257813
692 1.3598824739456177
693 1.2324904203414917
694 1.443516492843628
695 1.0834386348724365
696 1.6874772310256958
697 1.3640289306640625
698 1.4688591957092285
699 1.3627064228057861
700 1.6155343055725098
701 1.4144412279129028
702 1.694403886795044
703 1.694663643836975
704 1.3339688777923584
705 1.7076680660247803
706 1.6987274885177612
707 1.4384081363677979
708 1.1055244207382202
709 1.4467573165893555
710 1.3214619159698486
711 1.8195521831512451
712 1.501526951789856
713 1.286752700805664
714 1.877937912940979
715 1.56834077835083
716 1.563467025756836
717 1.259595513343811
718 1.039827585220337
719 1.3063713312149048
720 1.2098174095153809
721 1.269789695739746
722 1.6378382444381714
723 1.788760781288147
724 2.1453404426574707
725 1.7103686332702637
726 1.8476285934448242
727 1.738639235496521
728 1.7739192247390747
729 1.7720478773117065
730 1.6955089569091797
731 1.406263828277588
732 1.5942823886871338
733 1.3733694553375244
734 1.5112757682800293
735 1.6631931066513062
736 1.3709465265274048
737 1.3344546556472778
738 1.2791945934295654
739 1.6752418279647827
740 1.5809617042541504
741 1.5620813369750977
742 1.7048150300979614
743 1.644267201423645
744 1.5844244956970215
745 1.6699669361114502
746 1.354000210762024
747 1.7717875242233276
748 1.6886996030807495
749 1.6087905168533325
750 1.5551581382751465
751 1.657302975654602
752 1.2949697971343994
753 1.6043429374694824
754 1.7013713121414185
755 1.5857713222503662
756 1.8541182279586792
757 1.8747130632400513
758 1.6279969215393066
759 1.825362205505371
760 1.7161591053009033
761 1.7550058364868164
762 2.1389455795288086
763 1.734540581703186
764 1.8612511157989502
765 2.2226369380950928
766 1.6970609426498413
767 1.3776233196258545
768 1.250187873840332
769 1.9056360721588135
770 2.104832649230957
771 2.4769785404205322
772 1.9119501113891602
773 1.519256830215454
774 1.777403473854065
775 1.7889503240585327
776 1.9805512428283691
777 1.8680161237716675
778 1.854148030281067
779 2.2182939052581787
780 2.044858694076538
781 2.249657392501831
782 2.58188796043396
783 2.4638283252716064
784 2.120612859725952
785 2.1189634799957275
786 2.2428102493286133
787 2.0517678260803223
788 1.9546433687210083
789 2.417466163635254
790 2.4864413738250732
791 2.4169650077819824
792 2.0444226264953613
793 1.9947421550750732
794 2.3091354370117188
795 1.877212405204773
796 2.4889700412750244
797 2.418921709060669
798 2.1066131591796875
799 2.0759284496307373
800 2.2825422286987305
801 2.233422040939331
802 2.22568678855896
803 2.4663164615631104
804 2.068599224090576
805 2.3026599884033203
806 2.0830295085906982
807 1.34256911277771
808 1.4523189067840576
809 1.203620195388794
810 1.3481634855270386
811 1.5957770347595215
812 1.399174690246582
813 1.3060277700424194
814 1.4283268451690674
815 1.7051926851272583
816 1.6389354467391968
817 1.3067972660064697
818 1.3810006380081177
819 1.5493988990783691
820 1.1930185556411743
821 1.117068886756897
822 1.5773608684539795
823 1.7292834520339966
824 1.0874533653259277
825 1.1605862379074097
826 1.4063804149627686
827 1.3908237218856812
828 1.2750141620635986
829 1.2387069463729858
830 1.4701505899429321
831 1.5550202131271362
832 1.4146171808242798
833 1.2142000198364258
834 1.705100417137146
835 1.4583820104599
836 1.2102454900741577
837 1.0186803340911865
838 1.588338017463684
839 1.4310508966445923
840 1.317957878112793
841 0.8454926609992981
842 1.4443415403366089
843 1.5943286418914795
844 1.4190547466278076
845 1.212180733680725
846 1.3652653694152832
847 1.0011910200119019
848 1.112398624420166
849 1.1730693578720093
850 1.2416574954986572
851 1.0407395362854004
852 1.4068807363510132
853 1.1622540950775146
854 1.136156439781189
855 1.2001923322677612
856 1.19188392162323
857 1.554415225982666
858 1.3491747379302979
859 1.3890904188156128
860 1.0543302297592163
861 1.1075429916381836
862 1.2530195713043213
863 0.9495078325271606
864 1.195088505744934
865 1.4111794233322144
866 1.521913766860962
867 1.2182756662368774
868 1.3217267990112305
869 1.4859044551849365
870 1.4412792921066284
871 1.3894652128219604
872 1.3574713468551636
873 1.6867765188217163
874 1.4337817430496216
875 1.6477829217910767
876 1.2218700647354126
877 1.4976502656936646
878 1.4265698194503784
879 1.5351734161376953
880 1.8212065696716309
881 1.3593695163726807
882 1.2407358884811401
883 1.1895215511322021
884 1.173952579498291
885 1.461751103401184
886 1.7915157079696655
887 1.692859172821045
888 1.3873578310012817
889 1.5363690853118896
890 1.6558237075805664
891 1.383142352104187
892 1.270361304283142
893 1.0818003416061401
894 1.538643717765808
895 1.766253113746643
896 1.499403715133667
897 1.8642451763153076
898 1.4970316886901855
899 1.741562843322754
900 1.4724225997924805
901 1.7029945850372314
902 1.4298346042633057
903 1.5311411619186401
904 1.4464584589004517
905 1.5877909660339355
906 1.679392695426941
907 1.3731151819229126
908 1.8772954940795898
909 1.8521614074707031
910 1.3913257122039795
911 1.1614729166030884
912 1.0101956129074097
913 0.8229496479034424
914 1.187434434890747
915 1.2235380411148071
916 1.2136876583099365
917 1.3916312456130981
918 1.2894752025604248
919 1.2429801225662231
920 1.2414648532867432
921 1.6215555667877197
922 1.3201968669891357
923 1.3545558452606201
924 0.9863407015800476
925 1.3232382535934448
926 1.300991177558899
927 1.1588093042373657
928 1.14780855178833
929 1.0670500993728638
930 1.184714436531067
931 1.173366665840149
932 1.0272941589355469
933 1.5639299154281616
934 1.3313266038894653
935 1.5034593343734741
936 1.3683210611343384
937 1.5635883808135986
938 1.6470072269439697
939 1.5484389066696167
940 1.3988831043243408
941 1.4510620832443237
942 1.3118760585784912
943 1.1059895753860474
944 1.4559299945831299
945 1.6033060550689697
946 1.3816472291946411
947 1.9385905265808105
948 1.7025483846664429
949 1.3211697340011597
950 1.537729024887085
951 1.3184908628463745
952 1.767372727394104
953 1.3286601305007935
954 1.2494893074035645
955 1.1282596588134766
956 1.3998669385910034
957 1.5954960584640503
958 1.53800368309021
959 1.5311789512634277
960 1.50566828250885
961 1.512735366821289
962 1.5621352195739746
963 1.623937726020813
964 1.6901923418045044
965 1.3577934503555298
966 1.4595383405685425
967 1.539170503616333
968 1.241601586341858
969 1.2660198211669922
970 1.3292373418807983
971 1.323672890663147
972 1.1821502447128296
973 1.1164796352386475
974 0.7876615524291992
975 0.9167631268501282
976 1.449941873550415
977 1.029449224472046
978 1.4123730659484863
979 1.2984719276428223
980 1.759158730506897
981 1.4398081302642822
982 1.2812045812606812
983 1.3651610612869263
984 1.1977647542953491
985 1.4447256326675415
986 1.4858206510543823
987 1.935266375541687
988 1.7038674354553223
989 1.4077167510986328
990 1.3001362085342407
991 1.803080677986145
992 1.9968676567077637
993 2.114314317703247
994 1.696402668952942
995 1.849494457244873
996 1.8829189538955688
997 1.8887234926223755
998 2.3908276557922363
999 1.5566474199295044
1000 2.0427238941192627
1001 1.6742690801620483
1002 1.9624751806259155
1003 1.9310168027877808
1004 1.435239553451538
1005 1.7250139713287354
1006 1.3881014585494995
1007 1.9266583919525146
1008 1.8777633905410767
1009 1.9800724983215332
1010 1.7910857200622559
1011 2.1035280227661133
1012 1.6002752780914307
1013 1.5431264638900757
1014 1.8577213287353516
1015 1.477129578590393
1016 1.419919729232788
1017 1.6958131790161133
1018 1.3809415102005005
1019 1.9302527904510498
1020 1.3765226602554321
1021 1.3248049020767212
1022 1.6395761966705322
1023 1.5571508407592773
1024 1.474929690361023
1025 1.4690742492675781
1026 1.493187427520752
1027 1.5379323959350586
1028 1.6648448705673218
1029 1.6213715076446533
1030 1.4033066034317017
1031 1.387405514717102
1032 1.6387760639190674
1033 1.4042210578918457
1034 1.3257582187652588
1035 1.1956253051757813
1036 1.2717852592468262
1037 1.8394052982330322
1038 1.8388935327529907
1039 1.6044989824295044
1040 1.7393523454666138
1041 2.1517934799194336
1042 1.9073160886764526
1043 1.963258147239685
1044 1.9497785568237305
1045 1.9900132417678833
1046 1.5079150199890137
1047 1.533368706703186
1048 1.754906415939331
1049 1.6011186838150024
1050 1.814803123474121
1051 1.623115062713623
1052 1.912553071975708
1053 1.9217625856399536
1054 1.6625028848648071
1055 1.4421082735061646
1056 1.6233998537063599
1057 1.7637133598327637
1058 1.875164270401001
1059 1.9282314777374268
1060 1.8709702491760254
1061 1.9052366018295288
1062 2.1982581615448
1063 1.6427277326583862
1064 1.6851438283920288
1065 1.3571534156799316
1066 1.2297543287277222
1067 1.4040833711624146
1068 0.9765474200248718
1069 0.9563162326812744
1070 0.9594041705131531
1071 0.9873524308204651
1072 1.1451685428619385
1073 1.6373963356018066
1074 1.1793473958969116
1075 1.3406901359558105
1076 0.9523776769638062
1077 1.2953908443450928
1078 1.356157660484314
1079 1.1061159372329712
1080 1.24112868309021
1081 1.2318447828292847
1082 1.1660600900650024
1083 0.8675634860992432
1084 0.9719420075416565
1085 1.553440809249878
1086 1.2615113258361816
1087 1.3146984577178955
1088 1.0803840160369873
1089 1.4303598403930664
1090 1.184741735458374
1091 0.9845922589302063
1092 0.9141400456428528
1093 1.2185959815979004
1094 1.0191766023635864
1095 0.7530993819236755
1096 1.2359081506729126
1097 0.9478350281715393
1098 1.0522583723068237
1099 1.1676671504974365
1100 1.0529437065124512
1101 1.2480863332748413
1102 0.9196796417236328
1103 1.0775582790374756
1104 1.0363904237747192
1105 1.3955295085906982
1106 1.079598069190979
1107 0.999199628829956
1108 0.9294120669364929
1109 1.123084306716919
1110 1.09907865524292
1111 1.1171387434005737
1112 1.3300950527191162
1113 1.1644806861877441
1114 1.0002200603485107
1115 0.6253243088722229
1116 1.092263102531433
1117 1.384225606918335
1118 1.3041837215423584
1119 1.5217556953430176
1120 1.4377983808517456
1121 1.5346217155456543
1122 1.5440634489059448
1123 1.532339334487915
1124 1.3234279155731201
1125 1.3836137056350708
1126 1.334652066230774
1127 1.5000513792037964
1128 1.1627177000045776
1129 1.1724082231521606
1130 1.1924877166748047
1131 1.3012936115264893
1132 1.4635255336761475
1133 1.3715124130249023
1134 1.3000428676605225
1135 1.4605211019515991
1136 1.5832902193069458
1137 1.882758617401123
1138 1.8202060461044312
1139 1.0810060501098633
1140 1.2730499505996704
1141 0.9409196972846985
1142 1.199574589729309
1143 0.7628066539764404
1144 0.6877021193504333
1145 1.142820119857788
1146 0.6877899765968323
1147 0.6739137768745422
1148 0.8462687134742737
1149 0.7190853357315063
1150 0.7419387698173523
1151 1.1946760416030884
1152 1.3160181045532227
1153 1.2576937675476074
1154 1.3179079294204712
1155 0.984651505947113
1156 1.2472593784332275
1157 1.220557451248169
1158 1.613039255142212
1159 1.360500693321228
1160 1.248504400253296
1161 1.4316704273223877
1162 1.5032596588134766
1163 1.392899990081787
1164 1.339300274848938
1165 1.624999761581421
1166 0.9244375228881836
1167 0.8275978565216064
1168 1.0712445974349976
1169 0.9816622138023376
1170 0.8584173917770386
1171 0.9660326242446899
1172 1.403528094291687
1173 1.1078871488571167
1174 1.1630269289016724
1175 1.359678030014038
1176 1.0581371784210205
1177 1.0372987985610962
1178 1.0813488960266113
1179 0.9392910003662109
1180 1.1521210670471191
1181 0.7831302285194397
1182 1.188427209854126
1183 1.3750139474868774
1184 1.413273572921753
1185 1.140744686126709
1186 1.2105220556259155
1187 1.2137818336486816
1188 1.3649094104766846
1189 1.1288539171218872
1190 1.1357699632644653
1191 0.933671236038208
1192 1.0031589269638062
1193 1.1057837009429932
1194 1.1637922525405884
1195 1.0401898622512817
1196 0.5976914167404175
1197 1.274867057800293
1198 0.8689440488815308
1199 0.9002863168716431
1200 0.8609945178031921
1201 1.0463109016418457
1202 0.5556697249412537
1203 0.7948480248451233
1204 1.0896493196487427
1205 0.7033470273017883
1206 1.0254582166671753
1207 0.8658979535102844
1208 0.7950261831283569
1209 0.9451209306716919
1210 0.8812485337257385
1211 1.0457371473312378
1212 1.0319894552230835
1213 1.0128904581069946
1214 0.9604328870773315
1215 1.0056694746017456
1216 1.0934807062149048
1217 1.803748369216919
1218 1.572603464126587
1219 0.9474458694458008
1220 1.6551284790039063
1221 1.2364304065704346
1222 1.661698341369629
1223 1.7005378007888794
1224 1.2729250192642212
1225 1.6485987901687622
1226 1.5054644346237183
1227 1.4493635892868042
1228 1.4567643404006958
1229 1.401143193244934
1230 1.7496440410614014
1231 1.654505968093872
1232 1.8506011962890625
1233 1.317656397819519
1234 1.3984228372573853
1235 1.4755088090896606
1236 1.3986505270004272
1237 1.539757490158081
1238 1.7994009256362915
1239 1.2688723802566528
1240 1.6987991333007813
1241 1.5128967761993408
1242 1.541309118270874
1243 1.659704327583313
1244 1.0621049404144287
1245 1.4855023622512817
1246 1.6252667903900146
1247 1.3922241926193237
1248 1.8200117349624634
1249 1.4189403057098389
1250 1.5638755559921265
1251 1.5954028367996216
1252 1.7546356916427612
1253 1.6914852857589722
1254 1.7359598875045776
1255 1.8178156614303589
1256 1.5047043561935425
1257 1.2302204370498657
1258 1.0226513147354126
1259 1.280457615852356
1260 1.2722290754318237
1261 1.211376667022705
1262 1.386380672454834
1263 1.6471896171569824
1264 1.5557454824447632
1265 1.277970314025879
1266 1.427451729774475
1267 1.123442530632019
1268 1.265978217124939
1269 1.2323881387710571
1270 1.2016162872314453
1271 1.4189090728759766
1272 1.3609843254089355
1273 0.977625846862793
1274 1.1277729272842407
1275 1.7054716348648071
1276 1.3341227769851685
1277 1.0332918167114258
1278 0.6976085901260376
1279 1.3965909481048584
1280 1.3192706108093262
1281 1.6327413320541382
1282 1.378188133239746
1283 1.4311391115188599
1284 0.9461286067962646
1285 1.234462022781372
1286 0.9383090734481812
1287 1.3018900156021118
1288 0.831954836845398
1289 1.1552613973617554
1290 1.4311901330947876
1291 0.7895063757896423
1292 0.7690444588661194
1293 1.2981629371643066
1294 0.8694260120391846
1295 0.8829718232154846
1296 1.6327348947525024
1297 1.5203839540481567
1298 0.9763246178627014
1299 1.0203943252563477
1300 0.8819301724433899
1301 0.7576923966407776
1302 1.3561019897460938
1303 1.2398724555969238
1304 1.0640736818313599
1305 1.0242775678634644
1306 1.9281286001205444
1307 1.1598412990570068
1308 1.286803960800171
1309 0.9759179949760437
1310 1.3180946111679077
1311 1.080073595046997
1312 1.3748716115951538
1313 1.5015456676483154
1314 1.3342175483703613
1315 1.5106446743011475
1316 1.3863276243209839
1317 1.2978187799453735
1318 1.6050301790237427
1319 1.3519401550292969
1320 1.5383169651031494
1321 1.2324907779693604
1322 1.5534034967422485
1323 1.5618966817855835
1324 1.4080430269241333
1325 1.4196887016296387
1326 1.5857621431350708
1327 0.935499906539917
1328 1.1283366680145264
1329 1.1204793453216553
1330 1.2226067781448364
1331 1.0465527772903442
1332 1.247782588005066
1333 0.9789777994155884
1334 0.6958550810813904
1335 1.192635178565979
1336 0.9231258034706116
1337 0.5522068738937378
1338 0.7984415888786316
1339 1.2704994678497314
1340 1.156894326210022
1341 0.9104694128036499
1342 0.9792921543121338
1343 1.1066079139709473
1344 1.0603641271591187
1345 1.1193411350250244
1346 0.9650987386703491
1347 0.9339838027954102
1348 1.0585906505584717
1349 1.4427640438079834
1350 0.9964119791984558
1351 1.1348878145217896
1352 1.3713326454162598
1353 1.5095622539520264
1354 0.983310878276825
1355 0.8454163074493408
1356 1.0898401737213135
1357 1.1864997148513794
1358 1.156394362449646
1359 1.0928887128829956
1360 1.1753772497177124
1361 1.0445183515548706
1362 1.169284701347351
1363 1.4757779836654663
1364 0.9254512786865234
1365 0.8098359107971191
1366 1.062383770942688
1367 1.1470363140106201
1368 0.7968888282775879
1369 0.9360860586166382
1370 0.6632084846496582
1371 0.9179438948631287
1372 0.7366698384284973
1373 1.0857130289077759
1374 0.7083685994148254
1375 1.000957727432251
1376 1.0301518440246582
1377 1.1152124404907227
1378 0.6784876585006714
1379 0.5298431515693665
1380 0.8850626945495605
1381 0.7977035641670227
1382 0.7462929487228394
1383 0.6680929064750671
1384 1.0832394361495972
1385 1.1986035108566284
1386 1.0001451969146729
1387 1.1733731031417847
1388 0.7331534028053284
1389 0.7915599942207336
1390 1.2576112747192383
1391 1.4965540170669556
1392 1.3053135871887207
1393 1.0967732667922974
1394 1.1490873098373413
1395 1.3526498079299927
1396 1.0522470474243164
1397 1.0824543237686157
1398 1.0037213563919067
1399 1.058670997619629
1400 0.8548353314399719
1401 0.7995325922966003
1402 0.8287613987922668
1403 0.858017086982727
1404 0.8057934641838074
1405 1.2041221857070923
1406 0.936830461025238
1407 1.3133939504623413
1408 0.8738014101982117
1409 1.0229270458221436
1410 1.2004761695861816
1411 1.0138577222824097
1412 1.0760283470153809
1413 0.796316385269165
1414 0.8125775456428528
1415 0.7099683880805969
1416 0.5430502891540527
1417 1.2362736463546753
1418 1.0841914415359497
1419 1.1917030811309814
1420 1.225894808769226
1421 0.9492594599723816
1422 1.3158926963806152
1423 1.2859617471694946
1424 0.9648401141166687
1425 1.123526930809021
1426 0.8288608193397522
1427 1.4156635999679565
1428 1.1950335502624512
1429 0.9448506832122803
1430 1.2568449974060059
1431 1.2579015493392944
1432 1.0045244693756104
1433 1.1754623651504517
1434 1.150752067565918
1435 1.33048677444458
1436 1.2981783151626587
1437 1.535752296447754
1438 1.1436809301376343
1439 1.4786614179611206
1440 1.401656985282898
1441 1.3291378021240234
1442 0.9980295896530151
1443 1.129057765007019
1444 1.4596097469329834
1445 1.1810638904571533
1446 1.3301316499710083
1447 1.0877710580825806
1448 0.7748375535011292
1449 1.5016118288040161
1450 1.0570369958877563
1451 1.2299127578735352
1452 1.203940749168396
1453 1.114338994026184
1454 0.49044713377952576
1455 0.7199748158454895
1456 1.0019404888153076
1457 0.9662958979606628
1458 0.648583173751831
1459 0.7137953639030457
1460 0.9512558579444885
1461 0.5507304668426514
1462 0.6649920344352722
1463 1.1382691860198975
1464 0.7762866616249084
1465 0.7208415865898132
1466 0.7325400710105896
1467 0.5903921723365784
1468 1.0910779237747192
1469 1.1096688508987427
1470 1.2354049682617188
1471 0.7391606569290161
1472 1.1321241855621338
1473 1.1445857286453247
1474 1.3100413084030151
1475 1.0314544439315796
1476 1.3520029783248901
1477 1.3004885911941528
1478 1.516489863395691
1479 0.9650915861129761
1480 0.5140633583068848
1481 1.2348350286483765
1482 1.1309757232666016
1483 1.611200213432312
1484 1.5754001140594482
1485 1.0512360334396362
1486 0.8987320065498352
1487 1.2130968570709229
1488 0.9880985617637634
1489 0.8360329866409302
1490 0.47226598858833313
1491 1.0908894538879395
1492 1.3301609754562378
1493 0.7109380960464478
1494 0.6092705726623535
1495 0.8927685022354126
1496 0.8127440810203552
1497 0.9604743123054504
1498 0.5123217701911926
1499 0.6600180864334106
1500 1.0343750715255737
1501 0.8482860326766968
1502 0.8239697217941284
1503 0.8466870188713074
1504 0.715134859085083
1505 0.7144439816474915
1506 1.0651028156280518
1507 1.2012934684753418
1508 0.9320886731147766
1509 0.43716463446617126
1510 0.8565825819969177
1511 1.2611263990402222
1512 0.7407490611076355
1513 1.1811141967773438
1514 0.9116347432136536
1515 0.5538706183433533
1516 0.8289253115653992
1517 0.740921139717102
1518 0.8857536911964417
1519 1.0797505378723145
1520 0.8335620164871216
1521 1.1113495826721191
1522 1.0199240446090698
1523 0.6693241596221924
1524 0.9848202466964722
1525 1.3452858924865723
1526 0.9950558543205261
1527 1.4865920543670654
1528 0.503365695476532
1529 0.7976177930831909
1530 1.5155037641525269
1531 1.3874832391738892
1532 1.1703397035598755
1533 1.041603684425354
1534 1.2417268753051758
1535 2.0446219444274902
1536 1.3116424083709717
1537 1.0397597551345825
1538 0.998799741268158
1539 1.0093047618865967
1540 1.118790864944458
1541 0.8459709882736206
1542 0.9850073456764221
1543 1.0695173740386963
1544 1.1162822246551514
1545 0.8979045152664185
1546 0.7851024866104126
1547 1.1128329038619995
1548 0.9223907589912415
1549 1.3538621664047241
1550 0.5410544872283936
1551 0.6224764585494995
1552 0.8421319127082825
1553 0.8627761602401733
1554 0.8265478014945984
1555 0.7132109999656677
1556 0.6628143191337585
1557 0.6870385408401489
1558 0.9308775067329407
1559 1.0971661806106567
1560 0.9728543162345886
1561 0.7623423933982849
1562 0.73228919506073
1563 1.084688425064087
1564 0.7812336087226868
1565 0.9248813986778259
1566 0.9428277015686035
1567 1.4400502443313599
1568 1.9766854047775269
1569 1.8430614471435547
1570 1.9832093715667725
1571 1.3935905694961548
1572 1.4923781156539917
1573 1.9988586902618408
1574 2.2528486251831055
1575 1.6172001361846924
1576 2.0405001640319824
1577 2.5501201152801514
1578 2.099881410598755
1579 2.058084726333618
1580 2.4248406887054443
1581 2.174055576324463
1582 1.980226993560791
1583 2.4465084075927734
1584 2.710512161254883
1585 2.7949512004852295
1586 2.3179609775543213
1587 1.9261963367462158
1588 1.367231845855713
1589 1.4799363613128662
1590 1.4333478212356567
1591 1.7711211442947388
1592 2.098970890045166
1593 2.159471035003662
1594 2.4487154483795166
1595 2.0716772079467773
1596 1.6021791696548462
1597 1.6227976083755493
1598 1.4726717472076416
1599 1.3604140281677246
1600 1.463638186454773
1601 1.6775535345077515
1602 1.3937634229660034
1603 2.346047878265381
1604 1.9719642400741577
1605 2.125220537185669
1606 1.9094027280807495
1607 1.368177890777588
1608 1.389735460281372
1609 1.8688405752182007
1610 2.0163791179656982
1611 2.0808145999908447
1612 1.78421151638031
1613 2.349256753921509
1614 2.087692975997925
1615 2.072847604751587
1616 2.1302475929260254
1617 2.373292922973633
1618 2.0144684314727783
1619 2.678175687789917
1620 2.601978063583374
1621 2.659651279449463
1622 2.1840157508850098
1623 1.8514446020126343
1624 2.347083330154419
1625 2.498356342315674
1626 3.0369224548339844
1627 2.4108166694641113
1628 2.180196762084961
1629 2.1623218059539795
1630 2.1851346492767334
1631 1.9870213270187378
1632 2.4579079151153564
1633 2.2067599296569824
1634 2.2743215560913086
1635 2.4673919677734375
1636 2.671809673309326
1637 2.3509109020233154
1638 2.2722325325012207
1639 2.4515938758850098
1640 2.6276721954345703
1641 2.4849181175231934
1642 1.8298735618591309
1643 1.8680661916732788
1644 2.2732529640197754
1645 2.1103222370147705
1646 2.2106053829193115
1647 2.73980975151062
1648 2.5437209606170654
1649 2.558459997177124
1650 1.7600598335266113
1651 2.110562562942505
1652 1.7448747158050537
1653 1.5217022895812988
1654 1.4577059745788574
1655 1.5407475233078003
1656 1.5999573469161987
1657 1.7815392017364502
1658 1.847560167312622
1659 2.4502532482147217
1660 2.465632200241089
1661 2.5186328887939453
1662 2.176645040512085
1663 2.3201823234558105
1664 1.8141003847122192
1665 1.7969343662261963
1666 1.5853111743927002
1667 1.8271150588989258
1668 2.3235349655151367
1669 2.7601499557495117
1670 1.8848146200180054
1671 1.4280868768692017
1672 1.6118242740631104
1673 1.767480492591858
1674 2.148360252380371
1675 1.9564915895462036
1676 1.4961163997650146
1677 1.5778663158416748
1678 1.5946414470672607
1679 2.0789198875427246
1680 1.7015284299850464
1681 2.1995437145233154
1682 1.5896008014678955
1683 1.6223809719085693
1684 1.6803818941116333
1685 1.512547492980957
1686 1.794173240661621
1687 1.647532343864441
1688 1.8509259223937988
1689 1.4067059755325317
1690 1.465458869934082
1691 1.3842549324035645
1692 1.2036278247833252
1693 1.1314810514450073
1694 1.294679880142212
1695 1.6050467491149902
1696 1.361843466758728
1697 1.706633448600769
1698 1.9584546089172363
1699 1.7050637006759644
1700 1.3603432178497314
1701 1.4307140111923218
1702 1.5753462314605713
1703 1.377601981163025
1704 1.411195158958435
1705 1.344305396080017
1706 1.4054303169250488
1707 1.2539587020874023
1708 1.782975435256958
1709 1.7134629487991333
1710 2.266763925552368
1711 1.686904788017273
1712 1.4659802913665771
1713 1.5375913381576538
1714 1.6255309581756592
1715 1.6470167636871338
1716 1.5739812850952148
1717 1.326232671737671
1718 2.036201000213623
1719 1.3304710388183594
1720 1.817686915397644
1721 1.4266051054000854
1722 1.567638874053955
1723 1.0700960159301758
1724 1.3447389602661133
1725 1.5027319192886353
1726 1.311099886894226
1727 1.5091842412948608
1728 1.675850510597229
1729 1.7463411092758179
1730 1.6102291345596313
1731 1.8123687505722046
1732 1.3492594957351685
1733 1.5253616571426392
1734 1.4769772291183472
1735 1.4133903980255127
1736 1.5479522943496704
1737 1.4989689588546753
1738 1.2698032855987549
1739 1.7928833961486816
1740 1.7018110752105713
1741 1.5476645231246948
1742 1.4825702905654907
1743 1.275317907333374
1744 1.3246229887008667
1745 1.281967282295227
1746 1.53312087059021
1747 1.2929795980453491
1748 1.2891082763671875
1749 1.3744518756866455
1750 1.5098662376403809
1751 1.5911496877670288
1752 1.670107364654541
1753 1.7702901363372803
1754 1.6879113912582397
1755 2.0764830112457275
1756 1.4534486532211304
1757 1.7126535177230835
1758 1.9377158880233765
1759 1.7663757801055908
1760 1.9740246534347534
1761 1.8793840408325195
1762 2.3568115234375
1763 2.1823413372039795
1764 1.5246250629425049
1765 1.7106502056121826
1766 1.9009801149368286
1767 1.8075475692749023
1768 2.1822657585144043
1769 1.962762713432312
1770 2.1895952224731445
1771 1.8877376317977905
1772 2.1955039501190186
1773 2.022845983505249
1774 1.9417715072631836
1775 2.297468662261963
1776 2.7451672554016113
1777 2.973606824874878
1778 2.1886978149414063
1779 1.7999523878097534
1780 2.3990261554718018
1781 2.0952494144439697
1782 1.730694055557251
1783 2.189584255218506
1784 2.073239803314209
1785 2.3300845623016357
1786 2.1559836864471436
1787 2.555643081665039
1788 2.69860577583313
1789 1.652026891708374
1790 2.7451229095458984
1791 2.190908908843994
1792 2.04693341255188
1793 2.1167635917663574
1794 1.9828029870986938
1795 2.1043031215667725
1796 2.234234571456909
1797 1.9514851570129395
1798 2.4937500953674316
1799 2.494588613510132
1800 2.3943543434143066
1801 2.593188762664795
1802 2.4271457195281982
1803 2.4418089389801025
1804 2.15407657623291
1805 2.6211159229278564
1806 2.425853967666626
1807 2.55019211769104
1808 2.8236002922058105
1809 2.6121273040771484
1810 3.1262948513031006
1811 2.395282030105591
1812 2.390671491622925
1813 1.798924446105957
1814 2.183025360107422
1815 2.2062089443206787
1816 1.516659140586853
1817 1.4827523231506348
1818 1.7731081247329712
1819 1.8451299667358398
1820 2.049713611602783
1821 1.9823030233383179
1822 2.3979036808013916
1823 2.3098175525665283
1824 2.108302116394043
1825 1.8909608125686646
1826 2.147953510284424
1827 2.0226504802703857
1828 2.383554697036743
1829 2.234955310821533
1830 2.494903564453125
1831 2.160123586654663
1832 2.574640989303589
1833 2.318591833114624
1834 2.3080029487609863
1835 2.270963191986084
1836 2.1275475025177
1837 2.296361207962036
1838 2.1552062034606934
1839 2.419668674468994
1840 2.2937991619110107
1841 2.392052412033081
1842 2.8418049812316895
1843 2.773766279220581
1844 2.574160575866699
1845 2.4438281059265137
1846 2.2279891967773438
1847 1.749072551727295
1848 2.1640005111694336
1849 1.9167896509170532
1850 1.8678404092788696
1851 2.28653621673584
1852 2.219975233078003
1853 2.092092275619507
1854 1.590710997581482
1855 2.295419454574585
1856 2.4713757038116455
1857 2.325350761413574
1858 2.9332926273345947
1859 2.7063686847686768
1860 2.642026424407959
1861 2.517595052719116
1862 2.9273765087127686
1863 2.9679183959960938
1864 2.7440683841705322
1865 2.246825695037842
1866 1.9813956022262573
1867 2.3255221843719482
1868 2.4486517906188965
1869 2.4947853088378906
1870 2.1653504371643066
1871 2.3889713287353516
1872 2.7019805908203125
1873 2.5332987308502197
1874 2.6441071033477783
1875 2.407960891723633
1876 2.4309093952178955
1877 2.264294147491455
1878 2.513254165649414
1879 2.4012601375579834
1880 2.301347255706787
1881 1.846153974533081
1882 2.4197118282318115
1883 2.891089677810669
1884 2.5908327102661133
1885 2.691983699798584
1886 2.2757623195648193
1887 2.3697540760040283
1888 1.7721319198608398
1889 1.609498143196106
1890 1.6399309635162354
1891 1.7135118246078491
1892 1.892295002937317
1893 2.5018484592437744
1894 2.5016613006591797
1895 2.4210946559906006
1896 2.6587812900543213
1897 2.739013910293579
1898 2.4405570030212402
1899 2.2771987915039063
1900 2.221999406814575
1901 2.1847565174102783
1902 2.407862901687622
1903 2.559619426727295
1904 2.182981491088867
1905 1.9301910400390625
1906 2.200206756591797
1907 2.0503485202789307
1908 2.684386730194092
1909 2.2695274353027344
1910 2.3971259593963623
1911 2.107713460922241
1912 2.1086714267730713
1913 2.1966207027435303
1914 2.1380772590637207
1915 2.659543037414551
1916 2.36641263961792
1917 2.7604081630706787
1918 2.590346336364746
1919 2.598720073699951
1920 2.082824468612671
1921 2.113738536834717
1922 2.741266965866089
1923 2.600309133529663
1924 1.7106592655181885
1925 1.9151201248168945
1926 2.576385736465454
1927 2.337832450866699
1928 2.339601755142212
1929 2.385197401046753
1930 1.865681529045105
1931 2.36238956451416
1932 2.326117753982544
1933 2.3135743141174316
1934 2.124027729034424
1935 2.234663724899292
1936 1.6863454580307007
1937 2.054370880126953
1938 2.568714141845703
1939 2.4261019229888916
1940 2.636932849884033
1941 2.2842888832092285
1942 2.722430467605591
1943 2.2643797397613525
1944 2.166619300842285
1945 2.6675384044647217
1946 2.63222336769104
1947 2.7764484882354736
1948 2.3181636333465576
1949 1.7901346683502197
1950 2.1351542472839355
1951 2.160661220550537
1952 2.368759870529175
1953 2.2510299682617188
1954 2.4660441875457764
1955 2.1323893070220947
1956 2.2449612617492676
1957 2.1946208477020264
1958 2.371873140335083
1959 1.9980378150939941
1960 1.6839063167572021
1961 1.8728030920028687
1962 2.260690689086914
1963 2.191708564758301
1964 2.1121177673339844
1965 2.365330457687378
1966 2.215506076812744
1967 2.0104503631591797
1968 2.3920624256134033
1969 2.2887911796569824
1970 2.169724225997925
1971 1.8723104000091553
1972 1.7422099113464355
1973 2.1254663467407227
1974 2.0503664016723633
1975 2.309912919998169
1976 2.4466910362243652
1977 2.439331293106079
1978 2.4089338779449463
1979 2.3526878356933594
1980 2.4794936180114746
1981 2.7483978271484375
1982 1.96321439743042
1983 2.2857859134674072
1984 2.095944881439209
1985 2.2680020332336426
1986 2.927504301071167
1987 1.872797966003418
1988 1.5480996370315552
1989 1.6693891286849976
1990 2.0143842697143555
1991 2.6852898597717285
1992 3.0239686965942383
1993 2.5736474990844727
1994 2.8372435569763184
1995 2.3884685039520264
1996 2.557976722717285
1997 2.0305309295654297
1998 2.7754292488098145
1999 2.585789680480957
