0 0.0
1 0.7607598304748535
2 1.0658485889434814
3 0.5290277600288391
4 0.725136399269104
5 0.9523509740829468
6 0.8403794169425964
7 0.899530291557312
8 1.0266549587249756
9 0.9275825023651123
10 0.7254395484924316
11 0.8494625091552734
12 0.5337021946907043
13 0.5382342338562012
14 0.7357456088066101
15 0.39113926887512207
16 0.6659698486328125
17 0.9686824679374695
18 0.7733604311943054
19 0.7623559236526489
20 0.9328568577766418
21 1.0078047513961792
22 0.8424743413925171
23 0.5101611018180847
24 1.444777488708496
25 0.9510889649391174
26 0.9495583772659302
27 0.695297122001648
28 0.7638540863990784
29 1.2018346786499023
30 1.2304959297180176
31 0.6992431282997131
32 0.9981998205184937
33 0.7613562345504761
34 0.8101803064346313
35 0.6938227415084839
36 0.7902072668075562
37 0.9317184686660767
38 1.4811288118362427
39 1.4434325695037842
40 1.2521071434020996
41 0.8669762015342712
42 1.401095986366272
43 0.9165129065513611
44 0.5537450313568115
45 0.9240044355392456
46 0.6234143376350403
47 0.6324360966682434
48 0.6429923176765442
49 1.2514368295669556
50 1.1991517543792725
51 1.3967938423156738
52 0.9455808997154236
53 0.7411786913871765
54 0.8553856015205383
55 0.7634527087211609
56 0.9388678073883057
57 0.9355863928794861
58 0.7658650279045105
59 0.9429336786270142
60 0.817136287689209
61 0.790947675704956
62 0.8731399774551392
63 0.8807128667831421
64 1.0768495798110962
65 1.2681798934936523
66 0.8061423897743225
67 1.257163643836975
68 1.1079034805297852
69 0.5443866848945618
70 1.0082499980926514
71 0.7173166275024414
72 0.6808016300201416
73 0.7383132576942444
74 0.5047107338905334
75 0.4786452054977417
76 1.186694622039795
77 0.4158925712108612
78 0.6339918971061707
79 0.8530452251434326
80 0.5096501708030701
81 0.7494081258773804
82 0.3676248788833618
83 0.9465008974075317
84 0.5755035877227783
85 0.6035996079444885
86 0.9055074453353882
87 0.8806500434875488
88 0.824068009853363
89 0.6949206590652466
90 0.5521212816238403
91 1.0278944969177246
92 0.8188475966453552
93 0.6746890544891357
94 0.5168161988258362
95 0.6853262186050415
96 0.34814220666885376
97 0.5206020474433899
98 0.629913866519928
99 0.6392462253570557
100 0.9193292856216431
101 1.2501541376113892
102 0.9312481880187988
103 1.157375454902649
104 0.9373530745506287
105 0.8194394111633301
106 0.9535328149795532
107 0.8997012972831726
108 1.5026934146881104
109 1.2056143283843994
110 0.7177554965019226
111 0.3593008518218994
112 0.996885359287262
113 0.6777546405792236
114 0.795593798160553
115 0.8695542216300964
116 1.1783883571624756
117 0.5974921584129333
118 1.078387975692749
119 1.487444519996643
120 1.0318208932876587
121 1.1776593923568726
122 1.2040905952453613
123 0.9656530022621155
124 0.9919878244400024
125 0.9961574673652649
126 0.829806387424469
127 0.46722814440727234
128 0.8606429100036621
129 0.9176457524299622
130 0.8054011464118958
131 0.7825457453727722
132 0.5834780931472778
133 0.9137499928474426
134 0.5733878016471863
135 0.918524444103241
136 0.5371776223182678
137 0.648393452167511
138 0.8939054012298584
139 1.4123873710632324
140 0.6442540287971497
141 0.9425222873687744
142 0.512029230594635
143 0.6824541687965393
144 0.7978927493095398
145 0.8385998010635376
146 0.48003071546554565
147 1.1336908340454102
148 1.0602940320968628
149 0.7782070636749268
150 1.0708492994308472
151 1.0257039070129395
152 1.0450979471206665
153 0.8482047915458679
154 0.4098452627658844
155 0.6798980236053467
156 0.807407021522522
157 0.9392220377922058
158 1.1524219512939453
159 1.1445374488830566
160 1.368680477142334
161 1.1890051364898682
162 1.058131217956543
163 1.6434681415557861
164 1.0153727531433105
165 0.6341539025306702
166 1.130905270576477
167 1.1858546733856201
168 0.9266969561576843
169 1.6005594730377197
170 1.8148553371429443
171 1.572116732597351
172 1.0558629035949707
173 0.79698246717453
174 0.8933764100074768
175 1.1554925441741943
176 1.2252845764160156
177 1.4549957513809204
178 1.543512225151062
179 1.0205554962158203
180 0.9106346368789673
181 0.6465450525283813
182 0.7360100746154785
183 0.4825214743614197
184 1.7498310804367065
185 1.4529019594192505
186 1.4640015363693237
187 2.747328042984009
188 2.707162618637085
189 1.925081729888916
190 1.7054730653762817
191 1.5765345096588135
192 1.666569471359253
193 1.503930687904358
194 1.2806223630905151
195 1.3490197658538818
196 1.613234519958496
197 1.9418916702270508
198 2.280848741531372
199 1.9531303644180298
200 1.899174690246582
201 2.114363670349121
202 1.7218996286392212
203 1.7270896434783936
204 1.610520362854004
205 1.4008909463882446
206 1.4287922382354736
207 2.596125841140747
208 2.1990232467651367
209 1.9962056875228882
210 2.2624926567077637
211 1.9028085470199585
212 1.8861477375030518
213 1.8572611808776855
214 1.7364357709884644
215 1.9086830615997314
216 1.8146731853485107
217 1.5045523643493652
218 2.5214390754699707
219 1.6417418718338013
220 0.9781996607780457
221 1.4921462535858154
222 1.6554185152053833
223 1.6258718967437744
224 1.795642614364624
225 2.0985162258148193
226 2.3595802783966064
227 2.1398277282714844
228 1.8713531494140625
229 1.935607671737671
230 1.731458067893982
231 1.8103188276290894
232 1.5198681354522705
233 2.1217093467712402
234 1.5930696725845337
235 1.6905986070632935
236 1.150214433670044
237 0.8973484635353088
238 1.7821003198623657
239 0.8032082319259644
240 0.8381615877151489
241 1.552551507949829
242 0.9083766341209412
243 1.5691168308258057
244 1.1035341024398804
245 1.00863778591156
246 0.858996570110321
247 1.2894593477249146
248 1.4979702234268188
249 1.7051726579666138
250 2.0595486164093018
251 1.5430830717086792
252 1.6968390941619873
253 2.188770055770874
254 2.1025469303131104
255 1.8878872394561768
256 1.6759086847305298
257 1.6437408924102783
258 1.3886526823043823
259 1.603170394897461
260 1.670947551727295
261 1.2783167362213135
262 1.4539523124694824
263 1.1046221256256104
264 1.2454614639282227
265 1.555445671081543
266 1.3201396465301514
267 1.6714352369308472
268 1.2749420404434204
269 1.6960738897323608
270 1.8592287302017212
271 1.6507898569107056
272 0.8764851689338684
273 1.4645329713821411
274 1.807869791984558
275 1.3878785371780396
276 1.6789565086364746
277 1.3679397106170654
278 1.2850764989852905
279 1.3770548105239868
280 2.1183969974517822
281 1.376313328742981
282 1.9002666473388672
283 2.326221227645874
284 1.8949509859085083
285 2.3207244873046875
286 2.509913444519043
287 2.555391788482666
288 1.5872206687927246
289 2.282536506652832
290 2.164039134979248
291 2.0660769939422607
292 2.227080821990967
293 2.903834104537964
294 2.1685142517089844
295 2.100192070007324
296 1.8683664798736572
297 1.8728622198104858
298 1.7372967004776
299 1.9138038158416748
300 1.365358829498291
301 1.8520958423614502
302 1.65407133102417
303 2.2144885063171387
304 1.3111125230789185
305 1.3032348155975342
306 1.1830517053604126
307 2.026879072189331
308 1.3749829530715942
309 1.338449239730835
310 0.725771427154541
311 0.6559381484985352
312 0.6366136074066162
313 0.7173669338226318
314 0.6089169383049011
315 0.9073655009269714
316 0.7051351070404053
317 1.3814573287963867
318 0.17224183678627014
319 0.5817278623580933
320 0.5244379639625549
321 0.7721317410469055
322 0.5929672122001648
323 0.5091219544410706
324 0.4268657863140106
325 0.5114027857780457
326 0.8876004815101624
327 1.0385891199111938
328 1.384790062904358
329 1.0975347757339478
330 1.0049769878387451
331 1.0834141969680786
332 1.3984856605529785
333 1.3718446493148804
334 1.3419759273529053
335 1.4126006364822388
336 0.7885734438896179
337 1.3616538047790527
338 0.9385979175567627
339 1.2886419296264648
340 0.7574496865272522
341 1.2913267612457275
342 0.8752333521842957
343 0.8776006102561951
344 1.3057752847671509
345 1.3367650508880615
346 0.7030576467514038
347 0.8338780403137207
348 0.9652578830718994
349 0.7236108183860779
350 1.0348427295684814
351 0.8016160130500793
352 1.154427409172058
353 0.8458550572395325
354 0.9705384373664856
355 1.161586880683899
356 0.7225887775421143
357 0.8084800839424133
358 0.8926049470901489
359 0.778698205947876
360 1.3201279640197754
361 1.4019821882247925
362 1.137525200843811
363 0.581358790397644
364 0.9406253695487976
365 0.7793751955032349
366 1.3517143726348877
367 1.2173694372177124
368 1.3104050159454346
369 1.3981937170028687
370 1.6144297122955322
371 0.8018687963485718
372 1.9209915399551392
373 0.9095767140388489
374 1.0908788442611694
375 1.1451033353805542
376 1.2255386114120483
377 1.4513801336288452
378 1.1454992294311523
379 1.4970471858978271
380 1.3587671518325806
381 1.1262978315353394
382 0.6646341681480408
383 0.7812240719795227
384 0.9162765741348267
385 1.3691424131393433
386 1.0086596012115479
387 1.1247187852859497
388 0.9593631029129028
389 1.250440239906311
390 1.1932162046432495
391 1.2694077491760254
392 0.6505327224731445
393 0.8522565960884094
394 1.4044040441513062
395 0.9482990503311157
396 1.074634075164795
397 0.9393032789230347
398 1.0866620540618896
399 0.8784733414649963
400 0.6853964924812317
401 0.9077121615409851
402 0.6267609596252441
403 0.9527595043182373
404 1.0543177127838135
405 1.1305599212646484
406 0.9302573204040527
407 0.7637954354286194
408 1.0943937301635742
409 1.3927980661392212
410 1.1939420700073242
411 0.5491613745689392
412 0.5378648638725281
413 0.6488107442855835
414 0.7816120982170105
415 0.8188620209693909
416 0.944138765335083
417 0.8054057359695435
418 0.7209355235099792
419 0.749360203742981
420 1.0463913679122925
421 1.118833303451538
422 0.8469229340553284
423 1.0705773830413818
424 1.0268985033035278
425 0.5433780550956726
426 1.4537951946258545
427 1.0189448595046997
428 0.9647781252861023
429 1.266990303993225
430 1.0394264459609985
431 1.4975675344467163
432 1.4871623516082764
433 1.0795636177062988
434 1.2133466005325317
435 0.8892830610275269
436 0.9569020867347717
437 0.8422241806983948
438 0.6807816028594971
439 0.8237160444259644
440 0.8489903211593628
441 0.93625408411026
442 1.2986329793930054
443 1.382001280784607
444 1.2002378702163696
445 0.8206976652145386
446 0.7349875569343567
447 0.9791650176048279
448 0.705488383769989
449 1.0976667404174805
450 1.100075602531433
451 0.5895914435386658
452 1.2157124280929565
453 0.9982767105102539
454 1.0345555543899536
455 0.8680704236030579
456 0.7206790447235107
457 0.6817595958709717
458 0.5685031414031982
459 1.0527427196502686
460 0.7850865721702576
461 0.6634135842323303
462 0.6960010528564453
463 1.0763388872146606
464 1.2776473760604858
465 1.1944416761398315
466 1.0374388694763184
467 1.1886720657348633
468 0.859255850315094
469 0.5957835912704468
470 1.118931770324707
471 0.9812891483306885
472 0.9502057433128357
473 1.1880135536193848
474 0.9630115032196045
475 1.1878201961517334
476 1.0741215944290161
477 1.188217043876648
478 1.037665605545044
479 1.0985459089279175
480 1.1753612756729126
481 1.6929372549057007
482 1.034353494644165
483 0.7863721251487732
484 1.0245062112808228
485 0.9442972540855408
486 1.232805848121643
487 0.8608982563018799
488 0.8183251619338989
489 1.0385732650756836
490 1.2524847984313965
491 0.7784736156463623
492 1.0747756958007813
493 1.0169947147369385
494 0.8861559629440308
495 0.9972277283668518
496 1.3777793645858765
497 1.0800868272781372
498 0.7495000958442688
499 0.9606982469558716
500 0.8104820251464844
501 1.2946159839630127
502 1.7959678173065186
503 1.4250108003616333
504 1.487187385559082
505 1.4203890562057495
506 1.7124851942062378
507 0.9721646904945374
508 1.1845585107803345
509 0.8320065140724182
510 1.1597005128860474
511 1.2015397548675537
512 0.8253775835037231
513 1.2989025115966797
514 0.7439166307449341
515 1.0852837562561035
516 0.6008639335632324
517 0.7845072746276855
518 1.1876474618911743
519 0.9237953424453735
520 0.8337141275405884
521 1.1293065547943115
522 1.3962527513504028
523 2.276928186416626
524 2.4489500522613525
525 1.39556086063385
526 2.067706823348999
527 2.826504707336426
528 1.741593360900879
529 2.6286652088165283
530 2.24267578125
531 3.283297300338745
532 2.70684552192688
533 2.164658308029175
534 3.041151523590088
535 2.4132559299468994
536 2.5093178749084473
537 1.9287523031234741
538 2.143852472305298
539 2.246082067489624
540 2.7822368144989014
541 1.6240357160568237
542 1.2089481353759766
543 1.9450734853744507
544 2.7090554237365723
545 2.165903329849243
546 1.4511629343032837
547 2.3136069774627686
548 1.5573959350585938
549 2.368401288986206
550 2.3868584632873535
551 2.07460880279541
552 2.427111864089966
553 2.6113507747650146
554 2.556562900543213
555 2.1418168544769287
556 1.9041343927383423
557 2.2725377082824707
558 2.026043653488159
559 2.882601499557495
560 2.823540687561035
561 2.6347544193267822
562 2.5351712703704834
563 2.037480592727661
564 1.7892217636108398
565 2.3230936527252197
566 1.2725945711135864
567 1.8340020179748535
568 2.4760632514953613
569 2.5910630226135254
570 2.5854673385620117
571 2.5606889724731445
572 2.3777647018432617
573 2.2606630325317383
574 2.5039803981781006
575 1.9931328296661377
576 1.5112812519073486
577 2.067249059677124
578 1.8232030868530273
579 2.685683488845825
580 1.9425601959228516
581 2.163336753845215
582 2.230769634246826
583 2.3350722789764404
584 2.876781702041626
585 3.0876803398132324
586 2.5293991565704346
587 2.4815170764923096
588 2.7994940280914307
589 2.686539649963379
590 2.636956214904785
591 2.229658842086792
592 2.410207748413086
593 2.5583107471466064
594 2.9095780849456787
595 2.8689615726470947
596 2.659966230392456
597 2.391380786895752
598 2.2237823009490967
599 2.313699960708618
600 2.569796323776245
601 3.0266666412353516
602 2.7281293869018555
603 3.0074334144592285
604 2.076908588409424
605 1.8312865495681763
606 1.8303877115249634
607 2.2535417079925537
608 2.354548454284668
609 1.664368987083435
610 2.603726387023926
611 3.004762887954712
612 2.3958771228790283
613 2.416642904281616
614 2.2749361991882324
615 2.8613991737365723
616 3.5701022148132324
617 3.483713388442993
618 2.927211284637451
619 2.9842019081115723
620 2.097933530807495
621 3.1207220554351807
622 2.7335941791534424
623 2.629018545150757
624 2.9803218841552734
625 2.6227755546569824
626 3.3446853160858154
627 3.2403948307037354
628 2.9589548110961914
629 2.5211446285247803
630 2.793607473373413
631 3.096764326095581
632 3.3818271160125732
633 3.0013504028320313
634 2.701915740966797
635 2.8243682384490967
636 2.3206427097320557
637 2.044447660446167
638 1.9748303890228271
639 2.7432074546813965
640 1.968820333480835
641 2.1209654808044434
642 2.252908229827881
643 1.506628155708313
644 1.8077898025512695
645 1.5113447904586792
646 1.8221787214279175
647 1.4896903038024902
648 1.5688775777816772
649 1.4318618774414063
650 1.55418062210083
651 1.2588281631469727
652 1.3476862907409668
653 1.5315128564834595
654 2.0780856609344482
655 1.8331409692764282
656 1.7425390481948853
657 2.074753999710083
658 2.460088014602661
659 1.303317666053772
660 1.3097647428512573
661 1.4410901069641113
662 1.2730634212493896
663 1.1495487689971924
664 0.5873401165008545
665 0.5990960001945496
666 0.9766483902931213
667 1.1837595701217651
668 0.8091530203819275
669 1.1400096416473389
670 1.0185686349868774
671 1.0766228437423706
672 1.0939644575119019
673 1.133193850517273
674 0.9867358207702637
675 0.9873947501182556
676 1.1250152587890625
677 1.1877329349517822
678 1.362916350364685
679 1.8122227191925049
680 1.3580330610275269
681 1.2015738487243652
682 1.2580598592758179
683 1.3269391059875488
684 1.6308223009109497
685 1.5863014459609985
686 1.168038010597229
687 1.469387173652649
688 1.3023207187652588
689 1.0361106395721436
690 0.9468353390693665
691 0.8315052390098572
692 1.2551575899124146
693 1.0307190418243408
694 1.514791488647461
695 2.2460694313049316
696 1.5558782815933228
697 1.3605735301971436
698 1.8152291774749756
699 1.3094685077667236
700 1.7652366161346436
701 2.363678455352783
702 1.2603797912597656
703 1.4065316915512085
704 1.253968596458435
705 1.3382612466812134
706 1.7597098350524902
707 1.401758074760437
708 1.6581116914749146
709 2.049034833908081
710 2.648488998413086
711 2.08734393119812
712 1.7269953489303589
713 1.7072992324829102
714 1.3904222249984741
715 1.4306141138076782
716 1.8922995328903198
717 1.0033457279205322
718 1.3114367723464966
719 2.326402187347412
720 1.7003936767578125
721 1.918931484222412
722 1.4539251327514648
723 1.3384521007537842
724 1.8269487619400024
725 1.7460249662399292
726 1.76833975315094
727 1.605410099029541
728 1.208860158920288
729 1.2758601903915405
730 1.2611370086669922
731 1.5211198329925537
732 1.435680866241455
733 0.8077079057693481
734 1.4175511598587036
735 1.3019483089447021
736 1.407679557800293
737 1.0506912469863892
738 0.8234201073646545
739 0.7367256283760071
740 1.0340594053268433
741 1.03178071975708
742 0.6517017483711243
743 1.0889029502868652
744 0.8724828958511353
745 1.0529636144638062
746 0.8294066190719604
747 1.0323315858840942
748 0.6862519979476929
749 0.967741072177887
750 1.2640435695648193
751 1.0546542406082153
752 1.2258751392364502
753 1.262776255607605
754 1.2154639959335327
755 1.0997629165649414
756 1.216019630432129
757 1.100642204284668
758 1.0171895027160645
759 0.7769891619682312
760 0.7096686959266663
761 0.9379355311393738
762 1.1327226161956787
763 1.1958107948303223
764 0.9019867777824402
765 1.1287752389907837
766 1.020846962928772
767 1.4251186847686768
768 0.8991585969924927
769 1.1757599115371704
770 1.0692628622055054
771 0.8707426190376282
772 1.1709803342819214
773 0.8819957971572876
774 0.8710103034973145
775 1.2352856397628784
776 0.5361981987953186
777 0.8545412421226501
778 0.7715766429901123
779 0.7323562502861023
780 0.7943552136421204
781 0.8448803424835205
782 0.9820598363876343
783 1.039832592010498
784 0.7893860936164856
785 1.205704689025879
786 1.2488311529159546
787 0.9245760440826416
788 1.1262083053588867
789 1.2836365699768066
790 1.0068117380142212
791 1.2701416015625
792 0.780101478099823
793 1.032266616821289
794 0.7585483193397522
795 0.9609162211418152
796 0.830610454082489
797 0.7398372888565063
798 1.165992259979248
799 1.0976721048355103
800 1.1160554885864258
801 0.9238342046737671
802 0.7506184577941895
803 0.9255605936050415
804 0.8643341064453125
805 0.8694652915000916
806 0.8502926826477051
807 0.8428342342376709
808 0.7603706121444702
809 1.1535106897354126
810 0.9070488214492798
811 0.6502764225006104
812 0.55706787109375
813 0.6483203172683716
814 0.675496518611908
815 1.0662107467651367
816 0.9413267970085144
817 0.811263918876648
818 0.8619898557662964
819 0.5947951674461365
820 0.9527497291564941
821 0.818750262260437
822 0.742438554763794
823 0.573133111000061
824 0.7136530876159668
825 0.580262303352356
826 0.9864809513092041
827 0.717680037021637
828 1.062577486038208
829 0.7275401949882507
830 0.7184473872184753
831 0.9536880850791931
832 0.7641017436981201
833 0.6335340142250061
834 0.822533905506134
835 0.8408945798873901
836 0.721092939376831
837 1.0623141527175903
838 1.3114619255065918
839 0.6792609095573425
840 1.0921920537948608
841 0.607077956199646
842 0.7541065812110901
843 1.0995367765426636
844 1.3135669231414795
845 0.8663122653961182
846 1.2869445085525513
847 1.059567928314209
848 1.1230343580245972
849 0.9976759552955627
850 1.5699892044067383
851 1.0461444854736328
852 1.396026372909546
853 0.9742143154144287
854 0.7365206480026245
855 1.1683107614517212
856 1.051007628440857
857 1.481131672859192
858 1.2167346477508545
859 1.1316555738449097
860 1.3426624536514282
861 1.2153407335281372
862 1.2196011543273926
863 1.192924976348877
864 1.1938971281051636
865 1.4489569664001465
866 1.720780849456787
867 1.253208041191101
868 1.3917243480682373
869 1.0905561447143555
870 0.9098695516586304
871 1.0816220045089722
872 0.8264528512954712
873 1.233039140701294
874 0.753220796585083
875 1.3569743633270264
876 1.3725414276123047
877 0.7227458953857422
878 1.2059890031814575
879 1.1636614799499512
880 0.8373626470565796
881 1.166352391242981
882 1.7005008459091187
883 1.9552487134933472
884 1.8695813417434692
885 1.3517087697982788
886 1.123233437538147
887 1.1691383123397827
888 1.2812379598617554
889 2.088702917098999
890 0.742142915725708
891 1.1131041049957275
892 0.8862835764884949
893 1.3113079071044922
894 1.2658220529556274
895 1.2621113061904907
896 1.30039381980896
897 1.5739662647247314
898 1.469254970550537
899 1.0682095289230347
900 1.5569900274276733
901 1.2123180627822876
902 0.9909718632698059
903 0.9633843302726746
904 1.616243839263916
905 1.6166883707046509
906 1.9685614109039307
907 1.8165292739868164
908 1.2240711450576782
909 2.201890468597412
910 1.7126140594482422
911 1.7283498048782349
912 1.8969289064407349
913 1.274792194366455
914 1.019096851348877
915 1.206066608428955
916 1.0632586479187012
917 1.484379768371582
918 1.607668399810791
919 0.6602784395217896
920 0.8907264471054077
921 0.9465060830116272
922 0.9505409002304077
923 0.9652220010757446
924 0.9593851566314697
925 1.3611323833465576
926 1.3472654819488525
927 1.0573222637176514
928 1.100210189819336
929 1.2798094749450684
930 1.366188883781433
931 1.3872181177139282
932 0.8281755447387695
933 0.985641598701477
934 0.9850078225135803
935 1.2139488458633423
936 1.112837791442871
937 1.291473150253296
938 1.4438872337341309
939 1.3081331253051758
940 1.6940207481384277
941 1.5830341577529907
942 1.4244804382324219
943 1.4214898347854614
944 1.2204921245574951
945 1.196510672569275
946 1.1623364686965942
947 1.1410493850708008
948 1.2140274047851563
949 1.1445744037628174
950 1.166649341583252
951 0.9108757376670837
952 1.2859621047973633
953 0.8673040866851807
954 0.7053958773612976
955 1.9270318746566772
956 1.7596358060836792
957 1.771551489830017
958 1.6125396490097046
959 1.5956367254257202
960 1.3206006288528442
961 1.2313416004180908
962 1.3012639284133911
963 0.6176590323448181
964 1.1072906255722046
965 0.753415584564209
966 1.259792685508728
967 1.5436787605285645
968 1.3098632097244263
969 1.463309407234192
970 1.0802690982818604
971 1.3085027933120728
972 1.8679059743881226
973 1.113385796546936
974 1.596087098121643
975 1.4113929271697998
976 1.4101386070251465
977 1.1446326971054077
978 1.4245339632034302
979 1.0124129056930542
980 1.415376901626587
981 1.61772620677948
982 1.365978479385376
983 1.0443350076675415
984 1.5358912944793701
985 1.4706220626831055
986 0.7581774592399597
987 1.5127671957015991
988 1.1854193210601807
989 1.3565638065338135
990 1.3884305953979492
991 1.5285720825195313
992 1.8076751232147217
993 1.9160114526748657
994 2.219470262527466
995 2.7086217403411865
996 2.7048630714416504
997 2.850445508956909
998 2.3601748943328857
999 2.8422722816467285
1000 2.590223550796509
1001 2.450396776199341
1002 2.285486936569214
1003 2.5408291816711426
1004 2.2934646606445313
1005 1.5263526439666748
1006 1.4062039852142334
1007 1.1884576082229614
1008 1.5472644567489624
1009 1.5966124534606934
1010 1.9483134746551514
1011 1.4523873329162598
1012 1.901021122932434
1013 1.4559471607208252
1014 1.1415661573410034
1015 1.4902794361114502
1016 1.5870462656021118
1017 1.5122376680374146
1018 1.582329511642456
1019 1.7467973232269287
1020 0.9199917912483215
1021 1.531546711921692
1022 1.5760986804962158
1023 1.1998794078826904
1024 1.6838246583938599
1025 1.7688281536102295
1026 1.3688315153121948
1027 1.3598898649215698
1028 1.393664002418518
1029 1.6292436122894287
1030 1.2196214199066162
1031 1.2838294506072998
1032 1.155534029006958
1033 1.2203648090362549
1034 1.5494569540023804
1035 1.4288679361343384
1036 1.5168503522872925
1037 1.207495927810669
1038 1.3025646209716797
1039 1.2429509162902832
1040 1.0551304817199707
1041 1.380000114440918
1042 1.5577216148376465
1043 1.7236462831497192
1044 1.3645312786102295
1045 1.289909839630127
1046 1.3772093057632446
1047 1.3545844554901123
1048 1.53756582736969
1049 1.32740318775177
1050 1.4478141069412231
1051 1.543877124786377
1052 1.2220386266708374
1053 1.1138103008270264
1054 1.5741442441940308
1055 1.3814059495925903
1056 1.1214966773986816
1057 1.0404795408248901
1058 1.1319684982299805
1059 1.2897324562072754
1060 1.5459926128387451
1061 1.2785632610321045
1062 1.526767611503601
1063 1.3543729782104492
1064 1.366219162940979
1065 1.3666188716888428
1066 1.3679838180541992
1067 1.3601100444793701
1068 1.6119613647460938
1069 1.59404718875885
1070 1.374863624572754
1071 0.8884114027023315
1072 1.4883893728256226
1073 1.452512502670288
1074 1.1972200870513916
1075 1.2018468379974365
1076 1.213433861732483
1077 1.2181569337844849
1078 1.2959668636322021
1079 1.050193190574646
1080 1.1006723642349243
1081 1.1715195178985596
1082 1.030950665473938
1083 1.0065149068832397
1084 0.7310510277748108
1085 0.7478766441345215
1086 1.2936562299728394
1087 1.3425467014312744
1088 1.3927918672561646
1089 0.9940378665924072
1090 0.975279688835144
1091 1.486750841140747
1092 0.9052032828330994
1093 1.3419967889785767
1094 1.0094881057739258
1095 0.9309309124946594
1096 1.0051205158233643
1097 0.857242226600647
1098 0.9647765159606934
1099 1.1466577053070068
1100 1.0829015970230103
1101 1.074426293373108
1102 1.0734392404556274
1103 0.8491772413253784
1104 1.0241817235946655
1105 1.3931071758270264
1106 1.5351351499557495
1107 1.4147605895996094
1108 0.9641794562339783
1109 0.9546012282371521
1110 1.1092853546142578
1111 0.8973209857940674
1112 1.1972562074661255
1113 0.6184941530227661
1114 0.9333030581474304
1115 0.7132208943367004
1116 1.1679301261901855
1117 1.2769297361373901
1118 0.9747642874717712
1119 0.9052859544754028
1120 1.3278052806854248
1121 1.8546470403671265
1122 1.2823976278305054
1123 1.4770203828811646
1124 1.5089930295944214
1125 1.2211025953292847
1126 1.712129831314087
1127 1.6606502532958984
1128 1.836733341217041
1129 1.2128115892410278
1130 1.8112208843231201
1131 1.4429744482040405
1132 1.36647367477417
1133 1.5785715579986572
1134 2.0383026599884033
1135 1.3354898691177368
1136 1.4200119972229004
1137 1.1423970460891724
1138 1.6855435371398926
1139 1.4933775663375854
1140 1.460945963859558
1141 1.1828052997589111
1142 1.0750136375427246
1143 1.4887489080429077
1144 1.3542985916137695
1145 1.0534701347351074
1146 0.9333735704421997
1147 1.0973279476165771
1148 0.6994011998176575
1149 0.754593551158905
1150 1.0392473936080933
1151 0.9435428977012634
1152 0.9865691661834717
1153 1.1581141948699951
1154 0.6847824454307556
1155 1.0808266401290894
1156 1.008388876914978
1157 0.717851459980011
1158 0.7547574043273926
1159 0.8112578392028809
1160 1.1053707599639893
1161 0.9022672176361084
1162 1.1657789945602417
1163 0.9907155632972717
1164 0.8059727549552917
1165 0.8651854395866394
1166 1.123160481452942
1167 1.117674469947815
1168 1.0946215391159058
1169 0.9657105803489685
1170 0.8433346748352051
1171 0.8136888146400452
1172 1.1615906953811646
1173 0.8704062700271606
1174 1.1945322751998901
1175 1.1422661542892456
1176 1.1868411302566528
1177 1.0662885904312134
1178 1.3147940635681152
1179 0.7639163136482239
1180 0.9441940188407898
1181 1.404446005821228
1182 0.8702662587165833
1183 1.2818865776062012
1184 0.9817758798599243
1185 1.0351407527923584
1186 1.1465260982513428
1187 1.23868989944458
1188 0.9466855525970459
1189 1.7631075382232666
1190 1.2635387182235718
1191 1.7930028438568115
1192 1.695756196975708
1193 1.3504091501235962
1194 1.2939077615737915
1195 1.3232176303863525
1196 1.2038837671279907
1197 0.9959772229194641
1198 1.3110177516937256
1199 1.2481452226638794
1200 1.4543355703353882
1201 0.9697121381759644
1202 1.169324278831482
1203 1.1843836307525635
1204 1.239809513092041
1205 1.174507975578308
1206 1.053099274635315
1207 1.216578722000122
1208 1.0005313158035278
1209 1.1916310787200928
1210 1.2105984687805176
1211 1.1894067525863647
1212 1.6567916870117188
1213 1.1625628471374512
1214 0.8645700216293335
1215 1.2319667339324951
1216 0.6894685626029968
1217 1.2857156991958618
1218 0.7751750349998474
1219 1.0592782497406006
1220 1.0378748178482056
1221 1.1212310791015625
1222 1.1622037887573242
1223 0.6742150187492371
1224 1.1540342569351196
1225 0.9909121990203857
1226 0.8850420713424683
1227 0.6030763387680054
1228 1.0319081544876099
1229 1.1918772459030151
1230 1.558333396911621
1231 1.3312073945999146
1232 1.3240721225738525
1233 1.3746610879898071
1234 1.2132872343063354
1235 1.487117886543274
1236 1.158621907234192
1237 1.3912572860717773
1238 1.3631951808929443
1239 1.531349778175354
1240 0.883695125579834
1241 0.8677079081535339
1242 1.4999281167984009
1243 0.9558979272842407
1244 1.2860523462295532
1245 0.925567626953125
1246 1.0836689472198486
1247 1.1844114065170288
1248 1.1460307836532593
1249 1.1759496927261353
1250 1.1975159645080566
1251 0.9745517373085022
1252 0.8794498443603516
1253 0.7975354790687561
1254 0.8664370179176331
1255 0.9507982730865479
1256 1.0585286617279053
1257 0.6470234394073486
1258 0.7444776892662048
1259 0.8379618525505066
1260 0.9708874821662903
1261 0.952881395816803
1262 0.5380438566207886
1263 0.6601295471191406
1264 0.7962324023246765
1265 0.6522602438926697
1266 0.8298249244689941
1267 0.48027127981185913
1268 0.8202694654464722
1269 0.6020157337188721
1270 0.4824388027191162
1271 0.6995667815208435
1272 0.6070405840873718
1273 0.7662525177001953
1274 1.083932876586914
1275 0.9213781952857971
1276 0.7339096069335938
1277 1.2003378868103027
1278 1.1362547874450684
1279 0.8833052515983582
1280 0.7472648024559021
1281 1.0646424293518066
1282 0.6549745798110962
1283 0.8196991086006165
1284 1.054807186126709
1285 0.9589617848396301
1286 0.793647825717926
1287 0.7165080904960632
1288 0.8794670701026917
1289 0.5324233174324036
1290 0.7316052913665771
1291 0.7296213507652283
1292 0.7924851775169373
1293 0.8172972202301025
1294 1.3604555130004883
1295 1.15187668800354
1296 0.7123076319694519
1297 0.4381757378578186
1298 0.8674775958061218
1299 0.8922320604324341
1300 0.9058358073234558
1301 1.4974969625473022
1302 1.3398568630218506
1303 1.4427990913391113
1304 1.0536434650421143
1305 0.8010522723197937
1306 0.8444532155990601
1307 1.2246935367584229
1308 0.545085072517395
1309 0.8651764392852783
1310 0.9132664799690247
1311 1.0419652462005615
1312 1.2354912757873535
1313 0.8400827050209045
1314 0.9039678573608398
1315 1.364547848701477
1316 0.8081243634223938
1317 0.7921869158744812
1318 0.8337604403495789
1319 1.0228559970855713
1320 0.7855060696601868
1321 0.5901249647140503
1322 0.7583244442939758
1323 0.9326077103614807
1324 0.9209728837013245
1325 0.7932165265083313
1326 0.7430712580680847
1327 0.9591918587684631
1328 1.068023681640625
1329 0.7261144518852234
1330 0.7003486752510071
1331 0.8319020867347717
1332 0.9752364158630371
1333 0.7305667400360107
1334 0.8113892674446106
1335 1.0320355892181396
1336 1.3669657707214355
1337 1.669269323348999
1338 1.2989481687545776
1339 0.9198791980743408
1340 1.069593071937561
1341 0.5894642472267151
1342 0.6504356265068054
1343 0.7657680511474609
1344 0.8129366040229797
1345 0.9829440712928772
1346 1.039937138557434
1347 0.904062032699585
1348 1.3394140005111694
1349 1.0286856889724731
1350 0.8223909139633179
1351 0.7671909928321838
1352 1.3635239601135254
1353 1.3229615688323975
1354 1.3543041944503784
1355 1.125139832496643
1356 0.9225271940231323
1357 0.7311896085739136
1358 0.6292915344238281
1359 0.9572985768318176
1360 0.7726306319236755
1361 0.5843204855918884
1362 0.9116910696029663
1363 0.9081198573112488
1364 0.5783255100250244
1365 0.8229008316993713
1366 1.0158233642578125
1367 0.5868542790412903
1368 1.135789394378662
1369 1.0982385873794556
1370 0.7452390193939209
1371 0.7033900618553162
1372 0.7328560948371887
1373 0.9092767238616943
1374 0.6509700417518616
1375 0.5645381808280945
1376 0.6935848593711853
1377 0.7378349304199219
1378 0.8925594091415405
1379 1.1589938402175903
1380 1.4340286254882813
1381 0.9914234280586243
1382 0.8193297386169434
1383 0.8778916597366333
1384 0.7472077012062073
1385 0.6771848201751709
1386 0.9607594609260559
1387 1.2540855407714844
1388 0.6151217222213745
1389 0.8048076629638672
1390 0.7084325551986694
1391 0.7639038562774658
1392 0.9990738034248352
1393 0.6858078837394714
1394 0.755071759223938
1395 0.6491759419441223
1396 1.0770131349563599
1397 0.8310577869415283
1398 0.7190437316894531
1399 0.6345680952072144
1400 0.5518046617507935
1401 1.0005292892456055
1402 0.967223048210144
1403 1.0881747007369995
1404 0.7437569499015808
1405 0.6321487426757813
1406 0.6368902921676636
1407 0.7846009731292725
1408 0.9303960204124451
1409 0.9175890684127808
1410 0.8302088975906372
1411 0.4026930034160614
1412 0.7041301131248474
1413 0.6406537294387817
1414 0.8742836713790894
1415 0.49301350116729736
1416 0.7607277631759644
1417 0.788512110710144
1418 0.8949532508850098
1419 1.0065970420837402
1420 1.2926572561264038
1421 0.6952793002128601
1422 0.5966264605522156
1423 0.5685791969299316
1424 1.2333149909973145
1425 0.6513733863830566
1426 0.7590392827987671
1427 0.6426668167114258
1428 0.8515137434005737
1429 1.0141814947128296
1430 0.8620204925537109
1431 1.148047924041748
1432 0.7966208457946777
1433 0.7634050846099854
1434 0.6358135342597961
1435 0.7730599641799927
1436 0.9498909711837769
1437 0.9900031685829163
1438 0.795342743396759
1439 0.8934304118156433
1440 0.5880263447761536
1441 0.9309934377670288
1442 1.0253729820251465
1443 1.009341835975647
1444 0.736707866191864
1445 1.1341723203659058
1446 1.453525424003601
1447 1.1045976877212524
1448 1.0108839273452759
1449 0.8554204702377319
1450 1.0292497873306274
1451 1.0467607975006104
1452 0.874525785446167
1453 0.9960629940032959
1454 1.010904312133789
1455 0.9935342669487
1456 0.6195574998855591
1457 0.9606802463531494
1458 1.2665964365005493
1459 1.120701789855957
1460 0.9103072285652161
1461 0.8126837015151978
1462 0.8870023488998413
1463 1.213992953300476
1464 0.8001840710639954
1465 0.9358572363853455
1466 1.1103639602661133
1467 0.7375245690345764
1468 0.7576015591621399
1469 1.2289307117462158
1470 1.1951944828033447
1471 1.0204943418502808
1472 1.0226325988769531
1473 0.9064639806747437
1474 1.1817885637283325
1475 0.9905160665512085
1476 1.1281497478485107
1477 1.1421183347702026
1478 0.7349914312362671
1479 0.9400291442871094
1480 0.9893765449523926
1481 0.4824429452419281
1482 0.953219473361969
1483 1.0010887384414673
1484 0.64173424243927
1485 1.0749588012695313
1486 1.1348474025726318
1487 0.6705272793769836
1488 0.2870447635650635
1489 0.5442520380020142
1490 0.7849985957145691
1491 0.8008259534835815
1492 1.3383866548538208
1493 1.1257059574127197
1494 0.6889153718948364
1495 0.8731790781021118
1496 0.762591540813446
1497 0.5238553881645203
1498 0.8847451210021973
1499 1.2352670431137085
1500 1.0361182689666748
1501 0.9779082536697388
1502 0.942547619342804
1503 0.9080812335014343
1504 1.05965256690979
1505 1.078104019165039
1506 1.4275364875793457
1507 1.0235661268234253
1508 0.9303409457206726
1509 1.5563489198684692
1510 1.07224702835083
1511 1.4685624837875366
1512 1.3922333717346191
1513 0.5913717746734619
1514 0.8471366763114929
1515 0.9050191640853882
1516 1.1798993349075317
1517 0.7574754953384399
1518 0.7327316403388977
1519 0.8950789570808411
1520 0.7812399864196777
1521 0.9978455305099487
1522 1.1322345733642578
1523 0.7178599834442139
1524 0.9477118849754333
1525 0.7764772176742554
1526 0.9355354309082031
1527 1.070796012878418
1528 1.130625605583191
1529 0.9303531050682068
1530 1.095979928970337
1531 0.8801262974739075
1532 0.9810909628868103
1533 0.9728402495384216
1534 0.7975191473960876
1535 0.8509111404418945
1536 0.9831019043922424
1537 1.3000590801239014
1538 0.7559357285499573
1539 1.095865249633789
1540 0.8963468074798584
1541 1.4189481735229492
1542 1.1405328512191772
1543 0.6998443603515625
1544 1.7365221977233887
1545 0.4910129904747009
1546 0.8878674507141113
1547 1.0358315706253052
1548 1.1906027793884277
1549 0.9346479773521423
1550 0.9771260023117065
1551 0.7946531772613525
1552 0.7115193009376526
1553 1.0053406953811646
1554 0.9211085438728333
1555 1.047186255455017
1556 0.6755014061927795
1557 0.8281145095825195
1558 0.7084667086601257
1559 0.5075764060020447
1560 0.9060607552528381
1561 0.7345633506774902
1562 0.9211814403533936
1563 1.1368820667266846
1564 1.2519704103469849
1565 0.8377416729927063
1566 0.7373162508010864
1567 1.0512558221817017
1568 1.1248492002487183
1569 0.683743953704834
1570 0.9194245338439941
1571 0.9788476228713989
1572 0.6461017727851868
1573 1.0334739685058594
1574 1.1344643831253052
1575 0.6638875007629395
1576 0.9405370354652405
1577 1.056352138519287
1578 0.9525262117385864
1579 0.7857630848884583
1580 0.6118661165237427
1581 1.2329299449920654
1582 0.6374068856239319
1583 0.7690597772598267
1584 1.0339078903198242
1585 0.7940751910209656
1586 1.2168956995010376
1587 1.0630416870117188
1588 1.003186583518982
1589 0.9257086515426636
1590 0.7400354743003845
1591 0.6944306492805481
1592 0.4945306181907654
1593 0.9036248922348022
1594 1.1633352041244507
1595 0.8227551579475403
1596 1.1352366209030151
1597 0.9734715223312378
1598 0.7674251198768616
1599 0.907816469669342
1600 0.9030230045318604
1601 1.4012953042984009
1602 1.1288223266601563
1603 1.2592414617538452
1604 0.9760100841522217
1605 1.7093276977539063
1606 1.071946620941162
1607 1.372967004776001
1608 0.7583291530609131
1609 0.9263408780097961
1610 0.5228677988052368
1611 1.3455533981323242
1612 0.6386713981628418
1613 1.106390357017517
1614 1.1410307884216309
1615 1.012046456336975
1616 1.0190049409866333
1617 0.9127838611602783
1618 0.6694701910018921
1619 0.8647752404212952
1620 0.924540102481842
1621 0.889940619468689
1622 0.9730889201164246
1623 0.8300926089286804
1624 0.7639476656913757
1625 0.5355871319770813
1626 0.6155233979225159
1627 0.9481365084648132
1628 0.9333902597427368
1629 0.8253141045570374
1630 1.182466983795166
1631 0.9187383651733398
1632 0.705952525138855
1633 0.3543809950351715
1634 0.8961611986160278
1635 0.9865836501121521
1636 0.8570517897605896
1637 0.7894936800003052
1638 0.6262494921684265
1639 1.4963730573654175
1640 1.2784879207611084
1641 1.2320793867111206
1642 1.5383946895599365
1643 0.6089840531349182
1644 1.2933846712112427
1645 0.9116645455360413
1646 0.9664779901504517
1647 1.0477811098098755
1648 1.2160615921020508
1649 1.785614013671875
1650 1.0891348123550415
1651 1.4864445924758911
1652 0.9976255893707275
1653 1.651365041732788
1654 0.6537138223648071
1655 1.088144063949585
1656 1.0119472742080688
1657 1.1463714838027954
1658 0.8790464997291565
1659 1.221085548400879
1660 1.298203468322754
1661 0.8412399291992188
1662 0.5856542587280273
1663 1.132592797279358
1664 0.9230497479438782
1665 1.4189276695251465
1666 1.2255760431289673
1667 0.6608077883720398
1668 0.9339796304702759
1669 1.046731948852539
1670 0.7252241373062134
1671 0.9284847974777222
1672 0.5679354071617126
1673 0.8452861309051514
1674 1.2482763528823853
1675 1.2510302066802979
1676 1.3536382913589478
1677 1.1367427110671997
1678 1.1748415231704712
1679 0.9330712556838989
1680 1.3135284185409546
1681 0.8609134554862976
1682 1.0295746326446533
1683 0.6803355813026428
1684 0.7175171375274658
1685 0.8085820078849792
1686 1.0418920516967773
1687 0.7824990749359131
1688 1.1030244827270508
1689 0.6277465224266052
1690 1.1472141742706299
1691 0.9100807309150696
1692 0.8886573910713196
1693 0.8552203178405762
1694 0.6706132292747498
1695 1.1062965393066406
1696 1.4107136726379395
1697 1.1077979803085327
1698 1.1964792013168335
1699 0.723526656627655
1700 0.9255086779594421
1701 0.6827812194824219
1702 0.7922939658164978
1703 0.9067742824554443
1704 0.5560446977615356
1705 0.9096848368644714
1706 0.8915255069732666
1707 1.3643382787704468
1708 1.2726881504058838
1709 1.4303761720657349
1710 1.27427077293396
1711 1.4107682704925537
1712 1.1678564548492432
1713 1.5012280941009521
1714 1.306410312652588
1715 1.2298334836959839
1716 1.5757378339767456
1717 1.4283294677734375
1718 1.580344319343567
1719 1.3842650651931763
1720 1.3754682540893555
1721 1.4626522064208984
1722 1.2740063667297363
1723 1.613289713859558
1724 1.3975458145141602
1725 1.4641081094741821
1726 1.2288182973861694
1727 1.2531282901763916
1728 0.8139032125473022
1729 0.9950045943260193
1730 0.6702610850334167
1731 0.9480494856834412
1732 1.0995430946350098
1733 0.7681725025177002
1734 1.2155040502548218
1735 1.368216633796692
1736 1.2853525876998901
1737 1.0475729703903198
1738 1.0400792360305786
1739 1.4510550498962402
1740 1.0252079963684082
1741 1.0373302698135376
1742 1.0916399955749512
1743 0.9046359658241272
1744 1.255849003791809
1745 1.1053317785263062
1746 1.2339485883712769
1747 0.9881565570831299
1748 1.2508364915847778
1749 1.318833351135254
1750 1.489842176437378
1751 1.1769325733184814
1752 1.001191258430481
1753 1.194323182106018
1754 1.271278738975525
1755 1.3409407138824463
1756 1.0767513513565063
1757 1.1858848333358765
1758 0.8761880397796631
1759 0.9130454063415527
1760 1.3550969362258911
1761 1.008884072303772
1762 1.1790556907653809
1763 1.1896253824234009
1764 1.2376071214675903
1765 1.1888717412948608
1766 1.0904918909072876
1767 1.1624107360839844
1768 0.886800229549408
1769 1.2204258441925049
1770 1.3768024444580078
1771 1.2184592485427856
1772 1.3728442192077637
1773 1.0594384670257568
1774 1.1712548732757568
1775 0.7183822989463806
1776 1.421444058418274
1777 1.1930524110794067
1778 1.1403459310531616
1779 1.0355275869369507
1780 1.2782083749771118
1781 1.2422032356262207
1782 0.9484319686889648
1783 1.1057069301605225
1784 1.1785439252853394
1785 1.2800363302230835
1786 1.0141814947128296
1787 1.3158090114593506
1788 1.1415482759475708
1789 1.4419907331466675
1790 1.099212884902954
1791 1.1507104635238647
1792 0.9007936716079712
1793 1.154456377029419
1794 1.2733155488967896
1795 0.9111822247505188
1796 1.1623581647872925
1797 0.9019525051116943
1798 1.1054165363311768
1799 1.6673212051391602
1800 1.441098928451538
1801 1.315515398979187
1802 1.0267215967178345
1803 1.3863561153411865
1804 1.0293351411819458
1805 1.2096351385116577
1806 1.1742708683013916
1807 1.181238055229187
1808 1.341422438621521
1809 0.9594574570655823
1810 1.1654329299926758
1811 0.9661547541618347
1812 1.2940007448196411
1813 1.2991300821304321
1814 1.1060755252838135
1815 1.0368051528930664
1816 1.059566617012024
1817 1.1786407232284546
1818 1.3496818542480469
1819 1.0932157039642334
1820 1.0297890901565552
1821 0.9805498719215393
1822 1.328369379043579
1823 0.6872567534446716
1824 1.3097440004348755
1825 0.9551264047622681
1826 1.0371395349502563
1827 1.0972421169281006
1828 1.1195287704467773
1829 1.1324338912963867
1830 0.9568126201629639
1831 0.9135372638702393
1832 1.3184983730316162
1833 0.9326594471931458
1834 1.0823713541030884
1835 0.8065419793128967
1836 1.0360207557678223
1837 1.1027337312698364
1838 1.1353403329849243
1839 0.9835999608039856
1840 1.271347165107727
1841 1.4582675695419312
1842 1.259027123451233
1843 1.0816316604614258
1844 1.1151561737060547
1845 0.7364888191223145
1846 0.7246919274330139
1847 1.0890706777572632
1848 1.1625502109527588
1849 0.4823410212993622
1850 1.1674367189407349
1851 1.2151106595993042
1852 0.47789672017097473
1853 1.3512777090072632
1854 1.466915488243103
1855 1.0886045694351196
1856 1.34282648563385
1857 1.198433518409729
1858 1.4373996257781982
1859 0.7800064086914063
1860 1.128745436668396
1861 1.091927170753479
1862 0.7399377822875977
1863 0.8334354758262634
1864 1.088415503501892
1865 0.8757976293563843
1866 0.6144022345542908
1867 0.9771630167961121
1868 1.0979740619659424
1869 1.0134737491607666
1870 1.0104421377182007
1871 1.2262239456176758
1872 0.9930952191352844
1873 1.3390017747879028
1874 1.0544099807739258
1875 1.4531961679458618
1876 1.379580020904541
1877 0.7205954194068909
1878 1.3461374044418335
1879 1.318582534790039
1880 0.9903254508972168
1881 0.9127521514892578
1882 0.6202164888381958
1883 1.2983949184417725
1884 1.2238309383392334
1885 1.2420122623443604
1886 1.128136157989502
1887 1.2736892700195313
1888 1.4935027360916138
1889 1.1865618228912354
1890 0.7371624708175659
1891 1.0332376956939697
1892 1.4783658981323242
1893 1.2404284477233887
1894 0.9719323515892029
1895 0.8942041397094727
1896 1.2033296823501587
1897 1.0123525857925415
1898 1.3241908550262451
1899 0.9629061222076416
1900 1.2968990802764893
1901 0.9926602244377136
1902 0.8588261008262634
1903 1.1045597791671753
1904 1.0466386079788208
1905 1.1624014377593994
1906 1.1595553159713745
1907 1.1396853923797607
1908 0.7377996444702148
1909 1.2357486486434937
1910 1.4799093008041382
1911 0.9059749841690063
1912 1.038102388381958
1913 0.931119441986084
1914 1.0452651977539063
1915 0.5015614032745361
1916 0.6345861554145813
1917 0.9261516332626343
1918 1.331690788269043
1919 2.1022825241088867
1920 1.9301533699035645
1921 2.202838182449341
1922 1.7289224863052368
1923 2.236757516860962
1924 2.4052343368530273
1925 2.886115074157715
1926 2.897444009780884
1927 2.779711961746216
1928 3.107339859008789
1929 3.076172113418579
1930 3.3520395755767822
1931 3.216862916946411
1932 2.002624034881592
1933 1.752967119216919
1934 2.314270257949829
1935 2.2300918102264404
1936 2.9719626903533936
1937 2.8494961261749268
1938 2.665335178375244
1939 2.565561294555664
1940 2.7023870944976807
1941 2.563901424407959
1942 2.5051112174987793
1943 2.67012357711792
1944 2.251962900161743
1945 2.0368058681488037
1946 2.707279682159424
1947 2.151846170425415
1948 2.365906238555908
1949 2.1432278156280518
1950 1.8499090671539307
1951 1.4704339504241943
1952 1.4575145244598389
1953 1.1219151020050049
1954 1.3736540079116821
1955 1.0640748739242554
1956 1.2055355310440063
1957 1.0946033000946045
1958 1.0890228748321533
1959 1.0874214172363281
1960 1.984555959701538
1961 1.2770570516586304
1962 1.6731996536254883
1963 1.1295396089553833
1964 1.3237899541854858
1965 1.840986728668213
1966 0.7100529670715332
1967 1.3221714496612549
1968 0.856534481048584
1969 0.9345948696136475
1970 1.3047690391540527
1971 0.9498783349990845
1972 0.8190264701843262
1973 1.4312869310379028
1974 1.0697871446609497
1975 1.0665385723114014
1976 1.1013548374176025
1977 0.8422733545303345
1978 1.1026846170425415
1979 1.3384664058685303
1980 0.6929933428764343
1981 0.8034178018569946
1982 1.219460129737854
1983 1.743050217628479
1984 1.392575979232788
1985 1.222626805305481
1986 1.0700175762176514
1987 1.0099058151245117
1988 1.4072641134262085
1989 1.2627116441726685
1990 1.1084715127944946
1991 0.9378780722618103
1992 1.1443233489990234
1993 1.244936466217041
1994 0.8837454915046692
1995 1.0012608766555786
1996 1.2241665124893188
1997 1.0066167116165161
1998 1.155094027519226
1999 0.8351494073867798
