0 0.0
1 0.7999943494796753
2 0.2934841811656952
3 0.4959472715854645
4 1.0708646774291992
5 0.8326213359832764
6 0.870847225189209
7 0.6281002759933472
8 0.6760231852531433
9 0.3979361355304718
10 0.6323629021644592
11 0.5984492897987366
12 0.5678924918174744
13 0.531926691532135
14 0.4210478961467743
15 0.6198737621307373
16 0.7858807444572449
17 0.8592958450317383
18 0.4927942156791687
19 0.7282195687294006
20 0.9585400223731995
21 1.0039180517196655
22 0.7183119058609009
23 1.1109884977340698
24 0.5052365064620972
25 0.6604331135749817
26 0.8434987664222717
27 0.7971258759498596
28 0.759796142578125
29 0.783423125743866
30 0.6979189515113831
31 0.4187053143978119
32 0.6629905700683594
33 0.32543545961380005
34 0.6852831244468689
35 1.004937767982483
36 0.737231433391571
37 0.6381441950798035
38 0.6051247119903564
39 0.7152162194252014
40 0.8199681639671326
41 0.39209648966789246
42 0.7400343418121338
43 1.142856240272522
44 0.5028585195541382
45 0.3668326139450073
46 0.3121405243873596
47 0.8017420172691345
48 0.798922061920166
49 0.7079002261161804
50 0.6086462736129761
51 0.9706151485443115
52 0.6904191970825195
53 1.077910304069519
54 0.8301689624786377
55 0.6764822006225586
56 0.9863215088844299
57 0.37418773770332336
58 0.617030143737793
59 0.7462039589881897
60 0.483737051486969
61 0.7671578526496887
62 0.7166497707366943
63 0.4138837158679962
64 0.7367547750473022
65 0.4104069173336029
66 0.7542341947555542
67 0.5338649749755859
68 0.6332131624221802
69 0.715337336063385
70 0.4805014729499817
71 0.46029776334762573
72 0.5886818170547485
73 0.5830020308494568
74 0.9535027146339417
75 0.5831838846206665
76 0.8772973418235779
77 0.5851609706878662
78 0.44933828711509705
79 0.564706563949585
80 0.7687996029853821
81 0.6286067366600037
82 0.44872236251831055
83 0.5570573210716248
84 0.29963573813438416
85 0.5218149423599243
86 0.5430670976638794
87 0.6274244785308838
88 0.6526147723197937
89 0.4812232255935669
90 0.7455919981002808
91 0.4303103983402252
92 0.3483547866344452
93 0.7475334405899048
94 1.031766653060913
95 0.7866510152816772
96 0.7620552182197571
97 0.547310471534729
98 0.629605233669281
99 0.4759316146373749
100 0.6951879858970642
101 0.5519008040428162
102 0.6888382434844971
103 0.6116951704025269
104 0.31729745864868164
105 0.383104145526886
106 0.40349140763282776
107 0.380706787109375
108 0.5644450187683105
109 0.8256352543830872
110 0.7318515181541443
111 0.5033408403396606
112 0.7089558839797974
113 0.6317293643951416
114 0.3646499216556549
115 0.7102661728858948
116 0.7493974566459656
117 0.9555023908615112
118 0.3242510259151459
119 0.2941170036792755
120 0.6262936592102051
121 0.7293649315834045
122 0.47910282015800476
123 0.3513922691345215
124 0.5229291915893555
125 0.5211044549942017
126 0.5714232325553894
127 0.9365966320037842
128 0.8485091328620911
129 1.2553330659866333
130 1.0457561016082764
131 1.053444504737854
132 0.8145677447319031
133 0.8845093250274658
134 0.8761261701583862
135 1.262148141860962
136 0.47831282019615173
137 0.6712373495101929
138 0.981437623500824
139 0.916080117225647
140 0.6816834807395935
141 0.6017088294029236
142 0.672078549861908
143 0.6356518268585205
144 0.4483773410320282
145 0.5477852821350098
146 0.7402759790420532
147 0.607181966304779
148 0.8269443511962891
149 0.9233081340789795
150 0.7161276936531067
151 0.9410151839256287
152 0.7550209164619446
153 0.9286491274833679
154 0.563174307346344
155 1.1045085191726685
156 0.5295189619064331
157 0.6230565309524536
158 0.6599454283714294
159 0.5250818133354187
160 0.5889612436294556
161 0.657824695110321
162 0.4691591262817383
163 0.6599610447883606
164 0.6854289174079895
165 0.6775359511375427
166 0.5839839577674866
167 0.9766713976860046
168 0.8474117517471313
169 0.7365203499794006
170 0.43290266394615173
171 0.6276707053184509
172 0.816478431224823
173 1.0671179294586182
174 1.0569366216659546
175 0.7067840099334717
176 0.8272114992141724
177 1.048072338104248
178 0.9475639462471008
179 0.5312254428863525
180 0.7054535150527954
181 0.9826247096061707
182 1.0749601125717163
183 0.8145900964736938
184 1.2397397756576538
185 1.1736596822738647
186 1.010541558265686
187 0.6109302043914795
188 0.8231225609779358
189 0.6593478918075562
190 1.0121240615844727
191 0.9076590538024902
192 0.8610665202140808
193 1.4108558893203735
194 1.3064284324645996
195 1.0404367446899414
196 0.9432769417762756
197 0.7935877442359924
198 0.618402361869812
199 0.8317579030990601
200 0.9987363815307617
201 0.9029554128646851
202 0.932806134223938
203 0.8726444840431213
204 1.3298418521881104
205 0.9969091415405273
206 1.1290394067764282
207 0.9029382467269897
208 0.929817795753479
209 0.9456985592842102
210 1.003716230392456
211 1.0188922882080078
212 1.0825512409210205
213 1.0113376379013062
214 1.0054702758789063
215 0.8222292065620422
216 1.1464242935180664
217 1.443231463432312
218 0.8552096486091614
219 0.7970399856567383
220 1.1703767776489258
221 1.0208828449249268
222 1.0951521396636963
223 1.0970052480697632
224 1.3418952226638794
225 0.9377446174621582
226 1.202439546585083
227 0.9881575703620911
228 0.6262332797050476
229 1.125816822052002
230 0.702932596206665
231 0.9698895215988159
232 0.7118273973464966
233 0.9752117395401001
234 0.9716042280197144
235 1.0255086421966553
236 0.6108075976371765
237 1.0465377569198608
238 0.6950995326042175
239 0.5200135707855225
240 0.5665022134780884
241 0.5136800408363342
242 0.8294578194618225
243 0.8044292330741882
244 0.6984270811080933
245 0.4371013939380646
246 0.5347079634666443
247 0.6915670037269592
248 0.7833712697029114
249 0.7884368896484375
250 0.4103868007659912
251 0.6068887114524841
252 0.6954271793365479
253 1.035779356956482
254 0.48065999150276184
255 1.0238423347473145
256 1.1152617931365967
257 0.9953651428222656
258 0.6252163648605347
259 0.8448877930641174
260 0.8040122985839844
261 0.47256940603256226
262 0.6805683374404907
263 0.6516481041908264
264 0.5414702296257019
265 0.9585738182067871
266 0.7258586287498474
267 0.8715609908103943
268 1.038536787033081
269 0.9567793607711792
270 0.8916285634040833
271 0.6038262844085693
272 0.5529302954673767
273 0.5104135870933533
274 0.735081136226654
275 0.6087353229522705
276 0.3827066421508789
277 0.4460162818431854
278 0.5665620565414429
279 0.5458592176437378
280 0.6190183758735657
281 0.3066190779209137
282 0.8058700561523438
283 0.527256429195404
284 0.756901204586029
285 0.6028134822845459
286 0.384779155254364
287 0.6486796140670776
288 0.8697947263717651
289 0.4535644054412842
290 0.5658114552497864
291 0.5258122086524963
292 0.7906011343002319
293 0.4490007162094116
294 0.43324580788612366
295 0.8482523560523987
296 0.6225690245628357
297 0.4295123219490051
298 0.28626319766044617
299 0.25115031003952026
300 0.4677223265171051
301 0.5837946534156799
302 0.5855699777603149
303 0.4924981892108917
304 0.7430400848388672
305 0.55427086353302
306 0.7711902856826782
307 1.13953697681427
308 0.5987769365310669
309 0.5861561298370361
310 0.7195021510124207
311 0.9349184036254883
312 1.0567764043807983
313 0.5588495135307312
314 0.8528242707252502
315 1.0825008153915405
316 0.622678816318512
317 0.5161082148551941
318 1.0253492593765259
319 0.5781689286231995
320 0.9561759233474731
321 0.6031007766723633
322 0.7694802284240723
323 0.6022043228149414
324 0.608015239238739
325 0.6253402233123779
326 0.6166277527809143
327 1.0520720481872559
328 0.8342753052711487
329 0.9045188426971436
330 0.7860387563705444
331 0.4963817000389099
332 0.6033296585083008
333 0.7439130544662476
334 0.42156291007995605
335 0.8689730167388916
336 0.5537314414978027
337 0.5762612223625183
338 0.8210424780845642
339 0.5948993563652039
340 0.8915648460388184
341 0.7440772652626038
342 0.7351893186569214
343 0.5451324582099915
344 0.5790544152259827
345 0.5714172720909119
346 0.6777768731117249
347 0.6903137564659119
348 0.795947790145874
349 0.6714355945587158
350 0.6005099415779114
351 0.737876832485199
352 0.874125599861145
353 0.5976399779319763
354 0.47662079334259033
355 0.5874117612838745
356 0.642587423324585
357 0.7024075984954834
358 0.5456215739250183
359 0.6876347661018372
360 0.8909396529197693
361 0.893561601638794
362 0.6544077396392822
363 0.8207324743270874
364 0.5558949112892151
365 0.4772423505783081
366 0.4241289794445038
367 0.9171477556228638
368 0.8181747198104858
369 0.5889567732810974
370 0.5063900947570801
371 0.2616271674633026
372 0.6138505339622498
373 0.4885139465332031
374 0.7913811206817627
375 0.9620482325553894
376 0.840442955493927
377 0.8468180298805237
378 0.9850911498069763
379 0.7452994585037231
380 0.6581284403800964
381 0.549184262752533
382 0.5962222218513489
383 0.4595947563648224
384 0.5898397564888
385 0.36580121517181396
386 0.5329329371452332
387 0.7519297003746033
388 0.8462408781051636
389 0.8608901500701904
390 0.6599768400192261
391 0.7989128828048706
392 1.0179672241210938
393 0.8366166949272156
394 1.0936596393585205
395 0.7387747168540955
396 1.004789113998413
397 0.9508662223815918
398 0.7796409726142883
399 0.7413619160652161
400 0.9526817202568054
401 1.15480637550354
402 0.9091259241104126
403 0.6385703682899475
404 0.840690016746521
405 0.6465412378311157
406 0.49617713689804077
407 0.47284987568855286
408 0.40132778882980347
409 0.4941352605819702
410 0.6029609441757202
411 0.883145272731781
412 0.8510228991508484
413 0.8999811410903931
414 0.5158243179321289
415 0.8410061597824097
416 0.772402822971344
417 0.48562338948249817
418 0.8452751040458679
419 0.7282224297523499
420 0.5350754857063293
421 0.6414012908935547
422 0.821897029876709
423 0.4253428280353546
424 0.6620703935623169
425 0.6618398427963257
426 0.5635687112808228
427 0.438779354095459
428 0.5076146721839905
429 0.369826078414917
430 0.4389680325984955
431 1.1116795539855957
432 0.8857332468032837
433 1.0427027940750122
434 0.8146851062774658
435 0.9880887269973755
436 1.2601642608642578
437 0.8279387354850769
438 0.8368907570838928
439 0.7862082123756409
440 0.5266753435134888
441 0.635115921497345
442 0.5329605937004089
443 1.085036039352417
444 1.07843816280365
445 0.7275804877281189
446 0.5605056881904602
447 0.39056238532066345
448 0.6507881879806519
449 0.352920264005661
450 0.5196822881698608
451 1.030491828918457
452 1.1634776592254639
453 1.1191473007202148
454 0.5118300914764404
455 0.6424291133880615
456 0.25994932651519775
457 0.5884448289871216
458 0.47307705879211426
459 0.5665870308876038
460 0.5270110368728638
461 1.1666595935821533
462 0.8387869596481323
463 0.5901443362236023
464 0.6311708688735962
465 0.5431660413742065
466 0.6938145160675049
467 0.7697372436523438
468 0.4798893630504608
469 0.5832487940788269
470 0.4269995093345642
471 0.571151852607727
472 0.8314043879508972
473 0.9899120926856995
474 0.5412535071372986
475 0.6319684386253357
476 0.6789460182189941
477 0.8569480180740356
478 0.7765482664108276
479 1.3634263277053833
480 0.7299619913101196
481 0.9027925133705139
482 0.28509607911109924
483 0.8670573830604553
484 0.42577457427978516
485 0.4927229881286621
486 0.8288361430168152
487 0.5469058156013489
488 0.5174604058265686
489 0.45144161581993103
490 0.6926231384277344
491 0.8597249984741211
492 0.5348607301712036
493 0.49393150210380554
494 0.5871455073356628
495 1.031057357788086
496 0.978489339351654
497 0.7903065085411072
498 0.6690672636032104
499 0.6625211834907532
500 0.8372530937194824
501 0.5970026850700378
502 0.46459949016571045
503 1.015900731086731
504 0.4361921548843384
505 0.5896446108818054
506 0.5405790209770203
507 0.7575564384460449
508 0.7663925886154175
509 0.7083064913749695
510 0.8097175359725952
511 0.7579663991928101
512 0.5231704711914063
513 0.3744148910045624
514 0.37999024987220764
515 0.6150918006896973
516 0.5964442491531372
517 0.7508050799369812
518 0.7276253700256348
519 0.5786441564559937
520 0.610294759273529
521 0.4555133283138275
522 0.6411822438240051
523 0.5123129487037659
524 0.6174585819244385
525 0.5309327244758606
526 0.5564340949058533
527 0.9908129572868347
528 0.5317849516868591
529 0.9665427207946777
530 0.6071300506591797
531 0.6969677209854126
532 0.3676978349685669
533 0.5525016188621521
534 0.6795765161514282
535 0.7598249912261963
536 0.7313037514686584
537 0.5623661279678345
538 0.539297878742218
539 0.5897904634475708
540 0.3487117886543274
541 0.4163784384727478
542 0.2984457015991211
543 0.4782545864582062
544 0.42811650037765503
545 0.4075079560279846
546 0.5703364014625549
547 0.5452438592910767
548 0.8513331413269043
549 0.5432726144790649
550 0.5810719132423401
551 0.8646436333656311
552 0.7965952157974243
553 0.2351756989955902
554 0.5220798254013062
555 0.5490837693214417
556 0.6420772075653076
557 0.5691074132919312
558 0.5612037181854248
559 0.6330894231796265
560 0.7781909704208374
561 0.479905366897583
562 0.6643558144569397
563 0.6169793009757996
564 0.5078945159912109
565 0.46948346495628357
566 0.4502416253089905
567 0.7107048630714417
568 0.811040461063385
569 0.6224532723426819
570 0.45982614159584045
571 0.5713430047035217
572 0.47884806990623474
573 0.4121551215648651
574 0.7037721276283264
575 1.0251615047454834
576 0.637479305267334
577 0.8153518438339233
578 1.0833947658538818
579 1.0393234491348267
580 0.9910809397697449
581 0.879388689994812
582 0.601520836353302
583 0.5077919363975525
584 0.4898432195186615
585 0.6016176342964172
586 0.6351706385612488
587 0.8949149250984192
588 0.6440849900245667
589 0.6288812160491943
590 0.6890950202941895
591 0.4264987111091614
592 0.6675861477851868
593 0.48287683725357056
594 0.4554218351840973
595 0.47488394379615784
596 1.0378814935684204
597 1.0327093601226807
598 0.5394830107688904
599 0.4551728665828705
600 0.5758166313171387
601 0.5676214098930359
602 0.5244690179824829
603 0.4829901456832886
604 0.3321857750415802
605 0.5928559303283691
606 0.4162607192993164
607 0.7683181166648865
608 0.9782828688621521
609 0.41502895951271057
610 0.5288917422294617
611 0.4853314757347107
612 0.7527596950531006
613 0.6777986884117126
614 0.5278791189193726
615 0.7209763526916504
616 0.4997548460960388
617 0.8339417576789856
618 0.6988811492919922
619 0.6293790936470032
620 0.7927002906799316
621 0.6248679161071777
622 1.0962849855422974
623 0.7059757709503174
624 0.5695173144340515
625 0.8855419158935547
626 0.9097581505775452
627 0.9722647666931152
628 0.6939650177955627
629 0.5173641443252563
630 0.8398467302322388
631 0.6809045672416687
632 0.6558452844619751
633 0.9901943802833557
634 0.8276684880256653
635 0.7043323516845703
636 0.8827163577079773
637 0.6809325814247131
638 0.8200107216835022
639 0.8760862946510315
640 0.8788188099861145
641 0.62923663854599
642 0.8473590612411499
643 0.6920832991600037
644 0.6303346157073975
645 1.005075216293335
646 0.6675408482551575
647 0.8976105451583862
648 1.0684648752212524
649 0.4966438412666321
650 0.5500777363777161
651 0.8142907023429871
652 0.7256834506988525
653 0.5962271094322205
654 0.5097450017929077
655 0.6182233691215515
656 0.9621185064315796
657 0.8705431818962097
658 0.6149997115135193
659 0.46158072352409363
660 0.8457022905349731
661 0.7619674801826477
662 0.7279149293899536
663 0.9699640274047852
664 0.7161216735839844
665 0.6581842303276062
666 0.43997809290885925
667 0.3700953722000122
668 0.6010945439338684
669 0.57798171043396
670 0.4981439709663391
671 0.8465028405189514
672 1.0438129901885986
673 0.8757198452949524
674 0.5959675312042236
675 0.38865765929222107
676 0.807235598564148
677 0.3713356852531433
678 0.4437323808670044
679 0.6925696134567261
680 0.5677326917648315
681 0.6391671299934387
682 0.9134198427200317
683 0.5385435819625854
684 0.567689836025238
685 0.5572823286056519
686 0.5070856809616089
687 0.6117960810661316
688 0.6683828830718994
689 0.5755165219306946
690 0.7908481955528259
691 0.5378683805465698
692 0.3976382911205292
693 0.47969865798950195
694 0.5646613240242004
695 0.5570389032363892
696 0.5285130739212036
697 0.774101197719574
698 1.0653914213180542
699 0.6145747303962708
700 0.7303929328918457
701 1.1689438819885254
702 0.5043531060218811
703 0.4461345076560974
704 0.6171222925186157
705 0.5950735211372375
706 0.6383503079414368
707 0.6914533972740173
708 0.6777835488319397
709 0.566352367401123
710 0.7659003138542175
711 0.8136606216430664
712 0.626083493232727
713 0.4732077121734619
714 0.5699286460876465
715 0.4890110492706299
716 0.5340875387191772
717 0.4369858503341675
718 0.4777967035770416
719 0.6375397443771362
720 0.41394561529159546
721 0.4435228109359741
722 0.6105387210845947
723 0.5849396586418152
724 0.6869104504585266
725 0.3185694217681885
726 0.6483872532844543
727 0.6098411083221436
728 0.46451443433761597
729 0.5761672854423523
730 0.7279467582702637
731 0.7552821636199951
732 0.4956442713737488
733 0.5953951478004456
734 0.5134225487709045
735 0.5756136775016785
736 0.32566145062446594
737 0.43776774406433105
738 0.5041611790657043
739 0.3980906903743744
740 0.8398388028144836
741 0.9369977116584778
742 0.8206244111061096
743 0.8601356148719788
744 0.6242512464523315
745 1.004260778427124
746 1.0242711305618286
747 0.7758625745773315
748 0.8973141312599182
749 0.6367213129997253
750 0.5274518132209778
751 0.33172065019607544
752 0.49271368980407715
753 0.4943488538265228
754 0.3802935481071472
755 0.6542643904685974
756 0.4742259979248047
757 0.9363290667533875
758 0.7274165749549866
759 0.9122905135154724
760 0.4629965126514435
761 0.982694149017334
762 0.8299500346183777
763 0.8717802166938782
764 0.6083407998085022
765 0.4323081970214844
766 0.4607384502887726
767 0.9201730489730835
768 0.5084119439125061
769 0.6166046261787415
770 0.9403358697891235
771 0.5128966569900513
772 0.3748578429222107
773 0.5498585104942322
774 0.7020594477653503
775 0.41630929708480835
776 0.3862643539905548
777 0.9349021315574646
778 0.6431447863578796
779 0.5107295513153076
780 0.490364670753479
781 0.6573318243026733
782 0.7669280767440796
783 0.8976519703865051
784 1.278997540473938
785 0.7380962371826172
786 0.7659103870391846
787 0.7947556972503662
788 0.4876152276992798
789 0.5715236663818359
790 0.8681759834289551
791 0.7283368110656738
792 0.7259585857391357
793 0.8963601589202881
794 0.6774187684059143
795 0.4115854799747467
796 0.4623197615146637
797 0.5822877287864685
798 0.5973974466323853
799 0.6430333852767944
800 0.5605520606040955
801 0.39946576952934265
802 0.9954740405082703
803 0.8927245736122131
804 0.5848012566566467
805 0.6066625118255615
806 0.9152448177337646
807 0.48887109756469727
808 0.8875299096107483
809 0.8436799645423889
810 0.5227686762809753
811 0.710657000541687
812 0.6094442009925842
813 0.5477392673492432
814 0.3344193398952484
815 0.3437873423099518
816 0.2825133800506592
817 0.5865679383277893
818 0.7199850082397461
819 0.5493818521499634
820 0.47317877411842346
821 0.5291285514831543
822 0.3259417414665222
823 0.5391759872436523
824 0.5372893214225769
825 0.541932225227356
826 0.8812450170516968
827 0.7459622621536255
828 0.6699872612953186
829 0.5793895125389099
830 0.47725310921669006
831 0.7390989065170288
832 0.7496473789215088
833 0.464606910943985
834 0.6399902105331421
835 0.6270345449447632
836 0.36200380325317383
837 0.6999279260635376
838 0.3103884756565094
839 0.6487852334976196
840 0.6933598518371582
841 0.696745753288269
842 0.47030436992645264
843 0.6025136709213257
844 0.510013997554779
845 0.8957313299179077
846 0.827045738697052
847 0.7336862683296204
848 0.6475237011909485
849 0.506524920463562
850 0.5283467769622803
851 0.5938665866851807
852 0.6790042519569397
853 0.5781193375587463
854 0.5817890763282776
855 0.6086785197257996
856 0.4849429726600647
857 0.6179652810096741
858 0.44150081276893616
859 0.7248432040214539
860 0.8918654918670654
861 0.596867561340332
862 1.1585391759872437
863 0.4877030551433563
864 0.45734068751335144
865 0.7421934604644775
866 0.6373074650764465
867 0.6744257807731628
868 0.5411131381988525
869 0.49790236353874207
870 0.6418833136558533
871 0.6681984066963196
872 1.0196174383163452
873 0.7894073128700256
874 0.737920343875885
875 0.6021270155906677
876 0.7553676962852478
877 0.9427428245544434
878 0.6567041277885437
879 1.1832351684570313
880 0.9747985005378723
881 0.8789317607879639
882 0.603295624256134
883 0.8696837425231934
884 0.5378369688987732
885 0.656150221824646
886 0.6725194454193115
887 0.7674081921577454
888 0.6980193257331848
889 0.6435221433639526
890 0.5487126111984253
891 0.8392318487167358
892 0.8889540433883667
893 0.8286460638046265
894 0.8719797730445862
895 1.0365996360778809
896 0.7736738324165344
897 0.9297724366188049
898 0.4649806022644043
899 0.9284224510192871
900 0.8279431462287903
901 0.7761504054069519
902 0.8549548983573914
903 0.5314949750900269
904 0.8082927465438843
905 0.690423846244812
906 0.8942621350288391
907 0.5800108909606934
908 0.5261974930763245
909 0.6593054533004761
910 0.692202091217041
911 0.5564861297607422
912 0.6428177952766418
913 0.5215303897857666
914 0.3169911801815033
915 0.8599179983139038
916 0.4421732425689697
917 0.6812390685081482
918 1.2696664333343506
919 1.2407985925674438
920 0.49867114424705505
921 0.9895980954170227
922 0.6546903848648071
923 0.8594399094581604
924 0.7865897417068481
925 0.5070386528968811
926 0.5771252512931824
927 0.3223625719547272
928 0.7657182812690735
929 0.5579453706741333
930 0.2862301170825958
931 0.45177561044692993
932 0.8871863484382629
933 0.44010525941848755
934 0.3151286542415619
935 0.3403283953666687
936 0.35520702600479126
937 0.5504177808761597
938 0.4640269875526428
939 0.38428691029548645
940 0.28337767720222473
941 0.456097811460495
942 0.6620444059371948
943 0.9758261442184448
944 0.8459079265594482
945 1.2330257892608643
946 0.6992952823638916
947 1.137022614479065
948 1.0307756662368774
949 1.031866431236267
950 0.9003094434738159
951 1.4565480947494507
952 1.5222145318984985
953 1.3674391508102417
954 1.6895835399627686
955 1.3066120147705078
956 2.008608102798462
957 2.2342355251312256
958 0.8271777033805847
959 0.7818415760993958
960 1.0664145946502686
961 1.1271477937698364
962 1.2237247228622437
963 1.1077698469161987
964 1.3228340148925781
965 0.948262631893158
966 1.2067230939865112
967 0.7841759920120239
968 0.7751864790916443
969 0.341113805770874
970 0.8796616792678833
971 0.42096108198165894
972 0.6053147912025452
973 0.693190336227417
974 0.39689889550209045
975 0.20378705859184265
976 0.4732860326766968
977 0.3868194818496704
978 0.505449652671814
979 0.382747620344162
980 0.5082166790962219
981 0.5724719166755676
982 0.6405242681503296
983 0.3799099326133728
984 0.678528368473053
985 0.3506326377391815
986 0.21521712839603424
987 1.104731559753418
988 0.554103672504425
989 0.9575429558753967
990 0.7555437088012695
991 0.6923255324363708
992 0.42868536710739136
993 1.003319501876831
994 1.012417197227478
995 0.49225446581840515
996 0.6918132901191711
997 0.7332673072814941
998 0.6583619713783264
999 0.44488200545310974
1000 0.6184988617897034
1001 0.6416763663291931
1002 0.5664344429969788
1003 0.6519534587860107
1004 0.6832631826400757
1005 0.4803358316421509
1006 0.5401324033737183
1007 0.5330817103385925
1008 0.49374690651893616
1009 0.3547453284263611
1010 0.5192186832427979
1011 0.5500227212905884
1012 0.36325404047966003
1013 0.47048962116241455
1014 0.23445187509059906
1015 0.6319286227226257
1016 0.38320618867874146
1017 0.3794262409210205
1018 0.6499038338661194
1019 0.5551572442054749
1020 0.3322839140892029
1021 0.46710205078125
1022 0.3383345603942871
1023 0.29525303840637207
1024 0.6784747242927551
1025 0.20798693597316742
1026 0.4934631586074829
1027 0.6260803937911987
1028 0.6694468855857849
1029 0.4971373975276947
1030 0.25385308265686035
1031 0.3962649405002594
1032 0.6014413237571716
1033 0.42793533205986023
1034 0.4202609360218048
1035 0.3505273163318634
1036 0.4721417725086212
1037 0.6683545112609863
1038 0.18671181797981262
1039 0.5234237313270569
1040 0.3578794002532959
1041 0.39121508598327637
1042 0.46547389030456543
1043 0.4401650130748749
1044 0.5913590788841248
1045 0.5489622950553894
1046 0.5480630397796631
1047 0.5694276690483093
1048 0.9170706272125244
1049 0.4632340371608734
1050 1.133305549621582
1051 0.7198171019554138
1052 1.2529783248901367
1053 0.7358757853507996
1054 0.5247194766998291
1055 0.5444456338882446
1056 0.9346216320991516
1057 0.486339807510376
1058 0.7345365881919861
1059 0.6937722563743591
1060 0.48298490047454834
1061 0.6385578513145447
1062 1.0295511484146118
1063 0.39662033319473267
1064 0.6351067423820496
1065 0.7080761790275574
1066 0.8536568880081177
1067 0.7885354161262512
1068 0.4134041965007782
1069 0.8078725934028625
1070 0.6036760807037354
1071 0.37059617042541504
1072 0.6188980937004089
1073 0.7701783776283264
1074 0.5670233368873596
1075 0.8943233489990234
1076 0.6674675941467285
1077 0.42941054701805115
1078 0.5868192315101624
1079 0.7179561853408813
1080 0.6049982905387878
1081 0.5573907494544983
1082 0.5332446694374084
1083 0.808708667755127
1084 0.587408721446991
1085 0.3482450544834137
1086 0.726944625377655
1087 0.5244047045707703
1088 0.8464196920394897
1089 0.8104398250579834
1090 0.6365392208099365
1091 0.6839792132377625
1092 0.4431609511375427
1093 0.5385585427284241
1094 0.880402147769928
1095 0.24991397559642792
1096 0.7139217257499695
1097 0.6507012844085693
1098 0.4455448389053345
1099 0.4643217623233795
1100 0.5122842192649841
1101 0.6886692047119141
1102 0.7064625024795532
1103 1.051235556602478
1104 0.8103554844856262
1105 0.6823711395263672
1106 1.0519216060638428
1107 1.0534709692001343
1108 0.8678613901138306
1109 0.8858751058578491
1110 1.379190444946289
1111 0.9195617437362671
1112 1.106647253036499
1113 1.166769027709961
1114 1.3197016716003418
1115 1.134433627128601
1116 1.164327621459961
1117 1.3876391649246216
1118 0.9576918482780457
1119 1.1067947149276733
1120 1.2879396677017212
1121 1.051464319229126
1122 1.2970473766326904
1123 1.2868611812591553
1124 1.0928088426589966
1125 1.2510406970977783
1126 1.5206469297409058
1127 1.1064316034317017
1128 1.156283974647522
1129 1.0757182836532593
1130 1.4218422174453735
1131 1.6598236560821533
1132 1.2983473539352417
1133 1.1385643482208252
1134 0.8727003931999207
1135 1.227133870124817
1136 0.9984402656555176
1137 1.090675950050354
1138 0.8115276098251343
1139 0.8621416687965393
1140 0.753036618232727
1141 1.018686294555664
1142 0.7233928442001343
1143 0.5942245721817017
1144 0.872894823551178
1145 0.7326192855834961
1146 0.9275642037391663
1147 0.695220947265625
1148 0.5939773321151733
1149 0.3901282250881195
1150 0.9796061515808105
1151 1.3210797309875488
1152 0.9565545916557312
1153 1.137040615081787
1154 1.1030473709106445
1155 0.9881436824798584
1156 1.1999597549438477
1157 0.8323012590408325
1158 1.2054532766342163
1159 1.4024029970169067
1160 0.9632532000541687
1161 1.0896916389465332
1162 1.3728675842285156
1163 0.9538378119468689
1164 0.6571491360664368
1165 1.1715222597122192
1166 1.359216570854187
1167 0.9819129705429077
1168 0.837361216545105
1169 1.4353023767471313
1170 1.2805901765823364
1171 0.7621687650680542
1172 1.1231199502944946
1173 1.019905924797058
1174 0.8863928914070129
1175 0.9671590924263
1176 1.1109882593154907
1177 1.0959945917129517
1178 0.8049084544181824
1179 0.7847434282302856
1180 0.9101693630218506
1181 0.9977295994758606
1182 1.4580711126327515
1183 1.3275309801101685
1184 1.2149854898452759
1185 1.0370553731918335
1186 0.8812981247901917
1187 0.7788567543029785
1188 0.9282217621803284
1189 0.9284335374832153
1190 1.2494813203811646
1191 0.9732788801193237
1192 0.8331285715103149
1193 1.2998591661453247
1194 1.516879916191101
1195 1.1015222072601318
1196 1.701898217201233
1197 0.8312381505966187
1198 0.8028107285499573
1199 0.7833040952682495
1200 1.0643949508666992
1201 0.851488471031189
1202 1.4965972900390625
1203 1.4451967477798462
1204 1.4428678750991821
1205 1.0636298656463623
1206 1.2318371534347534
1207 1.4293409585952759
1208 1.4741108417510986
1209 1.4002444744110107
1210 1.4004851579666138
1211 0.7690384984016418
1212 0.6409481167793274
1213 0.8224525451660156
1214 1.2339823246002197
1215 1.4948378801345825
1216 1.3367372751235962
1217 1.605090618133545
1218 1.0587725639343262
1219 0.860998809337616
1220 0.8515429496765137
1221 0.9438489675521851
1222 1.207356333732605
1223 0.9488285183906555
1224 1.028272032737732
1225 0.5295900106430054
1226 0.5215630531311035
1227 0.6016203165054321
1228 0.7090213894844055
1229 0.6975138783454895
1230 0.4566306173801422
1231 0.5224205255508423
1232 0.5569921731948853
1233 0.49627697467803955
1234 0.2815385162830353
1235 0.5648991465568542
1236 0.4052201509475708
1237 0.6655160784721375
1238 0.4082689583301544
1239 0.8195311427116394
1240 0.9677032232284546
1241 0.7443610429763794
1242 0.43965640664100647
1243 1.0536863803863525
1244 1.068497657775879
1245 0.6026685833930969
1246 0.8150924444198608
1247 0.826302707195282
1248 0.47263067960739136
1249 0.813852846622467
1250 1.2657959461212158
1251 0.857362687587738
1252 1.0465036630630493
1253 1.166570782661438
1254 1.4858468770980835
1255 0.9366770386695862
1256 1.1228764057159424
1257 1.123490571975708
1258 1.5423005819320679
1259 1.038913369178772
1260 1.1194100379943848
1261 0.6946083903312683
1262 1.136395812034607
1263 1.5149880647659302
1264 1.6659976243972778
1265 0.8082238435745239
1266 0.8240896463394165
1267 1.5470306873321533
1268 0.6180260181427002
1269 0.8726298213005066
1270 0.787362277507782
1271 0.8420383334159851
1272 1.5088132619857788
1273 1.007994294166565
1274 1.1369880437850952
1275 0.5994599461555481
1276 0.5880419611930847
1277 0.7316685318946838
1278 0.8685338497161865
1279 1.072878360748291
1280 0.8621195554733276
1281 0.6655121445655823
1282 0.4571496546268463
1283 0.49460166692733765
1284 0.5255280137062073
1285 0.6174086332321167
1286 0.7605372667312622
1287 0.848466694355011
1288 0.5001754760742188
1289 0.628468930721283
1290 0.922581136226654
1291 0.5610746145248413
1292 0.7348642349243164
1293 0.6373208165168762
1294 0.8148777484893799
1295 1.0321706533432007
1296 0.8473278284072876
1297 0.9086981415748596
1298 1.1349550485610962
1299 0.7848350405693054
1300 0.6279297471046448
1301 0.6545302867889404
1302 0.8598628640174866
1303 0.5523434281349182
1304 0.5257794857025146
1305 0.8402319550514221
1306 1.1597034931182861
1307 0.654146134853363
1308 0.560330867767334
1309 0.674921989440918
1310 1.0805597305297852
1311 0.5801618695259094
1312 0.44566506147384644
1313 0.8495838642120361
1314 0.8135437369346619
1315 0.8011566996574402
1316 0.7106132507324219
1317 0.8916667103767395
1318 0.4389316141605377
1319 0.4256446957588196
1320 0.5594434142112732
1321 0.39976558089256287
1322 0.43256351351737976
1323 0.2856622040271759
1324 0.4881334900856018
1325 0.7187595963478088
1326 0.41330114006996155
1327 0.5504868626594543
1328 0.7823016047477722
1329 0.7050191760063171
1330 0.904082715511322
1331 0.8971941471099854
1332 0.6429959535598755
1333 0.7510663270950317
1334 0.3719155192375183
1335 0.45490071177482605
1336 0.5190837383270264
1337 0.7008454203605652
1338 0.18646582961082458
1339 0.5158376693725586
1340 0.5518065690994263
1341 0.46702268719673157
1342 0.9326097369194031
1343 0.7432713508605957
1344 0.5370790362358093
1345 0.30543869733810425
1346 0.5269333124160767
1347 0.6893417835235596
1348 0.8309040665626526
1349 0.8671537637710571
1350 1.1354856491088867
1351 0.651906430721283
1352 0.7351088523864746
1353 0.9010945558547974
1354 1.0234142541885376
1355 0.9911029934883118
1356 0.4570683538913727
1357 0.6876568794250488
1358 0.5102370977401733
1359 0.8197885155677795
1360 0.40914028882980347
1361 0.4586489796638489
1362 0.7520370483398438
1363 0.6200661659240723
1364 0.6672701239585876
1365 0.7790916562080383
1366 0.8591306805610657
1367 0.4274737238883972
1368 0.9183531999588013
1369 0.6819020509719849
1370 0.7898095846176147
1371 0.6053455471992493
1372 0.8872551321983337
1373 0.985470175743103
1374 0.6387169361114502
1375 0.3098926544189453
1376 0.6585130095481873
1377 0.7204026579856873
1378 0.6399417519569397
1379 0.2890127897262573
1380 0.6232956647872925
1381 0.7153093814849854
1382 0.5053947567939758
1383 0.5560208559036255
1384 0.6721643209457397
1385 1.0735357999801636
1386 0.8252300024032593
1387 0.7699639201164246
1388 0.6656957864761353
1389 0.830564558506012
1390 0.8490512371063232
1391 1.1277467012405396
1392 0.7784911394119263
1393 0.31909406185150146
1394 0.7244420051574707
1395 0.4089873731136322
1396 0.544292688369751
1397 0.41299957036972046
1398 0.6602784395217896
1399 0.3813597559928894
1400 0.8364246487617493
1401 0.681831955909729
1402 0.6303392052650452
1403 0.8426318764686584
1404 0.7231771945953369
1405 1.1378626823425293
1406 0.5485509634017944
1407 0.5528866052627563
1408 0.7621047496795654
1409 0.7701326012611389
1410 0.41377511620521545
1411 0.7302707433700562
1412 0.7294790148735046
1413 0.465998113155365
1414 0.5014210939407349
1415 0.7144647836685181
1416 0.4144146740436554
1417 0.4510927200317383
1418 0.3545508086681366
1419 0.5111095309257507
1420 0.6855583786964417
1421 0.3470352292060852
1422 0.4474383592605591
1423 0.5959993600845337
1424 0.2878783047199249
1425 0.33272916078567505
1426 0.814378559589386
1427 0.5684496760368347
1428 0.36686235666275024
1429 0.7191054224967957
1430 0.3453664481639862
1431 0.5412531495094299
1432 0.6556816697120667
1433 0.798313558101654
1434 0.564032793045044
1435 1.064476728439331
1436 1.0959622859954834
1437 0.5354578495025635
1438 0.5642525553703308
1439 0.5520655512809753
1440 0.6164050102233887
1441 0.6124750971794128
1442 0.612157940864563
1443 1.0448155403137207
1444 0.616391122341156
1445 0.943656325340271
1446 0.5941237211227417
1447 0.6830399036407471
1448 0.4706956744194031
1449 0.5190601944923401
1450 0.6553730964660645
1451 0.6436291933059692
1452 0.6940606236457825
1453 1.1243696212768555
1454 0.823736310005188
1455 0.623680055141449
1456 0.5849490761756897
1457 0.9552878141403198
1458 0.3327035903930664
1459 0.9190048575401306
1460 0.6942108869552612
1461 1.0111403465270996
1462 0.5441216826438904
1463 0.6231953501701355
1464 0.3781740963459015
1465 0.32798880338668823
1466 0.20103928446769714
1467 0.7862741947174072
1468 0.6976104974746704
1469 0.7011566758155823
1470 0.21307268738746643
1471 0.8239848613739014
1472 0.8750259280204773
1473 0.8729811906814575
1474 0.4875194728374481
1475 0.7592293620109558
1476 0.6385933756828308
1477 0.47053593397140503
1478 0.6556167602539063
1479 0.6412089467048645
1480 0.7177163362503052
1481 0.34615108370780945
1482 0.29263660311698914
1483 0.19904524087905884
1484 0.7330446839332581
1485 0.35621824860572815
1486 0.4625043570995331
1487 0.9131884574890137
1488 0.30144014954566956
1489 0.4707903563976288
1490 0.9131471514701843
1491 0.8368800282478333
1492 0.4333609938621521
1493 0.9355603456497192
1494 0.468139111995697
1495 0.4689890742301941
1496 0.6453389525413513
1497 0.632559597492218
1498 0.8304407596588135
1499 0.5450606942176819
1500 0.722196638584137
1501 0.7938386797904968
1502 0.8698796629905701
1503 0.8786761164665222
1504 0.94061279296875
1505 0.6010738611221313
1506 0.39306893944740295
1507 0.7610676884651184
1508 0.8796976208686829
1509 0.54677814245224
1510 0.6267235279083252
1511 1.1793529987335205
1512 0.9831963181495667
1513 0.967458188533783
1514 0.9601588249206543
1515 1.1911494731903076
1516 0.7202874422073364
1517 0.3855636417865753
1518 0.9875028133392334
1519 1.059908390045166
1520 0.8245906829833984
1521 0.908710777759552
1522 1.1950478553771973
1523 0.5253547430038452
1524 0.8714281320571899
1525 0.9569441676139832
1526 0.8956167101860046
1527 0.9990899562835693
1528 1.397106409072876
1529 0.446353942155838
1530 0.704200804233551
1531 0.5429457426071167
1532 0.6297884583473206
1533 0.916592538356781
1534 0.6543335318565369
1535 0.6410989165306091
1536 0.800661027431488
1537 0.36167195439338684
1538 1.0911004543304443
1539 0.851465106010437
1540 1.1559267044067383
1541 0.7569584846496582
1542 0.36277851462364197
1543 0.6643860340118408
1544 1.3294912576675415
1545 0.9236370921134949
1546 1.3435533046722412
1547 0.7695034146308899
1548 0.6883602738380432
1549 0.5275075435638428
1550 0.4809613823890686
1551 0.700785219669342
1552 0.43455514311790466
1553 0.8765447735786438
1554 0.7046614289283752
1555 0.44851070642471313
1556 0.3901293873786926
1557 0.7155507206916809
1558 0.6956426501274109
1559 0.5775401592254639
1560 0.6816474199295044
1561 0.514131486415863
1562 0.47511231899261475
1563 0.8420619964599609
1564 0.9932198524475098
1565 0.9312260150909424
1566 0.4489014744758606
1567 0.5654454231262207
1568 0.8899611830711365
1569 0.7385755777359009
1570 1.1463996171951294
1571 1.509442925453186
1572 0.3630104959011078
1573 0.8648179769515991
1574 0.7216081023216248
1575 0.9235712885856628
1576 1.2115774154663086
1577 0.5820348858833313
1578 0.5994420051574707
1579 1.0566127300262451
1580 0.7437328100204468
1581 1.1540888547897339
1582 0.9030523300170898
1583 0.6942140460014343
1584 0.9525066018104553
1585 0.4390633702278137
1586 0.520214319229126
1587 0.5623520016670227
1588 0.5362037420272827
1589 0.5685980319976807
1590 0.31567683815956116
1591 0.6652417182922363
1592 1.0461134910583496
1593 0.8251429200172424
1594 0.6824562549591064
1595 0.8614700436592102
1596 0.42861834168434143
1597 0.5509381294250488
1598 1.0930529832839966
1599 0.5388615131378174
1600 0.499691367149353
1601 0.6267611384391785
1602 0.5908700227737427
1603 0.780363917350769
1604 0.9735432267189026
1605 0.7573932409286499
1606 0.3198530972003937
1607 0.5001792311668396
1608 0.3576650023460388
1609 0.6627742648124695
1610 0.5538150668144226
1611 0.6622390151023865
1612 0.42296361923217773
1613 0.3008895814418793
1614 0.4540167450904846
1615 1.031031608581543
1616 0.9769425988197327
1617 0.5761387944221497
1618 0.5181851983070374
1619 0.6654279232025146
1620 0.5119253396987915
1621 0.6490713953971863
1622 0.6691054701805115
1623 0.6018686294555664
1624 0.5942599773406982
1625 0.5001628994941711
1626 0.5370438098907471
1627 0.7908987998962402
1628 0.5799766778945923
1629 0.4899475872516632
1630 0.3679594099521637
1631 0.49728426337242126
1632 1.0064839124679565
1633 0.8897678256034851
1634 0.8990916609764099
1635 0.6175950169563293
1636 0.7069865465164185
1637 0.41673263907432556
1638 0.5528455376625061
1639 0.6315496563911438
1640 0.7133527994155884
1641 0.32249653339385986
1642 0.4910803735256195
1643 0.3047340214252472
1644 0.7685613036155701
1645 0.6415719985961914
1646 0.5776487588882446
1647 0.6149539947509766
1648 0.5938394665718079
1649 0.48614707589149475
1650 0.5481600761413574
1651 0.6564908027648926
1652 0.8743539452552795
1653 0.7276943325996399
1654 0.6983228921890259
1655 0.3375650644302368
1656 0.8461211919784546
1657 0.6618279814720154
1658 1.2933777570724487
1659 0.847467839717865
1660 0.8342075347900391
1661 0.7849873900413513
1662 0.5818673968315125
1663 0.887087881565094
1664 0.6439416408538818
1665 0.313113272190094
1666 0.5616055130958557
1667 0.6970207095146179
1668 0.7733215093612671
1669 0.8270203471183777
1670 1.3639531135559082
1671 1.2839285135269165
1672 0.6852723956108093
1673 1.6569554805755615
1674 1.0229483842849731
1675 1.1790685653686523
1676 0.9288166761398315
1677 0.3816275894641876
1678 0.5599507689476013
1679 0.6567803025245667
1680 0.5528192520141602
1681 0.5812671184539795
1682 0.4756602942943573
1683 0.6657276153564453
1684 0.6939893364906311
1685 0.7445544004440308
1686 0.6132132411003113
1687 0.24156412482261658
1688 0.4543823003768921
1689 0.7225505113601685
1690 0.6695048809051514
1691 0.2814946472644806
1692 0.475352019071579
1693 0.5962952971458435
1694 0.7632443308830261
1695 0.7161115407943726
1696 0.3358425199985504
1697 0.6180384159088135
1698 0.5268352627754211
1699 0.4466208517551422
1700 0.5929387211799622
1701 0.698634684085846
1702 0.606540322303772
1703 0.4576248228549957
1704 0.8889722228050232
1705 0.6639938354492188
1706 0.7209800481796265
1707 0.5591200590133667
1708 0.5445811748504639
1709 0.6939644813537598
1710 0.7003210186958313
1711 0.6371674537658691
1712 1.104417324066162
1713 0.920455276966095
1714 0.6572056412696838
1715 0.7484045624732971
1716 0.6994187235832214
1717 0.8106992840766907
1718 0.5156136155128479
1719 0.7595231533050537
1720 0.7183703780174255
1721 0.5498269200325012
1722 0.8656734824180603
1723 0.7576743960380554
1724 0.6210638284683228
1725 0.5828871130943298
1726 0.7226524353027344
1727 0.30320611596107483
1728 0.5910629630088806
1729 0.45474642515182495
1730 0.5050815343856812
1731 0.5080264806747437
1732 0.4357474744319916
1733 0.5154510736465454
1734 0.5881713032722473
1735 0.47581028938293457
1736 0.47708484530448914
1737 0.4690905809402466
1738 0.9199281930923462
1739 0.620230495929718
1740 0.8646429181098938
1741 0.5807384848594666
1742 0.6090412735939026
1743 0.6634411215782166
1744 0.4363507628440857
1745 0.44308575987815857
1746 0.5397663116455078
1747 0.8353163599967957
1748 0.6540959477424622
1749 0.6963687539100647
1750 0.5401520133018494
1751 0.7019186019897461
1752 0.3060179054737091
1753 0.7168989181518555
1754 0.7751497030258179
1755 0.7806795239448547
1756 0.4437295198440552
1757 0.44385379552841187
1758 0.40425175428390503
1759 0.45338743925094604
1760 0.5490380525588989
1761 0.43286433815956116
1762 0.541657567024231
1763 0.534717321395874
1764 0.29625457525253296
1765 0.4016686677932739
1766 0.6321397423744202
1767 0.6277214288711548
1768 0.6998878717422485
1769 0.36366546154022217
1770 0.6460142135620117
1771 0.517026960849762
1772 0.4462888240814209
1773 0.8185622692108154
1774 0.3205277919769287
1775 0.3993737995624542
1776 0.6602447032928467
1777 0.6357624530792236
1778 1.00566828250885
1779 0.8109974265098572
1780 0.4549832344055176
1781 0.8728834390640259
1782 0.9132795929908752
1783 1.6318243741989136
1784 1.0387938022613525
1785 0.7987239956855774
1786 0.8961774706840515
1787 0.5058410167694092
1788 0.8114990592002869
1789 0.685582160949707
1790 1.1527526378631592
1791 0.9396812915802002
1792 0.7915146350860596
1793 0.8485479354858398
1794 0.935431718826294
1795 1.1897838115692139
1796 0.8012722730636597
1797 0.754720151424408
1798 0.7835897207260132
1799 0.4754163324832916
1800 1.027299404144287
1801 0.6451273560523987
1802 1.1054182052612305
1803 0.784251868724823
1804 1.0093023777008057
1805 0.7646915912628174
1806 0.39753416180610657
1807 0.944907009601593
1808 0.5924456119537354
1809 0.8210245966911316
1810 0.5031425356864929
1811 0.7171262502670288
1812 0.6072319746017456
1813 1.0328314304351807
1814 0.8643746376037598
1815 0.8215670585632324
1816 0.45468753576278687
1817 0.8461428284645081
1818 0.8938001394271851
1819 0.4975223243236542
1820 0.7134268879890442
1821 0.7163268327713013
1822 0.6503719687461853
1823 1.773456335067749
1824 0.8679118752479553
1825 1.1344587802886963
1826 0.7752918004989624
1827 0.5817556381225586
1828 0.6879080533981323
1829 0.6677436232566833
1830 0.6741904020309448
1831 0.5772209167480469
1832 0.5998364090919495
1833 0.8307687044143677
1834 0.5583027005195618
1835 0.6894870400428772
1836 0.7039177417755127
1837 1.4344236850738525
1838 0.674967348575592
1839 0.7075599431991577
1840 1.1807039976119995
1841 0.9316492676734924
1842 1.1633645296096802
1843 1.0750083923339844
1844 1.090761423110962
1845 0.8313772082328796
1846 0.48559534549713135
1847 0.6257839202880859
1848 1.0000584125518799
1849 1.2324020862579346
1850 0.4704439342021942
1851 0.49245426058769226
1852 0.42806676030158997
1853 0.5339851975440979
1854 0.7893363237380981
1855 0.4013763666152954
1856 0.8712414503097534
1857 0.5601984262466431
1858 0.6240513324737549
1859 0.8336183428764343
1860 0.5067460536956787
1861 0.7053040266036987
1862 0.389996737241745
1863 0.4311281144618988
1864 1.0099036693572998
1865 0.9148604869842529
1866 1.1052098274230957
1867 1.33121657371521
1868 0.7600905895233154
1869 0.6631355881690979
1870 1.5020045042037964
1871 1.0136111974716187
1872 0.5511503219604492
1873 0.6334072947502136
1874 0.4488595128059387
1875 0.44308486580848694
1876 0.3664121627807617
1877 0.5982497334480286
1878 0.7346639037132263
1879 1.0141832828521729
1880 1.007607340812683
1881 0.698163628578186
1882 0.8133151531219482
1883 0.3788994550704956
1884 0.656518816947937
1885 0.8462465405464172
1886 1.098231315612793
1887 1.0838016271591187
1888 0.8053644299507141
1889 0.9190377593040466
1890 0.734391987323761
1891 0.7349001169204712
1892 0.752181351184845
1893 0.624718189239502
1894 0.9798764586448669
1895 1.00413978099823
1896 0.5280975699424744
1897 0.9095441102981567
1898 0.8945419788360596
1899 0.9378210306167603
1900 0.7411377429962158
1901 0.8578444719314575
1902 0.81191486120224
1903 0.6312239766120911
1904 0.7540605664253235
1905 0.4486657381057739
1906 0.7066112160682678
1907 0.5899150371551514
1908 0.8203270435333252
1909 0.8045801520347595
1910 0.5547226667404175
1911 0.8965951800346375
1912 0.6535636782646179
1913 0.6990389227867126
1914 0.7206035256385803
1915 0.9938433766365051
1916 0.8859534859657288
1917 1.443325400352478
1918 1.1934021711349487
1919 0.9366738200187683
1920 0.8105059862136841
1921 0.3648267090320587
1922 1.0576046705245972
1923 1.4135310649871826
1924 1.8934608697891235
1925 1.8568987846374512
1926 1.3418755531311035
1927 1.7085542678833008
1928 1.656606674194336
1929 1.567400336265564
1930 1.7730571031570435
1931 1.0381278991699219
1932 0.9197635650634766
1933 0.8283975720405579
1934 0.5592821836471558
1935 0.7996178865432739
1936 1.0842751264572144
1937 0.6478108763694763
1938 0.7197206616401672
1939 0.8754149079322815
1940 1.0725128650665283
1941 0.8548097014427185
1942 0.5532447099685669
1943 0.9937388896942139
1944 1.2781680822372437
1945 1.799536943435669
1946 1.8434176445007324
1947 1.4594842195510864
1948 1.5178613662719727
1949 1.5986006259918213
1950 1.3131062984466553
1951 1.4198451042175293
1952 1.3193142414093018
1953 1.722442626953125
1954 1.359641432762146
1955 1.3645329475402832
1956 1.3442190885543823
1957 1.4372509717941284
1958 1.72800874710083
1959 1.909740686416626
1960 1.8524589538574219
1961 1.6455305814743042
1962 1.7002595663070679
1963 1.3453621864318848
1964 1.2094825506210327
1965 1.0012236833572388
1966 0.7594619393348694
1967 0.6928064823150635
1968 0.9061545729637146
1969 0.8708820343017578
1970 0.7015752196311951
1971 0.7972292304039001
1972 0.3525445759296417
1973 0.5065155029296875
1974 1.0153356790542603
1975 0.7348803281784058
1976 0.745367705821991
1977 0.7685075402259827
1978 0.5566663146018982
1979 0.33519721031188965
1980 0.6762353181838989
1981 0.9978917837142944
1982 0.5386043190956116
1983 0.6215481162071228
1984 0.7207195162773132
1985 0.4578382670879364
1986 0.5296627283096313
1987 0.8619914650917053
1988 0.6848401427268982
1989 1.3098640441894531
1990 0.7962638735771179
1991 1.0017931461334229
1992 0.8224136829376221
1993 1.100418210029602
1994 0.5726084113121033
1995 0.36491283774375916
1996 0.40288054943084717
1997 0.7097712159156799
1998 0.6302463412284851
1999 0.46560078859329224
