0 0.0
1 1.2961071729660034
2 0.9507004618644714
3 0.9979378581047058
4 1.3981314897537231
5 1.1900043487548828
6 1.1194777488708496
7 0.88901287317276
8 1.1561498641967773
9 1.4807889461517334
10 1.5706671476364136
11 1.2881428003311157
12 1.3057398796081543
13 1.3015110492706299
14 1.5405869483947754
15 1.6849881410598755
16 1.4695111513137817
17 1.1807194948196411
18 1.2849763631820679
19 1.1830826997756958
20 1.8604953289031982
21 1.5210007429122925
22 1.4562119245529175
23 1.5663836002349854
24 1.748463749885559
25 1.2257071733474731
26 1.6710262298583984
27 1.655657410621643
28 1.033850908279419
29 1.6201229095458984
30 1.4252442121505737
31 1.2548284530639648
32 1.3840891122817993
33 0.9405203461647034
34 1.7695847749710083
35 1.523826003074646
36 1.219912052154541
37 1.3636080026626587
38 1.252244472503662
39 1.3830488920211792
40 0.9965839982032776
41 1.4430612325668335
42 1.7580785751342773
43 1.5790048837661743
44 1.341134786605835
45 1.3321714401245117
46 1.3780341148376465
47 1.4455918073654175
48 1.5436662435531616
49 1.5517122745513916
50 1.3136930465698242
51 1.367047905921936
52 1.5609543323516846
53 0.9170530438423157
54 1.2160673141479492
55 1.383225917816162
56 0.9954854846000671
57 0.9808129668235779
58 1.4568122625350952
59 1.0254607200622559
60 1.1575616598129272
61 1.031078577041626
62 1.0767185688018799
63 1.4601541757583618
64 1.5971075296401978
65 1.6896907091140747
66 1.2765100002288818
67 0.6756399273872375
68 1.1461342573165894
69 1.304113507270813
70 1.0911864042282104
71 1.3454868793487549
72 1.2899459600448608
73 1.7549971342086792
74 1.7040053606033325
75 1.5671815872192383
76 1.5224061012268066
77 1.5208450555801392
78 1.6436532735824585
79 1.5502640008926392
80 1.5682499408721924
81 1.6573973894119263
82 1.5707826614379883
83 1.7448179721832275
84 1.451122760772705
85 1.600196361541748
86 1.7921810150146484
87 1.6626657247543335
88 1.4830453395843506
89 1.5493096113204956
90 1.7216688394546509
91 1.7084163427352905
92 1.7332855463027954
93 1.4846596717834473
94 1.0678470134735107
95 1.11943519115448
96 1.266404628753662
97 1.2418224811553955
98 1.0919908285140991
99 1.006698489189148
100 1.2899538278579712
101 1.2681585550308228
102 1.3110368251800537
103 1.5756927728652954
104 0.9870213270187378
105 1.117318034172058
106 0.938934862613678
107 1.50287926197052
108 1.608030915260315
109 1.3377598524093628
110 1.4804701805114746
111 1.4799349308013916
112 1.3442754745483398
113 2.1242775917053223
114 1.6724913120269775
115 1.492830514907837
116 1.8946278095245361
117 1.6606758832931519
118 1.1706914901733398
119 1.7267725467681885
120 1.7958401441574097
121 1.9898711442947388
122 1.6464898586273193
123 1.5452539920806885
124 0.8752493858337402
125 1.1822237968444824
126 1.8733415603637695
127 1.0895990133285522
128 1.2408740520477295
129 1.1428248882293701
130 1.1883925199508667
131 1.3528550863265991
132 1.7437126636505127
133 1.8137056827545166
134 1.9072234630584717
135 1.6520453691482544
136 1.6875760555267334
137 1.6221187114715576
138 1.782583475112915
139 1.3014429807662964
140 1.4066689014434814
141 1.2524970769882202
142 1.6535227298736572
143 1.6282862424850464
144 1.1368095874786377
145 1.413673996925354
146 1.4018943309783936
147 1.0969008207321167
148 1.3149727582931519
149 1.5702950954437256
150 1.4998793601989746
151 1.5649538040161133
152 1.0088101625442505
153 1.2544528245925903
154 1.4975236654281616
155 1.0186243057250977
156 1.1706576347351074
157 1.2127563953399658
158 0.8740778565406799
159 0.947176456451416
160 1.0820127725601196
161 0.983441174030304
162 1.469502568244934
163 1.442958950996399
164 1.1801936626434326
165 1.2433500289916992
166 1.110287070274353
167 1.0727856159210205
168 1.4150010347366333
169 1.4044235944747925
170 1.0946953296661377
171 1.6445311307907104
172 1.058048963546753
173 1.1141717433929443
174 1.1940876245498657
175 1.2020822763442993
176 1.0031315088272095
177 0.5933855175971985
178 1.434499740600586
179 1.7278574705123901
180 1.2991435527801514
181 1.4535313844680786
182 1.3282040357589722
183 1.3891170024871826
184 0.9967533946037292
185 1.7155038118362427
186 1.2501498460769653
187 1.2451859712600708
188 1.6128792762756348
189 1.4007034301757813
190 1.2266795635223389
191 1.3332895040512085
192 1.5840175151824951
193 1.4889193773269653
194 1.351813554763794
195 1.2392818927764893
196 1.2859816551208496
197 1.6025398969650269
198 2.3434128761291504
199 1.830162525177002
200 1.941604733467102
201 1.1971843242645264
202 1.816742181777954
203 1.0011988878250122
204 1.3481175899505615
205 1.3733341693878174
206 1.0298891067504883
207 0.9539327025413513
208 0.9424632787704468
209 1.5769686698913574
210 1.0259608030319214
211 1.4665069580078125
212 1.1659735441207886
213 1.0716710090637207
214 1.315338373184204
215 1.6077409982681274
216 1.4548225402832031
217 1.4353898763656616
218 1.1282962560653687
219 0.8622729182243347
220 1.163892388343811
221 1.4018677473068237
222 0.9568878412246704
223 1.6164898872375488
224 1.7895545959472656
225 1.3070486783981323
226 1.1907721757888794
227 1.314283847808838
228 1.433430552482605
229 1.1301156282424927
230 1.4629993438720703
231 1.2655631303787231
232 1.5061935186386108
233 1.2863551378250122
234 1.0879080295562744
235 1.0289971828460693
236 1.324375033378601
237 1.1888136863708496
238 1.0361179113388062
239 1.1880360841751099
240 1.194387674331665
241 1.328067660331726
242 1.2398993968963623
243 1.1080570220947266
244 1.2880717515945435
245 1.1819034814834595
246 1.0805590152740479
247 1.1269859075546265
248 1.4789268970489502
249 1.0063443183898926
250 1.1866729259490967
251 1.1533746719360352
252 1.706385612487793
253 0.8935219049453735
254 1.3348197937011719
255 1.0366078615188599
256 0.7594543099403381
257 1.1385657787322998
258 0.874114990234375
259 1.3876469135284424
260 1.3293684720993042
261 1.24116051197052
262 1.1443277597427368
263 1.3450167179107666
264 1.1655644178390503
265 1.065214991569519
266 1.6471869945526123
267 1.4695218801498413
268 1.2452363967895508
269 1.3602758646011353
270 1.2437819242477417
271 1.478514552116394
272 1.28706955909729
273 1.0780799388885498
274 1.170076608657837
275 1.1810829639434814
276 1.1783405542373657
277 1.4624357223510742
278 1.2501806020736694
279 1.6944046020507813
280 1.7584589719772339
281 1.8585079908370972
282 1.8276114463806152
283 1.9443323612213135
284 2.149433135986328
285 1.5782098770141602
286 1.8970725536346436
287 1.699487328529358
288 1.4535847902297974
289 1.34853196144104
290 1.4147052764892578
291 1.4063612222671509
292 1.1514031887054443
293 1.017176866531372
294 0.908983588218689
295 1.1331932544708252
296 1.4848031997680664
297 1.3195589780807495
298 1.5931288003921509
299 1.6269153356552124
300 1.544085144996643
301 1.5867999792099
302 1.8524166345596313
303 1.6914705038070679
304 1.864544153213501
305 1.1089993715286255
306 0.9638725519180298
307 1.5915838479995728
308 1.022526502609253
309 1.158761739730835
310 0.9985950589179993
311 1.2542438507080078
312 1.2807912826538086
313 1.9400056600570679
314 0.9584027528762817
315 1.0104798078536987
316 0.5629450082778931
317 1.0573267936706543
318 1.6418992280960083
319 1.595888614654541
320 0.9586904644966125
321 1.0975719690322876
322 1.1741381883621216
323 1.26419997215271
324 1.2513982057571411
325 1.1369792222976685
326 1.237098217010498
327 1.292040467262268
328 1.2587075233459473
329 1.040654182434082
330 0.9270114898681641
331 0.9895362257957458
332 1.1708307266235352
333 1.0315508842468262
334 1.106277585029602
335 1.123142957687378
336 1.0202457904815674
337 1.0112839937210083
338 0.9496514797210693
339 1.037282943725586
340 0.9512252807617188
341 1.3356741666793823
342 0.855707585811615
343 1.0594414472579956
344 1.4689608812332153
345 1.6586036682128906
346 1.168977975845337
347 0.9952505826950073
348 1.0709362030029297
349 1.170028805732727
350 1.5866360664367676
351 1.2105622291564941
352 1.5943604707717896
353 1.8524670600891113
354 1.5975794792175293
355 1.5603985786437988
356 1.22996187210083
357 1.405598759651184
358 1.1667190790176392
359 1.5005606412887573
360 1.2737703323364258
361 1.095703363418579
362 1.2067351341247559
363 1.3501721620559692
364 1.2007120847702026
365 1.4362714290618896
366 1.6517558097839355
367 0.816564679145813
368 1.3153246641159058
369 1.2122571468353271
370 1.1687458753585815
371 1.3896902799606323
372 0.7981954216957092
373 0.8589618802070618
374 1.0605872869491577
375 1.3963271379470825
376 1.4448773860931396
377 1.2489460706710815
378 1.5772453546524048
379 1.1125853061676025
380 1.3630728721618652
381 1.3702046871185303
382 1.4318439960479736
383 1.211800456047058
384 1.1021361351013184
385 1.078344464302063
386 0.6815736889839172
387 1.1215906143188477
388 0.9311582446098328
389 0.9565789103507996
390 1.130617380142212
391 1.032195806503296
392 1.0902190208435059
393 1.030971884727478
394 1.055880069732666
395 1.051566243171692
396 1.2492808103561401
397 1.0397310256958008
398 1.0757391452789307
399 1.1757181882858276
400 0.8625394105911255
401 1.2231992483139038
402 0.9425415992736816
403 1.1475541591644287
404 0.9361916184425354
405 1.254233956336975
406 1.0703400373458862
407 1.0095294713974
408 1.007541537284851
409 1.0284513235092163
410 0.900582492351532
411 1.0157359838485718
412 1.473095417022705
413 1.018783688545227
414 1.257499098777771
415 1.047648549079895
416 0.9672219157218933
417 1.1328511238098145
418 1.1091827154159546
419 1.0513882637023926
420 1.1371067762374878
421 1.1468465328216553
422 1.3014843463897705
423 1.3707681894302368
424 0.8221424221992493
425 1.0845026969909668
426 1.0718492269515991
427 0.916718065738678
428 1.2164735794067383
429 0.8798166513442993
430 1.031933307647705
431 0.8569689989089966
432 1.231331706047058
433 0.9471738338470459
434 1.3690338134765625
435 1.0840553045272827
436 1.1093603372573853
437 1.3440295457839966
438 1.1857727766036987
439 1.5675718784332275
440 1.6144675016403198
441 1.1016647815704346
442 1.0468471050262451
443 1.0494318008422852
444 0.7459187507629395
445 1.1418697834014893
446 1.3486770391464233
447 1.3864749670028687
448 0.8445494174957275
449 0.824110209941864
450 1.0135756731033325
451 1.2802726030349731
452 1.097712516784668
453 1.0598746538162231
454 1.2083402872085571
455 0.9855024814605713
456 0.930194616317749
457 1.048681378364563
458 0.6960432529449463
459 1.0057690143585205
460 0.9675623774528503
461 0.9635322093963623
462 1.088162899017334
463 0.8711509704589844
464 0.9863430261611938
465 0.9177585244178772
466 0.963403582572937
467 1.3305310010910034
468 1.0060161352157593
469 0.8038835525512695
470 1.2463464736938477
471 1.1671301126480103
472 1.1997449398040771
473 1.196341872215271
474 1.3505275249481201
475 0.8034256100654602
476 1.2664990425109863
477 1.307237148284912
478 0.6917290687561035
479 0.8637272715568542
480 1.4265824556350708
481 1.2045286893844604
482 1.6220042705535889
483 1.0172677040100098
484 1.091902732849121
485 1.0557352304458618
486 1.298115849494934
487 1.5233908891677856
488 1.3305741548538208
489 1.3237847089767456
490 1.4353712797164917
491 1.404249906539917
492 1.3368030786514282
493 1.6591782569885254
494 1.3746280670166016
495 1.3377330303192139
496 1.4298652410507202
497 1.3335410356521606
498 1.7390435934066772
499 1.3535072803497314
500 1.240394949913025
501 1.0983262062072754
502 1.0700434446334839
503 0.8552048802375793
504 1.0467453002929688
505 1.0279945135116577
506 0.7634146213531494
507 1.0298935174942017
508 1.2312906980514526
509 0.9208008646965027
510 1.578416347503662
511 1.4804006814956665
512 1.4829410314559937
513 1.1942452192306519
514 1.4805593490600586
515 1.1741681098937988
516 1.210706114768982
517 1.5070863962173462
518 1.0168418884277344
519 1.2710484266281128
520 1.2467344999313354
521 0.986339807510376
522 1.04133939743042
523 0.9933586716651917
524 1.1360828876495361
525 1.3305076360702515
526 1.0970757007598877
527 1.1110565662384033
528 1.3493542671203613
529 1.1182681322097778
530 0.7808065414428711
531 1.0870146751403809
532 1.0612454414367676
533 1.0181477069854736
534 1.5328140258789063
535 1.0040473937988281
536 1.065123200416565
537 1.469723105430603
538 1.2486727237701416
539 1.1222865581512451
540 1.2353435754776
541 1.1822022199630737
542 1.1243829727172852
543 0.9545024633407593
544 1.3958848714828491
545 1.3063863515853882
546 1.4076075553894043
547 1.3247294425964355
548 1.2607342004776
549 1.1299759149551392
550 1.4979450702667236
551 1.1761720180511475
552 1.2858548164367676
553 0.9587242603302002
554 1.3416985273361206
555 1.4563724994659424
556 1.4746050834655762
557 1.7742913961410522
558 1.576768159866333
559 1.4011218547821045
560 1.4158234596252441
561 1.2289108037948608
562 1.4924631118774414
563 1.6545122861862183
564 1.521979570388794
565 1.5558483600616455
566 1.2655967473983765
567 1.343682050704956
568 1.4977163076400757
569 1.7274001836776733
570 1.390748143196106
571 1.5392506122589111
572 1.333328366279602
573 0.8740488290786743
574 0.984432578086853
575 1.1919610500335693
576 1.4543346166610718
577 1.0732643604278564
578 1.4803966283798218
579 1.6557376384735107
580 1.6441386938095093
581 1.3172662258148193
582 1.60909903049469
583 1.381085991859436
584 1.5964375734329224
585 1.7640619277954102
586 1.5106561183929443
587 1.7979522943496704
588 1.8511124849319458
589 1.6198341846466064
590 1.7290621995925903
591 1.7017368078231812
592 1.9211326837539673
593 1.0990782976150513
594 1.4184703826904297
595 1.5104855298995972
596 1.412915587425232
597 1.1893202066421509
598 1.7444480657577515
599 1.2543829679489136
600 1.5666600465774536
601 1.4136035442352295
602 1.1345224380493164
603 0.8220846652984619
604 1.2704359292984009
605 1.5415819883346558
606 1.4481873512268066
607 1.9041589498519897
608 1.907646656036377
609 1.4984033107757568
610 1.563481092453003
611 1.3621267080307007
612 1.6893205642700195
613 1.6948318481445313
614 1.905264139175415
615 1.6659142971038818
616 1.74037766456604
617 1.0004823207855225
618 1.0871528387069702
619 1.0112611055374146
620 1.5026907920837402
621 1.680017113685608
622 1.6331032514572144
623 1.5972744226455688
624 1.3700151443481445
625 1.5525596141815186
626 1.3988380432128906
627 1.5245540142059326
628 1.0939897298812866
629 1.5166511535644531
630 1.1942187547683716
631 1.57380211353302
632 1.4917118549346924
633 1.2350753545761108
634 1.5218249559402466
635 1.487917423248291
636 1.3397347927093506
637 1.430528163909912
638 1.3029264211654663
639 1.4609311819076538
640 1.3947491645812988
641 1.205683946609497
642 1.2899134159088135
643 1.0351874828338623
644 1.2993793487548828
645 1.3710066080093384
646 1.3276976346969604
647 1.371626615524292
648 1.099808692932129
649 1.1199523210525513
650 1.3871872425079346
651 1.2810121774673462
652 1.054107427597046
653 1.6744834184646606
654 1.447858452796936
655 0.990495502948761
656 1.3806759119033813
657 1.2551114559173584
658 1.3249002695083618
659 1.2210444211959839
660 1.275112271308899
661 1.227070689201355
662 1.3437660932540894
663 1.2533073425292969
664 1.6854456663131714
665 1.661673665046692
666 1.7056447267532349
667 1.5174994468688965
668 1.3011795282363892
669 1.3185590505599976
670 1.4261507987976074
671 1.6625730991363525
672 1.2278845310211182
673 1.6917259693145752
674 1.8938597440719604
675 1.6353288888931274
676 1.6582952737808228
677 1.5365633964538574
678 1.544815182685852
679 1.39497971534729
680 1.3942893743515015
681 1.1742274761199951
682 1.2789746522903442
683 1.7308391332626343
684 1.3737751245498657
685 1.5865230560302734
686 1.4884207248687744
687 1.6290323734283447
688 1.506381630897522
689 1.626194715499878
690 1.4831286668777466
691 1.7634299993515015
692 1.365285873413086
693 1.0695216655731201
694 1.2339228391647339
695 1.143367052078247
696 1.377665400505066
697 1.0735570192337036
698 0.9648266434669495
699 0.8731470704078674
700 1.278612494468689
701 1.556980013847351
702 1.5313255786895752
703 1.4088200330734253
704 1.461392879486084
705 1.450697422027588
706 1.9818323850631714
707 1.5622800588607788
708 1.6156938076019287
709 1.728193759918213
710 1.5866241455078125
711 1.4825156927108765
712 1.4666751623153687
713 1.7099546194076538
714 1.585327386856079
715 1.5768052339553833
716 1.6019370555877686
717 1.435006856918335
718 1.5267763137817383
719 1.541551113128662
720 1.7206478118896484
721 1.5274900197982788
722 1.7829524278640747
723 1.7207129001617432
724 1.6543152332305908
725 1.7722030878067017
726 1.5580977201461792
727 1.8581268787384033
728 1.7421871423721313
729 1.6472342014312744
730 1.5871509313583374
731 1.6466718912124634
732 1.6854474544525146
733 1.8487404584884644
734 1.8485511541366577
735 1.9614222049713135
736 2.1642231941223145
737 1.8019201755523682
738 1.5388416051864624
739 1.919857382774353
740 2.2785913944244385
741 2.2660670280456543
742 2.104288339614868
743 2.115746021270752
744 2.0214688777923584
745 2.1181528568267822
746 2.0487446784973145
747 2.149977207183838
748 2.1069977283477783
749 2.063201904296875
750 1.8281383514404297
751 1.7898764610290527
752 2.1829147338867188
753 2.252166748046875
754 1.7595534324645996
755 2.251505136489868
756 1.7856565713882446
757 1.5617752075195313
758 2.1261343955993652
759 1.8652974367141724
760 1.959115982055664
761 1.8108524084091187
762 1.7178397178649902
763 1.6393283605575562
764 1.9316561222076416
765 1.7330533266067505
766 2.1242847442626953
767 1.9476218223571777
768 1.7031608819961548
769 2.022064685821533
770 1.7010713815689087
771 1.6945191621780396
772 1.9453856945037842
773 1.880212664604187
774 1.8582082986831665
775 1.6744803190231323
776 1.8077391386032104
777 2.091399669647217
778 1.7771860361099243
779 1.885947346687317
780 1.690363883972168
781 1.7791869640350342
782 1.5375183820724487
783 1.61233651638031
784 1.7604761123657227
785 1.7868537902832031
786 1.8172258138656616
787 2.1473968029022217
788 1.668134331703186
789 1.8883882761001587
790 1.5445832014083862
791 1.8775748014450073
792 2.2924392223358154
793 1.7169957160949707
794 2.1024587154388428
795 2.2521238327026367
796 1.5646964311599731
797 1.9387691020965576
798 1.620701551437378
799 2.095695972442627
800 1.7843689918518066
801 1.8753563165664673
802 1.7017431259155273
803 1.876680612564087
804 2.244593381881714
805 2.2000560760498047
806 2.2080352306365967
807 1.9425945281982422
808 2.0386857986450195
809 2.1209356784820557
810 2.073604106903076
811 1.9498145580291748
812 2.2807347774505615
813 2.0781471729278564
814 2.1501080989837646
815 1.958385705947876
816 1.5743211507797241
817 2.0977702140808105
818 1.9937496185302734
819 2.254556894302368
820 2.4334919452667236
821 2.5419909954071045
822 2.8261642456054688
823 2.6308069229125977
824 2.3455002307891846
825 2.4966816902160645
826 2.3347949981689453
827 1.9914921522140503
828 1.9678736925125122
829 1.8335535526275635
830 2.343153715133667
831 2.571152687072754
832 2.310220956802368
833 2.2002182006835938
834 2.5934407711029053
835 2.584071636199951
836 2.793971300125122
837 2.792736768722534
838 2.8288016319274902
839 2.5733466148376465
840 2.9596025943756104
841 2.3560550212860107
842 2.629084825515747
843 2.6028974056243896
844 2.1342248916625977
845 2.816260576248169
846 2.5966391563415527
847 2.493962049484253
848 2.4527580738067627
849 2.5403246879577637
850 2.5032289028167725
851 2.5311594009399414
852 2.3576719760894775
853 2.581601142883301
854 2.4125638008117676
855 2.734901189804077
856 2.7263193130493164
857 2.771779775619507
858 2.4639570713043213
859 2.809180736541748
860 2.6936724185943604
861 2.8176636695861816
862 2.433594226837158
863 2.736593723297119
864 2.706699848175049
865 3.0992491245269775
866 2.3972859382629395
867 2.9942445755004883
868 3.0036487579345703
869 2.8658084869384766
870 2.870598316192627
871 3.004686117172241
872 2.7421956062316895
873 2.928905725479126
874 2.895519256591797
875 3.0836901664733887
876 2.992514133453369
877 2.769460439682007
878 3.0672736167907715
879 2.8272452354431152
880 2.889057159423828
881 2.649345874786377
882 2.6127777099609375
883 2.431304931640625
884 2.4578006267547607
885 2.634441375732422
886 2.6593737602233887
887 2.487285614013672
888 2.735076427459717
889 2.644373655319214
890 2.780186414718628
891 2.4875667095184326
892 2.5384669303894043
893 2.604736566543579
894 2.7759087085723877
895 2.9015769958496094
896 2.5388214588165283
897 2.671677589416504
898 2.717170000076294
899 2.518425226211548
900 2.6645264625549316
901 2.798405647277832
902 2.648306131362915
903 2.623422622680664
904 2.844968795776367
905 2.7150375843048096
906 2.820892333984375
907 2.4723339080810547
908 2.588787794113159
909 2.6951441764831543
910 2.305462598800659
911 2.7729663848876953
912 2.661229372024536
913 2.655555248260498
914 2.7916746139526367
915 2.498589515686035
916 2.6034135818481445
917 2.3852622509002686
918 2.6233720779418945
919 2.7335283756256104
920 2.649991273880005
921 2.7455899715423584
922 2.917383909225464
923 2.554760217666626
924 2.59266996383667
925 2.7613401412963867
926 2.922045946121216
927 2.2936036586761475
928 2.71132230758667
929 2.7447350025177
930 2.847001552581787
931 2.7365598678588867
932 2.844446897506714
933 3.0219247341156006
934 2.7838664054870605
935 2.619438886642456
936 2.674626350402832
937 2.722834587097168
938 2.475172996520996
939 2.579178810119629
940 2.3134186267852783
941 2.6673712730407715
942 2.611935615539551
943 2.6805551052093506
944 2.6407365798950195
945 2.867610216140747
946 2.5582313537597656
947 2.4359617233276367
948 2.473043918609619
949 2.6481690406799316
950 2.539012908935547
951 2.86142635345459
952 2.7014753818511963
953 2.7176387310028076
954 2.524690628051758
955 2.7803635597229004
956 2.6462619304656982
957 2.780773401260376
958 2.5672285556793213
959 2.3403983116149902
960 2.3509905338287354
961 2.4376418590545654
962 2.554319143295288
963 2.9994118213653564
964 2.890770435333252
965 2.8484177589416504
966 2.9083378314971924
967 2.888686180114746
968 2.7799160480499268
969 2.8457329273223877
970 2.787222146987915
971 2.5625386238098145
972 2.8028652667999268
973 2.7582507133483887
974 2.8175089359283447
975 3.0121381282806396
976 2.762453317642212
977 2.761960983276367
978 2.75520920753479
979 2.7212073802948
980 2.690457582473755
981 2.423703908920288
982 2.508606195449829
983 2.4135146141052246
984 2.477818012237549
985 2.345052480697632
986 2.596137285232544
987 2.2909207344055176
988 2.8152244091033936
989 2.6061015129089355
990 2.7884037494659424
991 2.6417672634124756
992 2.6788570880889893
993 2.5798401832580566
994 2.605944871902466
995 2.5862319469451904
996 2.5719246864318848
997 2.7846667766571045
998 2.536210298538208
999 2.5272393226623535
1000 2.677316665649414
1001 2.6981589794158936
1002 2.6920719146728516
1003 2.679541826248169
1004 2.4015512466430664
1005 2.5363991260528564
1006 2.5949528217315674
1007 2.647484302520752
1008 2.2887496948242188
1009 2.331688404083252
1010 2.3453209400177
1011 2.4239132404327393
1012 2.7241499423980713
1013 2.4448859691619873
1014 2.5382978916168213
1015 2.7796428203582764
1016 2.4089908599853516
1017 2.332080364227295
1018 2.4264726638793945
1019 2.4459285736083984
1020 2.7132623195648193
1021 2.5553834438323975
1022 2.4062318801879883
1023 2.542363166809082
1024 2.748567819595337
1025 2.5594170093536377
1026 2.506159782409668
1027 2.7157256603240967
1028 2.3882336616516113
1029 2.9387149810791016
1030 2.7160887718200684
1031 2.7018380165100098
1032 2.7670235633850098
1033 2.6147639751434326
1034 2.6078743934631348
1035 2.8309144973754883
1036 2.5978541374206543
1037 2.5918073654174805
1038 2.514913320541382
1039 2.6474266052246094
1040 2.5847179889678955
1041 2.894901752471924
1042 2.9172449111938477
1043 2.5889663696289063
1044 2.7944860458374023
1045 2.6170215606689453
1046 2.576679229736328
1047 2.2883894443511963
1048 2.627748489379883
1049 2.409146547317505
1050 2.341620683670044
1051 2.454728603363037
1052 2.4359726905822754
1053 2.781869649887085
1054 2.8998680114746094
1055 2.580705165863037
1056 2.9630520343780518
1057 3.0701444149017334
1058 2.7830514907836914
1059 2.6832950115203857
1060 2.6155319213867188
1061 2.4488608837127686
1062 2.419856071472168
1063 2.9735262393951416
1064 3.2950069904327393
1065 2.8351526260375977
1066 2.861453056335449
1067 2.869070053100586
1068 3.0923426151275635
1069 3.011488437652588
1070 2.7662088871002197
1071 2.393179416656494
1072 2.6293814182281494
1073 2.5135021209716797
1074 1.821226716041565
1075 2.347297191619873
1076 2.8152694702148438
1077 2.718829393386841
1078 2.1946218013763428
1079 2.4931089878082275
1080 2.3614840507507324
1081 2.0795345306396484
1082 2.4758596420288086
1083 2.9327657222747803
1084 2.538142681121826
1085 2.451777935028076
1086 2.69878888130188
1087 2.436918020248413
1088 2.6464977264404297
1089 2.362548828125
1090 2.455919027328491
1091 2.310072183609009
1092 2.2814724445343018
1093 2.3820929527282715
1094 2.4775445461273193
1095 2.5106658935546875
1096 2.272144317626953
1097 2.832534074783325
1098 2.7104263305664063
1099 2.8661623001098633
1100 2.542147636413574
1101 2.7546746730804443
1102 2.3024327754974365
1103 2.692701578140259
1104 2.497964859008789
1105 2.4604790210723877
1106 2.422332763671875
1107 2.232130289077759
1108 2.8358185291290283
1109 3.0101828575134277
1110 2.735999584197998
1111 2.753408670425415
1112 2.351425886154175
1113 2.401538133621216
1114 2.640031099319458
1115 2.55436372756958
1116 2.54015851020813
1117 2.5510308742523193
1118 2.3188302516937256
1119 2.442927837371826
1120 2.1864476203918457
1121 2.0426015853881836
1122 2.0032472610473633
1123 2.6062710285186768
1124 2.45672345161438
1125 2.4347128868103027
1126 2.3015451431274414
1127 2.5925674438476563
1128 2.300588846206665
1129 2.4382171630859375
1130 2.5846519470214844
1131 2.618123769760132
1132 2.4412426948547363
1133 2.1466548442840576
1134 2.3916399478912354
1135 2.632622003555298
1136 2.3984076976776123
1137 2.391761541366577
1138 2.7244386672973633
1139 2.5613203048706055
1140 2.5631299018859863
1141 2.383664608001709
1142 2.595412492752075
1143 2.745194673538208
1144 2.9078023433685303
1145 2.5628833770751953
1146 2.756312847137451
1147 2.7384588718414307
1148 2.6363766193389893
1149 3.0490145683288574
1150 2.495854616165161
1151 2.714589834213257
1152 2.6808855533599854
1153 3.0091512203216553
1154 2.3594677448272705
1155 2.3853108882904053
1156 2.3903257846832275
1157 2.4421849250793457
1158 2.3509843349456787
1159 2.3963561058044434
1160 2.5762641429901123
1161 2.6226069927215576
1162 2.37963604927063
1163 2.5225298404693604
1164 2.524057149887085
1165 2.89264178276062
1166 2.3514463901519775
1167 2.7066233158111572
1168 2.440274953842163
1169 2.1905221939086914
1170 2.285104274749756
1171 2.2539756298065186
1172 2.658018112182617
1173 2.7364728450775146
1174 2.734837770462036
1175 2.6549787521362305
1176 2.4671332836151123
1177 2.8120462894439697
1178 2.5535905361175537
1179 2.707477331161499
1180 2.376267194747925
1181 2.550783634185791
1182 2.7182888984680176
1183 2.3401501178741455
1184 2.8020899295806885
1185 2.245656967163086
1186 2.294572353363037
1187 2.5129013061523438
1188 2.4285573959350586
1189 2.510423421859741
1190 2.6694045066833496
1191 2.747276782989502
1192 2.50406813621521
1193 2.563629388809204
1194 2.6635239124298096
1195 2.714059352874756
1196 2.7878432273864746
1197 2.4625580310821533
1198 2.399304151535034
1199 2.621466875076294
1200 2.224884271621704
1201 2.6915738582611084
1202 2.5369744300842285
1203 2.4810335636138916
1204 2.376748561859131
1205 2.1846518516540527
1206 2.675419569015503
1207 2.775853157043457
1208 2.705878496170044
1209 2.663363218307495
1210 1.9283167123794556
1211 1.8571175336837769
1212 1.3378586769104004
1213 1.3740513324737549
1214 1.5826915502548218
1215 1.3991166353225708
1216 1.3064295053482056
1217 1.2476712465286255
1218 1.1070724725723267
1219 1.4531992673873901
1220 1.3442957401275635
1221 1.0728563070297241
1222 1.2090933322906494
1223 1.3036712408065796
1224 1.4293861389160156
1225 1.6356114149093628
1226 1.358507752418518
1227 1.4113060235977173
1228 1.0450241565704346
1229 1.1242142915725708
1230 1.10077965259552
1231 1.4734231233596802
1232 1.518860101699829
1233 2.01452374458313
1234 1.8536217212677002
1235 1.6350353956222534
1236 1.4359296560287476
1237 1.5733572244644165
1238 1.453750491142273
1239 2.7195990085601807
1240 2.3694076538085938
1241 2.975794792175293
1242 1.8267951011657715
1243 2.160020112991333
1244 2.4517979621887207
1245 2.814479351043701
1246 2.49747371673584
1247 3.2645156383514404
1248 2.6767594814300537
1249 2.446760416030884
1250 2.5914063453674316
1251 2.261709690093994
1252 2.7961161136627197
1253 2.7667112350463867
1254 2.6936330795288086
1255 2.5473155975341797
1256 2.8278071880340576
1257 2.356233835220337
1258 2.62263560295105
1259 2.609069347381592
1260 2.658064603805542
1261 2.40335750579834
1262 2.609550952911377
1263 2.307814836502075
1264 2.0562472343444824
1265 1.974570393562317
1266 2.20532488822937
1267 2.2159972190856934
1268 2.731532096862793
1269 2.496757984161377
1270 2.5543761253356934
1271 2.775535821914673
1272 3.1166834831237793
1273 2.675985813140869
1274 2.612367868423462
1275 2.5459814071655273
1276 3.0507991313934326
1277 2.919964551925659
1278 2.2191522121429443
1279 2.9291441440582275
1280 2.4294893741607666
1281 2.559729814529419
1282 2.9429657459259033
1283 2.7725799083709717
1284 2.7956769466400146
1285 2.699239730834961
1286 3.0972471237182617
1287 2.842195510864258
1288 2.98628830909729
1289 2.8018383979797363
1290 2.7528443336486816
1291 2.6981329917907715
1292 2.409520387649536
1293 2.6418814659118652
1294 3.053518772125244
1295 2.864762783050537
1296 2.7861216068267822
1297 3.161973714828491
1298 2.4728634357452393
1299 2.8896098136901855
1300 2.4494988918304443
1301 2.6438968181610107
1302 2.715752363204956
1303 2.2242977619171143
1304 2.8371694087982178
1305 2.519092082977295
1306 2.6951537132263184
1307 2.797415256500244
1308 2.9739205837249756
1309 2.927248239517212
1310 2.2515430450439453
1311 2.9902231693267822
1312 2.7869114875793457
1313 2.587336301803589
1314 2.178291082382202
1315 2.466217041015625
1316 2.663466215133667
1317 2.1483051776885986
1318 2.6544125080108643
1319 2.6476900577545166
1320 2.576188325881958
1321 2.683242082595825
1322 3.139920711517334
1323 2.8958616256713867
1324 2.6889069080352783
1325 2.515779733657837
1326 1.8392285108566284
1327 1.9305444955825806
1328 2.1316778659820557
1329 2.0777769088745117
1330 1.7538412809371948
1331 1.909822702407837
1332 1.8430306911468506
1333 2.3167836666107178
1334 2.217705488204956
1335 2.2440624237060547
1336 1.9052317142486572
1337 2.2011709213256836
1338 1.8649524450302124
1339 1.97212553024292
1340 2.2121517658233643
1341 2.2694973945617676
1342 1.725409746170044
1343 2.3392999172210693
1344 2.361355781555176
1345 2.265547037124634
1346 1.9309649467468262
1347 2.2464263439178467
1348 2.2865777015686035
1349 2.3319034576416016
1350 2.374466896057129
1351 2.306896209716797
1352 2.0800652503967285
1353 2.2302887439727783
1354 2.3370797634124756
1355 2.1125576496124268
1356 2.1149814128875732
1357 2.4275593757629395
1358 2.087956428527832
1359 2.100628614425659
1360 2.034982681274414
1361 2.553699016571045
1362 2.1577250957489014
1363 2.272374391555786
1364 2.182878017425537
1365 2.0540552139282227
1366 1.7920740842819214
1367 2.1085829734802246
1368 2.0665318965911865
1369 1.823646903038025
1370 2.021949529647827
1371 1.6456509828567505
1372 1.7334907054901123
1373 2.61031436920166
1374 2.3527743816375732
1375 2.183666467666626
1376 2.3248133659362793
1377 2.1704249382019043
1378 2.1128013134002686
1379 2.255303382873535
1380 2.0044755935668945
1381 2.5127060413360596
1382 2.966731071472168
1383 2.0433499813079834
1384 2.253659963607788
1385 2.2006497383117676
1386 2.4591829776763916
1387 2.01304030418396
1388 2.256164789199829
1389 2.2139999866485596
1390 1.9582979679107666
1391 2.0025410652160645
1392 2.1290574073791504
1393 1.863527536392212
1394 2.4086406230926514
1395 2.1775388717651367
1396 2.0775439739227295
1397 1.744572639465332
1398 2.0484044551849365
1399 2.477353572845459
1400 2.2212307453155518
1401 2.009983539581299
1402 2.206500768661499
1403 1.9978986978530884
1404 1.836892008781433
1405 2.214958906173706
1406 2.0835907459259033
1407 1.7323329448699951
1408 2.0095434188842773
1409 2.194214344024658
1410 2.0256094932556152
1411 1.9259639978408813
1412 2.2936460971832275
1413 1.7317428588867188
1414 2.396580934524536
1415 2.1626362800598145
1416 2.3197269439697266
1417 1.8841407299041748
1418 1.4224919080734253
1419 2.1491546630859375
1420 1.894849419593811
1421 1.8669184446334839
1422 1.9498578310012817
1423 2.9290971755981445
1424 2.7653565406799316
1425 1.9541083574295044
1426 1.5204089879989624
1427 2.050274133682251
1428 1.7574265003204346
1429 1.9371029138565063
1430 1.9339998960494995
1431 1.8859502077102661
1432 1.650809407234192
1433 1.5827603340148926
1434 1.7014837265014648
1435 1.176401138305664
1436 1.4146407842636108
1437 1.003240704536438
1438 1.0888804197311401
1439 1.0523744821548462
1440 1.077756404876709
1441 1.0675619840621948
1442 1.0560286045074463
1443 0.9101134538650513
1444 1.014133334159851
1445 1.0891635417938232
1446 1.0798821449279785
1447 1.0350126028060913
1448 0.9769595861434937
1449 1.461390495300293
1450 1.2850216627120972
1451 1.2251869440078735
1452 1.4409773349761963
1453 1.2135140895843506
1454 1.1402742862701416
1455 1.2948378324508667
1456 1.518946886062622
1457 1.430869221687317
1458 1.185698390007019
1459 1.6541801691055298
1460 1.823050618171692
1461 1.59262216091156
1462 1.472051739692688
1463 1.6613677740097046
1464 1.6476744413375854
1465 1.9252005815505981
1466 1.9319006204605103
1467 2.07315731048584
1468 1.5007622241973877
1469 1.2782256603240967
1470 1.5810247659683228
1471 1.3709081411361694
1472 1.6229277849197388
1473 1.6976653337478638
1474 1.5876519680023193
1475 1.8661149740219116
1476 1.7332100868225098
1477 1.264565348625183
1478 1.3717588186264038
1479 1.246152639389038
1480 1.393336534500122
1481 1.935508370399475
1482 1.2386438846588135
1483 2.030256986618042
1484 1.510623812675476
1485 1.93536376953125
1486 1.2910178899765015
1487 1.774458885192871
1488 0.9477216601371765
1489 1.087752103805542
1490 1.0191659927368164
1491 1.2897940874099731
1492 1.2406375408172607
1493 1.1700011491775513
1494 1.3028488159179688
1495 1.5748080015182495
1496 0.8508237600326538
1497 1.5812417268753052
1498 1.594730019569397
1499 1.4862163066864014
1500 1.369824767112732
1501 1.6823444366455078
1502 1.6271681785583496
1503 1.8702155351638794
1504 1.3155072927474976
1505 1.8790475130081177
1506 1.296538233757019
1507 1.5369377136230469
1508 1.0877344608306885
1509 1.2316139936447144
1510 1.0504882335662842
1511 0.9687787890434265
1512 0.849570095539093
1513 1.2180248498916626
1514 0.9406196475028992
1515 1.0333393812179565
1516 0.9366610646247864
1517 1.501965880393982
1518 1.1984443664550781
1519 0.9110177159309387
1520 0.9838643670082092
1521 1.1152838468551636
1522 0.6852539777755737
1523 1.0017181634902954
1524 0.9634528160095215
1525 0.9669776558876038
1526 1.1674275398254395
1527 0.7468000054359436
1528 0.9859930872917175
1529 0.9263439774513245
1530 1.542173147201538
1531 1.0691250562667847
1532 1.364959955215454
1533 1.4855284690856934
1534 1.553471326828003
1535 1.6371338367462158
1536 1.763897180557251
1537 1.766208291053772
1538 1.6499158143997192
1539 1.3110905885696411
1540 1.7307000160217285
1541 1.564840316772461
1542 1.437205195426941
1543 1.4562571048736572
1544 1.8221815824508667
1545 0.9735698103904724
1546 1.4970771074295044
1547 1.188123345375061
1548 1.1774728298187256
1549 1.0662927627563477
1550 1.1221637725830078
1551 0.9077983498573303
1552 1.155031681060791
1553 0.9574264883995056
1554 1.3188329935073853
1555 1.0394330024719238
1556 1.0369112491607666
1557 1.307766079902649
1558 1.438930630683899
1559 1.1830389499664307
1560 1.5805577039718628
1561 1.2971174716949463
1562 1.0762232542037964
1563 1.1145309209823608
1564 1.1221855878829956
1565 1.7369012832641602
1566 0.7459903359413147
1567 1.3228331804275513
1568 0.9092889428138733
1569 1.3276201486587524
1570 1.8945342302322388
1571 2.0011820793151855
1572 1.7508738040924072
1573 1.5353699922561646
1574 1.4368737936019897
1575 1.5804942846298218
1576 1.017807126045227
1577 1.3550270795822144
1578 1.5266062021255493
1579 1.5735875368118286
1580 1.4350897073745728
1581 1.2977873086929321
1582 1.0600683689117432
1583 1.243760108947754
1584 1.6656831502914429
1585 1.4047638177871704
1586 1.4383968114852905
1587 1.658150553703308
1588 1.5612751245498657
1589 1.1318637132644653
1590 1.1286896467208862
1591 1.7858017683029175
1592 1.5143585205078125
1593 1.3450874090194702
1594 1.2163127660751343
1595 1.6588172912597656
1596 1.0724618434906006
1597 1.71121346950531
1598 1.6968013048171997
1599 1.5002334117889404
1600 1.3245786428451538
1601 1.4137599468231201
1602 1.3238476514816284
1603 1.5986335277557373
1604 1.7811706066131592
1605 1.4560210704803467
1606 1.5569639205932617
1607 1.927977442741394
1608 1.303139328956604
1609 1.2375985383987427
1610 0.8333037495613098
1611 1.508243441581726
1612 0.9574674367904663
1613 1.5699676275253296
1614 1.4730573892593384
1615 1.62539541721344
1616 1.6047824621200562
1617 1.695722222328186
1618 1.2095935344696045
1619 1.5081937313079834
1620 1.6069897413253784
1621 1.6914292573928833
1622 1.2288588285446167
1623 1.5046452283859253
1624 1.1631680727005005
1625 1.1333277225494385
1626 1.3402267694473267
1627 1.2271623611450195
1628 1.2366255521774292
1629 1.2747682332992554
1630 2.0521328449249268
1631 1.7323253154754639
1632 1.1656211614608765
1633 1.7594975233078003
1634 1.4730976819992065
1635 1.5560985803604126
1636 1.6167166233062744
1637 1.7047204971313477
1638 1.7180591821670532
1639 1.6594021320343018
1640 1.369167685508728
1641 1.6580320596694946
1642 1.4756975173950195
1643 1.2489755153656006
1644 1.3463443517684937
1645 1.0551011562347412
1646 1.5853737592697144
1647 1.147139072418213
1648 1.5969111919403076
1649 1.461251974105835
1650 1.396483302116394
1651 1.614810585975647
1652 1.483254075050354
1653 1.3977080583572388
1654 1.4684962034225464
1655 1.567172884941101
1656 1.3324121236801147
1657 1.3771480321884155
1658 1.3855313062667847
1659 1.373986005783081
1660 1.3343892097473145
1661 1.0720665454864502
1662 1.517815351486206
1663 1.581560492515564
1664 1.6432687044143677
1665 1.2853411436080933
1666 1.2836395502090454
1667 1.4390183687210083
1668 1.2164552211761475
1669 1.0581634044647217
1670 0.9559592604637146
1671 1.7449090480804443
1672 1.6062260866165161
1673 1.2330082654953003
1674 1.4191426038742065
1675 1.6629135608673096
1676 1.579121470451355
1677 1.5372531414031982
1678 1.7018483877182007
1679 1.3145722150802612
1680 1.158739686012268
1681 1.9872366189956665
1682 1.5443662405014038
1683 1.3693313598632813
1684 1.7989232540130615
1685 1.5433967113494873
1686 1.3569165468215942
1687 1.7972021102905273
1688 1.7657248973846436
1689 1.6174612045288086
1690 1.0453705787658691
1691 1.1871155500411987
1692 1.1642966270446777
1693 0.8359779715538025
1694 1.5240912437438965
1695 1.3536680936813354
1696 1.272007942199707
1697 1.8502010107040405
1698 1.8934268951416016
1699 1.4224385023117065
1700 1.6522893905639648
1701 1.307082176208496
1702 1.5188517570495605
1703 1.4328275918960571
1704 1.415802001953125
1705 1.0211600065231323
1706 1.223205804824829
1707 1.5437320470809937
1708 1.5929020643234253
1709 1.849757432937622
1710 1.6637444496154785
1711 1.7355639934539795
1712 1.5524044036865234
1713 1.023572325706482
1714 1.694413185119629
1715 1.7839076519012451
1716 1.1138983964920044
1717 1.2561825513839722
1718 1.6234161853790283
1719 1.724392056465149
1720 1.429423451423645
1721 1.284318208694458
1722 1.7839322090148926
1723 1.0656880140304565
1724 1.205214500427246
1725 1.369484543800354
1726 0.9956159591674805
1727 1.1242027282714844
1728 1.2827996015548706
1729 1.2223644256591797
1730 1.1412277221679688
1731 1.0187158584594727
1732 1.109394907951355
1733 1.0407973527908325
1734 1.667839527130127
1735 1.4841629266738892
1736 1.5187586545944214
1737 1.6769630908966064
1738 1.8947265148162842
1739 1.9086954593658447
1740 1.4457197189331055
1741 1.237123966217041
1742 1.216676115989685
1743 0.9991135001182556
1744 1.189139485359192
1745 0.6834803223609924
1746 0.9809492230415344
1747 1.0446078777313232
1748 1.3860408067703247
1749 0.9044565558433533
1750 1.0179682970046997
1751 0.8980522751808167
1752 1.075538158416748
1753 0.8476200103759766
1754 1.2110745906829834
1755 1.1917798519134521
1756 0.9316564798355103
1757 1.6721444129943848
1758 1.3137017488479614
1759 1.3371745347976685
1760 1.262564778327942
1761 0.9605047702789307
1762 0.9605714082717896
1763 1.5723050832748413
1764 1.116299033164978
1765 1.1027185916900635
1766 0.7362549901008606
1767 0.891171395778656
1768 1.1574794054031372
1769 1.1251598596572876
1770 1.4013574123382568
1771 1.5490223169326782
1772 1.586961269378662
1773 1.3462021350860596
1774 1.3333306312561035
1775 1.4942209720611572
1776 1.3092269897460938
1777 1.1652029752731323
1778 1.2530325651168823
1779 0.9465330839157104
1780 1.1027297973632813
1781 1.2604068517684937
1782 1.1255196332931519
1783 1.1030619144439697
1784 1.0938787460327148
1785 1.1264047622680664
1786 0.9970189929008484
1787 1.4788360595703125
1788 1.6602756977081299
1789 1.7206259965896606
1790 1.518134593963623
1791 2.080986738204956
1792 1.8854647874832153
1793 1.900967001914978
1794 0.77430659532547
1795 1.058144450187683
1796 1.568811058998108
1797 1.2908037900924683
1798 1.7702864408493042
1799 1.8619906902313232
1800 1.713175654411316
1801 1.3476017713546753
1802 1.6273179054260254
1803 1.5613338947296143
1804 1.3969755172729492
1805 0.9478467702865601
1806 0.9581590890884399
1807 1.0470167398452759
1808 0.9469313621520996
1809 1.5019676685333252
1810 1.1258207559585571
1811 0.9999381303787231
1812 1.3831360340118408
1813 1.1219556331634521
1814 0.9455638527870178
1815 1.318107008934021
1816 1.3230085372924805
1817 1.1027897596359253
1818 1.3027079105377197
1819 0.9919151663780212
1820 1.1633275747299194
1821 1.2568457126617432
1822 1.765375018119812
1823 1.2486622333526611
1824 1.3405872583389282
1825 1.079929232597351
1826 1.3305805921554565
1827 1.3605583906173706
1828 1.066954255104065
1829 1.5450849533081055
1830 1.2521004676818848
1831 1.2657346725463867
1832 0.946588933467865
1833 1.1764217615127563
1834 1.4974653720855713
1835 1.5890785455703735
1836 1.4007152318954468
1837 1.2617835998535156
1838 1.2761470079421997
1839 1.5940057039260864
1840 1.1161773204803467
1841 1.5241963863372803
1842 1.7060315608978271
1843 1.7072166204452515
1844 1.6516749858856201
1845 1.5079114437103271
1846 1.8390299081802368
1847 1.8096376657485962
1848 1.407002329826355
1849 1.395498514175415
1850 1.155316948890686
1851 1.8128833770751953
1852 1.505208969116211
1853 1.6016203165054321
1854 1.6448169946670532
1855 1.5205971002578735
1856 1.4061172008514404
1857 1.2680954933166504
1858 1.1919875144958496
1859 1.4865381717681885
1860 1.597005009651184
1861 1.4985377788543701
1862 1.2172771692276
1863 1.4568814039230347
1864 1.5591697692871094
1865 1.5980446338653564
1866 1.4338043928146362
1867 1.8866435289382935
1868 1.1459699869155884
1869 1.1492007970809937
1870 1.505129098892212
1871 0.9478974938392639
1872 1.3819345235824585
1873 1.315077781677246
1874 1.4165581464767456
1875 1.7388856410980225
1876 1.6593906879425049
1877 1.400463581085205
1878 1.886435627937317
1879 1.6988253593444824
1880 1.4530613422393799
1881 1.5576210021972656
1882 1.2204831838607788
1883 1.8124802112579346
1884 1.3304747343063354
1885 1.2377485036849976
1886 1.410347819328308
1887 1.5037778615951538
1888 1.761308193206787
1889 1.410873293876648
1890 1.1048847436904907
1891 1.3116555213928223
1892 1.6377191543579102
1893 1.2998284101486206
1894 1.5333852767944336
1895 1.3786102533340454
1896 1.8006528615951538
1897 1.8069416284561157
1898 1.1475894451141357
1899 1.189142107963562
1900 1.5610524415969849
1901 1.1278198957443237
1902 0.846550703048706
1903 0.8959888219833374
1904 0.9437090158462524
1905 1.5694410800933838
1906 1.6915737390518188
1907 1.3984097242355347
1908 1.5917799472808838
1909 1.382729411125183
1910 1.3267844915390015
1911 1.6191322803497314
1912 1.1989619731903076
1913 0.8989396095275879
1914 1.0261610746383667
1915 1.2936261892318726
1916 1.1625936031341553
1917 1.1752221584320068
1918 1.1015284061431885
1919 0.8403008580207825
1920 1.2171372175216675
1921 1.302040696144104
1922 1.1917628049850464
1923 1.0363354682922363
1924 0.9198958873748779
1925 0.9781137108802795
1926 0.875603199005127
1927 1.1783006191253662
1928 0.8867954611778259
1929 0.9711077213287354
1930 1.1887173652648926
1931 1.169562578201294
1932 1.2549227476119995
1933 1.3659331798553467
1934 1.3656511306762695
1935 1.5077182054519653
1936 1.256835699081421
1937 1.3466373682022095
1938 1.6214836835861206
1939 1.3149242401123047
1940 1.6929267644882202
1941 1.5155930519104004
1942 1.2805018424987793
1943 1.4926966428756714
1944 1.3353344202041626
1945 1.5923943519592285
1946 1.214147686958313
1947 1.5676264762878418
1948 1.6659542322158813
1949 1.7982858419418335
1950 2.0375919342041016
1951 1.4541261196136475
1952 1.5394777059555054
1953 1.5304559469223022
1954 1.9387307167053223
1955 1.8253352642059326
1956 1.8195998668670654
1957 1.1461392641067505
1958 1.8291188478469849
1959 1.8180313110351563
1960 1.6680320501327515
1961 1.3679492473602295
1962 1.7347660064697266
1963 1.7322334051132202
1964 1.9226436614990234
1965 1.7854421138763428
1966 1.7931419610977173
1967 1.6522459983825684
1968 1.0728336572647095
1969 1.1669584512710571
1970 1.3330497741699219
1971 1.2918572425842285
1972 1.4076097011566162
1973 1.381140947341919
1974 1.1523804664611816
1975 1.2265938520431519
1976 1.43020761013031
1977 1.278441071510315
1978 1.9987447261810303
1979 2.0544073581695557
1980 2.1376841068267822
1981 1.387385368347168
1982 1.3359640836715698
1983 1.4798144102096558
1984 1.8673326969146729
1985 1.7619532346725464
1986 1.7372114658355713
1987 1.0758150815963745
1988 1.1953154802322388
1989 1.467203974723816
1990 1.1396349668502808
1991 1.1125246286392212
1992 1.3013899326324463
1993 1.810109257698059
1994 1.3255796432495117
1995 1.6480803489685059
1996 1.7056013345718384
1997 1.5859153270721436
1998 1.42333984375
1999 1.6293003559112549
