0 0.0
1 0.521578311920166
2 0.5016015768051147
3 0.6377695798873901
4 0.6167032122612
5 0.5901844501495361
6 0.5008545517921448
7 0.7522581815719604
8 0.6297177672386169
9 0.7045543193817139
10 0.6698627471923828
11 0.8260825276374817
12 0.6488532423973083
13 0.47708213329315186
14 0.4546162784099579
15 0.5850970149040222
16 0.7150419354438782
17 0.8925572037696838
18 0.6158424019813538
19 0.6713274717330933
20 0.699112594127655
21 0.9140099883079529
22 0.8617541790008545
23 0.8971205353736877
24 0.5156346559524536
25 1.4366704225540161
26 0.8016942739486694
27 0.8690949082374573
28 0.8228775858879089
29 0.904238760471344
30 0.8437315821647644
31 1.2617772817611694
32 1.2275335788726807
33 1.3208916187286377
34 0.8457528352737427
35 0.7686625123023987
36 1.0662627220153809
37 0.573182225227356
38 0.8378134369850159
39 1.1888107061386108
40 0.7941073775291443
41 0.8440910577774048
42 0.6792809367179871
43 1.0236090421676636
44 1.5326793193817139
45 1.0196218490600586
46 0.6753162741661072
47 0.757622480392456
48 0.6378209590911865
49 0.7950933575630188
50 0.6650936007499695
51 0.7920660376548767
52 0.6797992587089539
53 0.6859093308448792
54 0.8553128838539124
55 0.8834754228591919
56 1.1269491910934448
57 0.7386574745178223
58 0.6392233371734619
59 0.8191738128662109
60 0.6566401124000549
61 0.8710111379623413
62 0.5831784605979919
63 0.7044334411621094
64 0.41893231868743896
65 0.657594621181488
66 0.7589242458343506
67 0.7210330963134766
68 1.0313403606414795
69 0.7372409701347351
70 0.8964267373085022
71 0.9751967787742615
72 1.068332314491272
73 0.6396722793579102
74 0.48802316188812256
75 0.6635702848434448
76 0.6593136191368103
77 0.7676177620887756
78 0.6415586471557617
79 0.7300078272819519
80 0.9758292436599731
81 0.7439695000648499
82 0.5674270987510681
83 0.8432766199111938
84 1.073216199874878
85 0.7892986536026001
86 0.5931921005249023
87 0.9030126929283142
88 1.0428065061569214
89 0.6081128716468811
90 0.8603848814964294
91 0.8579899668693542
92 0.6940768361091614
93 0.9637975692749023
94 0.601279616355896
95 1.1387755870819092
96 0.6829025149345398
97 0.9023381471633911
98 0.5039138793945313
99 0.5619732141494751
100 0.5621293783187866
101 0.9012816548347473
102 0.6358264684677124
103 0.9135338068008423
104 0.8433673977851868
105 0.8234407305717468
106 0.46916672587394714
107 0.6471090912818909
108 0.6212482452392578
109 1.2569146156311035
110 0.5193700790405273
111 0.7983262538909912
112 1.0979496240615845
113 0.8186511397361755
114 0.6218858957290649
115 0.6987309455871582
116 0.9086573719978333
117 0.5467278361320496
118 0.9779247045516968
119 0.2565784752368927
120 0.6646193265914917
121 0.4911060631275177
122 0.703080952167511
123 0.9048804044723511
124 0.6863569617271423
125 0.5701851844787598
126 0.5959203243255615
127 0.5652827024459839
128 0.8586346507072449
129 0.6116827726364136
130 0.6399804353713989
131 0.9545632600784302
132 0.5359898209571838
133 0.9470318555831909
134 0.7342978715896606
135 0.9396007657051086
136 0.7845665216445923
137 0.5838713645935059
138 0.8266376256942749
139 0.8418644666671753
140 1.0268794298171997
141 0.7417164444923401
142 0.858491837978363
143 0.8718758821487427
144 1.2328693866729736
145 0.5823954343795776
146 0.8574461936950684
147 0.6572938561439514
148 1.024427056312561
149 1.0577174425125122
150 0.7346881628036499
151 0.9555962681770325
152 0.8384426236152649
153 0.5732607245445251
154 0.2679471969604492
155 0.5158045291900635
156 0.7155857086181641
157 0.3867470622062683
158 0.931195855140686
159 0.5863837003707886
160 0.7773711681365967
161 0.7003756761550903
162 1.218823790550232
163 0.8598165512084961
164 0.999907374382019
165 1.103925347328186
166 0.8918459415435791
167 0.8855245113372803
168 0.6037972569465637
169 1.0495721101760864
170 0.6499093174934387
171 0.679503858089447
172 0.8479191064834595
173 0.4521464407444
174 0.5327200293540955
175 0.6892863512039185
176 0.69390869140625
177 0.6606829762458801
178 0.9745674133300781
179 0.9260638952255249
180 0.934741735458374
181 0.9554027915000916
182 0.8672937750816345
183 0.8168784976005554
184 0.8626623749732971
185 1.3169583082199097
186 0.869782567024231
187 0.7441194653511047
188 0.7240051031112671
189 0.6046938896179199
190 0.9600020051002502
191 0.9191360473632813
192 0.879021942615509
193 0.7701101899147034
194 0.5474564433097839
195 1.1419358253479004
196 0.853908121585846
197 0.6756349205970764
198 0.8026019930839539
199 0.5504401922225952
200 1.0261409282684326
201 0.797546923160553
202 0.6121954321861267
203 0.9224178791046143
204 0.7224285006523132
205 0.4544036388397217
206 0.715936541557312
207 0.9066882729530334
208 0.9780200719833374
209 0.666731059551239
210 0.503491997718811
211 0.7036654353141785
212 1.4432094097137451
213 0.7767949104309082
214 0.7959886789321899
215 0.774822473526001
216 0.8662787079811096
217 0.6080692410469055
218 0.8776137232780457
219 0.7632988095283508
220 0.9906802773475647
221 0.786436140537262
222 0.7638425230979919
223 0.5703872442245483
224 0.7685384154319763
225 0.7743145227432251
226 0.6435332894325256
227 1.3939541578292847
228 0.9023573994636536
229 0.5572519898414612
230 0.7459595799446106
231 0.5850048065185547
232 0.8889089822769165
233 0.8015300035476685
234 0.727520763874054
235 0.8354531526565552
236 0.636904239654541
237 0.5426880121231079
238 0.7624421715736389
239 0.8952357172966003
240 0.8292464017868042
241 0.7505516409873962
242 0.877253532409668
243 0.8744036555290222
244 0.6004635095596313
245 0.6391376256942749
246 0.83046954870224
247 0.541940450668335
248 0.5325096845626831
249 1.008739709854126
250 0.7342645525932312
251 0.8028709888458252
252 0.9745744466781616
253 0.5539871454238892
254 0.6734666228294373
255 0.5365560054779053
256 0.5075913071632385
257 0.7497406601905823
258 0.3561379015445709
259 1.1355249881744385
260 0.2951560914516449
261 0.496889591217041
262 0.5655601024627686
263 0.4687555134296417
264 0.9436631798744202
265 1.0776851177215576
266 0.9056162238121033
267 0.7085870504379272
268 0.6442109942436218
269 1.0597773790359497
270 0.6335436105728149
271 0.5003886818885803
272 0.6909713745117188
273 0.5874010920524597
274 0.6101871728897095
275 0.7386261820793152
276 1.0827155113220215
277 0.8828521966934204
278 0.7958847284317017
279 0.5282723307609558
280 0.6060929298400879
281 0.8101961016654968
282 0.47255897521972656
283 0.6114534735679626
284 0.7812954783439636
285 0.8050222992897034
286 0.813743531703949
287 0.6050985455513
288 0.7163680791854858
289 0.7097558379173279
290 0.7598334550857544
291 0.8674052357673645
292 0.8632897734642029
293 0.9236078858375549
294 0.6875800490379333
295 1.062951683998108
296 1.1502158641815186
297 1.0603388547897339
298 0.9143592119216919
299 0.6048365831375122
300 0.7233473658561707
301 0.7910088300704956
302 0.7460376024246216
303 0.6468435525894165
304 0.6617797613143921
305 0.5477514266967773
306 0.6146647334098816
307 0.6594175100326538
308 1.2936583757400513
309 0.9579617381095886
310 0.9633302688598633
311 0.801316499710083
312 0.9616076350212097
313 1.1535533666610718
314 0.8123486638069153
315 0.7482682466506958
316 0.9817041754722595
317 0.9367300271987915
318 0.9362612366676331
319 0.7164239883422852
320 0.8484330177307129
321 0.7076643109321594
322 0.8198650479316711
323 0.6100723743438721
324 1.1673915386199951
325 0.8358725905418396
326 0.9921194314956665
327 0.38251182436943054
328 0.9135918617248535
329 0.652677595615387
330 0.6447134017944336
331 0.8168213367462158
332 0.9254715442657471
333 0.9660530090332031
334 1.1911563873291016
335 1.2022258043289185
336 0.9206363558769226
337 0.7944920063018799
338 0.8871396780014038
339 0.7437283992767334
340 0.424937903881073
341 0.7024989128112793
342 1.0786850452423096
343 1.080096960067749
344 0.6388916373252869
345 0.5043212175369263
346 0.7072176337242126
347 1.2723606824874878
348 0.6498841047286987
349 0.8691407442092896
350 0.715510904788971
351 0.7430526614189148
352 0.5746705532073975
353 0.6877490878105164
354 0.3749462366104126
355 0.458906888961792
356 0.449613094329834
357 0.4097931981086731
358 0.3849007189273834
359 0.6836333870887756
360 0.789516270160675
361 0.5879983305931091
362 1.426771879196167
363 0.5166741013526917
364 0.8667333126068115
365 0.48855677247047424
366 0.6964662671089172
367 0.8074048757553101
368 0.87494295835495
369 0.7462743520736694
370 1.0584532022476196
371 0.6495568752288818
372 0.7276268005371094
373 0.7959417700767517
374 0.8033481240272522
375 0.7170811891555786
376 0.7891941070556641
377 0.8688663840293884
378 0.7550339698791504
379 0.8807156682014465
380 0.7299415469169617
381 0.5425243973731995
382 0.5189220309257507
383 0.9328673481941223
384 0.8424330949783325
385 1.1266545057296753
386 1.0176923274993896
387 0.7120462656021118
388 0.7015011310577393
389 0.9750792384147644
390 0.9127118587493896
391 0.6166170835494995
392 0.6465820074081421
393 0.6613362431526184
394 0.7349184155464172
395 0.8700962066650391
396 0.8091311454772949
397 0.432706356048584
398 0.6676158308982849
399 0.8890640139579773
400 0.5355658531188965
401 0.6951850056648254
402 0.8803128600120544
403 0.9854080080986023
404 0.9963576197624207
405 0.6570107936859131
406 0.8576006293296814
407 0.6438015103340149
408 0.7979595065116882
409 0.9672316312789917
410 0.8938435316085815
411 0.5492167472839355
412 0.7800295948982239
413 1.0467959642410278
414 0.7718484997749329
415 0.9302411079406738
416 0.8076657652854919
417 0.5638580322265625
418 0.7142534255981445
419 0.7457468509674072
420 0.9679545760154724
421 1.012540578842163
422 0.5424436330795288
423 1.0447638034820557
424 0.7724592685699463
425 0.8739510178565979
426 0.9909369349479675
427 1.0310957431793213
428 0.6515781879425049
429 0.7879747748374939
430 0.7457664608955383
431 0.7124437689781189
432 0.9952382445335388
433 0.7628128528594971
434 0.4710571765899658
435 0.6893463730812073
436 0.4140593111515045
437 0.5478028059005737
438 0.6422524452209473
439 0.8253517746925354
440 1.0095134973526
441 0.9593427181243896
442 1.1035178899765015
443 0.40033185482025146
444 0.3053852319717407
445 0.4958308935165405
446 0.8767818808555603
447 0.7030680179595947
448 0.9021593928337097
449 1.0836905241012573
450 0.7870774269104004
451 1.0327187776565552
452 0.6865603923797607
453 0.4655820429325104
454 0.9126515984535217
455 1.0023839473724365
456 0.9758888483047485
457 1.031713843345642
458 1.3939076662063599
459 0.8146757483482361
460 0.7384883165359497
461 0.9995325207710266
462 0.7786905169487
463 0.5678728222846985
464 0.627036452293396
465 0.6464395523071289
466 0.3644992709159851
467 0.9867523312568665
468 1.0821586847305298
469 0.625852644443512
470 0.7906928062438965
471 0.8032634854316711
472 0.7134449481964111
473 0.6243953704833984
474 0.8596704006195068
475 0.4089885950088501
476 0.627515971660614
477 0.5682182312011719
478 0.42584455013275146
479 1.0567829608917236
480 0.9915583729743958
481 0.6386296153068542
482 1.0473231077194214
483 0.8738296627998352
484 0.6650343537330627
485 1.0423649549484253
486 0.5234858989715576
487 0.5487351417541504
488 0.4604184925556183
489 0.3789319097995758
490 0.3793025612831116
491 0.8042387366294861
492 0.7644591331481934
493 0.7706336379051208
494 0.713222861289978
495 0.757043719291687
496 0.9107077121734619
497 1.0605264902114868
498 0.9650722742080688
499 0.9595320224761963
500 1.4279078245162964
501 1.4596143960952759
502 1.1495270729064941
503 0.7465792298316956
504 0.9741809964179993
505 0.5567547678947449
506 1.0245468616485596
507 0.7736396193504333
508 1.0753544569015503
509 0.7388811111450195
510 0.9662172198295593
511 1.242187261581421
512 0.625514030456543
513 0.7013526558876038
514 0.6829940676689148
515 0.6891992092132568
516 0.8942970633506775
517 0.8879801034927368
518 1.356067419052124
519 0.6185699701309204
520 0.5217000842094421
521 0.585064172744751
522 0.7358366250991821
523 0.6463334560394287
524 1.1944187879562378
525 0.6625925898551941
526 0.7496249675750732
527 0.6027135848999023
528 0.9230053424835205
529 0.6032899618148804
530 0.7852497100830078
531 1.0679278373718262
532 0.7564146518707275
533 1.1061311960220337
534 0.9416029453277588
535 0.7042093873023987
536 0.8272525668144226
537 0.865352213382721
538 0.5690516233444214
539 0.5876551866531372
540 1.5427477359771729
541 1.134041428565979
542 1.2078797817230225
543 0.8218041062355042
544 1.1139111518859863
545 1.1066359281539917
546 1.0497944355010986
547 1.0580154657363892
548 0.8179376125335693
549 0.6865212917327881
550 1.069807767868042
551 0.7189376354217529
552 0.7509671449661255
553 0.4449419379234314
554 0.7893691062927246
555 0.4610556364059448
556 0.42958515882492065
557 0.8520138263702393
558 0.8184192180633545
559 0.8507671356201172
560 0.6787682771682739
561 0.6278843879699707
562 1.159006953239441
563 0.9123977422714233
564 0.711634635925293
565 1.1168721914291382
566 0.9162592887878418
567 0.6222672462463379
568 0.5150052309036255
569 0.7931929230690002
570 0.7842548489570618
571 0.8650901913642883
572 0.5473031997680664
573 0.6948122382164001
574 0.9120372533798218
575 1.0721246004104614
576 1.0687251091003418
577 0.6360770463943481
578 1.0329465866088867
579 0.5135955810546875
580 0.689834475517273
581 0.9686779975891113
582 0.7510712146759033
583 0.7950804829597473
584 1.1651430130004883
585 0.48331186175346375
586 0.6188412308692932
587 0.7433133721351624
588 1.054802656173706
589 0.740566611289978
590 0.9201739430427551
591 0.7633394598960876
592 0.8873295783996582
593 0.918469250202179
594 0.45635876059532166
595 0.5444822907447815
596 0.9752082228660583
597 0.7022818326950073
598 0.7818900346755981
599 0.7331938743591309
600 0.7179805636405945
601 0.7330053448677063
602 0.8133527636528015
603 1.1401944160461426
604 0.9155194163322449
605 1.0990197658538818
606 0.8347524404525757
607 0.479059636592865
608 0.5489991903305054
609 0.9107373356819153
610 0.5071678161621094
611 0.6059234142303467
612 0.6642960906028748
613 0.7355864644050598
614 0.8319712281227112
615 0.7464975714683533
616 0.46501636505126953
617 0.9035086631774902
618 0.6724304556846619
619 0.6300885677337646
620 0.8044012784957886
621 0.6984150409698486
622 0.8256498575210571
623 0.9184619784355164
624 0.6378347277641296
625 0.8193219900131226
626 0.6902206540107727
627 1.1326875686645508
628 1.1144673824310303
629 1.0119433403015137
630 0.7089900374412537
631 0.5589540004730225
632 0.4364086091518402
633 0.8248302340507507
634 0.8548571467399597
635 0.7488888502120972
636 0.5976475477218628
637 1.1781553030014038
638 1.0340392589569092
639 0.7120859026908875
640 0.5876708626747131
641 0.8581140041351318
642 1.0846531391143799
643 0.8811598420143127
644 0.7994847893714905
645 0.8001817464828491
646 0.7075039744377136
647 0.9484061002731323
648 0.5827897787094116
649 1.2123183012008667
650 0.7263825535774231
651 1.0925236940383911
652 0.7462769150733948
653 0.6669921875
654 0.38371917605400085
655 0.5528551340103149
656 0.8659845590591431
657 0.752736508846283
658 0.43083855509757996
659 0.38493266701698303
660 0.6605452299118042
661 0.6136198043823242
662 0.6667698621749878
663 0.8387787342071533
664 0.9776184558868408
665 1.1896233558654785
666 1.0674983263015747
667 0.9254651665687561
668 0.8560081124305725
669 0.7469224333763123
670 0.8641654849052429
671 0.9053770303726196
672 1.0084036588668823
673 0.5406143069267273
674 0.6963766813278198
675 0.602323591709137
676 0.6958681344985962
677 0.7324530482292175
678 0.8590835928916931
679 0.6988781690597534
680 0.7975397109985352
681 0.9212079644203186
682 0.698885440826416
683 0.8182916641235352
684 1.0190801620483398
685 0.6671578884124756
686 0.15982754528522491
687 1.117088794708252
688 0.5288662910461426
689 0.7642289400100708
690 0.952441394329071
691 0.7976637482643127
692 0.7822849750518799
693 0.8544764518737793
694 0.7999435663223267
695 0.7977277040481567
696 0.7974423170089722
697 0.873473048210144
698 0.900041937828064
699 0.9318791627883911
700 1.3160200119018555
701 0.9620280265808105
702 1.0622644424438477
703 0.9676258563995361
704 0.9472982287406921
705 0.8003451824188232
706 1.1432300806045532
707 0.7338225841522217
708 1.1111294031143188
709 0.5440480709075928
710 0.8363128304481506
711 0.9661640524864197
712 0.7021293640136719
713 0.7651609182357788
714 0.5534560084342957
715 0.7776532173156738
716 0.6723613739013672
717 0.7623856067657471
718 0.7723188400268555
719 0.5659621357917786
720 0.446846604347229
721 0.6617100238800049
722 0.8273647427558899
723 0.8048015236854553
724 1.0453585386276245
725 0.5690808892250061
726 1.0568591356277466
727 1.056261420249939
728 0.7897244095802307
729 0.45229867100715637
730 0.615454375743866
731 0.7728723287582397
732 0.8853119611740112
733 0.7188894152641296
734 0.8354341983795166
735 0.8987162709236145
736 1.0276967287063599
737 0.6952553987503052
738 0.8714631795883179
739 0.7970658540725708
740 1.1289697885513306
741 0.7609462141990662
742 0.9133732914924622
743 0.9023045897483826
744 0.7404943704605103
745 0.64748615026474
746 0.9514802098274231
747 0.9984023571014404
748 0.9096066951751709
749 0.7216901779174805
750 0.9247906804084778
751 0.5948113203048706
752 0.8172240257263184
753 0.7287548184394836
754 1.1943846940994263
755 1.1341572999954224
756 0.965072751045227
757 0.9238380193710327
758 1.0749742984771729
759 0.8439150452613831
760 1.1152570247650146
761 0.7998231053352356
762 0.8234456777572632
763 0.4302152097225189
764 0.4795369505882263
765 1.3167812824249268
766 0.5213531255722046
767 1.0142474174499512
768 1.011767864227295
769 1.0281680822372437
770 1.110343098640442
771 0.8636447191238403
772 1.063489556312561
773 1.0118805170059204
774 0.7550027966499329
775 1.111419439315796
776 1.3284380435943604
777 1.3077126741409302
778 1.190526008605957
779 0.899516224861145
780 1.1984341144561768
781 1.54165518283844
782 1.0983659029006958
783 1.2471905946731567
784 1.145056128501892
785 0.7934712171554565
786 1.0135042667388916
787 0.7652978301048279
788 0.9143054485321045
789 0.6615532636642456
790 0.624638557434082
791 1.1544872522354126
792 1.0588196516036987
793 1.255602240562439
794 0.9215623736381531
795 0.8009691834449768
796 0.7027367353439331
797 0.9318503737449646
798 1.1462035179138184
799 0.992874264717102
800 0.931266188621521
801 0.8537107706069946
802 0.8186361193656921
803 0.7592718005180359
804 0.8642978668212891
805 0.7353814840316772
806 0.5738528370857239
807 0.6053825616836548
808 1.0763320922851563
809 0.427705317735672
810 0.8589029312133789
811 0.8135478496551514
812 0.5971463322639465
813 0.9917421340942383
814 0.4309709668159485
815 1.0750360488891602
816 0.5348424911499023
817 0.6692503690719604
818 0.6458773016929626
819 0.847850501537323
820 0.5874397158622742
821 0.6889612674713135
822 0.7761809229850769
823 0.8426041603088379
824 0.6341337561607361
825 0.6398317813873291
826 0.6872790455818176
827 0.7964556217193604
828 1.0533372163772583
829 0.43792665004730225
830 0.8715428113937378
831 0.7465364933013916
832 0.7250264883041382
833 0.7205569744110107
834 0.8901309370994568
835 0.753858745098114
836 1.287238359451294
837 1.207534670829773
838 0.7662574052810669
839 0.8661935329437256
840 1.2983781099319458
841 0.9175316095352173
842 0.63697350025177
843 0.7313919067382813
844 0.8427045941352844
845 0.6991803050041199
846 0.8394001126289368
847 0.9773297905921936
848 0.8188078999519348
849 0.7561943531036377
850 1.024810552597046
851 0.5476254820823669
852 0.7181708216667175
853 0.8014031052589417
854 0.5792421102523804
855 1.4393854141235352
856 0.8933767080307007
857 0.9477016925811768
858 0.8348955512046814
859 0.9514232277870178
860 0.7694605588912964
861 0.8435296416282654
862 1.0799087285995483
863 0.8218242526054382
864 0.7948382496833801
865 0.9607101082801819
866 0.8146015405654907
867 0.9664299488067627
868 0.9583679437637329
869 0.7398946285247803
870 0.8084985017776489
871 0.7366887331008911
872 0.9461504817008972
873 0.8322673439979553
874 0.6465210914611816
875 0.6581346392631531
876 0.6090525984764099
877 0.7441450357437134
878 0.8891571164131165
879 0.7978266477584839
880 0.8434286713600159
881 0.7091683745384216
882 0.7097519040107727
883 0.8974122405052185
884 0.6497285962104797
885 0.8810089826583862
886 0.7981274127960205
887 0.8034541010856628
888 0.7466182112693787
889 0.7132667899131775
890 0.7474458813667297
891 0.8733274936676025
892 1.0999011993408203
893 0.7266802191734314
894 0.5671694278717041
895 0.8663290739059448
896 0.7880643606185913
897 0.7559952139854431
898 0.9790746569633484
899 0.9428055286407471
900 0.5078660845756531
901 0.691404402256012
902 0.47144263982772827
903 0.897517740726471
904 0.7072162628173828
905 0.8133878707885742
906 1.0103403329849243
907 0.9043193459510803
908 0.8626856803894043
909 1.129118800163269
910 1.1034324169158936
911 0.9329643845558167
912 0.9702844023704529
913 1.2516446113586426
914 1.2896747589111328
915 1.1659907102584839
916 1.0593855381011963
917 1.3445777893066406
918 1.069491982460022
919 0.9714031219482422
920 1.1999174356460571
921 1.3482890129089355
922 1.1989412307739258
923 1.2726452350616455
924 1.2432820796966553
925 1.182377576828003
926 1.0167601108551025
927 1.0205433368682861
928 1.1447900533676147
929 0.9625034928321838
930 1.0037498474121094
931 0.9410643577575684
932 0.7983694672584534
933 0.8523961305618286
934 1.008949875831604
935 1.131867527961731
936 0.7675501108169556
937 1.0419552326202393
938 0.6922791004180908
939 0.7210874557495117
940 0.8341776132583618
941 0.6247865557670593
942 0.8401249051094055
943 1.2309362888336182
944 0.9151939153671265
945 1.233494520187378
946 0.9099838137626648
947 0.9206957221031189
948 1.3560124635696411
949 0.7879878878593445
950 0.6326828002929688
951 0.815438449382782
952 0.7889820337295532
953 0.8874279856681824
954 1.1287128925323486
955 0.9354696273803711
956 0.6856264472007751
957 0.9451521039009094
958 0.7594653367996216
959 0.8286224007606506
960 0.7302942872047424
961 0.8062568306922913
962 0.7014806866645813
963 0.7498643398284912
964 0.7357498407363892
965 0.6355495452880859
966 0.9011155366897583
967 0.9933997988700867
968 0.8614253997802734
969 0.6890949606895447
970 0.8626613616943359
971 0.7091605067253113
972 0.7980961799621582
973 0.5897827744483948
974 0.8271965384483337
975 0.7854570150375366
976 0.6008139848709106
977 0.9408649206161499
978 0.6295156478881836
979 0.6264317631721497
980 1.0111184120178223
981 0.7500852346420288
982 0.8203888535499573
983 0.7970132827758789
984 0.5938802361488342
985 0.7341498732566833
986 0.7638148665428162
987 0.7942692041397095
988 0.8698551058769226
989 0.9360178112983704
990 0.6874499917030334
991 0.8005054593086243
992 0.6506507992744446
993 0.9464508891105652
994 0.7031974196434021
995 0.6778554320335388
996 0.8148368000984192
997 0.8823822736740112
998 0.6702219247817993
999 0.7438670992851257
1000 0.6205570697784424
1001 0.8941958546638489
1002 0.7604399919509888
1003 0.6904128789901733
1004 0.9420890212059021
1005 0.5883716344833374
1006 0.6510972380638123
1007 0.7024774551391602
1008 0.8521220088005066
1009 0.9914962649345398
1010 1.0111082792282104
1011 0.992525577545166
1012 0.7612648010253906
1013 0.6758332848548889
1014 0.8138396739959717
1015 0.8637983202934265
1016 0.8074744343757629
1017 0.8209777474403381
1018 0.9955856800079346
1019 1.0094257593154907
1020 0.8841143250465393
1021 1.3850651979446411
1022 1.269006609916687
1023 0.896574079990387
1024 1.0504976511001587
1025 0.6671186089515686
1026 0.640614926815033
1027 0.6169040203094482
1028 0.6421181559562683
1029 0.4971080422401428
1030 1.0809813737869263
1031 0.9478440284729004
1032 0.5521503686904907
1033 1.0191620588302612
1034 0.9172123074531555
1035 0.5220363140106201
1036 0.6115638613700867
1037 0.964854896068573
1038 0.7601403594017029
1039 1.0563584566116333
1040 0.6501104831695557
1041 0.886128306388855
1042 0.797093391418457
1043 0.8983264565467834
1044 0.9649689793586731
1045 0.963180661201477
1046 0.6626769304275513
1047 1.1606101989746094
1048 0.7977352142333984
1049 0.5581216812133789
1050 0.5432251691818237
1051 0.8156775832176208
1052 0.8175249695777893
1053 1.0412300825119019
1054 0.6819968223571777
1055 0.6164105534553528
1056 0.5110564231872559
1057 0.6203033924102783
1058 1.1616803407669067
1059 1.114565372467041
1060 1.3183165788650513
1061 0.7385337948799133
1062 1.146738886833191
1063 1.008904218673706
1064 1.1148066520690918
1065 0.8632552027702332
1066 1.2299073934555054
1067 1.156638741493225
1068 1.0971885919570923
1069 0.7464255690574646
1070 0.7477689981460571
1071 0.8230416178703308
1072 0.7906469702720642
1073 0.8312699198722839
1074 0.833625853061676
1075 1.124897837638855
1076 0.6853248476982117
1077 0.8305277824401855
1078 0.983071506023407
1079 0.62712562084198
1080 0.5919232368469238
1081 0.9776291847229004
1082 0.44616514444351196
1083 0.9330952167510986
1084 0.9389021992683411
1085 0.9664390087127686
1086 0.8222615122795105
1087 0.5712327361106873
1088 0.8837756514549255
1089 0.6075938940048218
1090 0.7013166546821594
1091 0.9476779699325562
1092 0.9874439239501953
1093 0.9898658394813538
1094 0.826613187789917
1095 0.9161368012428284
1096 0.7195836901664734
1097 0.9821745157241821
1098 0.9081525802612305
1099 0.7528928518295288
1100 0.8833721280097961
1101 0.7109657526016235
1102 0.7186148762702942
1103 0.7821318507194519
1104 0.6974828839302063
1105 0.8314084410667419
1106 0.6967833042144775
1107 0.9627147316932678
1108 0.7603078484535217
1109 0.7630062103271484
1110 0.718023955821991
1111 0.6207140684127808
1112 0.6753842234611511
1113 0.7136586904525757
1114 0.6539824604988098
1115 0.8496798276901245
1116 0.6276743412017822
1117 0.5575194358825684
1118 0.48598867654800415
1119 0.5352928638458252
1120 0.6697350740432739
1121 0.7443168759346008
1122 0.8340494632720947
1123 0.6117165088653564
1124 0.5574923157691956
1125 0.5921080112457275
1126 0.6766647100448608
1127 0.5394352674484253
1128 0.7083595991134644
1129 0.7003690600395203
1130 0.5799175500869751
1131 0.792430579662323
1132 0.6664406061172485
1133 0.7202149033546448
1134 0.5593364238739014
1135 0.5607799291610718
1136 0.6419695019721985
1137 0.6553162336349487
1138 0.7241765856742859
1139 0.5250687599182129
1140 0.5150191783905029
1141 0.4886329174041748
1142 0.49063795804977417
1143 0.6857087016105652
1144 0.7025360465049744
1145 0.5973138213157654
1146 0.5475682616233826
1147 0.724764883518219
1148 0.8218522667884827
1149 0.4111708402633667
1150 0.6356310248374939
1151 0.9643100500106812
1152 0.827573835849762
1153 0.7075262069702148
1154 0.5688004493713379
1155 0.6957783102989197
1156 0.8110128045082092
1157 0.6306278705596924
1158 0.835442304611206
1159 0.6700595617294312
1160 0.6483684182167053
1161 0.6904783248901367
1162 0.6195390820503235
1163 0.8199803233146667
1164 0.6006205677986145
1165 0.6753848195075989
1166 1.1467087268829346
1167 0.6498270630836487
1168 0.5345805883407593
1169 0.7934105396270752
1170 0.6674898266792297
1171 0.8952664136886597
1172 0.7008352875709534
1173 0.8649811744689941
1174 0.6459679007530212
1175 0.6495373249053955
1176 0.8066152930259705
1177 0.64048832654953
1178 0.7929061055183411
1179 0.6566230058670044
1180 0.7610936164855957
1181 0.7264353036880493
1182 0.8075985312461853
1183 0.7113232016563416
1184 0.757906973361969
1185 0.6290560364723206
1186 0.8915879726409912
1187 0.6263598203659058
1188 0.8786427974700928
1189 0.9516661167144775
1190 0.6260805130004883
1191 0.8160438537597656
1192 0.6686745285987854
1193 0.6781958937644958
1194 0.48423030972480774
1195 0.8377068638801575
1196 0.8727772235870361
1197 0.5537092089653015
1198 0.8197115659713745
1199 0.6381698250770569
1200 0.8995575308799744
1201 0.6630740165710449
1202 0.8094196915626526
1203 0.8409922122955322
1204 0.8316777348518372
1205 0.8468866348266602
1206 0.8610647320747375
1207 0.552693784236908
1208 0.5997523069381714
1209 0.4201417863368988
1210 0.7779832482337952
1211 0.8390306830406189
1212 0.9706358313560486
1213 0.6065269112586975
1214 0.806577742099762
1215 0.8740942478179932
1216 0.9783350229263306
1217 0.7954714298248291
1218 0.8199498653411865
1219 0.8223993182182312
1220 0.6642740964889526
1221 0.8615765571594238
1222 0.8846881985664368
1223 0.7471657991409302
1224 1.2562676668167114
1225 0.5400150418281555
1226 0.5683633685112
1227 0.6265720725059509
1228 0.7448598146438599
1229 0.7920359373092651
1230 0.9752535223960876
1231 0.7444689273834229
1232 1.0669969320297241
1233 0.7920273542404175
1234 0.9131110906600952
1235 1.0441874265670776
1236 0.6885833740234375
1237 0.7516435384750366
1238 0.9058653116226196
1239 0.8213067650794983
1240 0.6345540285110474
1241 0.6282902956008911
1242 1.0194318294525146
1243 0.7847660779953003
1244 0.7495596408843994
1245 1.0621405839920044
1246 0.7389349937438965
1247 0.6375089883804321
1248 0.871655285358429
1249 0.6952527165412903
1250 0.6799113750457764
1251 0.6254462599754333
1252 0.7793527245521545
1253 0.771371066570282
1254 0.8737640380859375
1255 1.0156769752502441
1256 0.9430425763130188
1257 0.9618785381317139
1258 0.8353045582771301
1259 1.082087516784668
1260 1.214186191558838
1261 1.029165506362915
1262 0.9235795736312866
1263 0.9958529472351074
1264 1.0171959400177002
1265 0.8523699641227722
1266 1.3012593984603882
1267 0.8470622897148132
1268 0.683484673500061
1269 0.6110658049583435
1270 0.6527493000030518
1271 0.5605727434158325
1272 0.6911090016365051
1273 0.5507261753082275
1274 1.0962224006652832
1275 0.9349007606506348
1276 1.0531221628189087
1277 0.8569294810295105
1278 0.7541959881782532
1279 0.8640505075454712
1280 0.9005505442619324
1281 0.7303985953330994
1282 0.8561347723007202
1283 0.9309998154640198
1284 1.08974027633667
1285 0.744073748588562
1286 0.5208956003189087
1287 0.97686767578125
1288 0.8011831045150757
1289 0.6654024124145508
1290 0.9513930082321167
1291 0.8920295238494873
1292 0.911547839641571
1293 0.7075657844543457
1294 0.9188224673271179
1295 1.0562201738357544
1296 0.7471081614494324
1297 0.634171187877655
1298 0.9269238114356995
1299 0.7117772698402405
1300 0.7478538155555725
1301 0.7986961603164673
1302 0.6405386924743652
1303 0.6146830916404724
1304 0.6888223886489868
1305 0.804140567779541
1306 0.6342346668243408
1307 1.0172827243804932
1308 0.5181335806846619
1309 0.7333006858825684
1310 0.8790633678436279
1311 0.8573922514915466
1312 0.8721710443496704
1313 0.5943869352340698
1314 0.6004579663276672
1315 1.1901272535324097
1316 0.6783338785171509
1317 0.8500490188598633
1318 0.9615487456321716
1319 0.8045027256011963
1320 0.9731850028038025
1321 1.1711738109588623
1322 0.8983468413352966
1323 0.6809229850769043
1324 0.9597880840301514
1325 0.5663659572601318
1326 0.5311678051948547
1327 0.5030046701431274
1328 0.8468119502067566
1329 1.1560804843902588
1330 0.8724624514579773
1331 0.6051768660545349
1332 1.0001853704452515
1333 0.813203752040863
1334 0.7951648831367493
1335 0.5616138577461243
1336 0.6656947135925293
1337 0.9125059843063354
1338 0.621171772480011
1339 0.9611096382141113
1340 0.8238178491592407
1341 0.7667662501335144
1342 1.0830931663513184
1343 0.7686417698860168
1344 0.589494526386261
1345 0.7220280766487122
1346 0.5941511392593384
1347 0.7118054628372192
1348 0.9283259510993958
1349 0.5223706364631653
1350 0.4991978406906128
1351 0.6753295660018921
1352 0.6863777041435242
1353 0.6628482937812805
1354 0.7061353921890259
1355 0.72023606300354
1356 0.9843279123306274
1357 0.8086920380592346
1358 0.5664070248603821
1359 0.7580499053001404
1360 0.46446195244789124
1361 0.5998795628547668
1362 0.6529124975204468
1363 0.8366977572441101
1364 1.1786998510360718
1365 1.5393667221069336
1366 0.8536401391029358
1367 0.8786221742630005
1368 0.921908974647522
1369 0.6293385624885559
1370 0.7357701659202576
1371 0.8886770606040955
1372 0.9553015828132629
1373 0.707454264163971
1374 0.7745181322097778
1375 0.7871153354644775
1376 0.6160505414009094
1377 0.7836512923240662
1378 0.701602578163147
1379 0.6204726696014404
1380 0.6134138703346252
1381 0.6591797471046448
1382 0.6118024587631226
1383 0.863955020904541
1384 0.7564074397087097
1385 0.7099108695983887
1386 0.6002464294433594
1387 0.5142287015914917
1388 0.36341288685798645
1389 0.5542381405830383
1390 0.47173258662223816
1391 0.6543413996696472
1392 0.474670946598053
1393 0.6176812648773193
1394 0.7766271233558655
1395 0.7460827827453613
1396 0.7631274461746216
1397 0.9123361706733704
1398 0.6787353754043579
1399 0.9984893798828125
1400 0.5243738889694214
1401 0.7258705496788025
1402 0.7958198189735413
1403 0.7239551544189453
1404 0.7722721695899963
1405 0.4793630838394165
1406 0.9790354371070862
1407 0.7225300669670105
1408 0.6881588101387024
1409 0.6575892567634583
1410 0.924856424331665
1411 0.7028809785842896
1412 0.9046977162361145
1413 0.5825110673904419
1414 0.7944779396057129
1415 0.7385896444320679
1416 0.7644208669662476
1417 0.6386667490005493
1418 0.5507100820541382
1419 0.6966617703437805
1420 0.39259591698646545
1421 0.6117066144943237
1422 0.659513533115387
1423 0.6306236386299133
1424 0.7913790345191956
1425 0.9262800216674805
1426 0.5924330353736877
1427 0.8406227231025696
1428 0.687606155872345
1429 0.7996766567230225
1430 0.7362675666809082
1431 0.8365001678466797
1432 0.8403288125991821
1433 0.9374988675117493
1434 0.976026713848114
1435 0.8770040273666382
1436 1.0671466588974
1437 0.711468517780304
1438 0.9722405076026917
1439 0.7838985323905945
1440 0.6695138812065125
1441 0.6913737654685974
1442 0.9904657602310181
1443 0.8744629621505737
1444 0.8281002640724182
1445 0.6676989793777466
1446 1.0720114707946777
1447 0.620868444442749
1448 0.9127577543258667
1449 0.5255337357521057
1450 0.974186360836029
1451 0.5196300745010376
1452 0.956295371055603
1453 0.934736967086792
1454 0.7432778477668762
1455 0.5277822017669678
1456 0.7657603025436401
1457 0.582531750202179
1458 0.8077592253684998
1459 1.5888586044311523
1460 1.3744680881500244
1461 1.8016979694366455
1462 1.8802560567855835
1463 2.185728073120117
1464 2.15887713432312
1465 1.936156153678894
1466 1.697879433631897
1467 2.301267623901367
1468 2.192800998687744
1469 2.3347959518432617
1470 1.9677860736846924
1471 2.1021900177001953
1472 2.390631675720215
1473 2.4132323265075684
1474 2.3455588817596436
1475 2.44511079788208
1476 1.9408681392669678
1477 1.6713670492172241
1478 1.5542186498641968
1479 2.0029709339141846
1480 1.2377265691757202
1481 0.6195688247680664
1482 0.508156418800354
1483 0.7109495997428894
1484 0.5011470913887024
1485 0.49106308817863464
1486 0.44354158639907837
1487 0.6531997919082642
1488 0.7130361199378967
1489 0.6028141975402832
1490 0.48569533228874207
1491 0.632015585899353
1492 0.6588176488876343
1493 0.7106821537017822
1494 0.5017476677894592
1495 0.6421336531639099
1496 0.6862449645996094
1497 0.8367168307304382
1498 0.6759971976280212
1499 0.7026079893112183
1500 0.7970183491706848
1501 0.784683108329773
1502 0.7113737463951111
1503 0.7405056953430176
1504 0.6900327801704407
1505 0.5768686532974243
1506 0.5786999464035034
1507 0.7967199087142944
1508 0.9350695013999939
1509 1.1349701881408691
1510 1.6327664852142334
1511 1.6875909566879272
1512 2.1921708583831787
1513 1.4637962579727173
1514 2.244292974472046
1515 1.6082645654678345
1516 1.7214008569717407
1517 2.0020270347595215
1518 1.8246561288833618
1519 1.922008752822876
1520 1.5336790084838867
1521 2.103637218475342
1522 2.2036523818969727
1523 1.88994562625885
1524 1.595333456993103
1525 1.823941707611084
1526 1.6094911098480225
1527 1.9811233282089233
1528 1.9586102962493896
1529 2.2091763019561768
1530 2.021533489227295
1531 2.1972763538360596
1532 2.2009334564208984
1533 1.9191639423370361
1534 1.9232280254364014
1535 1.7579939365386963
1536 1.5519922971725464
1537 1.938646674156189
1538 1.6135928630828857
1539 1.890323281288147
1540 1.7860366106033325
1541 1.354909896850586
1542 1.3052053451538086
1543 1.845707893371582
1544 1.7817341089248657
1545 1.923951268196106
1546 1.7489079236984253
1547 1.8022866249084473
1548 2.0498664379119873
1549 1.6723217964172363
1550 2.0908753871917725
1551 1.746289610862732
1552 1.9134573936462402
1553 1.7714892625808716
1554 1.9966437816619873
1555 1.6679226160049438
1556 1.5365756750106812
1557 2.0770318508148193
1558 1.894635558128357
1559 1.4960678815841675
1560 1.1748971939086914
1561 1.3764599561691284
1562 1.3679203987121582
1563 1.3759584426879883
1564 1.7927254438400269
1565 1.7308859825134277
1566 1.7069199085235596
1567 1.2482274770736694
1568 1.3048557043075562
1569 0.9853336215019226
1570 1.4344300031661987
1571 1.504197120666504
1572 1.2830619812011719
1573 1.5962371826171875
1574 1.6477984189987183
1575 1.7002313137054443
1576 1.5070595741271973
1577 1.3495147228240967
1578 1.412462592124939
1579 1.5435547828674316
1580 1.41901695728302
1581 1.373672604560852
1582 1.4013200998306274
1583 0.9088085889816284
1584 0.9454028010368347
1585 0.8531685471534729
1586 0.8841395974159241
1587 0.697338879108429
1588 0.8052525520324707
1589 0.7974067330360413
1590 0.4802268445491791
1591 0.5279880166053772
1592 0.6710495352745056
1593 0.9538583755493164
1594 0.7823421359062195
1595 0.8908529877662659
1596 0.8271145820617676
1597 0.49410876631736755
1598 0.8641512989997864
1599 0.732782244682312
1600 0.7754692435264587
1601 0.883647620677948
1602 0.8794685006141663
1603 0.9370076656341553
1604 0.9490700364112854
1605 0.7680458426475525
1606 1.1855112314224243
1607 0.8091318011283875
1608 0.8937488794326782
1609 0.976226270198822
1610 0.9586246013641357
1611 0.723625659942627
1612 0.7420444488525391
1613 0.4922473132610321
1614 0.5407105088233948
1615 0.6793504357337952
1616 0.7966490387916565
1617 0.9660792946815491
1618 1.048573613166809
1619 0.7651565670967102
1620 0.924950897693634
1621 0.526841938495636
1622 0.6309293508529663
1623 0.7402766942977905
1624 0.9881893396377563
1625 0.8468707203865051
1626 1.1364983320236206
1627 0.7536225914955139
1628 0.8923776745796204
1629 0.8728929162025452
1630 0.8855791091918945
1631 0.659913957118988
1632 0.643708348274231
1633 0.8473146557807922
1634 1.127272605895996
1635 0.929559588432312
1636 0.5684025287628174
1637 0.5547934770584106
1638 0.6346259713172913
1639 0.5731409192085266
1640 0.7062274813652039
1641 0.7451316118240356
1642 0.38933777809143066
1643 0.5193228721618652
1644 0.9437544345855713
1645 0.6498394012451172
1646 0.5889534950256348
1647 0.37683528661727905
1648 0.6132346391677856
1649 0.2630861699581146
1650 0.6834372878074646
1651 0.4366455376148224
1652 1.0062569379806519
1653 0.6629233360290527
1654 0.9600942134857178
1655 0.8522027730941772
1656 0.6189792156219482
1657 0.5115259289741516
1658 0.7730197310447693
1659 0.7004509568214417
1660 0.8150782585144043
1661 0.6580454111099243
1662 0.5902138352394104
1663 0.8827837109565735
1664 0.7724259495735168
1665 0.8238851428031921
1666 0.5110887885093689
1667 0.5214905738830566
1668 0.951914370059967
1669 0.841787576675415
1670 0.7761117219924927
1671 0.6976881623268127
1672 1.0385816097259521
1673 0.7739202976226807
1674 0.7484279274940491
1675 0.8156096935272217
1676 0.7049381732940674
1677 0.6921449303627014
1678 0.5719543099403381
1679 0.7608699798583984
1680 0.9207245111465454
1681 0.9913421869277954
1682 0.7424506545066833
1683 0.858203113079071
1684 0.9531373977661133
1685 0.6024542450904846
1686 0.8643341064453125
1687 0.7916536331176758
1688 0.5388661026954651
1689 0.4018613398075104
1690 0.8364526033401489
1691 0.5188047289848328
1692 0.8428159356117249
1693 0.3211914896965027
1694 0.9860175251960754
1695 1.144923448562622
1696 0.8188713788986206
1697 0.734876811504364
1698 0.5791658163070679
1699 0.9182007908821106
1700 0.7794325947761536
1701 0.8015000820159912
1702 0.4686383903026581
1703 0.6630486249923706
1704 1.193625569343567
1705 0.9649868607521057
1706 0.5988107919692993
1707 0.3634475767612457
1708 0.6432027816772461
1709 0.5527179837226868
1710 1.3389700651168823
1711 1.107189416885376
1712 0.8736549615859985
1713 1.2234869003295898
1714 0.8955682516098022
1715 0.9445024132728577
1716 1.0053938627243042
1717 0.8629549741744995
1718 0.636536717414856
1719 1.152539849281311
1720 0.8625556230545044
1721 0.7948801517486572
1722 0.682560384273529
1723 0.7718417048454285
1724 0.5297990441322327
1725 0.8916958570480347
1726 0.6422876119613647
1727 0.8145931363105774
1728 0.8310118913650513
1729 0.6142909526824951
1730 0.9773694276809692
1731 0.9197165966033936
1732 0.7918285727500916
1733 1.009661316871643
1734 0.8562667965888977
1735 0.914155900478363
1736 0.9162722229957581
1737 1.0330545902252197
1738 1.1043016910552979
1739 0.5841628313064575
1740 0.9700512290000916
1741 1.1928318738937378
1742 1.472273349761963
1743 1.5145670175552368
1744 1.22632896900177
1745 1.1273118257522583
1746 1.2430500984191895
1747 0.7806091904640198
1748 1.1164577007293701
1749 0.8003454804420471
1750 0.8489968776702881
1751 0.8480063080787659
1752 0.8537240624427795
1753 0.37877073884010315
1754 0.7143889665603638
1755 0.6405857801437378
1756 0.8997412919998169
1757 0.7156488299369812
1758 0.8350790739059448
1759 1.0355054140090942
1760 1.0152775049209595
1761 1.0922502279281616
1762 1.129375696182251
1763 1.0181652307510376
1764 1.1976441144943237
1765 0.9930012226104736
1766 0.872063398361206
1767 0.9257188439369202
1768 0.6644622087478638
1769 0.6000035405158997
1770 0.49071240425109863
1771 0.7902949452400208
1772 0.6430822610855103
1773 0.8668681979179382
1774 0.3092953860759735
1775 0.5200735926628113
1776 0.8220766186714172
1777 0.8129069805145264
1778 0.6770395636558533
1779 0.823881983757019
1780 0.9243981838226318
1781 0.8760076761245728
1782 0.6134028434753418
1783 0.797581136226654
1784 1.0402048826217651
1785 0.620821475982666
1786 0.4112226665019989
1787 0.7997097969055176
1788 0.7916820645332336
1789 0.570425808429718
1790 1.2397598028182983
1791 1.0289021730422974
1792 1.092209815979004
1793 0.7237687706947327
1794 0.945913553237915
1795 0.9240216016769409
1796 0.8311841487884521
1797 0.7905061841011047
1798 0.758706271648407
1799 0.7591841816902161
1800 0.8185930848121643
1801 0.9729984998703003
1802 0.792802095413208
1803 0.8197980523109436
1804 0.692200779914856
1805 0.7744108438491821
1806 1.0079965591430664
1807 0.7900463938713074
1808 0.8644379377365112
1809 0.8398110866546631
1810 1.0726932287216187
1811 0.8039077520370483
1812 0.6255698204040527
1813 0.3867124319076538
1814 0.44603797793388367
1815 0.699959397315979
1816 0.7689028978347778
1817 0.8694347739219666
1818 1.3701223134994507
1819 0.43571218848228455
1820 1.0494792461395264
1821 0.8219234347343445
1822 1.1175687313079834
1823 0.9404668807983398
1824 0.7758460640907288
1825 0.6830632090568542
1826 0.8022170066833496
1827 0.6621649861335754
1828 0.6322574615478516
1829 0.6496993899345398
1830 1.0413391590118408
1831 1.2997758388519287
1832 0.7462905049324036
1833 0.7900111079216003
1834 1.1955796480178833
1835 0.8211471438407898
1836 0.6810069680213928
1837 0.7518836855888367
1838 0.9367449879646301
1839 1.254777431488037
1840 0.5030564069747925
1841 0.8863263130187988
1842 0.958846926689148
1843 0.6311175227165222
1844 0.9788915514945984
1845 0.995943546295166
1846 0.7459014058113098
1847 0.7299171686172485
1848 1.2981525659561157
1849 1.465086817741394
1850 1.3566739559173584
1851 0.9455940127372742
1852 1.4498978853225708
1853 1.6409798860549927
1854 1.7695672512054443
1855 1.7480239868164063
1856 2.0629186630249023
1857 1.557639718055725
1858 1.8357141017913818
1859 1.7262924909591675
1860 1.2772505283355713
1861 1.3498297929763794
1862 1.4301520586013794
1863 1.1579909324645996
1864 1.2504923343658447
1865 1.7915246486663818
1866 1.4971888065338135
1867 1.0769699811935425
1868 1.155720829963684
1869 0.8606544733047485
1870 0.9154996275901794
1871 1.355294942855835
1872 1.3502918481826782
1873 1.5459030866622925
1874 0.8160867094993591
1875 1.9037837982177734
1876 1.6682376861572266
1877 1.5463287830352783
1878 0.8530252575874329
1879 1.7604395151138306
1880 1.3712557554244995
1881 1.5854771137237549
1882 1.8441604375839233
1883 2.0672924518585205
1884 1.966626524925232
1885 1.501484990119934
1886 1.4329315423965454
1887 1.8475747108459473
1888 1.4608161449432373
1889 1.5712685585021973
1890 1.5882712602615356
1891 1.5001174211502075
1892 1.7068349123001099
1893 1.856593370437622
1894 1.924803614616394
1895 1.8859524726867676
1896 1.4922873973846436
1897 1.8602190017700195
1898 1.7619043588638306
1899 1.5879411697387695
1900 1.6041805744171143
1901 1.1946829557418823
1902 1.5037840604782104
1903 0.9129400253295898
1904 1.370930790901184
1905 1.83297598361969
1906 1.489211916923523
1907 1.7278759479522705
1908 1.997712254524231
1909 1.772912859916687
1910 1.7326042652130127
1911 1.5570518970489502
1912 1.3727130889892578
1913 1.4377751350402832
1914 1.388127088546753
1915 1.363533854484558
1916 0.8871107697486877
1917 1.049367070198059
1918 0.678860068321228
1919 0.7524169683456421
1920 0.6483034491539001
1921 0.6619031429290771
1922 0.5377818942070007
1923 0.5990432500839233
1924 0.7106504440307617
1925 0.9295423030853271
1926 1.5241905450820923
1927 1.2480498552322388
1928 1.1169204711914063
1929 0.7143424153327942
1930 0.9533880352973938
1931 0.8631212115287781
1932 1.1735762357711792
1933 0.9100989699363708
1934 0.8398854732513428
1935 0.8508922457695007
1936 0.5885531306266785
1937 0.9878700971603394
1938 0.7671293616294861
1939 0.849921703338623
1940 0.5434721112251282
1941 0.46425655484199524
1942 0.7068430185317993
1943 0.5991551876068115
1944 0.4191123843193054
1945 0.6329225897789001
1946 0.7571913003921509
1947 0.7372372150421143
1948 0.8527218103408813
1949 1.0774435997009277
1950 0.9624830484390259
1951 1.1146303415298462
1952 0.6976656913757324
1953 0.8722748756408691
1954 1.1497814655303955
1955 0.768842875957489
1956 0.6957820653915405
1957 0.4230501651763916
1958 1.000520944595337
1959 0.7506361603736877
1960 1.072393774986267
1961 0.9009729027748108
1962 1.0686283111572266
1963 0.7543704509735107
1964 0.9341800808906555
1965 1.0463453531265259
1966 0.9860743880271912
1967 0.7649314403533936
1968 0.9012754559516907
1969 0.8374339938163757
1970 1.0377082824707031
1971 0.7802295088768005
1972 0.9882068634033203
1973 1.2631182670593262
1974 0.7234126329421997
1975 1.0809612274169922
1976 1.0278605222702026
1977 0.6228691935539246
1978 0.706638514995575
1979 0.5804741382598877
1980 0.6683961153030396
1981 1.1653388738632202
1982 0.834595799446106
1983 0.9718053936958313
1984 0.806082010269165
1985 0.6306667923927307
1986 0.7066094875335693
1987 0.9445875287055969
1988 0.9788674116134644
1989 0.9081106185913086
1990 0.9402283430099487
1991 0.9990313649177551
1992 1.1162540912628174
1993 0.6725046634674072
1994 0.6409345269203186
1995 0.9084896445274353
1996 0.5392497181892395
1997 1.2950294017791748
1998 0.8175760507583618
1999 1.3909481763839722
