0 0.0
1 0.44873151183128357
2 0.4668848216533661
3 0.4573443531990051
4 0.3933672606945038
5 0.48164618015289307
6 0.30525001883506775
7 0.7513085603713989
8 0.82425457239151
9 1.209681510925293
10 0.8228853940963745
11 0.4731178879737854
12 0.6810181140899658
13 0.937375545501709
14 0.6868074536323547
15 0.6227840185165405
16 0.5481367111206055
17 0.42940399050712585
18 0.677383542060852
19 0.48574936389923096
20 1.011597752571106
21 0.6012948155403137
22 0.4489896297454834
23 0.34487277269363403
24 0.619600772857666
25 0.6854548454284668
26 0.7834473252296448
27 1.1866014003753662
28 0.883046567440033
29 0.5288141369819641
30 0.6544407606124878
31 0.42378994822502136
32 0.3918709456920624
33 0.5491964221000671
34 0.5940119028091431
35 0.31116026639938354
36 0.2618190050125122
37 0.46448424458503723
38 0.26879408955574036
39 0.342368483543396
40 0.5494377613067627
41 0.46931353211402893
42 0.6924557685852051
43 0.3991590440273285
44 0.45301637053489685
45 0.3695037066936493
46 0.5748772621154785
47 0.5786151885986328
48 0.4978293478488922
49 0.800075113773346
50 0.43971213698387146
51 0.3498840630054474
52 0.821210503578186
53 1.2104755640029907
54 0.6215162873268127
55 0.9812129139900208
56 0.49659019708633423
57 1.0402803421020508
58 1.1429553031921387
59 1.3818650245666504
60 1.0855073928833008
61 1.3668166399002075
62 1.2734850645065308
63 1.290197491645813
64 1.4679570198059082
65 1.6044102907180786
66 1.7434046268463135
67 1.137953758239746
68 1.320382833480835
69 1.598183035850525
70 1.303182601928711
71 1.4037718772888184
72 1.172518014907837
73 1.3319247961044312
74 0.8398849368095398
75 1.2638579607009888
76 1.3047930002212524
77 0.7450827360153198
78 1.0188616514205933
79 1.3734080791473389
80 1.5707473754882813
81 1.1255377531051636
82 1.106237530708313
83 1.0133569240570068
84 1.242935299873352
85 0.6994641423225403
86 1.1953356266021729
87 1.0531539916992188
88 1.7150417566299438
89 1.2025916576385498
90 1.6435102224349976
91 1.0881913900375366
92 1.3142675161361694
93 1.2207005023956299
94 0.8956113457679749
95 1.0193599462509155
96 0.9044643640518188
97 1.545922875404358
98 1.3163793087005615
99 0.7482508420944214
100 0.9681507349014282
101 0.781679630279541
102 0.7018937468528748
103 1.0507018566131592
104 0.8385276794433594
105 0.8506025075912476
106 0.9147931337356567
107 0.9089365601539612
108 0.6126407980918884
109 0.6633950471878052
110 0.7042253613471985
111 0.6345672011375427
112 0.7471859455108643
113 1.0557454824447632
114 1.201328992843628
115 1.2364673614501953
116 1.1649563312530518
117 0.9007967710494995
118 1.485197901725769
119 1.5260241031646729
120 1.1308033466339111
121 0.7456141114234924
122 0.8494911789894104
123 0.9882212281227112
124 1.3643798828125
125 1.0207175016403198
126 0.7424103021621704
127 0.7039109468460083
128 0.6068684458732605
129 1.047177791595459
130 1.4083428382873535
131 1.090488076210022
132 1.1297414302825928
133 1.0896354913711548
134 1.1166176795959473
135 1.1444995403289795
136 1.274901032447815
137 0.5662193894386292
138 1.0304985046386719
139 1.4129291772842407
140 1.2541418075561523
141 0.9292716383934021
142 0.6094722151756287
143 0.7087287306785583
144 1.1294012069702148
145 1.192104458808899
146 1.2013294696807861
147 1.4402875900268555
148 1.174182653427124
149 0.9419668316841125
150 1.0768505334854126
151 1.5640106201171875
152 1.2466838359832764
153 1.3170408010482788
154 1.0311919450759888
155 0.8112977743148804
156 0.989942193031311
157 1.03140389919281
158 1.0760278701782227
159 0.9837459325790405
160 0.758199155330658
161 1.060989499092102
162 0.9911102652549744
163 0.9140360951423645
164 1.4533355236053467
165 0.9926869869232178
166 0.6718665957450867
167 1.4597700834274292
168 0.3563200533390045
169 0.8716094493865967
170 0.9840770363807678
171 0.8284845352172852
172 0.8573212027549744
173 1.4626954793930054
174 0.8704774379730225
175 0.9776967763900757
176 0.9622716903686523
177 1.1213083267211914
178 0.9375070333480835
179 0.7424461245536804
180 0.9567728042602539
181 1.2601370811462402
182 0.9104458093643188
183 0.5692006349563599
184 0.5908542275428772
185 0.8145617842674255
186 0.8979580402374268
187 1.091376543045044
188 1.0321693420410156
189 0.8156554698944092
190 0.7447044849395752
191 1.233731985092163
192 1.0853149890899658
193 1.1131346225738525
194 0.8164682388305664
195 0.6099578142166138
196 1.2119331359863281
197 0.8370335102081299
198 1.0027247667312622
199 1.157252550125122
200 0.8505714535713196
201 1.0473191738128662
202 0.48654159903526306
203 0.8080672025680542
204 0.381129652261734
205 0.5215449333190918
206 0.3876807391643524
207 0.6625319123268127
208 0.9124622344970703
209 1.0136017799377441
210 0.6399968266487122
211 0.6235394477844238
212 0.9738973379135132
213 0.7899042367935181
214 0.736207127571106
215 0.8621438145637512
216 0.815421998500824
217 1.2246729135513306
218 0.901798665523529
219 0.591040849685669
220 0.5177133083343506
221 0.5753109455108643
222 0.8195421695709229
223 1.0155283212661743
224 1.085158109664917
225 1.0558476448059082
226 0.9239978194236755
227 0.7705972194671631
228 1.3353021144866943
229 1.1666927337646484
230 0.9303671717643738
231 0.7231353521347046
232 1.172279953956604
233 1.0526014566421509
234 1.3531341552734375
235 1.6354063749313354
236 1.165198802947998
237 1.501117467880249
238 1.579370379447937
239 1.775566816329956
240 1.4350812435150146
241 1.274512767791748
242 1.4348078966140747
243 1.4061168432235718
244 1.6359102725982666
245 1.190366506576538
246 1.5389537811279297
247 1.7243006229400635
248 1.259191632270813
249 0.7332624793052673
250 1.080665111541748
251 1.090590000152588
252 0.5902186036109924
253 1.1640350818634033
254 0.8107941746711731
255 0.8420346975326538
256 0.6970916390419006
257 1.0420371294021606
258 0.8892125487327576
259 0.7043846249580383
260 0.6710380911827087
261 0.5242456793785095
262 1.1197540760040283
263 1.1526103019714355
264 0.8284556269645691
265 0.6099317073822021
266 0.5789036154747009
267 0.5989492535591125
268 0.800697386264801
269 0.6134441494941711
270 0.46931710839271545
271 0.6979978084564209
272 1.0600128173828125
273 1.2292897701263428
274 1.0120654106140137
275 0.7571113109588623
276 0.7668664455413818
277 0.9586490392684937
278 0.9414075016975403
279 1.0872619152069092
280 0.7609394192695618
281 1.0021002292633057
282 0.9237790703773499
283 0.970122754573822
284 0.8041028380393982
285 0.6459316611289978
286 0.7882643938064575
287 0.4210006594657898
288 0.7022877931594849
289 0.6313886046409607
290 0.8338688015937805
291 1.0428200960159302
292 1.1250381469726563
293 1.1572544574737549
294 1.3980835676193237
295 0.8003026247024536
296 0.5005115866661072
297 0.8113840818405151
298 0.9990093111991882
299 0.7565338611602783
300 0.8459697961807251
301 0.479106068611145
302 0.5954737663269043
303 0.6302825212478638
304 0.8083722591400146
305 0.6730607748031616
306 0.510242760181427
307 0.696196973323822
308 0.30756354331970215
309 0.6154062151908875
310 0.4455002248287201
311 0.4048798680305481
312 0.72135329246521
313 0.6874849200248718
314 0.9261536598205566
315 0.4929467737674713
316 0.5127611756324768
317 0.32583537697792053
318 0.21861132979393005
319 0.33613118529319763
320 0.5368447303771973
321 0.6408575773239136
322 0.4428611695766449
323 0.4563300609588623
324 0.7722514271736145
325 0.6936196088790894
326 0.42993029952049255
327 0.6006899476051331
328 0.5531417727470398
329 0.9064201712608337
330 0.6119309067726135
331 0.9753260016441345
332 0.8006599545478821
333 0.2973918318748474
334 0.4802473485469818
335 0.4442737400531769
336 0.3338172435760498
337 0.4690484404563904
338 0.41090938448905945
339 0.3564738631248474
340 0.4354475140571594
341 0.5255333781242371
342 0.297905832529068
343 0.47745829820632935
344 0.992755115032196
345 1.2842397689819336
346 0.7501671314239502
347 0.9859480857849121
348 0.9234908819198608
349 0.525091826915741
350 0.518666684627533
351 0.6837834715843201
352 1.16487455368042
353 0.8387348651885986
354 0.774344801902771
355 0.9604095816612244
356 0.8515669703483582
357 0.9300345182418823
358 0.9947101473808289
359 1.0144295692443848
360 0.5689398050308228
361 0.9285827875137329
362 0.963123083114624
363 0.7639102935791016
364 0.6148418188095093
365 0.7759108543395996
366 0.9697895050048828
367 0.8086480498313904
368 0.439225971698761
369 0.4780937433242798
370 0.8788015246391296
371 0.46444442868232727
372 1.1095354557037354
373 0.8483579158782959
374 0.9949541687965393
375 1.1891614198684692
376 1.0874097347259521
377 0.8868952989578247
378 0.5904983282089233
379 0.8800272345542908
380 0.966001033782959
381 1.1539647579193115
382 1.0951255559921265
383 0.8736084699630737
384 0.9697779417037964
385 0.7708959579467773
386 0.7415096759796143
387 0.8445408940315247
388 0.8136187791824341
389 0.538642406463623
390 0.6101973652839661
391 0.7360125780105591
392 0.745476484298706
393 0.9154844284057617
394 0.941672146320343
395 0.9223789572715759
396 0.6695948243141174
397 1.068070650100708
398 0.9104323387145996
399 1.2887696027755737
400 0.8246154189109802
401 0.7712655663490295
402 0.930677056312561
403 0.8734079003334045
404 0.8879998326301575
405 1.069645643234253
406 0.8134002685546875
407 0.9531868100166321
408 0.7658970355987549
409 0.8818289637565613
410 0.764389157295227
411 0.6938037276268005
412 0.8887024521827698
413 0.7057173252105713
414 0.8060693144798279
415 0.7395927309989929
416 0.856204092502594
417 0.5921536087989807
418 0.7205561399459839
419 0.5659710168838501
420 1.0525906085968018
421 0.8459619283676147
422 0.6629998683929443
423 0.8437240719795227
424 1.1739213466644287
425 1.1099097728729248
426 0.678510308265686
427 1.190428376197815
428 0.6894358992576599
429 0.5641140341758728
430 0.8010073900222778
431 1.0670726299285889
432 0.8031170964241028
433 0.822577953338623
434 0.7596696019172668
435 0.38488513231277466
436 0.9086387157440186
437 0.5294075012207031
438 0.5262387990951538
439 0.68525230884552
440 0.7162860035896301
441 0.37848806381225586
442 0.7029300928115845
443 0.7490511536598206
444 0.3830527663230896
445 0.6281506419181824
446 0.7110413908958435
447 0.6892366409301758
448 0.609070360660553
449 0.5910331606864929
450 0.7157717943191528
451 0.9870028495788574
452 1.072118878364563
453 1.0024168491363525
454 0.8781958818435669
455 1.1446524858474731
456 1.139221429824829
457 1.2225024700164795
458 0.47535741329193115
459 0.9708626866340637
460 0.672658383846283
461 0.6113250255584717
462 0.6664425730705261
463 0.8772260546684265
464 1.1668751239776611
465 0.8194001913070679
466 0.5820290446281433
467 0.525100588798523
468 0.7193030118942261
469 0.7277399897575378
470 0.590815544128418
471 0.6458213329315186
472 0.7345048189163208
473 0.9627357721328735
474 1.1535232067108154
475 0.9582815170288086
476 0.6248655319213867
477 0.6829169392585754
478 0.6117035150527954
479 0.4402143359184265
480 0.695250391960144
481 0.5158210396766663
482 0.5461967587471008
483 0.8212931752204895
484 0.8535473942756653
485 0.7528762221336365
486 1.0808180570602417
487 0.8311372399330139
488 0.995638906955719
489 1.3149956464767456
490 0.8430819511413574
491 0.794843316078186
492 0.8944438099861145
493 1.1976354122161865
494 1.2116564512252808
495 1.0393744707107544
496 1.160489559173584
497 1.0988138914108276
498 1.0224512815475464
499 1.0403677225112915
500 1.1761549711227417
501 1.1219205856323242
502 1.1643370389938354
503 0.8989741802215576
504 1.1489664316177368
505 1.2246994972229004
506 0.9985074996948242
507 0.7739195823669434
508 0.9419788122177124
509 0.9425399899482727
510 0.4220523536205292
511 0.6065614223480225
512 0.9836320877075195
513 0.6877270936965942
514 0.5720487833023071
515 0.6183151602745056
516 0.6121001839637756
517 0.47189733386039734
518 0.7034220099449158
519 0.2923746407032013
520 0.3863786458969116
521 0.823475182056427
522 0.7031383514404297
523 0.4441260099411011
524 0.8877463936805725
525 0.5337372422218323
526 0.6065943241119385
527 1.129813313484192
528 1.2409170866012573
529 1.0244288444519043
530 0.8293028473854065
531 0.6593214273452759
532 0.5955986380577087
533 0.6581038236618042
534 0.7630705237388611
535 0.6011009216308594
536 0.5903953909873962
537 0.8647801280021667
538 0.8775882720947266
539 0.5497592091560364
540 0.809978723526001
541 0.6437669992446899
542 0.6773704886436462
543 0.8840075731277466
544 0.7237026691436768
545 0.9099698066711426
546 0.6052477359771729
547 0.7473009824752808
548 0.7293505668640137
549 1.0205708742141724
550 1.022177815437317
551 0.9168636202812195
552 0.9495121240615845
553 1.0859168767929077
554 1.116277813911438
555 0.8986530303955078
556 0.7237240076065063
557 0.8191615343093872
558 0.7798840403556824
559 0.8087226748466492
560 1.0014503002166748
561 0.4482468366622925
562 1.0481246709823608
563 0.7569993138313293
564 0.607932448387146
565 0.8860666751861572
566 0.8444307446479797
567 0.8594483137130737
568 1.2569050788879395
569 0.8897315859794617
570 0.738436222076416
571 0.7430669069290161
572 0.48311692476272583
573 0.9828125238418579
574 0.8548157215118408
575 0.9839774370193481
576 0.6347614526748657
577 0.7544222474098206
578 0.9767088890075684
579 0.6722247004508972
580 1.1261241436004639
581 0.818831741809845
582 0.48469507694244385
583 0.9572387933731079
584 0.8804993629455566
585 0.5781551003456116
586 0.6563276052474976
587 0.6853720545768738
588 1.0708497762680054
589 0.8388205170631409
590 0.7128682136535645
591 1.0101103782653809
592 0.726477861404419
593 0.7799619436264038
594 0.941454291343689
595 0.6157397627830505
596 0.9174636602401733
597 0.7836554050445557
598 0.6322733163833618
599 0.586561381816864
600 0.876859724521637
601 0.5816059708595276
602 0.5884827971458435
603 0.6600494980812073
604 0.9544425010681152
605 0.7918816208839417
606 0.8428778648376465
607 0.4208683371543884
608 0.7330970764160156
609 0.9048627614974976
610 0.5140312314033508
611 0.5871711373329163
612 0.7686342000961304
613 0.5736005306243896
614 0.5244762897491455
615 0.6417734026908875
616 0.846878170967102
617 0.7359033226966858
618 0.7056288123130798
619 0.7863752245903015
620 0.9321998953819275
621 0.537305474281311
622 0.6164169311523438
623 0.717552125453949
624 0.8909997344017029
625 0.9665856957435608
626 0.9409468770027161
627 0.885395348072052
628 0.3758887052536011
629 0.706683337688446
630 0.5583643317222595
631 0.3627318739891052
632 0.4804582893848419
633 0.6404128074645996
634 0.7736738324165344
635 0.39694711565971375
636 0.8010554909706116
637 0.5435560345649719
638 0.5647708177566528
639 0.5934274792671204
640 0.5687468647956848
641 0.843504786491394
642 0.6654948592185974
643 0.6256529688835144
644 0.8070261478424072
645 0.9998595118522644
646 1.3875981569290161
647 0.9972103834152222
648 0.8097098469734192
649 0.6504942178726196
650 0.678295373916626
651 0.7364346981048584
652 0.5606451034545898
653 0.5748584866523743
654 0.4799821078777313
655 0.742790937423706
656 0.5226993560791016
657 0.35137316584587097
658 0.4169195592403412
659 0.4086526334285736
660 0.5543017983436584
661 0.624698281288147
662 0.8454261422157288
663 0.3947819471359253
664 0.7187106609344482
665 0.4104623794555664
666 0.9038378000259399
667 0.6118884682655334
668 0.5072563290596008
669 0.37726032733917236
670 0.5389323830604553
671 0.8843602538108826
672 0.524013876914978
673 0.48389607667922974
674 0.8237412571907043
675 0.6118154525756836
676 0.5324718952178955
677 0.7727880477905273
678 0.6150729060173035
679 0.9273285269737244
680 0.7236519455909729
681 0.7570695281028748
682 0.9016002416610718
683 0.9847970604896545
684 0.5461531281471252
685 0.7763540148735046
686 1.086549997329712
687 0.4863346219062805
688 0.7053405046463013
689 0.9891451001167297
690 1.019909143447876
691 0.9233608841896057
692 1.0445753335952759
693 0.8514618873596191
694 0.7069751024246216
695 1.048713207244873
696 1.0060840845108032
697 0.622256338596344
698 0.6615900993347168
699 0.6751586198806763
700 0.9517519474029541
701 0.3129217326641083
702 0.5216554999351501
703 0.750714898109436
704 0.4685768783092499
705 0.6454277038574219
706 0.6565356254577637
707 0.46377700567245483
708 0.7375586628913879
709 0.4725736677646637
710 0.5989535450935364
711 0.40349701046943665
712 0.38166287541389465
713 0.36852696537971497
714 0.45882537961006165
715 0.8945668935775757
716 0.6504737734794617
717 0.47415971755981445
718 0.6110038757324219
719 0.7674355506896973
720 0.6804656386375427
721 0.5893954634666443
722 0.38168883323669434
723 0.3802621364593506
724 0.5547383427619934
725 0.6115034818649292
726 0.7588824033737183
727 0.725663959980011
728 0.781457781791687
729 1.0937094688415527
730 0.7612606287002563
731 0.9889910221099854
732 1.2642529010772705
733 0.9825440049171448
734 0.772030770778656
735 1.0890485048294067
736 0.9724040627479553
737 1.2013522386550903
738 1.153702974319458
739 1.1882188320159912
740 1.1919593811035156
741 0.9870321154594421
742 1.144865870475769
743 0.9101601839065552
744 1.2782297134399414
745 0.9077677130699158
746 1.3256433010101318
747 1.366539716720581
748 1.1985498666763306
749 1.2419804334640503
750 1.0929371118545532
751 1.0845026969909668
752 1.411667823791504
753 0.9846707582473755
754 1.5648812055587769
755 0.8675895929336548
756 1.0381726026535034
757 0.891781747341156
758 0.7293880581855774
759 0.8677419424057007
760 0.5793073177337646
761 0.92350834608078
762 0.7386966347694397
763 0.8682378530502319
764 0.8626350164413452
765 0.9030541777610779
766 0.8274179100990295
767 0.8095378875732422
768 0.7385290861129761
769 0.8797428011894226
770 0.7080573439598083
771 0.7221918106079102
772 0.9905556440353394
773 0.7397060394287109
774 0.9025682210922241
775 1.0377789735794067
776 1.1534281969070435
777 0.8783283829689026
778 1.1366736888885498
779 1.048137903213501
780 0.8996043801307678
781 0.8693178296089172
782 1.1444305181503296
783 0.8702853918075562
784 0.6981680393218994
785 0.6990673542022705
786 0.8588884472846985
787 0.48541101813316345
788 0.9029393792152405
789 0.5515040755271912
790 0.8775768876075745
791 0.8877710103988647
792 0.9402602314949036
793 0.9282884001731873
794 0.706062912940979
795 0.7921763062477112
796 0.9745185971260071
797 0.7782881259918213
798 0.8962835073471069
799 1.121730923652649
800 0.8875216245651245
801 0.8250917792320251
802 1.0544447898864746
803 0.9012921452522278
804 1.074643611907959
805 1.092459797859192
806 1.3123815059661865
807 0.691201388835907
808 0.7115397453308105
809 0.9876861572265625
810 0.6009379625320435
811 0.9433988332748413
812 0.685714066028595
813 0.6688187718391418
814 0.8508149981498718
815 1.2578151226043701
816 1.1395418643951416
817 0.8284260034561157
818 0.8673295378684998
819 0.8600091338157654
820 0.8842565417289734
821 1.485390305519104
822 1.3384631872177124
823 1.2002359628677368
824 1.1950632333755493
825 1.2935062646865845
826 1.2528935670852661
827 1.2127690315246582
828 0.8928664922714233
829 1.1229453086853027
830 0.8330740332603455
831 1.5419377088546753
832 1.496477484703064
833 1.303359031677246
834 1.1628738641738892
835 0.8915731906890869
836 0.8823419809341431
837 1.22029709815979
838 0.891137957572937
839 0.7404883503913879
840 1.1976852416992188
841 0.9860231876373291
842 0.8929452300071716
843 1.09188711643219
844 0.8688077926635742
845 0.8994606733322144
846 0.6095268130302429
847 0.6954255104064941
848 0.7212157249450684
849 0.7505617141723633
850 1.0263111591339111
851 0.9955191612243652
852 1.068752408027649
853 1.9146205186843872
854 1.3666207790374756
855 1.1986383199691772
856 1.2009204626083374
857 1.2150870561599731
858 0.8553131222724915
859 1.317328929901123
860 1.3429282903671265
861 0.9614802598953247
862 1.2811990976333618
863 0.9942507147789001
864 1.0917898416519165
865 1.1294783353805542
866 1.3457417488098145
867 1.191908597946167
868 1.2683912515640259
869 1.4866256713867188
870 1.5411206483840942
871 1.342143177986145
872 0.9569520950317383
873 1.6081953048706055
874 1.184266209602356
875 1.261885404586792
876 1.1896544694900513
877 1.5481849908828735
878 1.0851879119873047
879 1.4556353092193604
880 1.2405524253845215
881 1.0873382091522217
882 1.3028124570846558
883 1.57077956199646
884 1.6290947198867798
885 1.8662481307983398
886 1.2854408025741577
887 1.9255400896072388
888 1.880913496017456
889 2.026526689529419
890 1.760595679283142
891 1.5680019855499268
892 1.106816291809082
893 1.111790418624878
894 1.4954512119293213
895 1.3533737659454346
896 1.4807616472244263
897 1.5759636163711548
898 1.5466787815093994
899 1.5926392078399658
900 1.8631938695907593
901 1.6558459997177124
902 1.6763980388641357
903 1.718733787536621
904 1.6822993755340576
905 1.7508597373962402
906 1.344622254371643
907 1.6982486248016357
908 1.61112380027771
909 1.4442367553710938
910 0.9106671214103699
911 1.5019031763076782
912 1.1546510457992554
913 0.8146523833274841
914 0.9724971652030945
915 1.120098352432251
916 0.845757007598877
917 0.34425392746925354
918 0.46940842270851135
919 0.6522761583328247
920 0.7570139169692993
921 0.7157862782478333
922 0.6864487528800964
923 0.8512687683105469
924 0.6262289881706238
925 0.658306896686554
926 0.6608589887619019
927 0.8399036526679993
928 0.6962448954582214
929 0.352138489484787
930 0.7021075487136841
931 0.4660024046897888
932 0.9090573191642761
933 0.8383417129516602
934 0.7327267527580261
935 0.49327629804611206
936 0.6944469213485718
937 0.7332720160484314
938 0.7076891660690308
939 0.5713129043579102
940 0.6002120971679688
941 0.5209358930587769
942 0.584591269493103
943 0.639032244682312
944 0.6876281499862671
945 0.5875466465950012
946 0.5437765121459961
947 0.702767550945282
948 0.48842060565948486
949 0.7162860035896301
950 0.5132982730865479
951 0.5821086168289185
952 0.7752634286880493
953 0.6568738222122192
954 0.8005307912826538
955 0.5181636810302734
956 0.7630753517150879
957 0.5618890523910522
958 0.6307318210601807
959 0.5471203327178955
960 0.5008246898651123
961 1.0082141160964966
962 0.6483773589134216
963 0.8989559412002563
964 0.4841693341732025
965 0.8834898471832275
966 0.5276312232017517
967 0.9641918540000916
968 0.5375043749809265
969 0.6235857605934143
970 0.7168894410133362
971 0.42486196756362915
972 0.9097087979316711
973 0.9955870509147644
974 0.7534021735191345
975 0.43899253010749817
976 0.47551822662353516
977 0.6297107338905334
978 0.6379674673080444
979 0.5706961154937744
980 0.507660448551178
981 0.4974367320537567
982 0.7019234895706177
983 0.8897284865379333
984 0.5760757327079773
985 0.986894428730011
986 0.4368477761745453
987 0.7030268311500549
988 0.5064524412155151
989 0.5340499877929688
990 0.461148738861084
991 0.3861788809299469
992 0.4314038157463074
993 0.342658132314682
994 0.5008729696273804
995 0.5905532836914063
996 0.47394394874572754
997 0.2874857187271118
998 0.5746831893920898
999 0.4168165326118469
1000 0.6332438588142395
1001 0.5050172805786133
1002 0.43789801001548767
1003 0.31764277815818787
1004 0.3692978322505951
1005 0.44363874197006226
1006 0.9601784944534302
1007 0.4506457448005676
1008 0.46611714363098145
1009 0.823318362236023
1010 0.35269811749458313
1011 0.5225208401679993
1012 0.6182045340538025
1013 0.46954378485679626
1014 0.7712900638580322
1015 0.6335692405700684
1016 0.46374714374542236
1017 0.5464127659797668
1018 0.4413447976112366
1019 0.6647586226463318
1020 0.7129875421524048
1021 0.3970535695552826
1022 0.2564288377761841
1023 1.0156296491622925
1024 0.8795621991157532
1025 0.3346427381038666
1026 0.6256336569786072
1027 0.9492426514625549
1028 0.9043264985084534
1029 0.8576645851135254
1030 0.6332166194915771
1031 1.0034675598144531
1032 1.0197416543960571
1033 0.9178003668785095
1034 0.6866587996482849
1035 0.9904148578643799
1036 0.6355052590370178
1037 0.8340638875961304
1038 0.686654806137085
1039 0.550086259841919
1040 0.7230355739593506
1041 0.8109145760536194
1042 0.6867960095405579
1043 0.405257910490036
1044 0.6534746289253235
1045 0.8250803351402283
1046 0.6802940368652344
1047 0.703791081905365
1048 0.5455539226531982
1049 0.5574260354042053
1050 0.48848220705986023
1051 0.6447910666465759
1052 0.37720054388046265
1053 0.3084195554256439
1054 0.7795100212097168
1055 0.9927360415458679
1056 0.770561933517456
1057 0.5417332649230957
1058 0.9070945978164673
1059 1.1240824460983276
1060 0.7339572310447693
1061 0.3730284869670868
1062 0.3664487898349762
1063 0.38512155413627625
1064 0.8817886710166931
1065 0.5336730480194092
1066 0.995018482208252
1067 1.0063310861587524
1068 0.8876671195030212
1069 0.8340519666671753
1070 0.8264625072479248
1071 1.1617604494094849
1072 0.6875805854797363
1073 0.7933670282363892
1074 0.705438494682312
1075 0.9636249542236328
1076 0.8672769069671631
1077 0.8157371878623962
1078 0.8027924299240112
1079 0.9315156936645508
1080 0.8548446297645569
1081 0.9895419478416443
1082 0.8234070539474487
1083 1.1813890933990479
1084 1.0703619718551636
1085 1.0332525968551636
1086 1.398695707321167
1087 0.9270212650299072
1088 1.1397411823272705
1089 1.794048547744751
1090 1.4162925481796265
1091 1.086840271949768
1092 1.2213716506958008
1093 0.871772050857544
1094 1.553776741027832
1095 1.4440926313400269
1096 1.418543815612793
1097 0.8986008167266846
1098 1.1042388677597046
1099 1.457366943359375
1100 0.9672151803970337
1101 1.1102691888809204
1102 0.7380277514457703
1103 1.1526622772216797
1104 0.840593695640564
1105 1.4810223579406738
1106 0.9804990887641907
1107 1.2476602792739868
1108 0.7520179748535156
1109 0.8226345181465149
1110 1.2285295724868774
1111 0.9696115255355835
1112 1.2307060956954956
1113 1.2872440814971924
1114 0.8959749937057495
1115 0.5985840559005737
1116 0.9762101769447327
1117 0.7604156732559204
1118 0.7998353242874146
1119 0.5547612309455872
1120 1.5024677515029907
1121 0.8711614012718201
1122 0.8110074996948242
1123 0.7330038547515869
1124 0.7693511247634888
1125 0.6428053379058838
1126 0.8170011043548584
1127 0.5491990447044373
1128 1.1181210279464722
1129 0.9865584373474121
1130 0.8952162265777588
1131 0.9387304186820984
1132 0.7371743321418762
1133 0.9496320486068726
1134 0.8205388188362122
1135 0.8234478831291199
1136 0.4349409341812134
1137 0.7790441513061523
1138 0.5971105098724365
1139 0.37814807891845703
1140 0.49837106466293335
1141 0.6287229657173157
1142 0.7414302825927734
1143 0.6249845027923584
1144 0.40746164321899414
1145 0.5623059868812561
1146 0.5855340957641602
1147 0.4441854953765869
1148 0.573032557964325
1149 0.43724608421325684
1150 0.637045681476593
1151 0.8607810735702515
1152 1.0135948657989502
1153 0.6090632677078247
1154 0.777072012424469
1155 0.5330673456192017
1156 0.8642776012420654
1157 0.9654825925827026
1158 0.675826370716095
1159 0.8494511246681213
1160 0.9871944785118103
1161 1.3101125955581665
1162 0.726071834564209
1163 1.134166955947876
1164 0.9588811993598938
1165 0.8545622825622559
1166 0.7124032378196716
1167 0.7098386883735657
1168 1.3243316411972046
1169 0.6695579290390015
1170 1.1123939752578735
1171 1.1527143716812134
1172 1.1028364896774292
1173 1.24020254611969
1174 0.8490033149719238
1175 0.8861258029937744
1176 1.178179383277893
1177 1.1276172399520874
1178 1.4742448329925537
1179 1.3033438920974731
1180 1.0244641304016113
1181 0.9005181789398193
1182 0.7489339709281921
1183 0.7680203318595886
1184 0.4815756678581238
1185 0.4041462242603302
1186 0.6001451015472412
1187 0.5479031801223755
1188 0.40853339433670044
1189 0.9349991083145142
1190 0.40728092193603516
1191 0.9237164258956909
1192 0.8309224843978882
1193 0.36822134256362915
1194 0.682587742805481
1195 0.4422689974308014
1196 0.842406690120697
1197 0.44314828515052795
1198 0.7887725830078125
1199 0.5493607521057129
1200 0.5849295258522034
1201 0.7687985301017761
1202 0.8100360631942749
1203 0.43962591886520386
1204 0.7146319150924683
1205 1.0120254755020142
1206 0.8040858507156372
1207 0.9829362630844116
1208 0.34812846779823303
1209 0.4065960645675659
1210 0.6349952220916748
1211 0.4419870674610138
1212 0.45853665471076965
1213 0.581114649772644
1214 0.30663102865219116
1215 0.6725426316261292
1216 0.3967515826225281
1217 0.6221905946731567
1218 0.5155256390571594
1219 0.36022886633872986
1220 0.4668422043323517
1221 0.44862329959869385
1222 0.6725901365280151
1223 0.2421642541885376
1224 0.3895302712917328
1225 0.687859058380127
1226 0.41907402873039246
1227 0.4449259638786316
1228 0.46674108505249023
1229 0.5133886337280273
1230 0.4010801613330841
1231 0.6739636659622192
1232 0.385338693857193
1233 0.9053128957748413
1234 0.47976788878440857
1235 0.37674006819725037
1236 0.2144865244626999
1237 0.6069325804710388
1238 0.831801176071167
1239 0.808922290802002
1240 0.4043612480163574
1241 0.7849464416503906
1242 0.8182655572891235
1243 0.6632514595985413
1244 0.39228054881095886
1245 0.5662174820899963
1246 0.7696143388748169
1247 0.806423008441925
1248 0.6631208658218384
1249 0.645320475101471
1250 0.4302847683429718
1251 0.7615923881530762
1252 0.26153579354286194
1253 0.48612233996391296
1254 0.32530078291893005
1255 0.6617868542671204
1256 0.40948837995529175
1257 0.6264888644218445
1258 0.46620962023735046
1259 0.6707361936569214
1260 0.6457663774490356
1261 1.0502934455871582
1262 0.35905662178993225
1263 0.3748478293418884
1264 0.23860827088356018
1265 0.2297530323266983
1266 0.5983332991600037
1267 0.47662365436553955
1268 0.6868091225624084
1269 0.9724441766738892
1270 0.9380362033843994
1271 0.9903889298439026
1272 0.7920557260513306
1273 1.2005335092544556
1274 0.5409495234489441
1275 0.5261178612709045
1276 0.4131211042404175
1277 0.6454682350158691
1278 0.3118807375431061
1279 0.687786877155304
1280 0.7202556133270264
1281 0.8222848176956177
1282 0.5200305581092834
1283 0.7291485071182251
1284 0.3780843913555145
1285 0.5480591058731079
1286 0.304506778717041
1287 0.44215521216392517
1288 0.6105169653892517
1289 0.7744688987731934
1290 0.5153003334999084
1291 0.6449378728866577
1292 0.5867556929588318
1293 0.6955976486206055
1294 0.6591623425483704
1295 0.8636664748191833
1296 0.5637010335922241
1297 0.6815611124038696
1298 0.8843928575515747
1299 0.31595417857170105
1300 0.32978254556655884
1301 0.3790462017059326
1302 0.7712637186050415
1303 0.742767870426178
1304 0.41655242443084717
1305 0.8029235005378723
1306 0.8876181840896606
1307 0.7511411905288696
1308 0.5885856747627258
1309 0.5355294942855835
1310 0.6926636099815369
1311 0.6474838852882385
1312 0.30346983671188354
1313 0.3363862931728363
1314 0.34905025362968445
1315 0.34629419445991516
1316 0.49588581919670105
1317 0.4300937354564667
1318 1.0305949449539185
1319 0.8110599517822266
1320 0.7857019901275635
1321 0.45305654406547546
1322 0.43694061040878296
1323 0.3917458653450012
1324 0.42250946164131165
1325 0.40299418568611145
1326 0.620570182800293
1327 0.4638625383377075
1328 0.637541651725769
1329 0.5239925384521484
1330 0.5229744911193848
1331 0.47703006863594055
1332 0.44781482219696045
1333 0.2822955548763275
1334 0.5182796716690063
1335 0.4658881425857544
1336 0.43551430106163025
1337 0.595898449420929
1338 0.37463662028312683
1339 0.3518334925174713
1340 0.7051016688346863
1341 0.5419450402259827
1342 0.8092859983444214
1343 0.6766139268875122
1344 0.8052008152008057
1345 0.7672820687294006
1346 0.721234142780304
1347 0.4587225914001465
1348 0.6496408581733704
1349 0.36727991700172424
1350 0.700828492641449
1351 0.522319495677948
1352 0.4706912934780121
1353 0.5309979915618896
1354 0.21825894713401794
1355 0.35999995470046997
1356 1.0642040967941284
1357 0.9637021422386169
1358 0.3631192445755005
1359 0.6145979762077332
1360 0.4726787805557251
1361 0.7470939755439758
1362 0.980592668056488
1363 0.5605928301811218
1364 0.5567265748977661
1365 0.7558321356773376
1366 0.44809991121292114
1367 0.5987253785133362
1368 0.5548996329307556
1369 0.26897215843200684
1370 0.4797315001487732
1371 0.5987963080406189
1372 0.39743250608444214
1373 0.5519190430641174
1374 0.4501616954803467
1375 0.47994717955589294
1376 0.6891075968742371
1377 0.8229596018791199
1378 0.5154194831848145
1379 0.7647521495819092
1380 0.39559614658355713
1381 0.5795908570289612
1382 0.6542742848396301
1383 0.3973816931247711
1384 0.33231887221336365
1385 0.6392641067504883
1386 0.38810986280441284
1387 0.42823660373687744
1388 0.587904691696167
1389 0.6687053442001343
1390 0.4559420049190521
1391 0.4134518504142761
1392 0.5116527080535889
1393 0.565529465675354
1394 0.24014857411384583
1395 0.495316743850708
1396 0.5402928590774536
1397 0.39413589239120483
1398 0.4494018256664276
1399 0.2328764647245407
1400 0.4115372598171234
1401 0.27240079641342163
1402 0.49577298760414124
1403 0.28054869174957275
1404 0.43895161151885986
1405 0.4641626179218292
1406 0.5110036134719849
1407 0.7663781046867371
1408 1.1190563440322876
1409 0.9697244763374329
1410 0.7652967572212219
1411 0.2583208680152893
1412 0.4065284729003906
1413 0.5469428896903992
1414 0.422382116317749
1415 0.4397430121898651
1416 0.66944819688797
1417 0.3937721252441406
1418 0.5378732681274414
1419 0.7475078701972961
1420 0.7159136533737183
1421 0.4605788290500641
1422 0.28512394428253174
1423 0.4035986065864563
1424 0.45908230543136597
1425 0.29151806235313416
1426 0.38998815417289734
1427 0.4551626741886139
1428 0.3267715275287628
1429 0.3621556758880615
1430 0.75667405128479
1431 0.7227558493614197
1432 0.29615291953086853
1433 0.5067814588546753
1434 1.0336894989013672
1435 0.7018337249755859
1436 0.3964885175228119
1437 0.6050205230712891
1438 0.4954405426979065
1439 0.5423677563667297
1440 0.7079132199287415
1441 0.3319636285305023
1442 0.46288636326789856
1443 0.8005084991455078
1444 0.9265288710594177
1445 0.44273096323013306
1446 0.8015334606170654
1447 0.4414251446723938
1448 0.5124855637550354
1449 0.36208370327949524
1450 0.4346506595611572
1451 0.6485101580619812
1452 1.0269837379455566
1453 0.47147268056869507
1454 1.1409275531768799
1455 1.3963338136672974
1456 0.8963003754615784
1457 0.6807405948638916
1458 0.9530719518661499
1459 0.6645020842552185
1460 0.5125882625579834
1461 0.5118959546089172
1462 0.7255015969276428
1463 0.5711748003959656
1464 0.2655821442604065
1465 0.6366170644760132
1466 0.7339964509010315
1467 0.43311887979507446
1468 0.33223992586135864
1469 1.1128605604171753
1470 0.38537725806236267
1471 0.4983142912387848
1472 0.5201058387756348
1473 0.4143035411834717
1474 0.5576853156089783
1475 0.4879610538482666
1476 0.7023602724075317
1477 0.4925195574760437
1478 0.5948498249053955
1479 0.5991593599319458
1480 0.28487280011177063
1481 0.7277646660804749
1482 0.41609302163124084
1483 0.5264976620674133
1484 0.5379841923713684
1485 0.9380908608436584
1486 0.694406270980835
1487 0.4875826835632324
1488 0.5161615014076233
1489 0.4848102033138275
1490 0.2614152729511261
1491 0.5071083307266235
1492 0.5568410754203796
1493 0.38344064354896545
1494 0.2315603345632553
1495 0.4704538881778717
1496 0.4243724048137665
1497 0.5136210918426514
1498 0.35552889108657837
1499 0.7496088743209839
1500 0.6782816648483276
1501 0.8802796602249146
1502 0.7277509570121765
1503 1.0872631072998047
1504 0.5692972540855408
1505 0.5652393102645874
1506 0.9327298402786255
1507 0.7610889077186584
1508 1.1192628145217896
1509 1.1825560331344604
1510 1.1037037372589111
1511 0.49546176195144653
1512 0.552139937877655
1513 0.6775472164154053
1514 0.5527181625366211
1515 0.40924549102783203
1516 0.5109438896179199
1517 0.77511066198349
1518 0.7577185034751892
1519 0.5195807814598083
1520 0.9287042021751404
1521 0.8217149376869202
1522 0.405977725982666
1523 0.25537028908729553
1524 0.4936657249927521
1525 0.5419458150863647
1526 0.5616635680198669
1527 0.9547175168991089
1528 0.6680803298950195
1529 0.7387205958366394
1530 0.6721562743186951
1531 0.5476884841918945
1532 0.6856300234794617
1533 0.45750996470451355
1534 0.49186474084854126
1535 0.4079377055168152
1536 0.46906593441963196
1537 0.3555791974067688
1538 0.5742751955986023
1539 0.38092273473739624
1540 0.47045478224754333
1541 0.4648233950138092
1542 0.5979295969009399
1543 0.5172839760780334
1544 0.5578713417053223
1545 0.37843355536460876
1546 0.4509267807006836
1547 0.5273382663726807
1548 0.2377200871706009
1549 0.7176765203475952
1550 0.404710978269577
1551 0.2921670973300934
1552 0.416568398475647
1553 0.44822853803634644
1554 0.3104541301727295
1555 0.4764862060546875
1556 0.6120378375053406
1557 0.4099949598312378
1558 0.5315350294113159
1559 0.27149373292922974
1560 0.6934495568275452
1561 0.3529592454433441
1562 0.23228733241558075
1563 0.673244833946228
1564 0.33724305033683777
1565 0.6472379565238953
1566 0.722685694694519
1567 0.6570814847946167
1568 0.5211664438247681
1569 1.2051762342453003
1570 1.255326509475708
1571 0.9282985329627991
1572 0.7179864645004272
1573 0.472063809633255
1574 0.4591657519340515
1575 0.49221017956733704
1576 0.4813091456890106
1577 0.4409796893596649
1578 0.6096402406692505
1579 0.5917607545852661
1580 0.7848775386810303
1581 0.7920065522193909
1582 1.179073452949524
1583 0.627940833568573
1584 0.4741978943347931
1585 0.9051823616027832
1586 0.9213687181472778
1587 0.7931554913520813
1588 0.5101168155670166
1589 0.8207154273986816
1590 0.4687885046005249
1591 0.7702411413192749
1592 0.7360529899597168
1593 0.7723709940910339
1594 0.46861207485198975
1595 0.5374179482460022
1596 0.5603970885276794
1597 0.852558434009552
1598 0.6458858251571655
1599 0.4760836958885193
1600 0.3413085639476776
1601 0.5363404154777527
1602 0.5019711852073669
1603 0.724605143070221
1604 0.8914661407470703
1605 0.908604621887207
1606 0.6539911031723022
1607 0.7016333937644958
1608 0.6954957246780396
1609 1.1161564588546753
1610 0.830947756767273
1611 0.6755139827728271
1612 1.017080307006836
1613 0.9392485618591309
1614 0.7644972205162048
1615 0.6245687007904053
1616 0.7207343578338623
1617 0.556765079498291
1618 0.7512716054916382
1619 0.40641239285469055
1620 0.42584192752838135
1621 0.6918865442276001
1622 0.8423569202423096
1623 0.5258985161781311
1624 0.49714621901512146
1625 0.37658095359802246
1626 0.4147275388240814
1627 0.3580368459224701
1628 0.37945762276649475
1629 0.8169875741004944
1630 0.3032395541667938
1631 0.6921775937080383
1632 0.4339974820613861
1633 0.42214199900627136
1634 0.5548467636108398
1635 0.38900938630104065
1636 0.32981929183006287
1637 0.5785800218582153
1638 0.5043031573295593
1639 0.6820622682571411
1640 0.3780570328235626
1641 0.5530800223350525
1642 0.40445008873939514
1643 0.2578614354133606
1644 0.4322029948234558
1645 0.6113485097885132
1646 0.4405936598777771
1647 0.5526100993156433
1648 0.7813547849655151
1649 0.30942249298095703
1650 0.4849417507648468
1651 0.5692944526672363
1652 0.17430919408798218
1653 0.30269351601600647
1654 0.552656352519989
1655 0.47767212986946106
1656 0.3239353895187378
1657 0.5326489210128784
1658 0.7909910678863525
1659 0.4223552644252777
1660 0.4910525977611542
1661 0.45966383814811707
1662 0.5067800283432007
1663 0.5266310572624207
1664 0.5436297655105591
1665 0.35169586539268494
1666 0.6051433086395264
1667 1.1160311698913574
1668 0.4049302637577057
1669 0.7103270292282104
1670 0.25534164905548096
1671 0.4739348888397217
1672 0.49743542075157166
1673 0.9393678903579712
1674 0.8976619839668274
1675 0.8601592183113098
1676 0.6429171562194824
1677 0.9989493489265442
1678 0.8130432367324829
1679 0.5401379466056824
1680 0.5126200318336487
1681 0.3035602867603302
1682 0.5621293783187866
1683 0.46115642786026
1684 0.37165310978889465
1685 0.3822551369667053
1686 0.4648755192756653
1687 0.5637127757072449
1688 0.5069689750671387
1689 0.5167803168296814
1690 0.5943022966384888
1691 0.35414716601371765
1692 0.46047690510749817
1693 0.49832668900489807
1694 0.5911951065063477
1695 0.9278056025505066
1696 0.8065614700317383
1697 0.3632514178752899
1698 0.3432597219944
1699 0.5168390274047852
1700 0.2587345838546753
1701 0.5539581775665283
1702 0.7444210648536682
1703 0.37743544578552246
1704 0.6478756666183472
1705 0.3889446556568146
1706 0.6089041829109192
1707 0.4359632134437561
1708 0.3778882324695587
1709 0.4620150029659271
1710 0.6533926725387573
1711 0.4750593602657318
1712 0.7582727670669556
1713 0.6111663579940796
1714 0.34120598435401917
1715 0.28027188777923584
1716 0.5808102488517761
1717 0.4697180688381195
1718 0.6468183398246765
1719 0.499036967754364
1720 0.4591122269630432
1721 0.49914827942848206
1722 0.41957393288612366
1723 0.4299010932445526
1724 0.8395639061927795
1725 1.1223502159118652
1726 0.5104253888130188
1727 0.5925087928771973
1728 0.579462468624115
1729 0.431465744972229
1730 0.6050009727478027
1731 0.6604540944099426
1732 0.5256131887435913
1733 0.4032290577888489
1734 0.7670613527297974
1735 0.4875984787940979
1736 0.5226346254348755
1737 0.8143475651741028
1738 1.1976839303970337
1739 0.8732150793075562
1740 0.6603060960769653
1741 0.7461192607879639
1742 0.7289478778839111
1743 0.37543782591819763
1744 0.5908783674240112
1745 0.7770830988883972
1746 0.48696011304855347
1747 0.8477892875671387
1748 0.6991764307022095
1749 0.8154165744781494
1750 0.5153746604919434
1751 0.49819403886795044
1752 0.5174009799957275
1753 0.5707009434700012
1754 0.6830328702926636
1755 0.6672670245170593
1756 0.572740375995636
1757 0.35247042775154114
1758 0.57960444688797
1759 0.5898407101631165
1760 0.40728580951690674
1761 0.7045671343803406
1762 0.33303186297416687
1763 0.7695843577384949
1764 0.7897737622261047
1765 0.609796941280365
1766 0.710228681564331
1767 0.5192165374755859
1768 0.580202579498291
1769 0.7579609155654907
1770 0.7859752774238586
1771 0.6518265604972839
1772 0.6850748062133789
1773 0.5753676891326904
1774 0.5222432017326355
1775 0.599101185798645
1776 0.672929584980011
1777 0.2620951235294342
1778 0.5014837980270386
1779 0.31814634799957275
1780 0.3347153067588806
1781 0.3620372414588928
1782 0.41697362065315247
1783 0.46470701694488525
1784 0.38989999890327454
1785 0.6646527051925659
1786 0.4287121295928955
1787 0.29759010672569275
1788 0.2909679114818573
1789 0.3837960362434387
1790 0.522100031375885
1791 0.9433403611183167
1792 0.6521719694137573
1793 0.5363780856132507
1794 0.39094194769859314
1795 0.6003084778785706
1796 0.48120245337486267
1797 0.6469622254371643
1798 0.35056397318840027
1799 0.3231726586818695
1800 0.6009934544563293
1801 0.5919435024261475
1802 0.41243043541908264
1803 0.5119860768318176
1804 0.30468761920928955
1805 0.26828446984291077
1806 0.3798971474170685
1807 0.40611177682876587
1808 0.6556026339530945
1809 0.71515291929245
1810 0.31375423073768616
1811 0.34329789876937866
1812 0.4804821312427521
1813 0.5681016445159912
1814 0.32212311029434204
1815 0.44411763548851013
1816 0.7110017538070679
1817 0.4262137711048126
1818 0.3968113958835602
1819 0.5163668990135193
1820 0.6100999712944031
1821 0.9152914881706238
1822 0.6047162413597107
1823 0.4861055612564087
1824 0.41624361276626587
1825 0.7274378538131714
1826 0.7678703665733337
1827 0.5852330923080444
1828 0.42685645818710327
1829 0.29077157378196716
1830 0.3991610109806061
1831 0.46316683292388916
1832 0.7195422649383545
1833 0.4448044002056122
1834 0.27562329173088074
1835 0.7024186849594116
1836 0.29876258969306946
1837 0.7539759278297424
1838 0.804590106010437
1839 0.8826110363006592
1840 0.8553877472877502
1841 0.8623020052909851
1842 0.5841975212097168
1843 0.9658591747283936
1844 0.9716914296150208
1845 0.7458066344261169
1846 0.8704516291618347
1847 0.8135635852813721
1848 1.0948442220687866
1849 0.9190383553504944
1850 0.7252227067947388
1851 0.5210727453231812
1852 0.7316463589668274
1853 0.434611052274704
1854 0.5545598268508911
1855 0.4254652261734009
1856 0.29681482911109924
1857 0.1916712075471878
1858 0.38189733028411865
1859 0.6029618382453918
1860 0.47032278776168823
1861 0.5073678493499756
1862 0.5525334477424622
1863 0.5299226641654968
1864 0.50086909532547
1865 0.45224741101264954
1866 0.2301866114139557
1867 0.5189808011054993
1868 0.8728393912315369
1869 0.47082605957984924
1870 0.5310339331626892
1871 0.7437867522239685
1872 0.8127667307853699
1873 0.5476313233375549
1874 0.731322169303894
1875 0.5365391373634338
1876 0.8698736429214478
1877 1.0434108972549438
1878 0.9849638938903809
1879 0.8341614007949829
1880 0.46384215354919434
1881 0.7309452891349792
1882 0.3786463141441345
1883 0.335209459066391
1884 0.5523492693901062
1885 0.8472266793251038
1886 0.6124172210693359
1887 0.41859742999076843
1888 0.6072697639465332
1889 0.5082141160964966
1890 1.030864953994751
1891 1.0669770240783691
1892 0.7135300636291504
1893 0.41438665986061096
1894 0.6417675018310547
1895 0.42511510848999023
1896 0.5530873537063599
1897 0.5954375267028809
1898 0.3183426260948181
1899 0.32628631591796875
1900 0.7245962023735046
1901 0.40917521715164185
1902 0.5724528431892395
1903 0.3558700680732727
1904 0.3406331241130829
1905 0.8114208579063416
1906 0.596855103969574
1907 0.32791876792907715
1908 0.6341850161552429
1909 0.5379815697669983
1910 0.47143349051475525
1911 0.37151163816452026
1912 0.308779776096344
1913 0.24424631893634796
1914 0.468667596578598
1915 0.44830095767974854
1916 0.38394826650619507
1917 0.2707407474517822
1918 0.29664066433906555
1919 0.1381690800189972
1920 0.34446877241134644
1921 0.4474037289619446
1922 0.27294743061065674
1923 0.3257806599140167
1924 0.4383782148361206
1925 0.48853883147239685
1926 0.3355346620082855
1927 0.8298938870429993
1928 0.534966766834259
1929 0.723125696182251
1930 0.6629959344863892
1931 0.4511614143848419
1932 0.2483304888010025
1933 0.5763800144195557
1934 0.5366583466529846
1935 0.6182778477668762
1936 0.4391384422779083
1937 0.7758685350418091
1938 0.48898762464523315
1939 0.4832382798194885
1940 1.18097984790802
1941 0.46621572971343994
1942 0.5608173608779907
1943 0.5419259071350098
1944 0.8584057688713074
1945 0.3923502266407013
1946 0.6994592547416687
1947 0.8353854417800903
1948 0.7683543562889099
1949 0.7413607239723206
1950 0.7153711318969727
1951 0.6386401057243347
1952 0.4948137402534485
1953 0.7157994508743286
1954 0.3514651954174042
1955 0.6053144931793213
1956 0.7083047032356262
1957 0.6517021656036377
1958 0.3414846956729889
1959 0.39716482162475586
1960 0.5962132215499878
1961 0.38680779933929443
1962 0.36506280303001404
1963 0.6395606398582458
1964 0.4259111285209656
1965 0.17682954668998718
1966 0.43798983097076416
1967 0.26368439197540283
1968 0.32521650195121765
1969 0.720707356929779
1970 0.624870777130127
1971 0.5684658885002136
1972 0.4798077344894409
1973 0.5910955667495728
1974 0.4711005985736847
1975 0.5362023115158081
1976 0.5586463212966919
1977 0.5402591228485107
1978 0.7556723952293396
1979 0.6547084450721741
1980 0.9767096042633057
1981 0.8943971395492554
1982 0.6318339109420776
1983 0.38172808289527893
1984 0.32596448063850403
1985 0.8627572655677795
1986 0.8771690130233765
1987 0.7054942846298218
1988 0.7843575477600098
1989 0.32698696851730347
1990 0.3070148527622223
1991 0.72331702709198
1992 0.5401914119720459
1993 0.3487393856048584
1994 0.4437147080898285
1995 0.3761516511440277
1996 0.5068685412406921
1997 0.5194142460823059
1998 0.5490952730178833
1999 0.5375973582267761
