0 0.0
1 0.4364030361175537
2 0.6761823892593384
3 0.6112613677978516
4 0.3276022672653198
5 0.3306378722190857
6 0.7045262455940247
7 0.4499661326408386
8 0.5183923840522766
9 0.2803991138935089
10 0.7786810994148254
11 0.5418170690536499
12 0.5759690403938293
13 0.674839973449707
14 0.6573883295059204
15 0.5383920669555664
16 0.5583009123802185
17 0.5131949782371521
18 0.35090264678001404
19 0.5504876375198364
20 0.6542960405349731
21 0.509695291519165
22 0.46346768736839294
23 0.4146178662776947
24 0.728736400604248
25 0.9046088457107544
26 0.717054545879364
27 0.5056079030036926
28 0.6215444207191467
29 0.825286328792572
30 0.32214123010635376
31 0.6090041399002075
32 0.6552679538726807
33 0.5563458204269409
34 0.516289472579956
35 0.6203681230545044
36 0.8132124543190002
37 0.4929952323436737
38 0.747369647026062
39 0.49331536889076233
40 0.7863473296165466
41 0.5718546509742737
42 0.5781657099723816
43 0.605726957321167
44 0.4030902683734894
45 0.57550048828125
46 0.7673528790473938
47 0.647061288356781
48 0.6420573592185974
49 0.4652104675769806
50 0.8928964138031006
51 0.6310766935348511
52 0.6997328996658325
53 0.7801780104637146
54 0.6883536577224731
55 0.7546350955963135
56 1.1841866970062256
57 0.8131195306777954
58 0.8004468083381653
59 0.9407616257667542
60 0.492526113986969
61 0.3460090160369873
62 0.3476811647415161
63 0.5250192880630493
64 0.6001878380775452
65 0.9621500372886658
66 0.9371553659439087
67 0.8101924061775208
68 0.4901144206523895
69 0.47475868463516235
70 0.4635539650917053
71 0.835278332233429
72 0.507205069065094
73 0.5655235648155212
74 0.6983321905136108
75 0.6373311877250671
76 0.4748178720474243
77 0.6834940314292908
78 0.2876277565956116
79 0.34000369906425476
80 0.4256443381309509
81 0.6009671092033386
82 0.5027539134025574
83 0.3974626958370209
84 0.5226619839668274
85 0.7371171712875366
86 0.7672145366668701
87 0.4921042323112488
88 0.460621178150177
89 0.828423261642456
90 0.5194681286811829
91 0.7370204925537109
92 0.8662818670272827
93 0.5771974921226501
94 0.7612876296043396
95 0.6478253602981567
96 0.6845466494560242
97 0.48873117566108704
98 0.6811500191688538
99 0.4722646474838257
100 0.7366035580635071
101 0.8350434303283691
102 0.5496580600738525
103 0.6836503744125366
104 0.7266535758972168
105 1.057085633277893
106 0.7316355109214783
107 0.8218204379081726
108 0.6998972296714783
109 1.1540740728378296
110 0.9649248123168945
111 0.857591450214386
112 0.5182387828826904
113 0.7804670333862305
114 1.3601555824279785
115 0.9827518463134766
116 1.0057222843170166
117 0.8012949228286743
118 0.4620479941368103
119 0.9017748832702637
120 1.0351144075393677
121 0.614202618598938
122 0.8772278428077698
123 1.0450332164764404
124 0.9428213834762573
125 0.5402723550796509
126 0.5318285226821899
127 0.8101979494094849
128 0.5820608139038086
129 0.4514344036579132
130 0.870775580406189
131 0.950141429901123
132 0.44723087549209595
133 0.5347225666046143
134 0.6507460474967957
135 0.6252595782279968
136 0.4218202829360962
137 0.4406050741672516
138 0.7333192229270935
139 0.6807504892349243
140 0.6648336052894592
141 0.636888325214386
142 0.9960918426513672
143 0.5357382893562317
144 0.7038792967796326
145 0.4158920645713806
146 0.5022574663162231
147 0.5933496952056885
148 0.7913455367088318
149 0.6531213521957397
150 0.8912405371665955
151 0.6686793565750122
152 1.203815221786499
153 0.7845536470413208
154 0.582068681716919
155 0.6773239374160767
156 0.9769983887672424
157 0.7569515705108643
158 1.1020877361297607
159 1.3799105882644653
160 0.8488147854804993
161 1.2356915473937988
162 1.2173066139221191
163 0.770031213760376
164 1.3671238422393799
165 1.0917575359344482
166 0.8539417386054993
167 0.746735155582428
168 0.8139732480049133
169 0.6472477316856384
170 0.7690073251724243
171 0.9298419952392578
172 0.9840795397758484
173 0.786902904510498
174 0.7291861772537231
175 0.518782913684845
176 1.0036829710006714
177 0.9479653239250183
178 1.0312360525131226
179 0.6760377287864685
180 1.188279151916504
181 0.8234396576881409
182 0.9738973379135132
183 1.0047625303268433
184 0.5626488924026489
185 1.3533058166503906
186 0.8500116467475891
187 0.7071046233177185
188 0.6639443635940552
189 1.3397109508514404
190 1.1881061792373657
191 1.338615894317627
192 1.4672850370407104
193 1.2666847705841064
194 0.7986764311790466
195 0.7958208918571472
196 0.7278897166252136
197 1.5602606534957886
198 1.0236116647720337
199 1.0687003135681152
200 0.7657345533370972
201 1.180486798286438
202 0.829312264919281
203 1.1807552576065063
204 1.147276520729065
205 0.9268759489059448
206 0.9733481407165527
207 1.4092015027999878
208 0.9846198558807373
209 1.165176510810852
210 1.541651725769043
211 1.2212897539138794
212 1.3335412740707397
213 1.238649845123291
214 1.0040532350540161
215 1.2035306692123413
216 0.7824047803878784
217 0.7966134548187256
218 0.7058038711547852
219 1.5799368619918823
220 0.7201026082038879
221 1.1782636642456055
222 0.9341771602630615
223 1.0866035223007202
224 0.9989298582077026
225 0.8121649026870728
226 0.9303209781646729
227 1.236985445022583
228 0.8099912405014038
229 1.0257928371429443
230 0.8766096830368042
231 0.7666524648666382
232 1.1212055683135986
233 0.8154643177986145
234 0.998572587966919
235 1.0102837085723877
236 1.2691688537597656
237 1.2051430940628052
238 1.070813536643982
239 1.22658109664917
240 0.8471810817718506
241 1.3175640106201172
242 0.9602082967758179
243 0.8518795967102051
244 0.8724015355110168
245 0.6642935276031494
246 0.6350795030593872
247 0.7133422493934631
248 0.8981038331985474
249 0.9757481813430786
250 1.112898826599121
251 0.6822755336761475
252 1.0366721153259277
253 0.6575331687927246
254 0.6080629229545593
255 0.9002953767776489
256 1.0291459560394287
257 1.4819649457931519
258 1.0712562799453735
259 0.8997208476066589
260 0.6620620489120483
261 1.22604501247406
262 0.6861435770988464
263 1.0686006546020508
264 0.4181015193462372
265 0.9589576125144958
266 1.645379900932312
267 0.9634729027748108
268 0.5686014890670776
269 0.5698550939559937
270 0.7344138622283936
271 0.8657274842262268
272 0.7653630375862122
273 0.8128398060798645
274 0.6946287751197815
275 0.8648328185081482
276 0.7389994859695435
277 0.8159318566322327
278 0.6379428505897522
279 1.2250585556030273
280 0.5775149464607239
281 0.9195958971977234
282 0.8735584616661072
283 1.0905189514160156
284 1.3007339239120483
285 1.0854380130767822
286 0.810707151889801
287 0.5937292575836182
288 0.6239307522773743
289 0.49681246280670166
290 0.547297477722168
291 0.4879043996334076
292 0.546603798866272
293 0.4941316246986389
294 0.7632654905319214
295 0.44468721747398376
296 0.5351074934005737
297 0.5977954864501953
298 0.562725305557251
299 0.8983405828475952
300 0.6766862869262695
301 0.7353847026824951
302 0.6007372140884399
303 0.6381943821907043
304 0.760295569896698
305 0.4708929657936096
306 0.47101932764053345
307 0.6100523471832275
308 0.5710662007331848
309 0.501197099685669
310 0.6908589005470276
311 0.489726185798645
312 0.6552475690841675
313 0.4876044690608978
314 0.7253834009170532
315 0.6263534426689148
316 0.5195854306221008
317 0.6281510591506958
318 0.8708462715148926
319 0.8252828121185303
320 0.7289600372314453
321 0.9974663257598877
322 0.7563478350639343
323 0.4450463354587555
324 0.505643367767334
325 0.52555251121521
326 0.9570173621177673
327 0.7579886317253113
328 0.71593177318573
329 0.6433362364768982
330 0.47658294439315796
331 0.9008778929710388
332 0.584911584854126
333 0.4927860498428345
334 0.5632810592651367
335 0.5468471050262451
336 0.7658703923225403
337 0.668523907661438
338 0.6550071835517883
339 0.5473704934120178
340 0.4527922570705414
341 0.5407252311706543
342 0.5082785487174988
343 0.7177117466926575
344 0.4960577189922333
345 0.572425127029419
346 0.6712831854820251
347 0.8062289953231812
348 0.7971245050430298
349 1.1914939880371094
350 0.8357228636741638
351 1.0183697938919067
352 0.9013357758522034
353 0.9454106092453003
354 0.9698590636253357
355 0.7801463007926941
356 0.640614926815033
357 0.8430095314979553
358 0.6866111159324646
359 0.7563137412071228
360 0.7223968505859375
361 0.8733552098274231
362 0.5034528374671936
363 0.6932095289230347
364 0.6465749740600586
365 0.7945630550384521
366 0.7824335098266602
367 1.0249561071395874
368 0.7572867274284363
369 0.5583993792533875
370 0.48083508014678955
371 0.7012341618537903
372 0.8350884318351746
373 0.5054123401641846
374 0.5529624819755554
375 0.8909640312194824
376 0.8846824169158936
377 0.9408026337623596
378 0.49172088503837585
379 0.6024574041366577
380 0.49440962076187134
381 0.5329115390777588
382 0.49400752782821655
383 0.6353112459182739
384 0.5029116272926331
385 0.5972393751144409
386 0.5334533452987671
387 0.561158299446106
388 0.7541967630386353
389 0.4726245701313019
390 0.7894211411476135
391 0.3502170145511627
392 0.5586164593696594
393 0.5823073387145996
394 0.8843797445297241
395 0.6841043829917908
396 0.5593380331993103
397 0.5588230490684509
398 0.825242280960083
399 1.1111445426940918
400 0.6826151013374329
401 0.3976851999759674
402 0.8069260120391846
403 1.028592824935913
404 0.7167590260505676
405 0.9421972632408142
406 0.6194708347320557
407 0.8041569590568542
408 1.0412662029266357
409 1.260491967201233
410 0.8325570225715637
411 0.6871137022972107
412 0.47686806321144104
413 0.5451950430870056
414 0.849962055683136
415 1.1437046527862549
416 0.5740933418273926
417 0.6279388070106506
418 0.6897478103637695
419 0.6566541790962219
420 0.40548306703567505
421 0.49787288904190063
422 1.0310782194137573
423 0.5772457122802734
424 0.7761426568031311
425 0.9694309234619141
426 0.9965530633926392
427 0.6587152481079102
428 0.8701594471931458
429 0.7711711525917053
430 0.7224640250205994
431 0.5619703531265259
432 0.6826552748680115
433 0.7704808712005615
434 0.474351704120636
435 0.5847353935241699
436 0.6494110822677612
437 1.3335497379302979
438 0.7339210510253906
439 0.8511103391647339
440 0.7663073539733887
441 1.2043510675430298
442 1.0560030937194824
443 1.0275803804397583
444 0.5147560834884644
445 0.6575481295585632
446 0.7805743217468262
447 0.5422391891479492
448 0.6678042411804199
449 0.7515969276428223
450 0.6144363284111023
451 0.7868853807449341
452 0.780421793460846
453 0.45914822816848755
454 0.7696949243545532
455 0.5557552576065063
456 1.0801875591278076
457 0.656469464302063
458 0.9889143705368042
459 0.6293603181838989
460 1.0331450700759888
461 1.0416667461395264
462 0.6089898347854614
463 0.7525680065155029
464 0.5179501175880432
465 1.278551459312439
466 0.8814749121665955
467 0.7674773931503296
468 0.4966444671154022
469 0.6514189839363098
470 0.6215371489524841
471 0.795169472694397
472 0.9151312112808228
473 0.9946813583374023
474 0.9823989272117615
475 0.5360638499259949
476 0.9295147061347961
477 0.7738481760025024
478 1.0492498874664307
479 0.8410840630531311
480 0.9653321504592896
481 0.6367670297622681
482 0.7354981899261475
483 0.831040620803833
484 0.5354995131492615
485 0.5117325782775879
486 0.40411871671676636
487 0.5574175119400024
488 0.5746350288391113
489 0.7003926038742065
490 0.38209810853004456
491 0.6222506165504456
492 0.6072688102722168
493 0.6301556825637817
494 0.4818049967288971
495 0.8903499245643616
496 0.7250326871871948
497 0.7887769341468811
498 0.418621689081192
499 0.45386478304862976
500 0.3534795343875885
501 0.31961187720298767
502 0.5419246554374695
503 0.7891878485679626
504 0.6784874200820923
505 0.4048333466053009
506 0.8385831117630005
507 0.5130842924118042
508 0.5361301898956299
509 0.9051021337509155
510 0.8283947706222534
511 0.7515024542808533
512 1.1234946250915527
513 0.7981199622154236
514 0.5918343663215637
515 0.5526891350746155
516 0.4932991862297058
517 0.9769256711006165
518 0.6292203068733215
519 0.9203112125396729
520 0.7475104928016663
521 0.5336910486221313
522 0.705234169960022
523 0.6548671722412109
524 0.6895790696144104
525 0.9324986338615417
526 0.9989368915557861
527 0.7248097062110901
528 1.0948454141616821
529 1.0692821741104126
530 1.2117916345596313
531 0.7468961477279663
532 0.6250864863395691
533 0.9456945061683655
534 0.8518831133842468
535 0.9609180688858032
536 0.7414543032646179
537 0.6948003768920898
538 0.8272553086280823
539 0.7100231051445007
540 0.5163162350654602
541 0.6972057819366455
542 0.6965842247009277
543 0.8457569479942322
544 1.026515245437622
545 0.5874560475349426
546 0.7491639852523804
547 0.9394662380218506
548 0.6300949454307556
549 0.6909483075141907
550 0.6751293540000916
551 0.757287323474884
552 0.7982091307640076
553 0.8151472210884094
554 0.6699416041374207
555 1.0345845222473145
556 0.6556761264801025
557 0.759194016456604
558 0.8651584982872009
559 0.930357038974762
560 0.6195496320724487
561 0.6800603270530701
562 0.42215782403945923
563 0.552430272102356
564 0.6823509931564331
565 0.35334324836730957
566 0.6233725547790527
567 0.47074583172798157
568 0.6553773283958435
569 0.7465162873268127
570 0.5139908194541931
571 0.4832334816455841
572 0.7498902678489685
573 0.45027515292167664
574 0.6623053550720215
575 0.7287895083427429
576 0.445884108543396
577 0.6325816512107849
578 1.112770438194275
579 1.1462161540985107
580 1.3282543420791626
581 0.45894792675971985
582 0.5588248372077942
583 0.5781465172767639
584 0.6611920595169067
585 0.7465077638626099
586 0.7957442402839661
587 0.5530291795730591
588 0.4475003778934479
589 0.6312921643257141
590 0.692600667476654
591 0.6387761235237122
592 0.743485689163208
593 0.8442518711090088
594 0.9879105687141418
595 0.5658738017082214
596 0.5296218395233154
597 0.47480857372283936
598 0.43588870763778687
599 0.5390081405639648
600 0.6483811140060425
601 0.4422578513622284
602 0.4690541923046112
603 0.594399631023407
604 0.3526248633861542
605 0.5527001023292542
606 0.2946431040763855
607 0.4249623119831085
608 0.3766971230506897
609 0.5526201128959656
610 0.5496051907539368
611 0.4311468005180359
612 0.552086353302002
613 0.989933431148529
614 0.8084747791290283
615 0.616524875164032
616 0.6073809862136841
617 0.5323954820632935
618 0.6620969772338867
619 0.4268527328968048
620 0.6506887674331665
621 0.9647928476333618
622 1.0603561401367188
623 1.0494143962860107
624 0.479413241147995
625 0.9331026077270508
626 0.43940067291259766
627 0.7073332667350769
628 0.9688941240310669
629 0.6730359792709351
630 1.0282728672027588
631 1.1099625825881958
632 0.9113289713859558
633 0.9763173460960388
634 0.5370498895645142
635 1.140761137008667
636 0.68697190284729
637 0.740164577960968
638 0.9392802715301514
639 0.5019669532775879
640 0.659226655960083
641 0.5801733136177063
642 0.37126457691192627
643 0.2899589240550995
644 0.6662126779556274
645 0.7208998203277588
646 1.0801161527633667
647 0.7999380230903625
648 0.6901661157608032
649 0.8659281730651855
650 1.0015169382095337
651 0.5302913784980774
652 0.30583497881889343
653 0.8046533465385437
654 1.5960999727249146
655 1.3501948118209839
656 1.1395742893218994
657 0.8992472290992737
658 1.1068412065505981
659 1.0434671640396118
660 0.893469512462616
661 0.6978052854537964
662 0.5006858706474304
663 0.5970745086669922
664 0.6763778924942017
665 1.0248830318450928
666 0.963424801826477
667 0.9347085952758789
668 0.7739443182945251
669 1.1213780641555786
670 0.7420474886894226
671 0.5737603902816772
672 0.9529068470001221
673 0.787339985370636
674 1.0140795707702637
675 1.2890433073043823
676 0.633709192276001
677 0.7027252912521362
678 0.890087902545929
679 0.8151817321777344
680 1.0421661138534546
681 0.5814811587333679
682 0.8944770693778992
683 0.7879454493522644
684 0.7214192152023315
685 0.9779784679412842
686 0.5091202259063721
687 0.5186559557914734
688 0.8034875392913818
689 1.297359585762024
690 0.8059365153312683
691 0.862769365310669
692 0.7175735235214233
693 0.748785138130188
694 0.7661346793174744
695 0.7648742198944092
696 0.8975498080253601
697 0.7884374260902405
698 0.8490655422210693
699 0.6412549018859863
700 0.5304458737373352
701 0.8194532990455627
702 0.3210008144378662
703 0.5652378797531128
704 0.6890310645103455
705 0.7096593379974365
706 0.8322582840919495
707 0.7824071645736694
708 0.7560807466506958
709 0.9621745944023132
710 0.5458104014396667
711 0.3966016471385956
712 0.8632721900939941
713 0.5454503893852234
714 0.620662271976471
715 0.8376971483230591
716 0.7365477085113525
717 1.0751900672912598
718 1.2562581300735474
719 0.9729194045066833
720 0.8871673345565796
721 0.8117790222167969
722 0.6464540958404541
723 0.6382428407669067
724 0.9902575612068176
725 0.9084652662277222
726 1.1001628637313843
727 1.0043457746505737
728 0.8175331354141235
729 0.5835269689559937
730 0.5968192219734192
731 0.5638118386268616
732 0.829099178314209
733 0.5888856053352356
734 1.1626739501953125
735 0.904912531375885
736 0.5603185296058655
737 0.5703349709510803
738 0.5939992070198059
739 0.6730201244354248
740 0.5151916146278381
741 0.8239982724189758
742 0.7496955394744873
743 0.6288633942604065
744 0.698727548122406
745 0.8966787457466125
746 0.7858243584632874
747 0.49247777462005615
748 0.7972434163093567
749 1.0998759269714355
750 1.1307542324066162
751 0.6406419277191162
752 1.0136760473251343
753 1.1044827699661255
754 0.9191799163818359
755 0.9373977184295654
756 0.8836832046508789
757 0.8544998168945313
758 0.9957762360572815
759 0.8702495694160461
760 0.6474596261978149
761 1.0638959407806396
762 1.3547536134719849
763 1.289220929145813
764 1.1819219589233398
765 1.4075947999954224
766 0.7740199565887451
767 1.0187889337539673
768 0.7311491966247559
769 1.1628491878509521
770 0.6405380964279175
771 0.9305527210235596
772 0.47009769082069397
773 0.6198189854621887
774 0.49610453844070435
775 0.8117521405220032
776 0.8015265464782715
777 0.5519533753395081
778 0.9222226142883301
779 0.5320631861686707
780 0.5887186527252197
781 0.6203988194465637
782 0.9686437249183655
783 0.6324965953826904
784 0.6250433325767517
785 0.6950873732566833
786 0.6553423404693604
787 0.5138751864433289
788 0.7036260962486267
789 0.766501784324646
790 0.6959097385406494
791 0.787264347076416
792 1.0782612562179565
793 1.0973882675170898
794 1.1135913133621216
795 1.1301276683807373
796 0.8954687714576721
797 0.5772828459739685
798 0.6480862498283386
799 0.572922945022583
800 0.6962485313415527
801 0.6022568345069885
802 0.35544827580451965
803 0.6725203990936279
804 0.39475303888320923
805 0.5243704915046692
806 0.5697418451309204
807 0.5339373350143433
808 0.6541159152984619
809 0.3657814860343933
810 0.826332688331604
811 0.527005136013031
812 0.4740140736103058
813 0.6659247875213623
814 1.2029423713684082
815 1.2104159593582153
816 1.137803077697754
817 1.1421931982040405
818 1.0360050201416016
819 0.9233285784721375
820 1.0365349054336548
821 1.3835163116455078
822 1.7288470268249512
823 1.3704583644866943
824 1.0045615434646606
825 0.7595028877258301
826 0.7524927854537964
827 1.0015854835510254
828 0.9486093521118164
829 0.9743795990943909
830 0.9414920806884766
831 0.7481664419174194
832 1.2738598585128784
833 0.7320564389228821
834 1.1565264463424683
835 0.9971897006034851
836 0.9897642135620117
837 0.7989587783813477
838 0.7233363389968872
839 1.1249399185180664
840 0.7355635166168213
841 0.7737671732902527
842 0.734503448009491
843 1.0331437587738037
844 1.346946358680725
845 1.251760482788086
846 0.9369644522666931
847 0.9654338955879211
848 1.3848217725753784
849 0.8620550632476807
850 1.0478267669677734
851 0.6727039813995361
852 0.8188594579696655
853 0.8772972226142883
854 0.770203709602356
855 1.0995934009552002
856 1.1029646396636963
857 1.2055495977401733
858 0.8367756605148315
859 0.824670672416687
860 0.7123699188232422
861 0.9344490766525269
862 0.7835330963134766
863 1.3692036867141724
864 1.2055319547653198
865 1.0241434574127197
866 1.127143383026123
867 1.1880989074707031
868 1.298110842704773
869 1.2801713943481445
870 1.3717366456985474
871 0.7391191720962524
872 1.108901858329773
873 1.0009891986846924
874 0.949235737323761
875 0.9060284495353699
876 1.0843279361724854
877 1.1132898330688477
878 1.0112051963806152
879 1.1689292192459106
880 1.3404943943023682
881 1.3662073612213135
882 0.94231116771698
883 1.412806510925293
884 0.9439713954925537
885 1.2113057374954224
886 0.9116182327270508
887 0.794274091720581
888 1.1138689517974854
889 1.457114338874817
890 1.3147270679473877
891 1.47471022605896
892 1.4073617458343506
893 0.8494771122932434
894 1.2542860507965088
895 1.1903076171875
896 1.021952748298645
897 1.155677080154419
898 0.8844276070594788
899 0.9990740418434143
900 1.0285483598709106
901 0.9170510172843933
902 1.4152660369873047
903 0.9013551473617554
904 1.1287016868591309
905 0.925351083278656
906 0.7969964146614075
907 1.3280104398727417
908 1.063328504562378
909 1.1927239894866943
910 1.239828109741211
911 1.4906493425369263
912 1.2881637811660767
913 1.3031721115112305
914 1.3250805139541626
915 0.7902197241783142
916 1.1375535726547241
917 1.2174172401428223
918 1.3276360034942627
919 1.1548669338226318
920 0.8352702260017395
921 0.8941428065299988
922 1.8165935277938843
923 1.8169339895248413
924 1.3749802112579346
925 1.7004462480545044
926 1.2300535440444946
927 1.7762680053710938
928 1.9514762163162231
929 1.6913424730300903
930 2.1242549419403076
931 1.6651437282562256
932 2.0570898056030273
933 1.6316578388214111
934 1.2940607070922852
935 1.0924174785614014
936 1.0335450172424316
937 0.764228343963623
938 1.558294415473938
939 1.2530450820922852
940 1.0763746500015259
941 1.589272379875183
942 1.4491369724273682
943 1.9087398052215576
944 1.1784191131591797
945 1.0287445783615112
946 1.0100950002670288
947 1.3166667222976685
948 1.5862760543823242
949 1.5527245998382568
950 0.842758059501648
951 1.1834968328475952
952 1.257283091545105
953 1.3036351203918457
954 1.566290020942688
955 0.8965136408805847
956 0.6268782019615173
957 0.6639482975006104
958 1.1968610286712646
959 1.047351360321045
960 0.9547699093818665
961 0.8287196159362793
962 0.9973677396774292
963 0.723914623260498
964 1.0304701328277588
965 0.9538111686706543
966 1.1741399765014648
967 0.6647617220878601
968 1.0521517992019653
969 0.9947634935379028
970 0.7257235646247864
971 1.132848858833313
972 1.0930696725845337
973 0.8060480356216431
974 1.0444769859313965
975 0.7723293900489807
976 0.7447700500488281
977 1.2032108306884766
978 0.9549306035041809
979 0.8803056478500366
980 0.9274012446403503
981 0.8570471405982971
982 0.9869818091392517
983 0.939066469669342
984 1.1716622114181519
985 1.5941429138183594
986 1.4047232866287231
987 1.3421908617019653
988 1.4048696756362915
989 1.6265546083450317
990 1.1904493570327759
991 1.381020188331604
992 1.290546178817749
993 1.401872158050537
994 1.0174617767333984
995 0.7797582149505615
996 1.3191319704055786
997 1.274097204208374
998 1.4700472354888916
999 0.937283456325531
1000 0.989023745059967
1001 0.8283016681671143
1002 1.194407343864441
1003 1.1541788578033447
1004 0.965984582901001
1005 1.4441852569580078
1006 1.3961554765701294
1007 1.3163708448410034
1008 1.5257258415222168
1009 1.142206072807312
1010 1.0217572450637817
1011 1.1846970319747925
1012 1.2004966735839844
1013 1.2863141298294067
1014 1.0641590356826782
1015 0.9155063629150391
1016 0.9334608912467957
1017 0.7252388000488281
1018 0.7309963703155518
1019 0.7728151082992554
1020 1.3667864799499512
1021 0.9050806760787964
1022 1.4051212072372437
1023 1.3340550661087036
1024 0.8821333050727844
1025 1.182779312133789
1026 1.0419505834579468
1027 1.0292917490005493
1028 1.348272442817688
1029 1.128236174583435
1030 1.093235969543457
1031 1.0747811794281006
1032 0.9923021197319031
1033 1.5084387063980103
1034 1.263018250465393
1035 1.175441861152649
1036 1.221691370010376
1037 1.4215686321258545
1038 1.6677786111831665
1039 1.4426217079162598
1040 1.6256887912750244
1041 1.304885745048523
1042 1.3749791383743286
1043 1.518173098564148
1044 1.380182147026062
1045 1.2877122163772583
1046 1.3255832195281982
1047 1.2418138980865479
1048 1.1201578378677368
1049 1.193615436553955
1050 1.2747715711593628
1051 1.0814683437347412
1052 1.1824853420257568
1053 1.1231846809387207
1054 1.4802228212356567
1055 1.204109787940979
1056 0.9419711828231812
1057 1.099701166152954
1058 1.2657378911972046
1059 1.4256535768508911
1060 1.1893266439437866
1061 1.0637576580047607
1062 1.5894947052001953
1063 1.7929917573928833
1064 0.8281115889549255
1065 0.8886507749557495
1066 1.5069061517715454
1067 0.8604614734649658
1068 1.556850552558899
1069 1.8780574798583984
1070 1.2662221193313599
1071 0.9361945390701294
1072 1.4397590160369873
1073 1.4728676080703735
1074 1.3203084468841553
1075 1.2088611125946045
1076 1.3765430450439453
1077 1.1741431951522827
1078 1.2544039487838745
1079 1.2468022108078003
1080 1.1266555786132813
1081 0.9987666010856628
1082 1.1699960231781006
1083 1.554580569267273
1084 1.1019487380981445
1085 1.194916009902954
1086 1.2069915533065796
1087 1.762703776359558
1088 1.0487160682678223
1089 1.150841474533081
1090 1.1634185314178467
1091 1.3203550577163696
1092 1.3793522119522095
1093 1.075234055519104
1094 1.39260733127594
1095 1.1852362155914307
1096 1.1399458646774292
1097 1.7450164556503296
1098 0.8805640935897827
1099 1.1674391031265259
1100 1.3497198820114136
1101 1.4613324403762817
1102 1.0037275552749634
1103 1.1292665004730225
1104 1.403274416923523
1105 1.4938960075378418
1106 1.2796128988265991
1107 1.6735703945159912
1108 1.3602243661880493
1109 1.6409708261489868
1110 1.4312894344329834
1111 1.4720395803451538
1112 1.231733798980713
1113 1.3994325399398804
1114 1.6044199466705322
1115 1.4116953611373901
1116 1.5354126691818237
1117 1.0934576988220215
1118 1.389392614364624
1119 1.6325410604476929
1120 1.5511411428451538
1121 1.0423078536987305
1122 1.3886172771453857
1123 1.0387487411499023
1124 1.0991400480270386
1125 1.165771722793579
1126 0.947344958782196
1127 1.1677566766738892
1128 1.2502623796463013
1129 1.3967719078063965
1130 1.0847200155258179
1131 1.6310093402862549
1132 1.3721940517425537
1133 1.6834845542907715
1134 1.365742802619934
1135 1.2904632091522217
1136 1.0189591646194458
1137 1.0910602807998657
1138 1.0694376230239868
1139 1.154939889907837
1140 0.9824944734573364
1141 0.8841004371643066
1142 1.0829453468322754
1143 0.9225191473960876
1144 1.1377263069152832
1145 1.0201393365859985
1146 1.305738925933838
1147 0.8912373781204224
1148 0.9903411865234375
1149 1.093508243560791
1150 1.0072367191314697
1151 0.9387906193733215
1152 0.9804539084434509
1153 1.024370789527893
1154 1.1402506828308105
1155 1.1924728155136108
1156 1.046752691268921
1157 1.1628336906433105
1158 1.3215559720993042
1159 1.1542717218399048
1160 1.1677302122116089
1161 1.2622586488723755
1162 1.5163005590438843
1163 0.9864715337753296
1164 1.3143960237503052
1165 1.1830224990844727
1166 1.5408576726913452
1167 1.5574127435684204
1168 1.6869516372680664
1169 1.739266276359558
1170 1.4947453737258911
1171 1.4107593297958374
1172 1.550491452217102
1173 1.3357921838760376
1174 0.9155144691467285
1175 1.269309639930725
1176 1.850636601448059
1177 1.4974066019058228
1178 1.4884752035140991
1179 1.0047211647033691
1180 1.230631947517395
1181 1.434655785560608
1182 1.6894888877868652
1183 0.7555956244468689
1184 1.1327764987945557
1185 1.1161284446716309
1186 1.18381929397583
1187 1.6607801914215088
1188 1.4825003147125244
1189 1.209783673286438
1190 1.741722822189331
1191 1.3206123113632202
1192 1.3192224502563477
1193 1.3523051738739014
1194 1.400071620941162
1195 1.1913564205169678
1196 1.2799426317214966
1197 1.2339190244674683
1198 1.4617773294448853
1199 1.456324815750122
1200 1.3175801038742065
1201 1.3176456689834595
1202 1.2362191677093506
1203 1.23899507522583
1204 1.918367624282837
1205 1.317341923713684
1206 1.2123032808303833
1207 1.4470487833023071
1208 1.2638006210327148
1209 0.9991722702980042
1210 1.378247857093811
1211 1.7694478034973145
1212 1.6454585790634155
1213 1.4372941255569458
1214 1.3044726848602295
1215 2.062767267227173
1216 0.8996574282646179
1217 1.035069227218628
1218 1.3550108671188354
1219 1.5222049951553345
1220 1.5260862112045288
1221 1.5919408798217773
1222 1.6189438104629517
1223 1.5454139709472656
1224 0.9926260709762573
1225 1.0794076919555664
1226 1.062505841255188
1227 1.1844600439071655
1228 0.7824274897575378
1229 1.1193913221359253
1230 0.8924691081047058
1231 1.2988485097885132
1232 1.310951590538025
1233 1.0435523986816406
1234 0.968201756477356
1235 1.379608154296875
1236 1.1639269590377808
1237 1.4055153131484985
1238 1.181936264038086
1239 1.1749966144561768
1240 1.2549399137496948
1241 1.1241047382354736
1242 0.7113879919052124
1243 1.3102564811706543
1244 0.9762282967567444
1245 1.0253973007202148
1246 1.0379401445388794
1247 1.4151583909988403
1248 1.5612545013427734
1249 1.2689143419265747
1250 1.1166603565216064
1251 1.5848051309585571
1252 1.7144904136657715
1253 1.3612604141235352
1254 1.4784590005874634
1255 1.022283673286438
1256 1.1187965869903564
1257 1.1715108156204224
1258 1.6232540607452393
1259 1.1383559703826904
1260 1.293501377105713
1261 1.0579142570495605
1262 0.9392194747924805
1263 0.992845892906189
1264 1.205032229423523
1265 1.094244360923767
1266 0.9908255934715271
1267 1.738448977470398
1268 1.1768733263015747
1269 1.3598881959915161
1270 1.2679576873779297
1271 1.0198016166687012
1272 1.1701377630233765
1273 1.4934743642807007
1274 1.0644912719726563
1275 1.5050731897354126
1276 1.4419937133789063
1277 1.246102213859558
1278 1.5384047031402588
1279 0.9792081117630005
1280 1.5081113576889038
1281 1.2167028188705444
1282 0.7903682589530945
1283 1.5265038013458252
1284 1.5079591274261475
1285 1.4287402629852295
1286 1.4313395023345947
1287 1.795343279838562
1288 1.471839189529419
1289 1.205680012702942
1290 1.3620774745941162
1291 1.5483161211013794
1292 1.3220059871673584
1293 1.6821180582046509
1294 1.7195510864257813
1295 1.2034536600112915
1296 1.5868229866027832
1297 1.6345524787902832
1298 1.4022462368011475
1299 1.3054472208023071
1300 1.4716672897338867
1301 1.504759430885315
1302 1.536475419998169
1303 1.4602540731430054
1304 1.5952353477478027
1305 1.3708150386810303
1306 1.5126115083694458
1307 1.5044920444488525
1308 1.8371795415878296
1309 1.8605382442474365
1310 1.393694519996643
1311 1.3131475448608398
1312 1.400617003440857
1313 1.5513252019882202
1314 1.7913867235183716
1315 1.573518991470337
1316 1.899332880973816
1317 1.2309168577194214
1318 1.485843539237976
1319 1.6177424192428589
1320 0.9562330842018127
1321 1.1991857290267944
1322 1.4126582145690918
1323 1.4786477088928223
1324 1.5676822662353516
1325 1.3358153104782104
1326 1.1719129085540771
1327 1.3751431703567505
1328 1.686215877532959
1329 1.785805344581604
1330 1.7719147205352783
1331 1.5982197523117065
1332 1.216267466545105
1333 1.6448012590408325
1334 1.5270519256591797
1335 1.3464467525482178
1336 1.4483327865600586
1337 1.301408290863037
1338 1.25236177444458
1339 1.3604212999343872
1340 1.597926139831543
1341 1.712134599685669
1342 1.6122227907180786
1343 1.1614128351211548
1344 1.2202938795089722
1345 1.2340787649154663
1346 1.6857658624649048
1347 1.5593724250793457
1348 1.7726104259490967
1349 1.5144373178482056
1350 1.764804720878601
1351 1.5474339723587036
1352 1.5754857063293457
1353 1.441831111907959
1354 1.7622311115264893
1355 1.3327661752700806
1356 1.20027494430542
1357 1.1191589832305908
1358 1.2639583349227905
1359 1.4450047016143799
1360 1.2309255599975586
1361 1.2574197053909302
1362 1.3156707286834717
1363 1.1545099020004272
1364 1.230845332145691
1365 1.1120402812957764
1366 1.293934941291809
1367 1.2294358015060425
1368 1.3550864458084106
1369 1.055453896522522
1370 1.3343207836151123
1371 1.2001869678497314
1372 0.9912224411964417
1373 1.1401042938232422
1374 1.1954222917556763
1375 1.338944435119629
1376 1.220015048980713
1377 1.7068759202957153
1378 1.301318645477295
1379 1.283522367477417
1380 1.2371994256973267
1381 1.3076938390731812
1382 1.3223342895507813
1383 1.076587200164795
1384 0.9707852602005005
1385 1.293083906173706
1386 1.2259663343429565
1387 1.0948489904403687
1388 1.1675236225128174
1389 1.1521905660629272
1390 1.045654058456421
1391 1.0091853141784668
1392 1.0499948263168335
1393 0.8912011384963989
1394 0.895663321018219
1395 1.398891806602478
1396 0.8726504445075989
1397 1.0159225463867188
1398 1.1473889350891113
1399 1.0273576974868774
1400 1.0817729234695435
1401 0.9539053440093994
1402 1.102001428604126
1403 0.9468438029289246
1404 1.015969157218933
1405 0.8607796430587769
1406 0.9448599815368652
1407 0.9685797691345215
1408 1.1161856651306152
1409 0.9330427646636963
1410 1.046371579170227
1411 1.2125301361083984
1412 1.308982491493225
1413 1.5253281593322754
1414 1.1198794841766357
1415 1.274144172668457
1416 1.184432029724121
1417 0.9522885680198669
1418 1.3014380931854248
1419 1.3876593112945557
1420 1.1994152069091797
1421 1.0603984594345093
1422 1.4370344877243042
1423 1.07462477684021
1424 1.079413890838623
1425 1.3257052898406982
1426 1.3558099269866943
1427 1.289495825767517
1428 1.730545163154602
1429 1.0604056119918823
1430 1.2234214544296265
1431 1.4367188215255737
1432 1.42410147190094
1433 1.047804355621338
1434 1.4086109399795532
1435 1.2272627353668213
1436 1.1387585401535034
1437 1.3051224946975708
1438 1.2974179983139038
1439 1.3446311950683594
1440 1.3552254438400269
1441 1.3932418823242188
1442 1.640190601348877
1443 1.1497458219528198
1444 1.6433194875717163
1445 1.3130007982254028
1446 1.821276068687439
1447 1.3179757595062256
1448 1.5097249746322632
1449 1.773430585861206
1450 1.5279394388198853
1451 1.540202021598816
1452 1.556767463684082
1453 1.907963752746582
1454 1.8331257104873657
1455 1.3934279680252075
1456 1.341041088104248
1457 1.6476157903671265
1458 1.6523001194000244
1459 1.341354250907898
1460 1.2346441745758057
1461 1.434707760810852
1462 0.9638052582740784
1463 1.3927831649780273
1464 1.5616248846054077
1465 1.0374021530151367
1466 1.445225477218628
1467 1.1937750577926636
1468 1.268865704536438
1469 1.5341066122055054
1470 1.2685848474502563
1471 1.2399232387542725
1472 1.3497315645217896
1473 1.167148470878601
1474 1.3309226036071777
1475 1.1883362531661987
1476 1.265514612197876
1477 1.3397395610809326
1478 1.6795228719711304
1479 1.848428726196289
1480 1.5382918119430542
1481 1.3096596002578735
1482 1.6783404350280762
1483 1.713234782218933
1484 1.293537974357605
1485 1.7600430250167847
1486 1.1852415800094604
1487 1.6414974927902222
1488 1.259790301322937
1489 1.1755610704421997
1490 1.3090615272521973
1491 1.4848272800445557
1492 1.3836346864700317
1493 1.6285582780838013
1494 1.3967057466506958
1495 1.8551578521728516
1496 1.3757015466690063
1497 1.1992919445037842
1498 1.2714972496032715
1499 1.6305335760116577
1500 1.4137862920761108
1501 1.2221310138702393
1502 1.5614193677902222
1503 1.3524296283721924
1504 1.4254156351089478
1505 1.4872760772705078
1506 1.341213345527649
1507 1.4560043811798096
1508 1.576098084449768
1509 1.466994047164917
1510 1.564791202545166
1511 1.730392575263977
1512 1.6441932916641235
1513 1.5568071603775024
1514 1.86747407913208
1515 1.3326270580291748
1516 1.7630656957626343
1517 1.489439606666565
1518 1.96311354637146
1519 1.4995040893554688
1520 1.3888589143753052
1521 1.2080328464508057
1522 1.3934245109558105
1523 1.790406346321106
1524 1.5116595029830933
1525 1.4770009517669678
1526 1.758924126625061
1527 1.5353851318359375
1528 1.1417227983474731
1529 1.4183446168899536
1530 1.3146549463272095
1531 1.5447113513946533
1532 1.4835548400878906
1533 1.7473188638687134
1534 1.0677119493484497
1535 1.4003983736038208
1536 1.043312430381775
1537 1.0375925302505493
1538 1.658164620399475
1539 1.4427984952926636
1540 1.468517780303955
1541 1.9236053228378296
1542 1.641080617904663
1543 2.312399387359619
1544 1.4872043132781982
1545 1.6389473676681519
1546 1.5946893692016602
1547 1.6292864084243774
1548 1.2884799242019653
1549 1.5270713567733765
1550 1.2598103284835815
1551 1.318138837814331
1552 1.2562901973724365
1553 1.552431583404541
1554 1.7878777980804443
1555 1.5318626165390015
1556 1.4193305969238281
1557 1.69098961353302
1558 1.2579134702682495
1559 1.6877306699752808
1560 1.6536204814910889
1561 1.4310294389724731
1562 1.7598809003829956
1563 1.2156691551208496
1564 1.3425484895706177
1565 1.515038013458252
1566 1.0061140060424805
1567 1.347754716873169
1568 1.27024507522583
1569 1.5664368867874146
1570 1.475559949874878
1571 1.0503545999526978
1572 1.4475194215774536
1573 1.6830506324768066
1574 1.1674305200576782
1575 1.5957006216049194
1576 1.5965415239334106
1577 1.7333515882492065
1578 1.7776365280151367
1579 1.8933117389678955
1580 1.7699111700057983
1581 1.603046178817749
1582 1.5322824716567993
1583 2.082993268966675
1584 1.81009840965271
1585 1.6132619380950928
1586 1.7225838899612427
1587 1.7746458053588867
1588 1.5731650590896606
1589 1.6768485307693481
1590 1.9176568984985352
1591 1.5382509231567383
1592 1.8974133729934692
1593 2.037875175476074
1594 1.5021202564239502
1595 1.7134065628051758
1596 1.708441138267517
1597 1.6359381675720215
1598 1.7394334077835083
1599 1.6505805253982544
1600 1.2916845083236694
1601 1.2233226299285889
1602 1.454887866973877
1603 1.5694828033447266
1604 1.5634701251983643
1605 1.657118797302246
1606 1.6232596635818481
1607 1.2345548868179321
1608 1.557819128036499
1609 1.2984583377838135
1610 1.4619015455245972
1611 1.4797673225402832
1612 1.5649319887161255
1613 1.5856778621673584
1614 1.430450439453125
1615 1.5318912267684937
1616 1.2939733266830444
1617 1.4801709651947021
1618 1.385888695716858
1619 1.4188096523284912
1620 1.2137807607650757
1621 1.2866843938827515
1622 1.4104365110397339
1623 1.067928433418274
1624 1.1048046350479126
1625 1.5468261241912842
1626 1.3334810733795166
1627 1.4799314737319946
1628 1.2110222578048706
1629 1.4312115907669067
1630 1.6223093271255493
1631 1.3080029487609863
1632 1.7271966934204102
1633 1.4256830215454102
1634 1.7514817714691162
1635 1.6143263578414917
1636 2.0562727451324463
1637 1.2584291696548462
1638 1.6824339628219604
1639 1.3577454090118408
1640 1.150744080543518
1641 1.94623601436615
1642 1.4204895496368408
1643 1.4864733219146729
1644 1.6130505800247192
1645 1.4520862102508545
1646 2.0940840244293213
1647 1.599839687347412
1648 1.9444974660873413
1649 1.2905324697494507
1650 1.7446731328964233
1651 2.1691527366638184
1652 1.7406132221221924
1653 1.7885676622390747
1654 1.815471887588501
1655 1.447923183441162
1656 1.533041000366211
1657 1.1590147018432617
1658 1.0909838676452637
1659 1.572663426399231
1660 1.3417037725448608
1661 1.3776363134384155
1662 1.2481956481933594
1663 1.4045252799987793
1664 1.2093223333358765
1665 1.37623929977417
1666 1.7411437034606934
1667 1.8486042022705078
1668 1.1412521600723267
1669 1.0783576965332031
1670 1.4253312349319458
1671 1.752850890159607
1672 1.520275592803955
1673 1.884881854057312
1674 1.5698269605636597
1675 1.1127251386642456
1676 1.750044584274292
1677 1.7580496072769165
1678 1.67086660861969
1679 1.256501317024231
1680 1.7179456949234009
1681 1.960086703300476
1682 1.5068926811218262
1683 1.479806661605835
1684 1.1515640020370483
1685 1.5262162685394287
1686 1.7040469646453857
1687 1.4185891151428223
1688 0.8985384106636047
1689 1.3034018278121948
1690 1.2453062534332275
1691 1.466722846031189
1692 0.9681676626205444
1693 1.183616280555725
1694 1.5455431938171387
1695 1.142030954360962
1696 1.0466718673706055
1697 0.9780784249305725
1698 1.1867754459381104
1699 1.1664378643035889
1700 1.380387306213379
1701 1.196881890296936
1702 1.5974630117416382
1703 1.5380511283874512
1704 1.8111923933029175
1705 1.5891318321228027
1706 1.5790680646896362
1707 1.586940884590149
1708 1.3563458919525146
1709 1.3044410943984985
1710 2.079219102859497
1711 1.9053213596343994
1712 1.6680351495742798
1713 1.359972357749939
1714 1.2950880527496338
1715 1.5452673435211182
1716 1.4016497135162354
1717 1.524755835533142
1718 1.5263012647628784
1719 1.2561817169189453
1720 1.4743179082870483
1721 1.2155952453613281
1722 1.3689826726913452
1723 0.9881704449653625
1724 1.050770878791809
1725 0.9643582701683044
1726 1.0580109357833862
1727 1.2427705526351929
1728 0.9710139036178589
1729 1.4507217407226563
1730 1.250549554824829
1731 1.1527996063232422
1732 1.0057191848754883
1733 1.126825213432312
1734 1.1388039588928223
1735 1.0236904621124268
1736 1.3921056985855103
1737 1.2899141311645508
1738 1.682477355003357
1739 1.4091784954071045
1740 1.255406141281128
1741 1.2012797594070435
1742 1.2926394939422607
1743 1.217430830001831
1744 1.0257445573806763
1745 1.3343149423599243
1746 1.1791561841964722
1747 0.9929521083831787
1748 0.9607980251312256
1749 1.5646145343780518
1750 0.9886459708213806
1751 1.3001914024353027
1752 1.3973537683486938
1753 1.6308473348617554
1754 1.2480961084365845
1755 1.3897110223770142
1756 1.5545849800109863
1757 1.3779687881469727
1758 0.9452807903289795
1759 1.4797686338424683
1760 0.6630875468254089
1761 0.7808300256729126
1762 1.6184780597686768
1763 1.7316035032272339
1764 1.6519396305084229
1765 1.7274116277694702
1766 1.6795909404754639
1767 1.8057575225830078
1768 1.5524609088897705
1769 1.8727201223373413
1770 1.045520544052124
1771 1.2962286472320557
1772 1.1877117156982422
1773 1.3023350238800049
1774 0.9599592685699463
1775 1.2054880857467651
1776 1.0229637622833252
1777 1.2342171669006348
1778 1.596648931503296
1779 1.0143319368362427
1780 1.0586954355239868
1781 0.9621306657791138
1782 1.183551549911499
1783 1.3668808937072754
1784 1.1923385858535767
1785 1.5552010536193848
1786 1.264866590499878
1787 1.2582625150680542
1788 0.951300323009491
1789 1.519151210784912
1790 1.479754090309143
1791 1.1885349750518799
1792 1.596764326095581
1793 1.4778167009353638
1794 1.2427334785461426
1795 1.2159641981124878
1796 1.1034810543060303
1797 1.1767632961273193
1798 1.11539626121521
1799 1.490826964378357
1800 1.7549430131912231
1801 1.5440586805343628
1802 1.3262243270874023
1803 1.2249325513839722
1804 1.4833918809890747
1805 1.4631319046020508
1806 1.6966525316238403
1807 1.8041433095932007
1808 1.461153507232666
1809 1.0211089849472046
1810 1.299586534500122
1811 1.4343898296356201
1812 1.0706473588943481
1813 1.2598172426223755
1814 1.6769155263900757
1815 1.2710660696029663
1816 1.3832085132598877
1817 1.2402589321136475
1818 1.3589308261871338
1819 1.2463974952697754
1820 1.5176353454589844
1821 1.445210576057434
1822 1.754671573638916
1823 1.6989459991455078
1824 1.3264468908309937
1825 1.3302668333053589
1826 1.5893901586532593
1827 1.4010329246520996
1828 1.6659759283065796
1829 1.6571418046951294
1830 1.656087875366211
1831 1.4902913570404053
1832 1.3636555671691895
1833 2.013072967529297
1834 1.3394262790679932
1835 1.0518382787704468
1836 0.9535418152809143
1837 1.4324522018432617
1838 1.1889253854751587
1839 1.3010644912719727
1840 1.467242956161499
1841 1.2197132110595703
1842 0.9217814803123474
1843 1.3537027835845947
1844 1.1940394639968872
1845 1.1579291820526123
1846 1.326421856880188
1847 1.7765295505523682
1848 1.734130859375
1849 1.396050214767456
1850 1.0481371879577637
1851 1.3880600929260254
1852 1.7161049842834473
1853 1.5012626647949219
1854 1.3499259948730469
1855 1.4625592231750488
1856 1.0605450868606567
1857 1.7002304792404175
1858 1.672788381576538
1859 1.4145872592926025
1860 1.129336953163147
1861 0.7964884042739868
1862 1.659595012664795
1863 1.9534480571746826
1864 2.2175309658050537
1865 2.271064281463623
1866 1.3345229625701904
1867 1.3800476789474487
1868 1.612465500831604
1869 0.9218811392784119
1870 1.7311326265335083
1871 1.9029347896575928
1872 1.5509583950042725
1873 1.8522205352783203
1874 1.4630509614944458
1875 1.936563491821289
1876 1.5081970691680908
1877 1.244830846786499
1878 1.2770575284957886
1879 1.9156339168548584
1880 1.5476266145706177
1881 1.8861377239227295
1882 1.380361795425415
1883 1.3801344633102417
1884 1.6933770179748535
1885 1.487792730331421
1886 1.3187237977981567
1887 1.407124638557434
1888 1.9002914428710938
1889 1.2275619506835938
1890 1.5857665538787842
1891 1.7233573198318481
1892 1.307763934135437
1893 1.1642099618911743
1894 1.5999014377593994
1895 1.5512852668762207
1896 1.3046337366104126
1897 1.9217002391815186
1898 1.5947058200836182
1899 1.5218411684036255
1900 1.3295918703079224
1901 1.400691032409668
1902 1.4644421339035034
1903 1.5891854763031006
1904 1.5421537160873413
1905 1.8447505235671997
1906 1.1535102128982544
1907 1.276604413986206
1908 1.3839761018753052
1909 1.6383419036865234
1910 1.426396369934082
1911 0.9498223662376404
1912 1.3163704872131348
1913 1.4142287969589233
1914 1.568476676940918
1915 1.6384741067886353
1916 1.7061524391174316
1917 1.7379882335662842
1918 1.5516345500946045
1919 1.703597903251648
1920 1.2728098630905151
1921 1.0593106746673584
1922 1.5174790620803833
1923 1.1232246160507202
1924 1.5349915027618408
1925 0.792355477809906
1926 1.1745425462722778
1927 1.0148531198501587
1928 0.8731831312179565
1929 1.1852680444717407
1930 0.9536011815071106
1931 1.135141372680664
1932 1.8800216913223267
1933 1.0480680465698242
1934 1.6462913751602173
1935 1.3607673645019531
1936 1.5454858541488647
1937 1.6868401765823364
1938 1.129351258277893
1939 0.9716406464576721
1940 1.1733894348144531
1941 1.697417974472046
1942 2.133601665496826
1943 1.4937833547592163
1944 1.4446083307266235
1945 1.7067434787750244
1946 1.7126514911651611
1947 1.417244791984558
1948 0.9183098077774048
1949 1.0729931592941284
1950 1.266413688659668
1951 1.2233654260635376
1952 1.6272963285446167
1953 0.8609678149223328
1954 0.7600729465484619
1955 1.0738472938537598
1956 1.0843658447265625
1957 1.5369699001312256
1958 1.7394144535064697
1959 1.6770193576812744
1960 1.2160755395889282
1961 1.3405615091323853
1962 1.5413868427276611
1963 1.37778902053833
1964 1.2870527505874634
1965 1.4512245655059814
1966 1.499438762664795
1967 1.3183668851852417
1968 1.4400694370269775
1969 2.1331729888916016
1970 1.7825411558151245
1971 2.066894054412842
1972 1.4420266151428223
1973 1.6501991748809814
1974 1.4861360788345337
1975 1.362503170967102
1976 1.342522382736206
1977 1.3616387844085693
1978 1.1341878175735474
1979 1.5591132640838623
1980 1.1724176406860352
1981 1.1432929039001465
1982 1.2302160263061523
1983 1.3109005689620972
1984 1.3444244861602783
1985 1.1027240753173828
1986 1.0478826761245728
1987 1.38508939743042
1988 1.4424819946289063
1989 1.3406709432601929
1990 1.2922155857086182
1991 1.1258825063705444
1992 1.3141568899154663
1993 1.2038875818252563
1994 1.0735890865325928
1995 1.3187037706375122
1996 1.2829830646514893
1997 1.3829429149627686
1998 1.488861083984375
1999 1.8323415517807007
