0 0.0
1 0.8984773755073547
2 0.7849239706993103
3 0.6633685231208801
4 0.4828929901123047
5 0.3882584571838379
6 0.5390229225158691
7 0.41669580340385437
8 0.9443674683570862
9 0.9310309886932373
10 0.6300475597381592
11 1.4258366823196411
12 1.042359709739685
13 0.6448602080345154
14 0.7089970707893372
15 0.6076119542121887
16 0.6005198359489441
17 0.6239534020423889
18 0.4117683172225952
19 1.1484578847885132
20 0.6227186918258667
21 1.223181128501892
22 1.1929280757904053
23 0.5608115792274475
24 0.8686414957046509
25 0.7628016471862793
26 0.8527593016624451
27 0.6894510984420776
28 0.6249333024024963
29 0.9042227268218994
30 0.468767374753952
31 0.8525927662849426
32 0.7415562868118286
33 0.9076398015022278
34 0.6249617338180542
35 0.7931488752365112
36 0.8680824041366577
37 0.6397699117660522
38 0.9676539897918701
39 1.1808879375457764
40 0.9114271402359009
41 0.4346598982810974
42 0.9838489890098572
43 0.5630655884742737
44 0.6798349618911743
45 0.4889014959335327
46 0.8039768934249878
47 0.6293101906776428
48 0.7331315875053406
49 0.974391758441925
50 1.2717814445495605
51 0.8880255222320557
52 1.110817551612854
53 1.1513899564743042
54 1.260601282119751
55 0.9350229501724243
56 0.8224809765815735
57 0.8063725233078003
58 0.6042560935020447
59 0.7919958829879761
60 1.0533419847488403
61 0.9180619120597839
62 0.8650710582733154
63 0.7907581329345703
64 0.6655497550964355
65 0.6824697256088257
66 0.9204889535903931
67 1.3368887901306152
68 1.1790262460708618
69 0.6231011748313904
70 0.5977509617805481
71 1.1962733268737793
72 0.6200401186943054
73 0.6775569319725037
74 0.8672502636909485
75 0.8271650671958923
76 0.858192503452301
77 0.615442156791687
78 0.6079472899436951
79 0.8747082352638245
80 0.8523538112640381
81 0.6099780797958374
82 0.9388763904571533
83 1.2904741764068604
84 0.9228902459144592
85 1.0502731800079346
86 0.8242752552032471
87 0.6957763433456421
88 0.4754260182380676
89 0.9648932218551636
90 0.8996099233627319
91 1.3501911163330078
92 0.811585545539856
93 0.7138608694076538
94 0.9345704317092896
95 0.5871031284332275
96 0.7071185111999512
97 0.5757484436035156
98 0.572989284992218
99 0.6331207752227783
100 0.7475129961967468
101 0.8353250026702881
102 0.9119394421577454
103 0.7051678895950317
104 0.6532134413719177
105 0.7116084694862366
106 1.062540054321289
107 0.572297990322113
108 0.7329254746437073
109 0.7930957078933716
110 1.1244226694107056
111 0.7500121593475342
112 0.9202482104301453
113 1.025272250175476
114 0.9522711634635925
115 1.176987648010254
116 0.8692973256111145
117 0.9880885481834412
118 1.4728728532791138
119 0.8106697797775269
120 0.8267749547958374
121 0.5687471032142639
122 0.582468569278717
123 0.9008743166923523
124 0.710132896900177
125 0.8287767767906189
126 0.5811383724212646
127 0.643121063709259
128 0.8023858666419983
129 0.9991552233695984
130 0.883303165435791
131 0.8074063658714294
132 0.9212978482246399
133 0.787291944026947
134 1.5962544679641724
135 1.1229393482208252
136 1.1816668510437012
137 1.3741825819015503
138 1.4330360889434814
139 1.268573522567749
140 0.8897513151168823
141 1.103385090827942
142 0.7196065187454224
143 0.8862484097480774
144 0.7163775563240051
145 0.8583505153656006
146 0.8945474028587341
147 0.8625311851501465
148 0.8072416186332703
149 1.4715791940689087
150 1.3247814178466797
151 0.6660640835762024
152 1.2716822624206543
153 1.4857957363128662
154 1.2306188344955444
155 1.3906103372573853
156 0.9648961424827576
157 1.1833958625793457
158 0.7521223425865173
159 1.0359543561935425
160 0.6879433989524841
161 0.6852760314941406
162 0.7445404529571533
163 1.1509298086166382
164 1.038374900817871
165 1.1004202365875244
166 0.9828325510025024
167 0.9066287279129028
168 1.2026886940002441
169 1.2732539176940918
170 1.4586299657821655
171 1.2499991655349731
172 0.8459385633468628
173 0.7827293276786804
174 0.8884679675102234
175 1.0280293226242065
176 0.7709684371948242
177 1.080272912979126
178 0.5462912917137146
179 1.0810105800628662
180 1.0804437398910522
181 1.1302862167358398
182 0.8421069383621216
183 0.9939171671867371
184 0.891730010509491
185 0.9475303292274475
186 1.1032216548919678
187 0.9138685464859009
188 1.0469908714294434
189 1.1884857416152954
190 0.9353146553039551
191 0.9627119302749634
192 0.9510806202888489
193 0.7207551002502441
194 0.5333982110023499
195 0.5492964386940002
196 0.6571606993675232
197 0.8446456789970398
198 0.7684916257858276
199 0.4909185767173767
200 0.6440855264663696
201 0.5975199937820435
202 0.7185357809066772
203 0.5646381378173828
204 0.9259611964225769
205 0.571852445602417
206 0.5022333264350891
207 0.49087002873420715
208 0.6419833898544312
209 0.7665385007858276
210 0.6716201305389404
211 0.4551399052143097
212 0.4878018796443939
213 0.826617419719696
214 1.1232908964157104
215 0.8331881761550903
216 0.6881712675094604
217 0.4115736782550812
218 0.6337045431137085
219 0.6312823295593262
220 0.929398775100708
221 0.6511754989624023
222 1.347420334815979
223 0.7933703660964966
224 0.6794954538345337
225 0.6845084428787231
226 0.988825798034668
227 0.9011155962944031
228 1.0159146785736084
229 0.9176030158996582
230 0.7721422910690308
231 0.4880845248699188
232 0.6458970904350281
233 0.4683822989463806
234 0.5635495781898499
235 0.8033189177513123
236 0.7883570194244385
237 0.6589249968528748
238 0.7536194920539856
239 0.5167813301086426
240 0.3373631536960602
241 0.4989548325538635
242 0.5811111330986023
243 0.8532835245132446
244 0.6090525984764099
245 0.7088804841041565
246 0.6724611520767212
247 0.611942708492279
248 0.5493507981300354
249 0.6218513250350952
250 0.6072597503662109
251 0.6785281896591187
252 0.8060978651046753
253 0.7589961886405945
254 0.6415918469429016
255 0.7981168031692505
256 0.6663941144943237
257 0.9244588613510132
258 0.6883693933486938
259 0.6686927676200867
260 1.0232757329940796
261 0.5748099088668823
262 1.2121036052703857
263 1.1644178628921509
264 0.875195324420929
265 0.7316060066223145
266 0.7852567434310913
267 0.6432523131370544
268 0.45505237579345703
269 0.6529192924499512
270 0.9801110625267029
271 0.9718735814094543
272 1.0206859111785889
273 0.32940152287483215
274 0.9852084517478943
275 0.42565080523490906
276 0.5587909817695618
277 0.486870139837265
278 1.1254839897155762
279 1.3237344026565552
280 0.7429537177085876
281 0.878617525100708
282 1.0958268642425537
283 0.6198558211326599
284 0.7668337821960449
285 0.7308507561683655
286 1.1412036418914795
287 0.7059022784233093
288 1.1703956127166748
289 0.7415058612823486
290 0.9548342227935791
291 1.156177043914795
292 0.7226595282554626
293 0.8941942453384399
294 0.9564093947410583
295 0.8068891763687134
296 0.6271417140960693
297 0.675156831741333
298 0.6472551226615906
299 0.6202704906463623
300 0.9090656042098999
301 0.9422861337661743
302 0.9650598168373108
303 0.7248890399932861
304 0.5550875067710876
305 0.5752418637275696
306 0.6176016330718994
307 0.6736747622489929
308 0.9205077886581421
309 0.76839679479599
310 0.7661898732185364
311 0.6188380718231201
312 0.8612585663795471
313 0.8215343356132507
314 0.768199622631073
315 0.6910006403923035
316 0.6605139970779419
317 0.641046941280365
318 0.6270398497581482
319 0.818696141242981
320 1.1233388185501099
321 0.5539671182632446
322 0.6866528391838074
323 0.8237584829330444
324 0.7006558179855347
325 0.49413231015205383
326 0.9375418424606323
327 1.1001520156860352
328 0.5895391702651978
329 0.5609529614448547
330 1.0158923864364624
331 0.678199291229248
332 0.9358590245246887
333 0.5743376612663269
334 0.6172919273376465
335 0.7910889983177185
336 0.7156649827957153
337 0.7005957365036011
338 0.5563364624977112
339 0.5333743095397949
340 0.7570196986198425
341 0.7198068499565125
342 1.1476587057113647
343 0.9209235310554504
344 0.9560558199882507
345 0.983646035194397
346 1.1218518018722534
347 1.219313621520996
348 0.8888566493988037
349 0.8821858167648315
350 1.6162971258163452
351 1.4153488874435425
352 1.39555823802948
353 1.5355473756790161
354 1.4750486612319946
355 0.9771707057952881
356 1.3999645709991455
357 1.0508146286010742
358 0.8273115158081055
359 1.2016172409057617
360 1.0909010171890259
361 1.2681617736816406
362 1.4747155904769897
363 1.281480312347412
364 1.1441287994384766
365 0.9999971985816956
366 0.7529783248901367
367 1.206676721572876
368 1.4466073513031006
369 0.6654762029647827
370 0.7826250791549683
371 1.179978370666504
372 1.1235198974609375
373 1.455514669418335
374 1.0348827838897705
375 1.29944908618927
376 0.9913254380226135
377 1.120074987411499
378 0.8923189640045166
379 1.4676620960235596
380 0.9780189990997314
381 0.6226721405982971
382 1.1972107887268066
383 0.8534781336784363
384 0.9000551104545593
385 1.0633610486984253
386 0.7901528477668762
387 1.0383532047271729
388 0.9681390523910522
389 1.1542749404907227
390 0.9531469345092773
391 1.131211280822754
392 1.0609530210494995
393 1.1012661457061768
394 0.923782467842102
395 0.8844199180603027
396 0.8346166610717773
397 0.9372398257255554
398 0.6604194641113281
399 0.9062413573265076
400 0.9391102194786072
401 0.8541558384895325
402 1.0183809995651245
403 1.0379085540771484
404 0.6921549439430237
405 0.6195201277732849
406 0.6139587759971619
407 0.3913719356060028
408 0.7755716443061829
409 0.7942949533462524
410 0.7575610280036926
411 0.7973955273628235
412 0.6018955707550049
413 0.705722987651825
414 0.5710471868515015
415 0.5558608174324036
416 0.6587902307510376
417 0.7391374707221985
418 0.7781043648719788
419 0.664971113204956
420 0.9507806301116943
421 0.8749324083328247
422 0.7705934643745422
423 0.5052715539932251
424 0.5855724215507507
425 0.8693295121192932
426 0.5749381184577942
427 0.537918210029602
428 0.8255099058151245
429 1.3397243022918701
430 0.7416628003120422
431 0.7648814916610718
432 0.5991752743721008
433 0.7598307132720947
434 0.5610649585723877
435 0.7764016389846802
436 0.8418992757797241
437 0.6806578040122986
438 0.5914371013641357
439 0.5614725947380066
440 0.6141740083694458
441 0.4565250873565674
442 0.318717360496521
443 0.8170889019966125
444 0.7697452902793884
445 0.6187607049942017
446 0.694858193397522
447 0.6824421882629395
448 0.8628630042076111
449 0.8068811893463135
450 1.285598874092102
451 1.1870819330215454
452 1.4480185508728027
453 1.1012341976165771
454 0.9321964979171753
455 1.2295385599136353
456 0.9783615469932556
457 1.0541223287582397
458 0.7735373973846436
459 0.8232935667037964
460 0.8132858276367188
461 0.5867965817451477
462 0.8218721151351929
463 0.49390482902526855
464 0.9952666759490967
465 0.8804088234901428
466 0.8361958265304565
467 1.2792918682098389
468 1.0250835418701172
469 1.0490394830703735
470 0.9338648319244385
471 0.6875490546226501
472 1.0054097175598145
473 0.8010187745094299
474 0.7229572534561157
475 1.298935055732727
476 0.8875527381896973
477 1.1052255630493164
478 1.6054266691207886
479 1.5201393365859985
480 0.8532460331916809
481 0.7767845392227173
482 0.9868690967559814
483 0.5410338640213013
484 0.9527605772018433
485 0.8609358072280884
486 1.2112698554992676
487 1.0187832117080688
488 0.9285885691642761
489 0.8160659074783325
490 1.4361228942871094
491 1.0535950660705566
492 1.3675591945648193
493 0.9782992005348206
494 1.199138879776001
495 1.0036123991012573
496 1.0697585344314575
497 0.9678733944892883
498 1.351711630821228
499 0.9997461438179016
500 0.930938720703125
501 1.0905147790908813
502 0.7648838758468628
503 0.8059514164924622
504 0.9264010190963745
505 0.5456242561340332
506 0.687568724155426
507 0.7248600721359253
508 0.5868289470672607
509 1.3569673299789429
510 0.3989757299423218
511 0.5198174118995667
512 0.5633732080459595
513 0.4121987223625183
514 0.36784958839416504
515 0.8358765840530396
516 0.4449319839477539
517 0.9359646439552307
518 0.6555339097976685
519 0.5060033202171326
520 0.586359977722168
521 0.5634154677391052
522 0.5750520825386047
523 0.7290540933609009
524 0.630796492099762
525 0.8526008725166321
526 0.7739981412887573
527 1.0836834907531738
528 1.1916059255599976
529 1.0895930528640747
530 0.9367372989654541
531 0.9898549318313599
532 0.8498234748840332
533 1.0859030485153198
534 1.1098899841308594
535 0.8560221195220947
536 1.1159580945968628
537 0.9800595641136169
538 0.891099214553833
539 0.8174235820770264
540 0.8930771946907043
541 1.2008423805236816
542 0.7465915083885193
543 0.770613968372345
544 1.1364529132843018
545 1.119996190071106
546 1.0267574787139893
547 0.9340941309928894
548 1.0114091634750366
549 1.4956789016723633
550 1.3019189834594727
551 0.9612963199615479
552 0.66652512550354
553 1.4882071018218994
554 1.3484505414962769
555 1.3144451379776
556 1.124293327331543
557 1.2400877475738525
558 1.2142951488494873
559 1.2619472742080688
560 1.052228569984436
561 1.116510033607483
562 1.151436448097229
563 0.7606664299964905
564 1.1376802921295166
565 0.5587919354438782
566 1.1242960691452026
567 0.799577534198761
568 0.9921131730079651
569 0.8312786817550659
570 0.9732719659805298
571 1.078495979309082
572 0.8571206331253052
573 0.8811724781990051
574 0.5520026683807373
575 1.150661826133728
576 0.8540910482406616
577 0.9067723751068115
578 0.8855928778648376
579 1.0091140270233154
580 0.8588784337043762
581 1.0444532632827759
582 0.735334038734436
583 0.9528319239616394
584 0.7030062675476074
585 0.7022623419761658
586 0.4022330641746521
587 0.656999945640564
588 0.6728922128677368
589 0.7787767052650452
590 0.4360206127166748
591 0.574299693107605
592 0.7857263684272766
593 0.5388992428779602
594 0.8677542209625244
595 0.9006180167198181
596 0.6634483933448792
597 0.5108535289764404
598 1.2485804557800293
599 0.7406619191169739
600 0.5674959421157837
601 1.0959364175796509
602 0.4833844304084778
603 0.37337854504585266
604 0.5716680884361267
605 0.5666219592094421
606 0.6029765009880066
607 0.5199034214019775
608 0.905649721622467
609 0.7183780670166016
610 1.1376824378967285
611 1.4077378511428833
612 1.0707067251205444
613 0.8315514326095581
614 1.0100083351135254
615 1.1408371925354004
616 0.7713600397109985
617 1.0510298013687134
618 0.8170408010482788
619 0.8504955768585205
620 1.3907403945922852
621 0.9802438616752625
622 1.0763267278671265
623 0.7642369866371155
624 1.251017689704895
625 0.9569925665855408
626 0.8562507629394531
627 0.5637149810791016
628 0.4527965784072876
629 0.4212709963321686
630 1.133880853652954
631 0.9971237778663635
632 0.9260106086730957
633 0.7006543874740601
634 1.2080899477005005
635 1.0928431749343872
636 0.8657374382019043
637 0.9535868763923645
638 1.088559865951538
639 0.8457673192024231
640 0.6069790720939636
641 0.9542707800865173
642 0.5480154156684875
643 1.039797306060791
644 1.046252727508545
645 0.6858733892440796
646 0.7444841861724854
647 0.7963061332702637
648 0.697380006313324
649 0.6681612730026245
650 0.9982879757881165
651 0.9725476503372192
652 1.096113681793213
653 0.9339585304260254
654 1.1797844171524048
655 1.0745543241500854
656 0.6287659406661987
657 0.6916556358337402
658 1.0316977500915527
659 0.503929853439331
660 0.7271685600280762
661 1.0161511898040771
662 0.5037232041358948
663 0.6766843795776367
664 0.9175219535827637
665 0.9870348572731018
666 0.6967512965202332
667 0.9113625884056091
668 0.4721657931804657
669 0.5772323608398438
670 0.5838558077812195
671 0.5696301460266113
672 0.8123480677604675
673 0.8851743340492249
674 0.8296936750411987
675 0.9777849912643433
676 0.9034531116485596
677 0.7382660508155823
678 0.6691703200340271
679 0.5637251734733582
680 0.9187709093093872
681 0.7264765501022339
682 0.8386309742927551
683 0.9015088677406311
684 0.8327280282974243
685 0.5966538190841675
686 0.6262209415435791
687 0.8383524417877197
688 0.8583301901817322
689 0.5747885704040527
690 0.6657961010932922
691 0.7562004923820496
692 0.5342453718185425
693 0.8859357237815857
694 0.6730541586875916
695 0.9956128001213074
696 0.943751335144043
697 0.34417450428009033
698 1.0956063270568848
699 0.5816316604614258
700 0.8337977528572083
701 0.8298179507255554
702 1.0805370807647705
703 0.8447384238243103
704 0.6164650321006775
705 0.5261889696121216
706 1.0958994626998901
707 0.9364266991615295
708 1.10844886302948
709 0.8641254305839539
710 1.0170494318008423
711 0.8100625872612
712 1.1905723810195923
713 0.8156117796897888
714 0.9198689460754395
715 0.7145801186561584
716 1.268007516860962
717 1.1317471265792847
718 1.172987699508667
719 0.6296945214271545
720 0.8809798955917358
721 0.7188867330551147
722 0.8141064047813416
723 0.9458923935890198
724 1.1136469841003418
725 1.0460647344589233
726 0.8182497620582581
727 1.1992716789245605
728 1.3295047283172607
729 0.6746819615364075
730 1.0571051836013794
731 1.0693422555923462
732 1.2151066064834595
733 0.8855792284011841
734 0.9115419387817383
735 0.9035633206367493
736 1.146836519241333
737 1.0796473026275635
738 0.8383508920669556
739 0.6086887121200562
740 1.2876676321029663
741 1.2028292417526245
742 0.9905747771263123
743 1.2463196516036987
744 1.3129627704620361
745 1.2303653955459595
746 0.8320667743682861
747 0.9285308122634888
748 1.1252336502075195
749 1.3034946918487549
750 1.449866771697998
751 1.1328152418136597
752 0.967997133731842
753 0.8942173719406128
754 0.807109534740448
755 0.678278923034668
756 0.840355396270752
757 0.4694095849990845
758 0.5939277410507202
759 0.6138502955436707
760 1.2020710706710815
761 1.0182205438613892
762 0.9141479134559631
763 1.1731021404266357
764 1.250435709953308
765 1.608255386352539
766 1.388257622718811
767 1.014524221420288
768 1.0768722295761108
769 1.129418969154358
770 0.606619656085968
771 1.3472496271133423
772 1.1603385210037231
773 1.1582438945770264
774 0.8658139705657959
775 0.5186547636985779
776 1.0100500583648682
777 0.612276017665863
778 0.5645479559898376
779 1.254439115524292
780 0.8381924629211426
781 1.082932472229004
782 1.2118395566940308
783 0.9209823608398438
784 1.0683280229568481
785 1.228624939918518
786 1.2703382968902588
787 0.9248265027999878
788 1.1820950508117676
789 1.382947564125061
790 1.1750850677490234
791 1.0450092554092407
792 0.9119997024536133
793 0.8798325061798096
794 0.5787681937217712
795 1.099139928817749
796 0.8287369012832642
797 1.1413593292236328
798 0.933733344078064
799 0.7584173083305359
800 0.7432798147201538
801 1.0112487077713013
802 0.8209728598594666
803 0.8608893156051636
804 0.6909823417663574
805 0.6878101825714111
806 0.6698529720306396
807 0.5222261548042297
808 0.3161088526248932
809 0.6452363729476929
810 0.617305338382721
811 0.7831915020942688
812 1.033536434173584
813 1.2158278226852417
814 0.9240238070487976
815 0.8971837759017944
816 0.8194454312324524
817 0.6913802623748779
818 0.6598519086837769
819 0.8141511678695679
820 0.6964799761772156
821 0.9462605118751526
822 0.8845266699790955
823 0.8842922449111938
824 0.7543854713439941
825 0.7354925274848938
826 1.2163950204849243
827 1.0912472009658813
828 0.9402101039886475
829 0.8116127252578735
830 0.9383658170700073
831 1.0799871683120728
832 0.8903165459632874
833 0.7628434300422668
834 0.8544713854789734
835 0.7290039658546448
836 0.881926953792572
837 0.7125707268714905
838 0.8805697560310364
839 0.9234887361526489
840 0.9163156747817993
841 0.806610643863678
842 1.0566492080688477
843 1.3331907987594604
844 0.8031432032585144
845 1.02277672290802
846 0.9619953036308289
847 0.740626871585846
848 0.9749680757522583
849 0.5529854893684387
850 0.8498986959457397
851 0.890932023525238
852 0.8432140350341797
853 0.7483426928520203
854 1.0726031064987183
855 0.4776874780654907
856 0.7367715239524841
857 1.3639761209487915
858 1.0905262231826782
859 1.1851485967636108
860 0.983913242816925
861 1.0843881368637085
862 1.175559639930725
863 1.0777604579925537
864 1.0569660663604736
865 1.1696584224700928
866 1.1439365148544312
867 1.3444911241531372
868 1.313870906829834
869 1.2018336057662964
870 1.619001030921936
871 1.3621220588684082
872 1.0719799995422363
873 0.9863612055778503
874 1.2055232524871826
875 1.2257699966430664
876 1.5253576040267944
877 1.3322445154190063
878 1.2075793743133545
879 1.1672911643981934
880 1.2721912860870361
881 0.8365498781204224
882 1.0120223760604858
883 1.1252394914627075
884 1.2892999649047852
885 0.8630450367927551
886 1.1841869354248047
887 1.1530883312225342
888 1.1959741115570068
889 1.1657626628875732
890 1.1977521181106567
891 1.1423077583312988
892 1.2444674968719482
893 1.2307161092758179
894 1.122567892074585
895 1.099765419960022
896 1.1424620151519775
897 1.0187733173370361
898 0.7480171322822571
899 1.1757237911224365
900 1.231553316116333
901 1.2002729177474976
902 1.321398138999939
903 1.2465169429779053
904 1.4545402526855469
905 1.5102014541625977
906 1.0320155620574951
907 1.163615345954895
908 1.1126115322113037
909 1.466501235961914
910 1.1636180877685547
911 1.2199889421463013
912 1.1936924457550049
913 1.2358779907226563
914 1.181610107421875
915 1.0350334644317627
916 1.1278221607208252
917 1.3074885606765747
918 1.3677645921707153
919 1.5108212232589722
920 1.0465495586395264
921 1.534103512763977
922 1.1566334962844849
923 1.1463927030563354
924 1.0255539417266846
925 1.153188705444336
926 1.3058816194534302
927 1.255969524383545
928 1.393092393875122
929 1.467292308807373
930 0.9087451100349426
931 1.2571460008621216
932 0.9316316246986389
933 1.2913578748703003
934 1.0272738933563232
935 1.4257800579071045
936 1.061193585395813
937 0.8768869638442993
938 1.1747723817825317
939 0.8169875144958496
940 1.0618982315063477
941 1.2148778438568115
942 1.3027416467666626
943 1.1450419425964355
944 1.1432855129241943
945 1.5120989084243774
946 1.2744935750961304
947 1.3263977766036987
948 1.2828891277313232
949 1.4090707302093506
950 1.1393784284591675
951 1.1202173233032227
952 1.313949465751648
953 1.3356399536132813
954 1.0462090969085693
955 1.3117690086364746
956 0.9183844923973083
957 1.4641748666763306
958 1.4975546598434448
959 1.0796111822128296
960 1.2422754764556885
961 1.070191740989685
962 1.2018733024597168
963 1.3243718147277832
964 1.4809805154800415
965 1.7258070707321167
966 1.2516452074050903
967 1.1099250316619873
968 1.247988224029541
969 1.4083740711212158
970 1.2843315601348877
971 0.8717684149742126
972 0.6935880184173584
973 0.7021595239639282
974 0.955805778503418
975 1.0259860754013062
976 1.1486860513687134
977 0.8742948770523071
978 0.700793981552124
979 0.9867220520973206
980 0.9439192414283752
981 1.0381635427474976
982 1.799222707748413
983 1.1365530490875244
984 1.1988857984542847
985 1.1033506393432617
986 1.1977488994598389
987 0.966387152671814
988 0.9312037825584412
989 1.143898844718933
990 1.1006473302841187
991 1.791127324104309
992 1.6247671842575073
993 1.599400520324707
994 1.364106297492981
995 1.584221601486206
996 0.8881543874740601
997 1.2387452125549316
998 1.6105910539627075
999 1.1750885248184204
1000 1.4342457056045532
1001 1.64102041721344
1002 1.3643888235092163
1003 1.234128713607788
1004 1.790979266166687
1005 1.0381726026535034
1006 0.994001567363739
1007 1.3644828796386719
1008 1.619696855545044
1009 1.133110761642456
1010 1.570809245109558
1011 1.3764504194259644
1012 1.3115607500076294
1013 1.4096664190292358
1014 1.1646820306777954
1015 1.2887479066848755
1016 1.2062925100326538
1017 1.1511813402175903
1018 1.0876704454421997
1019 1.1976590156555176
1020 1.1374216079711914
1021 1.2647007703781128
1022 0.961409330368042
1023 0.9297770857810974
1024 1.0908373594284058
1025 0.9776799082756042
1026 1.1723898649215698
1027 1.147278070449829
1028 1.2454309463500977
1029 0.9482915997505188
1030 1.0014861822128296
1031 1.1457380056381226
1032 0.9601977467536926
1033 0.7763808965682983
1034 0.83632892370224
1035 0.7669998407363892
1036 1.052584171295166
1037 1.0792291164398193
1038 0.9959871768951416
1039 1.2552748918533325
1040 1.1094982624053955
1041 0.9693095684051514
1042 0.9872302412986755
1043 1.021438479423523
1044 1.246863603591919
1045 1.1334580183029175
1046 1.2272992134094238
1047 1.6285337209701538
1048 1.5644500255584717
1049 1.4202558994293213
1050 1.3586421012878418
1051 1.5018541812896729
1052 1.4029020071029663
1053 1.4066191911697388
1054 1.4669361114501953
1055 1.2637900114059448
1056 1.6102986335754395
1057 1.452157735824585
1058 1.355156660079956
1059 1.1768072843551636
1060 1.3180803060531616
1061 1.4366049766540527
1062 1.4998949766159058
1063 1.1611483097076416
1064 1.051100254058838
1065 0.9551544189453125
1066 1.2230991125106812
1067 1.709980845451355
1068 0.7697891592979431
1069 0.8657300472259521
1070 1.2465742826461792
1071 0.9694260954856873
1072 0.8894750475883484
1073 1.177538514137268
1074 1.1387088298797607
1075 1.2174307107925415
1076 0.9429001212120056
1077 1.0217725038528442
1078 1.1280057430267334
1079 0.8259176015853882
1080 1.2632272243499756
1081 0.8587446212768555
1082 0.9657266736030579
1083 1.1741703748703003
1084 1.493438720703125
1085 0.8236539363861084
1086 1.0962345600128174
1087 0.7707967162132263
1088 0.973138153553009
1089 1.402374505996704
1090 1.2841147184371948
1091 1.26984703540802
1092 1.0367884635925293
1093 1.1902745962142944
1094 1.1409366130828857
1095 1.0644153356552124
1096 0.7881898283958435
1097 1.3114279508590698
1098 1.1452805995941162
1099 1.0726237297058105
1100 1.2622692584991455
1101 1.1965770721435547
1102 1.0998560190200806
1103 0.8861876130104065
1104 1.1483922004699707
1105 1.1897085905075073
1106 1.0248838663101196
1107 1.1696019172668457
1108 1.2738499641418457
1109 1.239640474319458
1110 1.4939759969711304
1111 0.9886975288391113
1112 1.3108983039855957
1113 1.26510751247406
1114 1.1065586805343628
1115 1.1626536846160889
1116 0.5998508930206299
1117 1.1124260425567627
1118 0.6236616373062134
1119 0.9673516750335693
1120 0.5377293825149536
1121 0.8216966986656189
1122 1.0354727506637573
1123 0.7313459515571594
1124 0.812361478805542
1125 1.626400113105774
1126 1.2064058780670166
1127 0.6384391188621521
1128 0.6300098896026611
1129 0.9349619746208191
1130 0.9389258027076721
1131 1.0794241428375244
1132 1.0373016595840454
1133 0.49681198596954346
1134 0.81059730052948
1135 0.5022510290145874
1136 0.5481562614440918
1137 0.4354294538497925
1138 0.3922600746154785
1139 0.6789065599441528
1140 0.6685009002685547
1141 0.7243579030036926
1142 0.8230829834938049
1143 0.7767112255096436
1144 0.7138225436210632
1145 0.7453721165657043
1146 0.6778426170349121
1147 1.203298568725586
1148 0.8251310586929321
1149 1.6566051244735718
1150 0.8163975477218628
1151 1.1024985313415527
1152 0.7878095507621765
1153 0.9649435877799988
1154 0.9197157025337219
1155 0.7237259745597839
1156 0.6170876622200012
1157 0.3909173309803009
1158 0.9562503695487976
1159 0.5839019417762756
1160 0.9583054780960083
1161 0.6715608835220337
1162 0.9506363272666931
1163 1.1682038307189941
1164 0.9846850037574768
1165 0.9818134307861328
1166 1.2353217601776123
1167 1.2854650020599365
1168 1.1484813690185547
1169 0.8316479325294495
1170 1.2110313177108765
1171 0.7454953193664551
1172 0.9745680093765259
1173 1.3196288347244263
1174 1.8083381652832031
1175 1.39973783493042
1176 1.2819002866744995
1177 1.6798593997955322
1178 1.328096866607666
1179 1.4062472581863403
1180 1.3018778562545776
1181 0.8945810794830322
1182 1.394913911819458
1183 1.271721601486206
1184 1.7873445749282837
1185 1.5654295682907104
1186 1.5731284618377686
1187 1.3776357173919678
1188 1.3213915824890137
1189 1.7217787504196167
1190 1.5535948276519775
1191 1.7693573236465454
1192 1.1120685338974
1193 1.5289324522018433
1194 1.6073511838912964
1195 1.215567708015442
1196 1.512447714805603
1197 1.2509534358978271
1198 1.4050230979919434
1199 1.760887861251831
1200 1.781762719154358
1201 1.7143359184265137
1202 2.1163718700408936
1203 1.5249799489974976
1204 1.2541260719299316
1205 1.3948471546173096
1206 1.5588347911834717
1207 1.3303862810134888
1208 1.086159348487854
1209 1.2675591707229614
1210 1.5607173442840576
1211 1.6004849672317505
1212 1.2221009731292725
1213 1.6003066301345825
1214 1.261906623840332
1215 1.3941600322723389
1216 1.4163752794265747
1217 1.2584764957427979
1218 1.68142831325531
1219 1.5238066911697388
1220 0.9123250246047974
1221 0.8506801128387451
1222 1.3125269412994385
1223 1.0065447092056274
1224 1.4585717916488647
1225 1.3511515855789185
1226 1.5967923402786255
1227 1.1631711721420288
1228 1.3451544046401978
1229 1.387641429901123
1230 1.3756183385849
1231 1.35652756690979
1232 1.2861969470977783
1233 1.2555989027023315
1234 1.461490273475647
1235 1.4418222904205322
1236 1.136203408241272
1237 1.2824174165725708
1238 1.2019187211990356
1239 1.4240155220031738
1240 1.312569260597229
1241 1.1466448307037354
1242 1.1820076704025269
1243 1.2922382354736328
1244 0.9875676035881042
1245 1.028286337852478
1246 1.1654335260391235
1247 1.7425156831741333
1248 1.2612382173538208
1249 1.0881993770599365
1250 1.4788000583648682
1251 1.250224232673645
1252 1.6038739681243896
1253 1.3488197326660156
1254 1.36532723903656
1255 0.7570185661315918
1256 1.259260654449463
1257 0.776918888092041
1258 0.6950358748435974
1259 0.7168540954589844
1260 1.155788540840149
1261 0.878740131855011
1262 1.2522224187850952
1263 0.7891384363174438
1264 1.3988080024719238
1265 0.8552868366241455
1266 0.640337347984314
1267 0.9286960363388062
1268 0.6688410043716431
1269 0.7372190952301025
1270 0.7503675222396851
1271 0.9487069845199585
1272 0.5050482749938965
1273 1.021316647529602
1274 0.5108463764190674
1275 1.1580677032470703
1276 0.7121915817260742
1277 0.9557793140411377
1278 1.0030688047409058
1279 0.8483942151069641
1280 1.1079020500183105
1281 1.334829330444336
1282 0.9930498003959656
1283 1.193200707435608
1284 1.0330160856246948
1285 0.9471079707145691
1286 0.7838670611381531
1287 1.1655939817428589
1288 0.9520028829574585
1289 0.6739301681518555
1290 0.9173398017883301
1291 0.9629071950912476
1292 0.9656690359115601
1293 0.43200525641441345
1294 0.8130732774734497
1295 0.9112487435340881
1296 0.6327290534973145
1297 0.839291512966156
1298 0.6779881119728088
1299 0.8437322974205017
1300 0.5318119525909424
1301 0.7821965217590332
1302 0.8467276096343994
1303 0.6432657837867737
1304 0.7091991901397705
1305 0.967897355556488
1306 0.7000577449798584
1307 0.6240769028663635
1308 0.6591702103614807
1309 0.6917035579681396
1310 0.781837522983551
1311 0.7180228233337402
1312 0.6016793847084045
1313 0.908889889717102
1314 1.1669161319732666
1315 0.9819926023483276
1316 0.9886906743049622
1317 0.6052311062812805
1318 0.6932851672172546
1319 0.8833644986152649
1320 0.862876296043396
1321 0.9266745448112488
1322 0.7378033995628357
1323 0.7828888297080994
1324 0.6641507148742676
1325 0.6374630331993103
1326 1.0481457710266113
1327 0.8886102437973022
1328 1.1405915021896362
1329 0.5813255310058594
1330 0.8916484117507935
1331 0.8332204818725586
1332 1.162885069847107
1333 0.5784870386123657
1334 0.6540743708610535
1335 0.931157648563385
1336 0.8700510263442993
1337 0.6967055201530457
1338 1.1087583303451538
1339 1.0081127882003784
1340 1.0146790742874146
1341 0.8183948397636414
1342 0.7444702386856079
1343 0.5924481153488159
1344 0.870128870010376
1345 1.0652785301208496
1346 0.6875382661819458
1347 0.9674313068389893
1348 1.0124554634094238
1349 1.0067132711410522
1350 0.9889472126960754
1351 0.7653608322143555
1352 0.9038666486740112
1353 0.6863591074943542
1354 0.9926589727401733
1355 0.9219008684158325
1356 0.702617347240448
1357 0.9068496823310852
1358 0.6947938799858093
1359 0.8045878410339355
1360 0.6194599866867065
1361 1.0845906734466553
1362 0.9415360689163208
1363 0.7772828340530396
1364 0.8301793932914734
1365 0.7301056385040283
1366 0.8428452014923096
1367 0.601649820804596
1368 0.8539671301841736
1369 0.6944131851196289
1370 0.5632220506668091
1371 0.7193694710731506
1372 0.6954037547111511
1373 0.8179325461387634
1374 0.7092241644859314
1375 0.6583967208862305
1376 0.6746477484703064
1377 0.6526304483413696
1378 0.904206395149231
1379 0.6134178638458252
1380 0.6473762392997742
1381 0.7976513504981995
1382 0.7595924735069275
1383 0.916741132736206
1384 0.5973060727119446
1385 0.9146553874015808
1386 0.6743019223213196
1387 0.6703795194625854
1388 1.1393789052963257
1389 0.7073478102684021
1390 0.8684000372886658
1391 0.6316227316856384
1392 0.5687095522880554
1393 0.6979765892028809
1394 0.7856753468513489
1395 0.7637825012207031
1396 0.47583693265914917
1397 0.8169584274291992
1398 0.6529505848884583
1399 0.6357958316802979
1400 0.8409093618392944
1401 0.5363457798957825
1402 0.8199332356452942
1403 0.5361422300338745
1404 0.8640701174736023
1405 0.9809250235557556
1406 0.6479126811027527
1407 0.6812781095504761
1408 0.8566022515296936
1409 0.8758991956710815
1410 0.7324742674827576
1411 0.8199570178985596
1412 0.8233329653739929
1413 0.7604404091835022
1414 0.6624068021774292
1415 0.6882116198539734
1416 0.602117657661438
1417 0.47786444425582886
1418 0.39369645714759827
1419 0.5537494421005249
1420 0.4351339340209961
1421 0.8534603714942932
1422 0.8725854754447937
1423 0.5070928931236267
1424 0.7157374620437622
1425 0.8115939497947693
1426 0.7302181124687195
1427 0.7767879962921143
1428 0.5064910650253296
1429 0.7269609570503235
1430 0.6578710079193115
1431 0.720184862613678
1432 0.47375625371932983
1433 0.5461621880531311
1434 0.5751723647117615
1435 0.5851247906684875
1436 0.6386975049972534
1437 0.6250966191291809
1438 0.6516339182853699
1439 0.9086290001869202
1440 0.6966896057128906
1441 0.7296983003616333
1442 0.7682114243507385
1443 0.5146805644035339
1444 0.83111971616745
1445 0.5920682549476624
1446 0.9012897610664368
1447 0.7500327229499817
1448 0.6855695247650146
1449 0.6979426145553589
1450 0.5392764806747437
1451 0.8176791667938232
1452 0.8256532549858093
1453 0.9868516325950623
1454 0.9470562934875488
1455 0.6945555210113525
1456 0.8496504426002502
1457 0.6497874855995178
1458 0.8193413019180298
1459 0.8460063934326172
1460 0.6582946181297302
1461 0.7032468914985657
1462 1.0673439502716064
1463 0.6921683549880981
1464 0.9833829998970032
1465 0.4299894869327545
1466 0.6543762683868408
1467 0.6213592290878296
1468 0.9530980587005615
1469 0.9370647072792053
1470 1.1429181098937988
1471 0.853825569152832
1472 0.6185706853866577
1473 0.5826858878135681
1474 0.7250691652297974
1475 0.6350686550140381
1476 0.8701621294021606
1477 0.9209513068199158
1478 0.7474860548973083
1479 0.6555560231208801
1480 0.672411322593689
1481 0.8778230547904968
1482 0.6742381453514099
1483 0.7325148582458496
1484 0.7080443501472473
1485 0.9129552841186523
1486 0.7214346528053284
1487 0.6247490644454956
1488 0.6956033706665039
1489 0.4950588047504425
1490 1.023360252380371
1491 0.6965125799179077
1492 0.9920677542686462
1493 0.8275486826896667
1494 0.7580510377883911
1495 0.6346840262413025
1496 0.6345244646072388
1497 0.8279570937156677
1498 0.7377278208732605
1499 0.7154337763786316
1500 0.8522550463676453
1501 0.7443899512290955
1502 0.6768691539764404
1503 0.6599420309066772
1504 0.9584495425224304
1505 0.5807340145111084
1506 0.5513275265693665
1507 0.6844027638435364
1508 0.8693845868110657
1509 0.9894022941589355
1510 0.686926007270813
1511 0.522588312625885
1512 0.8518413305282593
1513 0.977713406085968
1514 1.026232361793518
1515 0.9127213358879089
1516 0.8215040564537048
1517 0.6786071062088013
1518 0.8405672907829285
1519 1.1032956838607788
1520 0.8821614384651184
1521 0.8558650612831116
1522 0.7458093166351318
1523 0.9581285119056702
1524 0.9908307790756226
1525 0.7391397356987
1526 1.4446603059768677
1527 1.4491856098175049
1528 1.1010652780532837
1529 0.7468360066413879
1530 0.8695350885391235
1531 1.2491650581359863
1532 0.8480741381645203
1533 0.5599104762077332
1534 0.6608478426933289
1535 1.152845859527588
1536 0.6235582828521729
1537 0.6252118945121765
1538 0.675360381603241
1539 0.7577033042907715
1540 0.939619243144989
1541 0.8848638534545898
1542 0.8466517329216003
1543 0.7842652797698975
1544 0.5167135000228882
1545 0.8428576588630676
1546 0.6981094479560852
1547 0.8997788429260254
1548 0.9136996865272522
1549 0.8106552958488464
1550 0.6023138761520386
1551 0.7651292085647583
1552 0.8951882123947144
1553 0.7272573709487915
1554 0.7824403643608093
1555 0.6412525773048401
1556 0.62321937084198
1557 0.7613518238067627
1558 0.9616150856018066
1559 0.9564851522445679
1560 1.0646265745162964
1561 0.6454275846481323
1562 1.1277592182159424
1563 1.1072622537612915
1564 1.278903841972351
1565 1.1678234338760376
1566 0.9722562432289124
1567 1.0092178583145142
1568 1.0704280138015747
1569 0.7713744044303894
1570 0.8664760589599609
1571 0.8442394733428955
1572 1.155197024345398
1573 1.0879244804382324
1574 1.2005820274353027
1575 1.0170243978500366
1576 0.9996047019958496
1577 0.7843505144119263
1578 0.9679962992668152
1579 0.6506890654563904
1580 0.8111708760261536
1581 0.7784344553947449
1582 0.69352126121521
1583 0.6975040435791016
1584 0.8239652514457703
1585 0.9901529550552368
1586 1.1133582592010498
1587 0.834334135055542
1588 0.8817585706710815
1589 0.5391697287559509
1590 0.6074032783508301
1591 0.8327208757400513
1592 0.575336754322052
1593 0.5608418583869934
1594 0.9609615206718445
1595 0.8165381550788879
1596 0.6456940770149231
1597 0.7357589602470398
1598 0.7070724964141846
1599 0.7522265911102295
1600 1.0694462060928345
1601 0.8717637658119202
1602 0.751980721950531
1603 0.9757684469223022
1604 0.9181206226348877
1605 0.6443079113960266
1606 0.7006397247314453
1607 0.8260180950164795
1608 0.5546582937240601
1609 0.731844961643219
1610 0.7519389390945435
1611 0.6550057530403137
1612 0.7804405689239502
1613 0.9372086524963379
1614 0.8440154194831848
1615 1.130600094795227
1616 0.7115293145179749
1617 1.022297978401184
1618 0.5849399566650391
1619 0.8140466213226318
1620 0.5735918283462524
1621 1.2748637199401855
1622 1.0356117486953735
1623 0.5397125482559204
1624 0.9100836515426636
1625 0.9557710289955139
1626 0.7398821115493774
1627 0.9140989184379578
1628 1.0324158668518066
1629 0.9112719893455505
1630 0.8519589304924011
1631 0.7084634900093079
1632 0.47145143151283264
1633 0.6579183340072632
1634 0.5370088815689087
1635 0.6940642595291138
1636 0.8313719034194946
1637 0.9009888768196106
1638 0.8809367418289185
1639 0.9523805975914001
1640 0.8389981389045715
1641 0.8305665254592896
1642 0.5263898968696594
1643 1.0206345319747925
1644 0.7423918843269348
1645 1.1011708974838257
1646 1.359121322631836
1647 1.0146677494049072
1648 1.3099063634872437
1649 0.8079651594161987
1650 0.6984822750091553
1651 0.6424651145935059
1652 1.032669186592102
1653 0.7841994762420654
1654 0.5710169672966003
1655 0.6415870189666748
1656 0.7653639316558838
1657 0.5362709164619446
1658 0.557345449924469
1659 0.7100430727005005
1660 0.7221899032592773
1661 1.0167022943496704
1662 1.059737205505371
1663 0.8483616709709167
1664 0.6430827379226685
1665 0.5574244856834412
1666 0.5305178761482239
1667 0.8682841062545776
1668 0.7577564716339111
1669 0.3345922529697418
1670 0.747648298740387
1671 0.915828287601471
1672 0.9644577503204346
1673 0.8775936365127563
1674 0.6497036814689636
1675 0.744095504283905
1676 0.7661593556404114
1677 0.6336451768875122
1678 0.6572650074958801
1679 0.7443506717681885
1680 0.4520156979560852
1681 0.7952719926834106
1682 0.7848223447799683
1683 0.6892973184585571
1684 0.6312974095344543
1685 0.5859894752502441
1686 0.6773403882980347
1687 0.6523563861846924
1688 0.8991875052452087
1689 0.9491889476776123
1690 0.5118635892868042
1691 0.5891730785369873
1692 0.838962972164154
1693 0.9088311195373535
1694 0.684740424156189
1695 0.7837128043174744
1696 1.0490015745162964
1697 1.1275660991668701
1698 1.0555319786071777
1699 0.7103291749954224
1700 1.0571647882461548
1701 0.819432258605957
1702 0.5915499329566956
1703 0.8090203404426575
1704 0.860907256603241
1705 0.8037290573120117
1706 0.8571596145629883
1707 0.8955174684524536
1708 1.1078466176986694
1709 1.175034761428833
1710 1.2335402965545654
1711 0.9729510545730591
1712 0.6815991997718811
1713 0.8554105162620544
1714 1.0448741912841797
1715 1.0143718719482422
1716 0.9270453453063965
1717 0.9629815220832825
1718 0.4953649044036865
1719 0.952918529510498
1720 0.6523035168647766
1721 1.0774322748184204
1722 0.9095006585121155
1723 0.9367654919624329
1724 0.9131199717521667
1725 0.5726617574691772
1726 0.43677574396133423
1727 0.6320664882659912
1728 0.8133386373519897
1729 0.8286848664283752
1730 0.7813980579376221
1731 0.5692429542541504
1732 0.816209077835083
1733 0.6828233599662781
1734 1.116041898727417
1735 0.8827892541885376
1736 0.6358460187911987
1737 0.9092679023742676
1738 0.9317998290061951
1739 0.5435980558395386
1740 0.9532341361045837
1741 0.8988136649131775
1742 0.8374524712562561
1743 1.0367497205734253
1744 0.6948902606964111
1745 0.7386705875396729
1746 0.7186282277107239
1747 0.7966216802597046
1748 0.5399640798568726
1749 0.8715766072273254
1750 0.6777222156524658
1751 1.1700701713562012
1752 0.925255298614502
1753 0.863090991973877
1754 1.2861168384552002
1755 0.9699475765228271
1756 1.079642653465271
1757 0.9648419618606567
1758 1.0216472148895264
1759 1.4331752061843872
1760 1.1787374019622803
1761 1.2750993967056274
1762 0.9839258193969727
1763 0.9625949263572693
1764 0.7546657919883728
1765 1.1276178359985352
1766 1.1918483972549438
1767 0.6863101124763489
1768 0.784018337726593
1769 0.716643750667572
1770 1.1354964971542358
1771 0.7892121076583862
1772 0.7193753123283386
1773 0.5545182824134827
1774 0.6318168640136719
1775 0.5505237579345703
1776 0.6647278070449829
1777 0.8442293405532837
1778 0.9779124855995178
1779 0.7688117623329163
1780 1.033724069595337
1781 0.6105090379714966
1782 0.7779244184494019
1783 1.0536081790924072
1784 0.9747512340545654
1785 0.807091474533081
1786 0.83860844373703
1787 0.8897258639335632
1788 0.6365482807159424
1789 0.7452749013900757
1790 0.9114922881126404
1791 0.8007031083106995
1792 0.8550015687942505
1793 0.6034518480300903
1794 0.7764633893966675
1795 0.8907500505447388
1796 0.6691081523895264
1797 0.9435006976127625
1798 0.8553876280784607
1799 1.2043367624282837
1800 1.2010679244995117
1801 0.6448596715927124
1802 1.0204578638076782
1803 0.9816317558288574
1804 1.0811213254928589
1805 1.1325995922088623
1806 0.9332310557365417
1807 0.8303870558738708
1808 0.983027994632721
1809 0.5872279405593872
1810 0.7444596886634827
1811 0.6353786587715149
1812 0.8834512233734131
1813 0.8039172887802124
1814 0.6495591998100281
1815 0.7602258920669556
1816 1.0435818433761597
1817 0.4302577078342438
1818 0.5691338181495667
1819 0.9518774747848511
1820 0.645788848400116
1821 0.6853148937225342
1822 1.300806999206543
1823 0.6470534205436707
1824 0.7198339104652405
1825 0.4945181608200073
1826 0.547365128993988
1827 0.6154549717903137
1828 0.6747599244117737
1829 0.6483041644096375
1830 0.8329882621765137
1831 0.6604084372520447
1832 0.9780246615409851
1833 0.8453999161720276
1834 0.8772807717323303
1835 0.7565394043922424
1836 0.9670199155807495
1837 0.8411486148834229
1838 0.882091224193573
1839 1.0130797624588013
1840 1.0120644569396973
1841 0.8578019142150879
1842 1.086334228515625
1843 0.9175119400024414
1844 0.8496043086051941
1845 0.9946852326393127
1846 0.5839914679527283
1847 0.6862014532089233
1848 0.7822312712669373
1849 0.932506799697876
1850 1.120740294456482
1851 0.7260928750038147
1852 0.807582437992096
1853 0.6885426640510559
1854 0.6050493121147156
1855 0.46420642733573914
1856 0.6920439004898071
1857 0.4206220507621765
1858 0.9556539058685303
1859 1.113438367843628
1860 0.7577978372573853
1861 0.7766296863555908
1862 0.7046705484390259
1863 0.7538443803787231
1864 0.8064550757408142
1865 0.5682592988014221
1866 0.8758267760276794
1867 0.7033719420433044
1868 0.5580025315284729
1869 0.8331789970397949
1870 0.7319117784500122
1871 0.586207389831543
1872 0.9551534652709961
1873 0.9594973921775818
1874 0.9417354464530945
1875 1.1291707754135132
1876 1.154457449913025
1877 0.8515468835830688
1878 0.6564282178878784
1879 0.9973055720329285
1880 0.6292600631713867
1881 0.6472993493080139
1882 0.9831687808036804
1883 0.7831862568855286
1884 0.6271702647209167
1885 0.7653132081031799
1886 0.7571983337402344
1887 0.7729436159133911
1888 0.8470544219017029
1889 0.7158524394035339
1890 0.5447602272033691
1891 0.5099271535873413
1892 0.7899470329284668
1893 0.5949572920799255
1894 0.5951075553894043
1895 0.4224540889263153
1896 0.8552116751670837
1897 0.6419167518615723
1898 0.7457664012908936
1899 0.7885510921478271
1900 0.4018360674381256
1901 0.5439625978469849
1902 0.6809679865837097
1903 0.8164672255516052
1904 0.670782744884491
1905 0.610406219959259
1906 0.565087080001831
1907 0.8868957161903381
1908 0.7478951215744019
1909 0.8371795415878296
1910 0.6092442870140076
1911 0.8913758397102356
1912 1.0409960746765137
1913 0.8143691420555115
1914 0.7487194538116455
1915 0.4897691309452057
1916 0.5487291812896729
1917 0.9070810079574585
1918 1.0910940170288086
1919 0.8424699306488037
1920 1.191658616065979
1921 0.8117594122886658
1922 0.5496522784233093
1923 0.41478830575942993
1924 0.6532124876976013
1925 0.4221278429031372
1926 0.559559166431427
1927 0.4906828999519348
1928 0.43107643723487854
1929 0.8508623838424683
1930 0.4564976096153259
1931 0.7986769080162048
1932 0.4717564880847931
1933 0.6198021173477173
1934 0.7762196660041809
1935 0.5909969210624695
1936 0.9641193747520447
1937 0.5896539688110352
1938 0.7812656760215759
1939 1.4249242544174194
1940 1.0725618600845337
1941 1.0569645166397095
1942 0.9257148504257202
1943 0.5564139485359192
1944 0.9778507351875305
1945 1.1400152444839478
1946 0.8518083691596985
1947 1.0496779680252075
1948 0.9225406050682068
1949 1.5079443454742432
1950 0.8371753096580505
1951 1.055432915687561
1952 1.344743013381958
1953 1.334222435951233
1954 0.9966744184494019
1955 0.9720715284347534
1956 0.9158640503883362
1957 1.111570119857788
1958 0.8100958466529846
1959 1.0018190145492554
1960 0.6301436424255371
1961 0.8562180399894714
1962 0.8895511031150818
1963 0.7613930702209473
1964 0.8402337431907654
1965 0.8048549294471741
1966 0.3731363117694855
1967 0.5668168663978577
1968 0.7422968149185181
1969 0.7339000701904297
1970 0.9018035531044006
1971 1.1996300220489502
1972 0.8784619569778442
1973 0.926270604133606
1974 0.557272732257843
1975 0.9019738435745239
1976 0.7044539451599121
1977 0.8132729530334473
1978 0.8298662900924683
1979 0.6462183594703674
1980 0.6612253785133362
1981 0.651991605758667
1982 0.7818092703819275
1983 1.104759693145752
1984 0.9257656335830688
1985 1.0497444868087769
1986 0.47027814388275146
1987 0.9476466774940491
1988 0.9380813837051392
1989 0.5567962527275085
1990 0.8657583594322205
1991 0.9244987964630127
1992 0.8029460906982422
1993 0.9907424449920654
1994 0.8023046851158142
1995 0.7641541361808777
1996 0.9818425178527832
1997 0.8386929631233215
1998 0.6641919016838074
1999 0.8726401329040527
