0 0.0
1 0.26002997159957886
2 0.2757900059223175
3 0.6534323692321777
4 0.6826922297477722
5 0.4729991555213928
6 0.5056397318840027
7 0.24194905161857605
8 0.39906996488571167
9 0.4287632405757904
10 0.47733381390571594
11 0.6827548146247864
12 0.7288042902946472
13 0.5701619982719421
14 0.9590189456939697
15 0.9413809180259705
16 0.835382342338562
17 0.3866615891456604
18 0.6068136096000671
19 0.9334378838539124
20 0.7667182087898254
21 0.5492942333221436
22 0.2676769495010376
23 0.7327384352684021
24 0.5527762770652771
25 0.7571443319320679
26 0.6239483952522278
27 0.7761207222938538
28 0.7635796666145325
29 0.6687554717063904
30 0.5567607283592224
31 0.5874834060668945
32 0.18177641928195953
33 0.8672149777412415
34 1.0442757606506348
35 0.7919557690620422
36 0.34224867820739746
37 0.6449263691902161
38 1.0480678081512451
39 1.2592171430587769
40 1.335391640663147
41 0.9575180411338806
42 0.8549620509147644
43 1.4655109643936157
44 1.7828153371810913
45 1.3350834846496582
46 1.352268934249878
47 1.7779929637908936
48 1.1046427488327026
49 1.2028356790542603
50 0.8031566143035889
51 1.1359580755233765
52 0.704799234867096
53 0.6608458757400513
54 0.46224498748779297
55 0.9914378523826599
56 0.39911553263664246
57 0.8577461838722229
58 0.808573305606842
59 0.47339197993278503
60 0.3463347256183624
61 0.29573753476142883
62 0.35333913564682007
63 0.5264723896980286
64 0.29006269574165344
65 0.5544253587722778
66 0.6615922451019287
67 0.8582198023796082
68 0.9327665567398071
69 0.8113918900489807
70 0.770601749420166
71 0.7431797385215759
72 0.4974204897880554
73 1.3297802209854126
74 1.2408212423324585
75 1.0316940546035767
76 1.8654730319976807
77 1.5270438194274902
78 1.7265591621398926
79 1.8544597625732422
80 1.3300861120224
81 1.8786712884902954
82 1.5854148864746094
83 1.9986331462860107
84 1.8749951124191284
85 1.754852056503296
86 1.9791656732559204
87 1.770140528678894
88 1.8186333179473877
89 1.4442977905273438
90 1.729850172996521
91 2.0595154762268066
92 1.6130471229553223
93 1.8838459253311157
94 1.3192026615142822
95 1.1748799085617065
96 1.519575595855713
97 1.5023910999298096
98 1.6506131887435913
99 1.7922024726867676
100 1.5374482870101929
101 1.4475384950637817
102 1.7568107843399048
103 2.1271936893463135
104 1.8886789083480835
105 2.169652223587036
106 1.7970744371414185
107 1.576080083847046
108 1.9995388984680176
109 1.9842571020126343
110 1.1496754884719849
111 1.7344039678573608
112 1.8474570512771606
113 1.4684982299804688
114 1.6203508377075195
115 1.5975605249404907
116 1.6405408382415771
117 1.6233171224594116
118 1.7403465509414673
119 1.250425100326538
120 1.3437442779541016
121 1.5813608169555664
122 1.941848874092102
123 1.5435417890548706
124 1.7743809223175049
125 1.6323010921478271
126 1.3712711334228516
127 2.1207497119903564
128 2.0985987186431885
129 1.9303562641143799
130 1.923755168914795
131 2.1421055793762207
132 2.0347323417663574
133 1.6374397277832031
134 1.891351580619812
135 1.7838196754455566
136 1.7013475894927979
137 1.7756520509719849
138 2.1067357063293457
139 1.9881283044815063
140 2.5298733711242676
141 1.7485183477401733
142 1.9237650632858276
143 1.1188733577728271
144 1.4349048137664795
145 1.9912924766540527
146 2.1269683837890625
147 2.1490957736968994
148 1.2930628061294556
149 1.7422828674316406
150 1.4222673177719116
151 1.1902505159378052
152 1.4134495258331299
153 1.5849398374557495
154 1.4430534839630127
155 1.7071255445480347
156 1.6743175983428955
157 1.7626670598983765
158 1.4202858209609985
159 1.8310275077819824
160 2.1126134395599365
161 1.71860671043396
162 1.6775946617126465
163 1.755215048789978
164 1.7413963079452515
165 1.8021751642227173
166 2.2993223667144775
167 1.8766061067581177
168 2.018155813217163
169 1.797439455986023
170 2.397355556488037
171 1.961307406425476
172 1.8945151567459106
173 2.07306170463562
174 1.8931593894958496
175 1.536193609237671
176 1.5816147327423096
177 1.1981079578399658
178 1.7501006126403809
179 1.7976714372634888
180 1.5703699588775635
181 1.6569280624389648
182 1.7622618675231934
183 1.5560656785964966
184 1.2768830060958862
185 0.6974046230316162
186 1.8241875171661377
187 1.4611161947250366
188 1.6019833087921143
189 1.8580189943313599
190 2.0567753314971924
191 2.1618258953094482
192 1.8708219528198242
193 2.2237613201141357
194 1.667182445526123
195 1.8250032663345337
196 2.0548112392425537
197 1.3258668184280396
198 1.959626317024231
199 2.2604284286499023
200 2.3846099376678467
201 2.1199793815612793
202 2.298926830291748
203 1.6953047513961792
204 1.6879929304122925
205 1.9273271560668945
206 1.3877724409103394
207 1.5642986297607422
208 1.7702840566635132
209 0.9407037496566772
210 1.0231666564941406
211 1.8909454345703125
212 1.5769020318984985
213 1.3631166219711304
214 1.5935627222061157
215 1.0454237461090088
216 0.751489520072937
217 0.5935776829719543
218 0.7635660767555237
219 0.6693754196166992
220 0.8974284529685974
221 0.8559200763702393
222 0.8015685677528381
223 0.9322702288627625
224 1.4243782758712769
225 0.9045954346656799
226 0.9260340929031372
227 0.8454421758651733
228 1.3395949602127075
229 1.036922812461853
230 1.0702788829803467
231 0.3247833847999573
232 0.34772664308547974
233 0.5984786152839661
234 0.8212361335754395
235 0.9663029909133911
236 1.0263696908950806
237 0.9448751211166382
238 0.7064710855484009
239 1.0520575046539307
240 0.6211962699890137
241 0.7603616118431091
242 0.506938099861145
243 0.48775437474250793
244 0.7340126633644104
245 0.7845799326896667
246 0.653221607208252
247 0.8844457268714905
248 0.7348566055297852
249 0.3591606020927429
250 0.582658052444458
251 0.42646169662475586
252 0.8401625156402588
253 1.1719238758087158
254 0.7885800004005432
255 0.8868064284324646
256 0.811245858669281
257 0.6497069597244263
258 0.9731510877609253
259 0.6147667169570923
260 0.9666733145713806
261 0.44705715775489807
262 0.35266345739364624
263 0.4599638283252716
264 0.7004488110542297
265 1.0449283123016357
266 1.3233113288879395
267 1.1545281410217285
268 1.279261827468872
269 0.9266569018363953
270 0.9209708571434021
271 1.2420941591262817
272 0.8864365816116333
273 1.613182783126831
274 1.8086374998092651
275 1.887386441230774
276 1.797472596168518
277 2.003140687942505
278 1.9295234680175781
279 1.4338773488998413
280 1.4034624099731445
281 1.7621351480484009
282 2.1905124187469482
283 2.0375421047210693
284 1.9229236841201782
285 1.620737910270691
286 1.166090965270996
287 0.7194724678993225
288 1.0019582509994507
289 1.5972342491149902
290 1.8732383251190186
291 1.2082868814468384
292 1.0319489240646362
293 0.593792736530304
294 0.9169972538948059
295 1.0079504251480103
296 0.8944821357727051
297 1.5173448324203491
298 1.5172317028045654
299 1.118962287902832
300 1.3382145166397095
301 1.320329189300537
302 1.8494430780410767
303 1.5862293243408203
304 1.1606776714324951
305 1.8688973188400269
306 2.2446095943450928
307 1.3358107805252075
308 1.9284800291061401
309 2.1803746223449707
310 1.9011282920837402
311 1.5825562477111816
312 1.69669771194458
313 1.7219653129577637
314 1.5903065204620361
315 1.5291343927383423
316 1.173520565032959
317 1.3434820175170898
318 1.359301209449768
319 1.2076960802078247
320 1.4135453701019287
321 1.2483453750610352
322 1.574098825454712
323 1.3151401281356812
324 1.0977466106414795
325 1.5696314573287964
326 2.1105427742004395
327 1.3332852125167847
328 1.3835641145706177
329 1.7108010053634644
330 1.8767967224121094
331 1.7474143505096436
332 1.6540921926498413
333 1.2089124917984009
334 1.8578217029571533
335 1.9486007690429688
336 1.4468920230865479
337 1.8000915050506592
338 1.8255298137664795
339 1.9098819494247437
340 1.3170541524887085
341 1.3886399269104004
342 1.8148529529571533
343 1.754932165145874
344 1.7478371858596802
345 1.7470141649246216
346 1.6371777057647705
347 1.7068498134613037
348 1.8893699645996094
349 1.939458966255188
350 1.6306949853897095
351 2.32417368888855
352 2.05682110786438
353 0.9958350658416748
354 1.6136268377304077
355 1.194399356842041
356 1.2880851030349731
357 1.3271043300628662
358 1.701875925064087
359 1.2157111167907715
360 0.737690269947052
361 0.4574556052684784
362 0.8003619313240051
363 0.6965997219085693
364 1.331780195236206
365 1.5989841222763062
366 2.055377960205078
367 1.6465623378753662
368 1.829501986503601
369 1.589477777481079
370 1.5474518537521362
371 1.40064537525177
372 1.0488932132720947
373 1.231728196144104
374 1.5605928897857666
375 1.55741286277771
376 1.6637229919433594
377 1.528980016708374
378 1.7613428831100464
379 0.832644522190094
380 0.6863340735435486
381 0.7685063481330872
382 0.8433279991149902
383 1.1247366666793823
384 1.4882657527923584
385 0.9915072321891785
386 1.2727196216583252
387 1.4806184768676758
388 0.5134272575378418
389 0.4362575113773346
390 0.7230227589607239
391 0.4734554886817932
392 0.6757766008377075
393 0.6434611678123474
394 0.4739924967288971
395 0.5804896950721741
396 0.4489019811153412
397 0.5177781581878662
398 0.8896412253379822
399 0.44732901453971863
400 0.733012318611145
401 0.8381361365318298
402 1.0209193229675293
403 1.4351062774658203
404 1.051332950592041
405 0.6968830823898315
406 0.6729230880737305
407 0.7344636917114258
408 0.6126223206520081
409 0.5370219349861145
410 0.8445369601249695
411 0.9038967490196228
412 0.6715980172157288
413 0.558215320110321
414 0.4153147339820862
415 0.6401228308677673
416 0.5584338307380676
417 0.6676715016365051
418 0.8228251338005066
419 0.9878453016281128
420 0.6162576079368591
421 0.6704701781272888
422 0.500403642654419
423 0.35257983207702637
424 1.0522695779800415
425 1.012672781944275
426 0.819902241230011
427 1.4684596061706543
428 0.5220518708229065
429 1.1744298934936523
430 0.8289772272109985
431 1.0336698293685913
432 1.0032470226287842
433 0.7205882668495178
434 0.8903974890708923
435 0.41966208815574646
436 0.5620808005332947
437 1.0468250513076782
438 0.757502555847168
439 0.7192835211753845
440 0.44122374057769775
441 0.9003884792327881
442 0.947124183177948
443 0.9591060876846313
444 1.032605767250061
445 1.2615476846694946
446 1.2327088117599487
447 1.8279539346694946
448 1.3118252754211426
449 1.8954216241836548
450 2.084454298019409
451 1.7407286167144775
452 1.6221461296081543
453 1.4137299060821533
454 1.4934654235839844
455 1.8758368492126465
456 1.9680379629135132
457 1.7624173164367676
458 2.039912462234497
459 2.0003747940063477
460 1.670426607131958
461 1.8777815103530884
462 1.4757527112960815
463 1.0352703332901
464 1.6405668258666992
465 1.028601050376892
466 1.597993016242981
467 1.5801652669906616
468 1.829851508140564
469 1.869031548500061
470 1.8223613500595093
471 1.598498821258545
472 1.7511053085327148
473 1.5677540302276611
474 1.4716688394546509
475 1.6823973655700684
476 1.7683908939361572
477 1.8144582509994507
478 1.4799103736877441
479 1.6880629062652588
480 1.3239967823028564
481 1.4010339975357056
482 1.4187047481536865
483 1.3841334581375122
484 1.1571849584579468
485 1.2965054512023926
486 1.4962644577026367
487 1.58346688747406
488 1.6811120510101318
489 1.6646767854690552
490 2.102062225341797
491 1.2488924264907837
492 1.1147706508636475
493 1.5586224794387817
494 1.6046994924545288
495 1.4900612831115723
496 1.0515789985656738
497 0.9680626392364502
498 0.8411093950271606
499 0.48234128952026367
500 0.6666164398193359
501 0.7498396039009094
502 0.9128804802894592
503 0.9183399081230164
504 0.8030735850334167
505 0.5542182326316833
506 0.6352055668830872
507 0.4596763849258423
508 0.7423294186592102
509 0.6193133592605591
510 0.8719965219497681
511 0.7212525010108948
512 0.937208890914917
513 0.8553876280784607
514 0.822609543800354
515 0.7095921635627747
516 0.5840946435928345
517 0.8865563273429871
518 0.9530864953994751
519 1.6462105512619019
520 1.3626269102096558
521 1.4810534715652466
522 0.8707479238510132
523 1.0235939025878906
524 1.4103978872299194
525 1.1332368850708008
526 1.3489348888397217
527 1.579379677772522
528 1.8032443523406982
529 1.4365489482879639
530 1.4779225587844849
531 1.4825340509414673
532 1.328326940536499
533 1.5238863229751587
534 1.5978010892868042
535 1.621917486190796
536 1.640376329421997
537 1.305338978767395
538 1.2633148431777954
539 1.7950584888458252
540 1.5667221546173096
541 1.546885371208191
542 1.033724069595337
543 1.551344871520996
544 2.0386247634887695
545 1.2541266679763794
546 1.5710134506225586
547 1.6191729307174683
548 0.9710666537284851
549 1.8049861192703247
550 0.9419736862182617
551 0.7259006500244141
552 1.1312662363052368
553 1.1656310558319092
554 0.8972177505493164
555 1.396809697151184
556 0.5234251022338867
557 0.4657179117202759
558 1.0112608671188354
559 0.6719614863395691
560 0.6910440325737
561 0.49062132835388184
562 0.5964614748954773
563 0.8365099430084229
564 0.5650312304496765
565 0.9670696258544922
566 1.084238052368164
567 0.8737385869026184
568 0.7052996158599854
569 0.9146799445152283
570 1.2254420518875122
571 0.7448264360427856
572 1.1877429485321045
573 0.5420843362808228
574 0.7280450463294983
575 0.6318841576576233
576 0.3892463743686676
577 0.9043980240821838
578 0.8308610916137695
579 0.8297787308692932
580 0.8416429162025452
581 0.4893474876880646
582 0.8744418025016785
583 0.5690354704856873
584 0.3634207248687744
585 0.9001817107200623
586 0.4115878939628601
587 0.5567208528518677
588 0.4274771511554718
589 0.4570406973361969
590 0.4693946838378906
591 0.5776777863502502
592 0.7441883087158203
593 1.0325922966003418
594 1.4990543127059937
595 1.5397791862487793
596 1.722055435180664
597 1.3497862815856934
598 1.359868049621582
599 1.7004063129425049
600 1.546412467956543
601 1.4055356979370117
602 1.3286441564559937
603 1.6067312955856323
604 2.019463062286377
605 1.524949312210083
606 1.7664014101028442
607 1.0541574954986572
608 1.3501847982406616
609 1.3274352550506592
610 1.0573803186416626
611 1.4198393821716309
612 1.524611473083496
613 1.4813898801803589
614 1.5250771045684814
615 1.8821842670440674
616 1.942090392112732
617 2.386117696762085
618 2.1483142375946045
619 1.9222466945648193
620 1.595469355583191
621 2.0129499435424805
622 1.4415562152862549
623 1.5337449312210083
624 2.055856943130493
625 1.7806147336959839
626 1.7204253673553467
627 1.3693166971206665
628 1.8822132349014282
629 1.7037149667739868
630 1.514291763305664
631 1.5841692686080933
632 1.70183265209198
633 1.25431227684021
634 1.3546556234359741
635 1.1214042901992798
636 1.158010482788086
637 1.6355551481246948
638 1.1181366443634033
639 1.4162567853927612
640 1.5546480417251587
641 1.3538466691970825
642 1.8504778146743774
643 1.4893018007278442
644 1.789101481437683
645 1.6792429685592651
646 1.6649470329284668
647 1.259001612663269
648 1.593964695930481
649 1.6877532005310059
650 1.446522831916809
651 1.6012256145477295
652 1.352225661277771
653 0.6498972177505493
654 0.7923208475112915
655 0.9806473255157471
656 0.9729112982749939
657 0.9728001952171326
658 0.9793387651443481
659 0.7957243323326111
660 0.6265251040458679
661 0.5666898488998413
662 0.6378199458122253
663 1.0068728923797607
664 1.0643198490142822
665 1.0408720970153809
666 0.8769322633743286
667 0.8906312584877014
668 0.5425007343292236
669 0.842791736125946
670 1.0818003416061401
671 1.1386241912841797
672 0.7546185851097107
673 0.3916401267051697
674 0.7770609259605408
675 0.5518248677253723
676 0.5803706049919128
677 0.24604715406894684
678 0.6601722836494446
679 0.48600199818611145
680 0.3616262972354889
681 1.0902286767959595
682 1.5972169637680054
683 1.6848942041397095
684 1.4593052864074707
685 2.0716516971588135
686 1.6863133907318115
687 1.7575640678405762
688 1.82636559009552
689 2.2590279579162598
690 1.49761164188385
691 1.1442654132843018
692 1.7019022703170776
693 1.4930990934371948
694 1.6905732154846191
695 1.2124780416488647
696 1.7502994537353516
697 1.5049211978912354
698 1.1224344968795776
699 1.0750340223312378
700 1.4086031913757324
701 1.2269716262817383
702 1.4189871549606323
703 1.027253270149231
704 1.4247850179672241
705 1.5818471908569336
706 1.3009430170059204
707 1.4665801525115967
708 1.5843660831451416
709 1.925161361694336
710 1.0238988399505615
711 1.3287765979766846
712 1.6026780605316162
713 1.465462327003479
714 1.4780019521713257
715 1.794097661972046
716 1.5063540935516357
717 1.6575952768325806
718 1.4296470880508423
719 1.8966615200042725
720 1.9009687900543213
721 1.6712291240692139
722 1.9342844486236572
723 1.6758878231048584
724 1.7728030681610107
725 1.5432300567626953
726 1.76333487033844
727 1.7233630418777466
728 1.4375419616699219
729 1.2473036050796509
730 1.8849560022354126
731 1.9442428350448608
732 1.9534242153167725
733 1.7432140111923218
734 1.9771790504455566
735 1.67884361743927
736 2.3078722953796387
737 2.0205636024475098
738 2.2194347381591797
739 2.170578956604004
740 2.3312249183654785
741 1.9524370431900024
742 1.9920673370361328
743 2.425663709640503
744 2.2508702278137207
745 1.7797675132751465
746 1.788291096687317
747 1.8622443675994873
748 1.8006230592727661
749 2.152811288833618
750 2.0100157260894775
751 2.3808414936065674
752 1.9342412948608398
753 1.7482916116714478
754 1.7873207330703735
755 1.6445142030715942
756 1.7161686420440674
757 1.7507144212722778
758 1.7230682373046875
759 2.232860565185547
760 1.9233996868133545
761 1.7683980464935303
762 1.5874710083007813
763 1.490532398223877
764 1.5604053735733032
765 1.2370526790618896
766 1.5540496110916138
767 1.6989392042160034
768 1.6772568225860596
769 1.9098008871078491
770 1.533562421798706
771 0.9223156571388245
772 1.0370066165924072
773 1.1221696138381958
774 0.6027905344963074
775 1.5024158954620361
776 1.6101107597351074
777 1.3315954208374023
778 1.625370740890503
779 2.1201987266540527
780 1.725324034690857
781 1.652649164199829
782 1.3444706201553345
783 1.5347992181777954
784 1.3952412605285645
785 1.8544280529022217
786 1.9102964401245117
787 1.8424737453460693
788 1.6334697008132935
789 1.9330865144729614
790 1.7187488079071045
791 1.5215879678726196
792 1.7224756479263306
793 1.838283896446228
794 1.7285220623016357
795 1.1281745433807373
796 1.3032383918762207
797 1.91486394405365
798 2.0196468830108643
799 1.9744868278503418
800 2.0952095985412598
801 1.7502745389938354
802 1.7180126905441284
803 2.044982671737671
804 1.2315006256103516
805 1.9264277219772339
806 1.7626044750213623
807 1.9380775690078735
808 1.4091782569885254
809 1.8961994647979736
810 2.196915626525879
811 1.5248061418533325
812 1.9029970169067383
813 1.6202812194824219
814 2.1696317195892334
815 1.5678964853286743
816 2.223881244659424
817 1.5192173719406128
818 1.2781258821487427
819 1.2609620094299316
820 1.7448421716690063
821 1.9350719451904297
822 2.2819254398345947
823 1.4583474397659302
824 1.9877358675003052
825 1.6086827516555786
826 1.9303706884384155
827 2.0024354457855225
828 1.8874672651290894
829 1.8135533332824707
830 1.8884053230285645
831 1.9023152589797974
832 2.2208521366119385
833 1.6738755702972412
834 2.1669716835021973
835 2.083369016647339
836 1.148023009300232
837 1.2675217390060425
838 1.4428874254226685
839 1.608349084854126
840 1.4014544486999512
841 1.270969271659851
842 1.7853021621704102
843 1.330535650253296
844 1.0936757326126099
845 1.0092021226882935
846 1.01690673828125
847 1.1538076400756836
848 0.6499713659286499
849 0.8807277679443359
850 0.9007806181907654
851 1.091640830039978
852 0.9231614470481873
853 0.7999012470245361
854 0.9970450401306152
855 0.7078685760498047
856 0.5810770988464355
857 0.617380678653717
858 0.4562823474407196
859 0.983382523059845
860 0.6563253402709961
861 0.8936309218406677
862 0.5550258755683899
863 0.9579497575759888
864 0.5722128748893738
865 0.7483795285224915
866 0.7208727598190308
867 0.6906852126121521
868 1.0322648286819458
869 1.174557089805603
870 1.0859105587005615
871 1.2122766971588135
872 0.8856450915336609
873 1.093026876449585
874 0.7803953289985657
875 0.8896865844726563
876 1.0144598484039307
877 1.0002301931381226
878 0.9090231657028198
879 1.4163497686386108
880 1.1021473407745361
881 0.81660395860672
882 0.5624399185180664
883 1.6667954921722412
884 1.2114518880844116
885 0.8849855661392212
886 0.7828601002693176
887 1.2414411306381226
888 1.499892234802246
889 1.4184170961380005
890 1.1320761442184448
891 1.1062678098678589
892 0.8207908272743225
893 1.0163731575012207
894 1.263949990272522
895 1.2260855436325073
896 1.2098841667175293
897 1.8947392702102661
898 1.2873891592025757
899 1.3526533842086792
900 1.2768183946609497
901 1.1693154573440552
902 1.064841866493225
903 1.1660736799240112
904 1.0455975532531738
905 1.0948307514190674
906 1.1506778001785278
907 0.8399308323860168
908 1.2044609785079956
909 1.2827507257461548
910 1.3286136388778687
911 1.226033091545105
912 1.4607771635055542
913 0.9757210612297058
914 1.1170388460159302
915 0.7777881622314453
916 0.9895467162132263
917 1.0878206491470337
918 1.010086178779602
919 1.1378737688064575
920 1.72773277759552
921 2.141035795211792
922 1.9568597078323364
923 1.875174880027771
924 1.6465222835540771
925 1.6748716831207275
926 1.84462308883667
927 2.0967652797698975
928 2.139040231704712
929 1.5950013399124146
930 1.8280549049377441
931 1.8536115884780884
932 1.7064883708953857
933 1.8859293460845947
934 1.828250765800476
935 1.9114785194396973
936 1.5266904830932617
937 1.5934185981750488
938 2.002234935760498
939 1.8891962766647339
940 1.6036427021026611
941 1.653019905090332
942 2.253816843032837
943 1.9330041408538818
944 1.6456549167633057
945 0.7658806443214417
946 0.8375293612480164
947 1.0559858083724976
948 0.9182716012001038
949 0.5849875807762146
950 0.7663311958312988
951 0.9359012842178345
952 0.6877679228782654
953 0.4937724769115448
954 0.6396265625953674
955 0.8318647146224976
956 0.5820338129997253
957 1.0071008205413818
958 0.8155224323272705
959 0.9208620190620422
960 1.004715085029602
961 1.4338648319244385
962 1.0088222026824951
963 1.2246087789535522
964 1.0351344347000122
965 0.8311281204223633
966 0.600515604019165
967 0.7354955673217773
968 0.6357772946357727
969 0.6965842843055725
970 0.6461580395698547
971 0.4806058406829834
972 0.846638023853302
973 0.6691799759864807
974 0.5680872201919556
975 0.5340981483459473
976 0.46457016468048096
977 0.6016362309455872
978 1.1964054107666016
979 1.2491447925567627
980 1.635388731956482
981 1.3006287813186646
982 0.9924630522727966
983 1.6138591766357422
984 1.4747157096862793
985 0.8296476602554321
986 0.9084429144859314
987 0.808387041091919
988 0.7075632214546204
989 0.7766519784927368
990 1.388961911201477
991 1.4503179788589478
992 1.5810744762420654
993 1.452120304107666
994 1.2249923944473267
995 0.9966667890548706
996 0.6764591932296753
997 0.7878214716911316
998 0.5126124024391174
999 0.5610645413398743
1000 0.7873746752738953
1001 0.5795161128044128
1002 0.6302984952926636
1003 0.42531269788742065
1004 0.652814507484436
1005 0.7680703997612
1006 0.625799298286438
1007 1.0226013660430908
1008 0.6994470357894897
1009 0.7616227269172668
1010 0.7719970345497131
1011 1.0248968601226807
1012 0.42220595479011536
1013 0.4121536314487457
1014 1.0658280849456787
1015 0.6691063046455383
1016 0.5230653882026672
1017 0.4857111871242523
1018 0.7663939595222473
1019 0.882646381855011
1020 0.9204981327056885
1021 1.4949501752853394
1022 1.8815263509750366
1023 1.6906589269638062
1024 1.9975090026855469
1025 1.3824301958084106
1026 2.0540575981140137
1027 1.2405980825424194
1028 1.736462116241455
1029 1.7586932182312012
1030 1.247182011604309
1031 0.43503350019454956
1032 0.5105149149894714
1033 0.932166576385498
1034 0.7946715950965881
1035 0.5975680947303772
1036 0.8639366030693054
1037 0.491762638092041
1038 1.5643831491470337
1039 1.0824745893478394
1040 0.9131864905357361
1041 1.1672554016113281
1042 0.4859703779220581
1043 0.8570080399513245
1044 0.6472563743591309
1045 0.7104663848876953
1046 0.38571682572364807
1047 0.5893111824989319
1048 0.5160707235336304
1049 0.4940093457698822
1050 0.6073801517486572
1051 0.6813135147094727
1052 0.354236364364624
1053 0.8951523303985596
1054 0.7277243733406067
1055 0.6407594680786133
1056 0.8604627251625061
1057 1.2147259712219238
1058 1.531973123550415
1059 0.7678267955780029
1060 0.7460043430328369
1061 0.9826081395149231
1062 0.8543781638145447
1063 0.7840362787246704
1064 1.0096161365509033
1065 0.9329252243041992
1066 0.9434101581573486
1067 0.3764651417732239
1068 0.7951933145523071
1069 0.8624920845031738
1070 1.4158505201339722
1071 0.9476867318153381
1072 0.9982110857963562
1073 0.9078396558761597
1074 0.6032956838607788
1075 0.6509910225868225
1076 0.4816013276576996
1077 0.6726441979408264
1078 1.0963085889816284
1079 0.7370091676712036
1080 0.45055434107780457
1081 0.7035036087036133
1082 0.5637878179550171
1083 0.48697715997695923
1084 0.6146807670593262
1085 0.43716883659362793
1086 0.44994139671325684
1087 0.47495800256729126
1088 1.014364242553711
1089 0.6324840188026428
1090 0.5634142160415649
1091 0.7700172662734985
1092 0.7732627391815186
1093 1.0501606464385986
1094 0.648743212223053
1095 1.001603126525879
1096 0.692733108997345
1097 0.4670643210411072
1098 0.9663997292518616
1099 0.7814832329750061
1100 0.7832726240158081
1101 0.9798505902290344
1102 0.9189884662628174
1103 0.7999210357666016
1104 0.5594108700752258
1105 0.7263643741607666
1106 0.6282525062561035
1107 1.0300432443618774
1108 0.9986760020256042
1109 0.6940221786499023
1110 0.8168038129806519
1111 0.7803415060043335
1112 0.3271504342556
1113 0.8296804428100586
1114 1.5581673383712769
1115 0.9384961128234863
1116 0.969024658203125
1117 0.873928427696228
1118 1.3051156997680664
1119 0.9820623397827148
1120 0.8463332653045654
1121 0.9171674847602844
1122 0.7737869024276733
1123 1.1736717224121094
1124 1.2109891176223755
1125 1.097821831703186
1126 0.9740073680877686
1127 1.0567888021469116
1128 1.0966211557388306
1129 0.9128528237342834
1130 1.4346716403961182
1131 1.2797826528549194
1132 1.7738245725631714
1133 1.5018736124038696
1134 2.1550636291503906
1135 2.040046215057373
1136 2.505986213684082
1137 2.482404947280884
1138 2.265017509460449
1139 1.955222725868225
1140 1.9588650465011597
1141 1.992277979850769
1142 1.9847148656845093
1143 1.9248708486557007
1144 2.01290225982666
1145 2.012035608291626
1146 1.4720191955566406
1147 1.8539047241210938
1148 1.3289775848388672
1149 1.1069587469100952
1150 1.179581642150879
1151 0.9782178401947021
1152 0.830739438533783
1153 1.0153790712356567
1154 0.842535674571991
1155 0.9337373375892639
1156 0.6484165787696838
1157 0.8740274906158447
1158 0.8771464824676514
1159 0.837556004524231
1160 0.8799281120300293
1161 0.9987396597862244
1162 0.7379307150840759
1163 0.7372057437896729
1164 0.729079008102417
1165 1.1079232692718506
1166 0.7464348673820496
1167 0.8222262263298035
1168 1.1079883575439453
1169 0.7636409401893616
1170 1.0933995246887207
1171 0.8149405121803284
1172 0.9024892449378967
1173 0.9781637191772461
1174 1.3830289840698242
1175 0.525964081287384
1176 1.210216760635376
1177 0.8659687042236328
1178 0.8759392499923706
1179 1.0631262063980103
1180 0.8233330249786377
1181 0.9034713506698608
1182 0.7372278571128845
1183 0.8395144939422607
1184 0.7866971492767334
1185 0.7612780928611755
1186 0.6430145502090454
1187 0.7922850251197815
1188 0.7904242873191833
1189 0.6047664880752563
1190 0.9637597799301147
1191 0.7692793011665344
1192 0.4511640667915344
1193 0.8727735280990601
1194 0.942730724811554
1195 0.8307932019233704
1196 0.7813417315483093
1197 1.2273011207580566
1198 0.733538031578064
1199 0.4818318784236908
1200 0.587833046913147
1201 0.8797886967658997
1202 0.6937011480331421
1203 0.7466000914573669
1204 0.5707433819770813
1205 0.7795407772064209
1206 0.4205678105354309
1207 0.6883304715156555
1208 0.5274955630302429
1209 0.6371046304702759
1210 0.7478447556495667
1211 0.5544329285621643
1212 0.4679403007030487
1213 0.8406813740730286
1214 0.3701205253601074
1215 0.5029597878456116
1216 0.8542181253433228
1217 0.9102544188499451
1218 0.8337780237197876
1219 0.9119874238967896
1220 0.8159324526786804
1221 0.8785001635551453
1222 1.2763248682022095
1223 1.0226613283157349
1224 0.7773861885070801
1225 0.9040224552154541
1226 0.9561100602149963
1227 0.6662915349006653
1228 0.966961145401001
1229 0.5772483944892883
1230 0.30128926038742065
1231 0.7717058062553406
1232 0.7032670974731445
1233 0.8260833024978638
1234 1.1604245901107788
1235 1.6914690732955933
1236 1.2373226881027222
1237 1.0605571269989014
1238 0.7677045464515686
1239 1.2772639989852905
1240 1.1649388074874878
1241 1.2359681129455566
1242 1.1782019138336182
1243 1.8453893661499023
1244 1.6696276664733887
1245 0.8630605936050415
1246 0.7413429021835327
1247 1.3094362020492554
1248 0.633004903793335
1249 1.2262544631958008
1250 1.201472282409668
1251 1.2967461347579956
1252 1.4794583320617676
1253 0.9934709668159485
1254 0.9324478507041931
1255 0.9105299711227417
1256 0.3846561312675476
1257 0.549809992313385
1258 0.6637248992919922
1259 0.4989472031593323
1260 0.8262794613838196
1261 1.143449068069458
1262 0.5310640335083008
1263 1.202134132385254
1264 0.8667712211608887
1265 0.7921462059020996
1266 0.7483339309692383
1267 0.8065747022628784
1268 0.6270109415054321
1269 1.0953725576400757
1270 0.9661935567855835
1271 0.6014205813407898
1272 0.5780904293060303
1273 1.03488028049469
1274 1.3842480182647705
1275 0.9674780368804932
1276 0.5272389054298401
1277 0.7697173953056335
1278 0.666547417640686
1279 1.1348639726638794
1280 1.2395347356796265
1281 1.270521640777588
1282 1.4295958280563354
1283 0.6826744079589844
1284 0.5544335246086121
1285 0.8876628875732422
1286 0.9736133813858032
1287 1.2332912683486938
1288 0.8238531351089478
1289 0.9699854254722595
1290 0.6428539752960205
1291 0.46598318219184875
1292 1.0274049043655396
1293 0.71312415599823
1294 0.8383577466011047
1295 0.8061491250991821
1296 0.4858168363571167
1297 0.5812087059020996
1298 0.8935659527778625
1299 0.7056323885917664
1300 0.7443693280220032
1301 0.8038316369056702
1302 1.0092697143554688
1303 0.5986014008522034
1304 0.413775771856308
1305 0.9271560907363892
1306 0.4283607602119446
1307 0.46951472759246826
1308 0.39857959747314453
1309 0.5942042469978333
1310 0.3671889901161194
1311 0.5903589725494385
1312 0.800847053527832
1313 0.6632702946662903
1314 0.6207229495048523
1315 0.5869569182395935
1316 0.5129860043525696
1317 0.5484395623207092
1318 0.5069785118103027
1319 0.8298483490943909
1320 0.5339689254760742
1321 0.7548543214797974
1322 0.577892541885376
1323 0.4354677200317383
1324 0.6065230965614319
1325 0.7470003962516785
1326 0.43610209226608276
1327 0.3997824788093567
1328 0.5688182711601257
1329 0.49346157908439636
1330 0.6804764866828918
1331 0.3817528188228607
1332 0.39373302459716797
1333 0.619388997554779
1334 0.5487117767333984
1335 0.3236646354198456
1336 0.44537243247032166
1337 0.5559094548225403
1338 0.5496411919593811
1339 0.691136360168457
1340 0.8556452393531799
1341 1.2839124202728271
1342 1.1063767671585083
1343 1.2855260372161865
1344 1.1253825426101685
1345 1.261881709098816
1346 0.7825954556465149
1347 0.43607470393180847
1348 0.4648265540599823
1349 0.6522418260574341
1350 0.3753642439842224
1351 0.8098379969596863
1352 0.5016729235649109
1353 0.4990018606185913
1354 0.5993606448173523
1355 0.5457213521003723
1356 0.46684184670448303
1357 0.4672001898288727
1358 0.4231170117855072
1359 0.6513798832893372
1360 1.1253877878189087
1361 0.878843367099762
1362 0.6414194703102112
1363 1.0693435668945313
1364 0.6567308306694031
1365 0.8820491433143616
1366 0.8247318267822266
1367 1.2672221660614014
1368 0.7871646881103516
1369 0.6401287913322449
1370 1.0016344785690308
1371 1.1325275897979736
1372 0.8930286765098572
1373 1.2729096412658691
1374 1.6781922578811646
1375 1.8994935750961304
1376 1.9313427209854126
1377 1.3722788095474243
1378 1.6201832294464111
1379 1.6658366918563843
1380 1.2314213514328003
1381 1.3729326725006104
1382 1.1198698282241821
1383 1.2234362363815308
1384 1.3785357475280762
1385 1.136500597000122
1386 1.051196813583374
1387 1.5478308200836182
1388 1.6357606649398804
1389 1.6447813510894775
1390 1.2523123025894165
1391 1.5860329866409302
1392 1.1891860961914063
1393 1.3007851839065552
1394 0.8076011538505554
1395 0.9050816297531128
1396 0.5822733640670776
1397 0.4165442883968353
1398 0.6576043367385864
1399 0.5350990295410156
1400 0.809963583946228
1401 0.5170847773551941
1402 0.3355543315410614
1403 0.8721577525138855
1404 0.6294756531715393
1405 0.47848251461982727
1406 0.7680289149284363
1407 1.22562837600708
1408 0.8255425095558167
1409 1.3560782670974731
1410 1.4236823320388794
1411 0.6629622578620911
1412 0.39231982827186584
1413 0.576240599155426
1414 0.7544828057289124
1415 0.8584829568862915
1416 1.0549595355987549
1417 1.0033459663391113
1418 0.5761415362358093
1419 0.9083474278450012
1420 0.6872203946113586
1421 1.0411410331726074
1422 0.7803441882133484
1423 0.932436466217041
1424 0.9684122800827026
1425 1.194808006286621
1426 1.3733314275741577
1427 1.4440499544143677
1428 1.081431269645691
1429 1.1954865455627441
1430 0.8599185943603516
1431 1.2136311531066895
1432 0.6764610409736633
1433 1.171991229057312
1434 0.6366211771965027
1435 0.8068600296974182
1436 0.5890848636627197
1437 1.0969390869140625
1438 0.7145023345947266
1439 1.0341057777404785
1440 1.7693496942520142
1441 1.1913704872131348
1442 1.199341058731079
1443 1.120255470275879
1444 1.2174997329711914
1445 1.0745091438293457
1446 1.0415065288543701
1447 0.9656416773796082
1448 1.0196501016616821
1449 1.2435669898986816
1450 0.9623535871505737
1451 0.9638683199882507
1452 0.9281716346740723
1453 1.3055646419525146
1454 0.7731549739837646
1455 1.1599942445755005
1456 1.6519489288330078
1457 1.2215734720230103
1458 1.1366709470748901
1459 0.9072099328041077
1460 0.5063284635543823
1461 0.9647397398948669
1462 1.1284765005111694
1463 0.9357645511627197
1464 0.7774221897125244
1465 1.011264443397522
1466 1.286392331123352
1467 1.2542451620101929
1468 0.8841938972473145
1469 0.7490410208702087
1470 0.5358054041862488
1471 1.0771687030792236
1472 1.0081981420516968
1473 1.5212910175323486
1474 0.6160440444946289
1475 1.0880684852600098
1476 1.578901767730713
1477 1.171284794807434
1478 1.212462067604065
1479 1.362919807434082
1480 1.3690247535705566
1481 1.0188827514648438
1482 1.0081779956817627
1483 0.7868502140045166
1484 1.0559561252593994
1485 0.8368874788284302
1486 1.4758210182189941
1487 0.9175969958305359
1488 1.1142925024032593
1489 0.9704462289810181
1490 0.8278146386146545
1491 0.8935699462890625
1492 0.7548986673355103
1493 0.4995623230934143
1494 0.5953877568244934
1495 0.7581791877746582
1496 0.6731473803520203
1497 0.7077809572219849
1498 0.9540846347808838
1499 0.7132026553153992
1500 0.6292740106582642
1501 0.8440006375312805
1502 0.7603370547294617
1503 0.8740387558937073
1504 1.328429102897644
1505 0.7001286149024963
1506 1.0249255895614624
1507 0.940900981426239
1508 0.5838885307312012
1509 0.608920693397522
1510 0.6350680589675903
1511 0.744035005569458
1512 0.7863956689834595
1513 1.064686894416809
1514 1.048630952835083
1515 0.903304934501648
1516 1.8183083534240723
1517 0.7752030491828918
1518 0.6204091906547546
1519 0.7831320762634277
1520 1.0526000261306763
1521 0.7908324003219604
1522 0.8134792447090149
1523 1.1721525192260742
1524 0.9245449900627136
1525 0.7160780429840088
1526 0.9730294346809387
1527 1.084350347518921
1528 1.1031049489974976
1529 0.6905511021614075
1530 0.7677005529403687
1531 0.9026529788970947
1532 0.7152308821678162
1533 1.009541630744934
1534 0.4720020890235901
1535 0.5195315480232239
1536 0.73524409532547
1537 0.843519389629364
1538 0.5807027816772461
1539 0.6432753801345825
1540 0.6118143796920776
1541 0.9060304164886475
1542 0.9656904339790344
1543 0.9393617510795593
1544 0.8010896444320679
1545 0.8292475342750549
1546 0.8127674460411072
1547 0.6259996294975281
1548 0.8269117474555969
1549 0.8122380375862122
1550 0.7942842245101929
1551 0.5715896487236023
1552 1.1579973697662354
1553 0.9996806383132935
1554 0.9396874308586121
1555 1.0666061639785767
1556 0.8691291213035583
1557 0.7814032435417175
1558 1.121062994003296
1559 1.0018540620803833
1560 1.0295448303222656
1561 1.3799805641174316
1562 0.8831781148910522
1563 0.9865855574607849
1564 1.2223790884017944
1565 1.3678746223449707
1566 1.3646414279937744
1567 1.4165118932724
1568 1.612093448638916
1569 1.5938881635665894
1570 1.1518616676330566
1571 1.3709099292755127
1572 1.3567428588867188
1573 1.636124849319458
1574 1.5071266889572144
1575 0.8049127459526062
1576 0.5402175784111023
1577 1.1091758012771606
1578 0.6850106120109558
1579 1.1243481636047363
1580 1.0844058990478516
1581 1.1527988910675049
1582 0.9623304009437561
1583 0.7729570865631104
1584 1.3096613883972168
1585 1.2024030685424805
1586 1.0551496744155884
1587 1.3824864625930786
1588 1.0039018392562866
1589 0.902804970741272
1590 0.7927718758583069
1591 1.1191996335983276
1592 1.1843433380126953
1593 1.0556955337524414
1594 1.1786812543869019
1595 0.5439590811729431
1596 0.7275485396385193
1597 0.8090788722038269
1598 0.7350113987922668
1599 0.9979056119918823
1600 0.7961534857749939
1601 0.6435278654098511
1602 0.9571682810783386
1603 0.9224812984466553
1604 0.9226245284080505
1605 1.0111511945724487
1606 1.294406771659851
1607 0.7647077441215515
1608 0.9087303280830383
1609 0.9310483336448669
1610 0.9030914902687073
1611 0.8621715307235718
1612 1.1943410634994507
1613 0.9129309058189392
1614 0.6615684628486633
1615 0.531002402305603
1616 1.1248888969421387
1617 0.8963742852210999
1618 1.0556086301803589
1619 1.031369686126709
1620 1.0500562191009521
1621 1.1617932319641113
1622 1.1976637840270996
1623 0.6778327822685242
1624 0.8371861577033997
1625 0.6330841183662415
1626 0.86088627576828
1627 0.9548490643501282
1628 1.0965830087661743
1629 0.6961424946784973
1630 1.0356361865997314
1631 1.2182906866073608
1632 1.407468318939209
1633 1.5537523031234741
1634 1.1916565895080566
1635 1.2693904638290405
1636 1.3160400390625
1637 1.3889600038528442
1638 1.4759833812713623
1639 1.1654030084609985
1640 0.8590993881225586
1641 1.0439214706420898
1642 0.8815056681632996
1643 1.354568600654602
1644 1.113608717918396
1645 1.2994440793991089
1646 1.2938138246536255
1647 1.540427803993225
1648 1.392810344696045
1649 1.4094557762145996
1650 1.0712366104125977
1651 1.016718864440918
1652 0.972355306148529
1653 1.5276199579238892
1654 1.1459184885025024
1655 1.2166305780410767
1656 0.9258662462234497
1657 0.9676507115364075
1658 0.9953019618988037
1659 0.9980273246765137
1660 0.8475804924964905
1661 0.7964865565299988
1662 0.8372712135314941
1663 0.979526937007904
1664 1.1592817306518555
1665 0.7588783502578735
1666 0.8400949835777283
1667 1.1138523817062378
1668 1.698302149772644
1669 0.8446505665779114
1670 1.2991079092025757
1671 1.9259222745895386
1672 0.9555011987686157
1673 1.329423427581787
1674 1.2521435022354126
1675 1.4281048774719238
1676 1.3303399085998535
1677 1.1410768032073975
1678 1.5467619895935059
1679 1.617165446281433
1680 1.4126008749008179
1681 1.4097020626068115
1682 1.158031940460205
1683 1.3545161485671997
1684 1.1356228590011597
1685 0.9159762263298035
1686 1.432366132736206
1687 0.637146532535553
1688 1.403336524963379
1689 1.2513351440429688
1690 1.427817702293396
1691 1.3327709436416626
1692 1.5404369831085205
1693 0.9353073239326477
1694 0.8942759037017822
1695 1.3732292652130127
1696 1.3567159175872803
1697 0.9715179204940796
1698 0.6931629180908203
1699 1.0529054403305054
1700 0.8624183535575867
1701 0.9295762181282043
1702 0.9082502126693726
1703 1.1126282215118408
1704 1.1716961860656738
1705 1.0476402044296265
1706 0.9391577839851379
1707 0.9675052165985107
1708 1.0480656623840332
1709 0.8695626258850098
1710 1.2985475063323975
1711 0.9161245226860046
1712 1.2900069952011108
1713 1.0335015058517456
1714 1.0442683696746826
1715 0.8701801300048828
1716 0.9033398032188416
1717 0.932611882686615
1718 0.70671546459198
1719 0.8312621116638184
1720 0.7427269220352173
1721 0.7964746356010437
1722 0.7009457349777222
1723 0.7436357140541077
1724 0.41935980319976807
1725 1.0544357299804688
1726 1.0877645015716553
1727 0.992527186870575
1728 1.0030286312103271
1729 1.0006107091903687
1730 1.4578176736831665
1731 1.231833577156067
1732 1.3591809272766113
1733 1.0799249410629272
1734 1.6755053997039795
1735 1.4151638746261597
1736 0.7513771653175354
1737 1.1321552991867065
1738 0.6037992238998413
1739 0.8386133909225464
1740 0.9897867441177368
1741 1.271578311920166
1742 0.8268069624900818
1743 1.2483806610107422
1744 0.8213403820991516
1745 1.257148265838623
1746 1.3611605167388916
1747 0.6808450818061829
1748 1.1223808526992798
1749 1.053611159324646
1750 1.637080430984497
1751 1.4779155254364014
1752 0.9759698510169983
1753 0.6189582347869873
1754 0.9469733834266663
1755 1.3257864713668823
1756 1.3942947387695313
1757 1.3462101221084595
1758 1.3014042377471924
1759 0.4843701720237732
1760 0.9560660123825073
1761 0.9265839457511902
1762 1.2875518798828125
1763 1.0594578981399536
1764 0.8256278038024902
1765 0.705905556678772
1766 1.4456894397735596
1767 1.575310230255127
1768 1.248329758644104
1769 0.977215588092804
1770 1.1257244348526
1771 1.1775791645050049
1772 1.036331057548523
1773 1.3310221433639526
1774 0.8064835667610168
1775 0.6917343735694885
1776 1.2085093259811401
1777 1.0516043901443481
1778 0.7696725726127625
1779 0.9780803918838501
1780 0.8721929788589478
1781 1.0419224500656128
1782 1.3413231372833252
1783 1.5458054542541504
1784 1.7510347366333008
1785 0.6888302564620972
1786 0.7817661166191101
1787 0.9245561957359314
1788 1.2582354545593262
1789 1.2456958293914795
1790 0.8017419576644897
1791 1.2355329990386963
1792 1.3196007013320923
1793 1.226275086402893
1794 0.9957640767097473
1795 1.2291803359985352
1796 1.049256443977356
1797 1.1715539693832397
1798 1.04004967212677
1799 1.0293991565704346
1800 1.0287142992019653
1801 0.5454427003860474
1802 0.679143488407135
1803 0.526417076587677
1804 0.6092650294303894
1805 0.9348061680793762
1806 0.6216956973075867
1807 0.48830094933509827
1808 0.5909155011177063
1809 0.8610222339630127
1810 0.637535810470581
1811 0.8363634943962097
1812 0.5022950768470764
1813 1.0023822784423828
1814 0.46669405698776245
1815 0.8907117247581482
1816 1.1591670513153076
1817 1.3696032762527466
1818 1.1187326908111572
1819 0.7662277817726135
1820 0.9578863978385925
1821 0.6256375312805176
1822 0.7514008283615112
1823 0.9327289462089539
1824 0.931790828704834
1825 0.6502464413642883
1826 0.8220593333244324
1827 0.9936783313751221
1828 1.0058748722076416
1829 1.1769001483917236
1830 1.076140284538269
1831 0.7798803448677063
1832 1.0365372896194458
1833 0.6899357438087463
1834 0.6688513159751892
1835 1.1382783651351929
1836 0.7583168745040894
1837 0.9603080749511719
1838 0.7863499522209167
1839 0.5782732963562012
1840 0.9607886075973511
1841 0.9901463985443115
1842 0.9208665490150452
1843 0.7018499374389648
1844 0.48116979002952576
1845 0.8283220529556274
1846 1.2256228923797607
1847 1.2318780422210693
1848 0.9181270003318787
1849 0.7646102905273438
1850 1.147141456604004
1851 0.5562486052513123
1852 0.44979235529899597
1853 0.9659149050712585
1854 1.1201094388961792
1855 0.9057343006134033
1856 0.3903977870941162
1857 0.6196635961532593
1858 1.0508856773376465
1859 1.3005344867706299
1860 1.4694888591766357
1861 0.6319202184677124
1862 1.0778948068618774
1863 1.1420564651489258
1864 1.7113215923309326
1865 0.9435831904411316
1866 1.4511332511901855
1867 1.7439484596252441
1868 0.976694643497467
1869 1.0986039638519287
1870 1.3921046257019043
1871 1.202484369277954
1872 0.9820337295532227
1873 0.7024229168891907
1874 0.7958661913871765
1875 0.7464750409126282
1876 1.0258166790008545
1877 0.5787183046340942
1878 0.5858457684516907
1879 1.0745055675506592
1880 1.0949970483779907
1881 0.6589965224266052
1882 1.2799656391143799
1883 1.1702172756195068
1884 0.8811674118041992
1885 1.277212142944336
1886 1.2636109590530396
1887 1.3340286016464233
1888 1.2839349508285522
1889 0.9361137747764587
1890 0.7977239489555359
1891 0.9309587478637695
1892 0.7575945258140564
1893 0.6908292770385742
1894 0.8183478116989136
1895 0.7255451083183289
1896 0.7720674276351929
1897 1.396715760231018
1898 1.4290657043457031
1899 1.8397749662399292
1900 0.8988597989082336
1901 0.9629079103469849
1902 0.7885928153991699
1903 0.5023826360702515
1904 0.5327461957931519
1905 0.8505133986473083
1906 0.8101063966751099
1907 1.084666132926941
1908 0.6122885942459106
1909 1.0403692722320557
1910 0.5944361090660095
1911 0.9623895883560181
1912 0.8608738780021667
1913 1.0378016233444214
1914 0.593757152557373
1915 0.6642507910728455
1916 0.4929351806640625
1917 0.6444576978683472
1918 0.5815694332122803
1919 0.4372103214263916
1920 0.9319924116134644
1921 0.41502490639686584
1922 0.6737208962440491
1923 0.44737645983695984
1924 0.6862006783485413
1925 0.8704699277877808
1926 1.3479288816452026
1927 1.0861479043960571
1928 0.9394461512565613
1929 1.1512147188186646
1930 1.0946670770645142
1931 1.0798497200012207
1932 1.0625548362731934
1933 0.9863184690475464
1934 0.8097996115684509
1935 0.8696852326393127
1936 0.8450905084609985
1937 0.9439338445663452
1938 1.1761380434036255
1939 0.9841445684432983
1940 1.118802785873413
1941 1.063562035560608
1942 1.6370110511779785
1943 0.9660121202468872
1944 1.792589545249939
1945 0.5023388862609863
1946 0.9834895133972168
1947 0.3797246217727661
1948 0.5610594749450684
1949 0.7253407835960388
1950 1.3773449659347534
1951 1.1484538316726685
1952 0.7957471609115601
1953 0.6086947917938232
1954 0.40743428468704224
1955 0.6332977414131165
1956 0.9448502659797668
1957 0.7971203327178955
1958 0.6339528560638428
1959 0.7254209518432617
1960 0.7888167500495911
1961 0.7488360404968262
1962 0.6593315601348877
1963 0.7502994537353516
1964 0.3541300594806671
1965 1.0972250699996948
1966 0.8335597515106201
1967 1.3773207664489746
1968 1.1081209182739258
1969 0.8493314385414124
1970 0.6535756587982178
1971 1.1421383619308472
1972 0.7985568642616272
1973 0.8245874643325806
1974 0.8911853432655334
1975 0.9707655310630798
1976 0.7016682624816895
1977 0.7988671660423279
1978 0.5925999283790588
1979 1.0596891641616821
1980 1.0962169170379639
1981 0.7387855052947998
1982 0.7624980807304382
1983 0.7993662357330322
1984 1.0556490421295166
1985 0.7787068486213684
1986 0.8715718388557434
1987 1.075144648551941
1988 1.1215075254440308
1989 1.0828255414962769
1990 1.0948662757873535
1991 0.9505957365036011
1992 1.2927411794662476
1993 1.4472246170043945
1994 1.2931125164031982
1995 1.1972417831420898
1996 1.1480350494384766
1997 0.9273766875267029
1998 1.4008742570877075
1999 1.2233569622039795
