0 0.0
1 0.5302694439888
2 0.4898223876953125
3 0.6341299414634705
4 0.5941588878631592
5 0.507235050201416
6 0.48187556862831116
7 0.5623995661735535
8 0.564780592918396
9 0.4058198630809784
10 0.29204609990119934
11 0.6515523195266724
12 0.32149848341941833
13 0.5697922110557556
14 0.8907727599143982
15 1.3136800527572632
16 0.7590096592903137
17 1.0331579446792603
18 0.855488657951355
19 0.9205206036567688
20 0.3459254503250122
21 0.8403414487838745
22 0.7272716760635376
23 0.37011468410491943
24 0.9526042342185974
25 1.4303725957870483
26 1.6046922206878662
27 1.6229798793792725
28 1.7288990020751953
29 1.475243330001831
30 1.5696425437927246
31 1.446178674697876
32 1.4624851942062378
33 0.9601941704750061
34 1.099204421043396
35 0.938392162322998
36 1.4955085515975952
37 0.9292004704475403
38 0.6210050582885742
39 0.9052043557167053
40 1.137866735458374
41 1.1310851573944092
42 1.307656168937683
43 1.3271605968475342
44 1.0291301012039185
45 0.7944108843803406
46 0.8874240517616272
47 1.0028250217437744
48 1.0393937826156616
49 1.4820616245269775
50 1.0823180675506592
51 1.2347444295883179
52 1.1973538398742676
53 1.267920970916748
54 1.7996958494186401
55 1.1474908590316772
56 1.436866044998169
57 1.0105124711990356
58 1.2142207622528076
59 1.5536613464355469
60 1.354152798652649
61 1.8592944145202637
62 1.706285834312439
63 1.561007022857666
64 1.5597997903823853
65 1.8275048732757568
66 0.9413169026374817
67 1.4901316165924072
68 1.5120453834533691
69 1.5006144046783447
70 1.522896647453308
71 1.253133773803711
72 1.156252384185791
73 1.3876131772994995
74 1.3024754524230957
75 1.1670557260513306
76 1.5502979755401611
77 1.7121256589889526
78 1.1796983480453491
79 1.1385265588760376
80 1.328819751739502
81 1.6914327144622803
82 1.273745059967041
83 1.291852593421936
84 1.6603327989578247
85 1.3299776315689087
86 1.3363826274871826
87 1.9667203426361084
88 1.4503027200698853
89 1.450659155845642
90 1.2404308319091797
91 1.478723406791687
92 1.2357538938522339
93 1.2063279151916504
94 1.0031746625900269
95 0.9832217693328857
96 0.9895416498184204
97 1.0244030952453613
98 0.8767603039741516
99 1.0695888996124268
100 1.2873846292495728
101 0.7491746544837952
102 0.9702722430229187
103 0.6611654162406921
104 0.47970256209373474
105 0.46859437227249146
106 0.32135894894599915
107 0.7584522366523743
108 0.49260208010673523
109 0.9404816627502441
110 0.536687970161438
111 0.7092730402946472
112 1.1190634965896606
113 1.3547546863555908
114 1.476794719696045
115 1.021385669708252
116 1.1542996168136597
117 1.2930186986923218
118 1.1929535865783691
119 0.66420578956604
120 1.1360772848129272
121 0.9742068648338318
122 0.9560126066207886
123 1.6073349714279175
124 1.5832939147949219
125 1.6735702753067017
126 1.6102495193481445
127 1.7853569984436035
128 2.0338056087493896
129 1.5114333629608154
130 1.6507998704910278
131 1.3001277446746826
132 1.3197388648986816
133 0.7874592542648315
134 0.6935800313949585
135 0.6750317811965942
136 1.0266525745391846
137 0.8754727840423584
138 1.0361727476119995
139 1.197703242301941
140 1.0643973350524902
141 1.6333863735198975
142 1.0017987489700317
143 0.9103078842163086
144 0.813016414642334
145 1.0776402950286865
146 1.4558329582214355
147 1.1405925750732422
148 1.1929631233215332
149 1.0218127965927124
150 1.0285505056381226
151 1.1431559324264526
152 1.6114517450332642
153 1.2531510591506958
154 1.0338447093963623
155 1.1601537466049194
156 0.6547428965568542
157 1.6728694438934326
158 1.0655921697616577
159 1.494979739189148
160 1.2820707559585571
161 1.0656663179397583
162 1.323607325553894
163 1.023881196975708
164 2.071000337600708
165 1.013666033744812
166 1.1530030965805054
167 1.320256233215332
168 1.8608582019805908
169 1.5231951475143433
170 1.6927474737167358
171 1.1917105913162231
172 1.4267263412475586
173 1.5893354415893555
174 1.3926774263381958
175 1.2718737125396729
176 1.4684611558914185
177 1.5825220346450806
178 1.294137716293335
179 1.650023102760315
180 1.2125035524368286
181 1.2121607065200806
182 1.1229832172393799
183 1.3554248809814453
184 1.0811434984207153
185 1.1864099502563477
186 1.7314929962158203
187 1.7859258651733398
188 1.4931364059448242
189 1.9895275831222534
190 1.7739150524139404
191 1.641861915588379
192 1.779987096786499
193 1.2517253160476685
194 1.3729913234710693
195 1.4338396787643433
196 1.651097059249878
197 1.6383064985275269
198 1.517255425453186
199 1.3754006624221802
200 1.2060786485671997
201 0.9240959882736206
202 0.9230603575706482
203 0.9255476593971252
204 0.686032235622406
205 0.7954062819480896
206 0.6167460680007935
207 0.9163832068443298
208 1.066261887550354
209 0.7459803223609924
210 1.0574522018432617
211 1.3671472072601318
212 1.647882103919983
213 1.719851016998291
214 1.5482487678527832
215 2.1281073093414307
216 1.6907541751861572
217 1.5164692401885986
218 1.6042578220367432
219 1.2993364334106445
220 1.7919021844863892
221 1.55190110206604
222 2.019585132598877
223 1.3114806413650513
224 1.1623954772949219
225 0.8959405422210693
226 1.37294340133667
227 1.422088384628296
228 2.091054677963257
229 2.1075336933135986
230 1.877934455871582
231 1.561233639717102
232 1.7798418998718262
233 1.5465092658996582
234 1.7027685642242432
235 0.9889333844184875
236 1.2390910387039185
237 1.026991605758667
238 1.469892978668213
239 1.0346628427505493
240 1.3040860891342163
241 1.2113301753997803
242 1.4127850532531738
243 1.986843466758728
244 1.5121358633041382
245 1.3344013690948486
246 1.2632458209991455
247 0.8952305316925049
248 1.0637710094451904
249 0.7155175805091858
250 0.7039991021156311
251 0.7785868048667908
252 0.6791648864746094
253 0.6105207800865173
254 0.7737302184104919
255 1.003368854522705
256 0.7816691398620605
257 0.7894863486289978
258 0.7702142000198364
259 0.6612016558647156
260 0.8999919295310974
261 0.6369808316230774
262 0.6492420434951782
263 0.5569176077842712
264 0.926247239112854
265 0.9545041918754578
266 0.7367790341377258
267 0.9356284141540527
268 0.7568939924240112
269 1.0139243602752686
270 1.0895243883132935
271 0.9905187487602234
272 0.8569997549057007
273 0.8208268880844116
274 1.1477280855178833
275 1.4067121744155884
276 0.9998202919960022
277 0.8909665942192078
278 1.3321295976638794
279 1.3704307079315186
280 1.605272889137268
281 1.415230393409729
282 1.0595142841339111
283 0.9080820083618164
284 1.1828340291976929
285 1.2118535041809082
286 0.8365047574043274
287 1.1324597597122192
288 0.9929903149604797
289 1.1408886909484863
290 1.7607457637786865
291 1.2411290407180786
292 0.7513689398765564
293 0.9202884435653687
294 1.0926498174667358
295 1.292316198348999
296 0.976044774055481
297 0.7662040591239929
298 0.702928900718689
299 0.8314859867095947
300 1.2746834754943848
301 0.9461683630943298
302 0.9991510510444641
303 0.9714236855506897
304 0.6989710330963135
305 0.6761951446533203
306 0.6544063687324524
307 0.9607284069061279
308 0.8607222437858582
309 1.086011528968811
310 0.927334189414978
311 0.9184534549713135
312 0.9862427711486816
313 0.913328230381012
314 1.1936098337173462
315 0.9460821151733398
316 0.9411633610725403
317 1.0234936475753784
318 1.179869294166565
319 1.150657296180725
320 1.05504310131073
321 1.2093807458877563
322 0.9252374768257141
323 1.0648140907287598
324 0.9275288581848145
325 1.0229014158248901
326 1.1109029054641724
327 0.7443945407867432
328 1.1192063093185425
329 1.2787954807281494
330 1.116433024406433
331 1.3473148345947266
332 1.6830171346664429
333 1.4035003185272217
334 1.3890776634216309
335 1.404420256614685
336 1.5827041864395142
337 1.2217457294464111
338 1.153990626335144
339 1.2826730012893677
340 1.0705851316452026
341 1.0644975900650024
342 0.8562138676643372
343 1.3227416276931763
344 0.9269669055938721
345 0.9671372771263123
346 1.2595404386520386
347 1.2489086389541626
348 1.3750476837158203
349 1.5701335668563843
350 1.284064769744873
351 1.4812290668487549
352 1.4655399322509766
353 1.1425302028656006
354 1.2878693342208862
355 1.207141399383545
356 1.2276149988174438
357 0.7860531806945801
358 0.900282084941864
359 1.0845197439193726
360 1.2074073553085327
361 1.4191703796386719
362 1.535595417022705
363 0.9570597410202026
364 1.3621220588684082
365 0.8278281688690186
366 0.9842403531074524
367 1.2877074480056763
368 1.3631662130355835
369 0.8421462774276733
370 0.889480710029602
371 1.1409882307052612
372 0.9282383322715759
373 1.078914999961853
374 1.1356103420257568
375 1.436234474182129
376 1.1266582012176514
377 0.9386414885520935
378 1.0000157356262207
379 1.034955382347107
380 1.1500461101531982
381 1.2364513874053955
382 1.209816575050354
383 1.174975037574768
384 1.1364598274230957
385 0.8096932768821716
386 0.700147271156311
387 0.6901302933692932
388 0.8265721201896667
389 1.0172390937805176
390 0.7390826940536499
391 1.0143862962722778
392 0.9421884417533875
393 1.128042459487915
394 1.199841856956482
395 0.9290983080863953
396 1.114560842514038
397 0.8913997411727905
398 1.1108934879302979
399 0.9513702988624573
400 0.673294723033905
401 0.7897048592567444
402 0.7464237213134766
403 0.6866772174835205
404 0.642825186252594
405 0.7779858112335205
406 1.000158667564392
407 0.8727148175239563
408 1.0030767917633057
409 0.9943065643310547
410 0.7316734790802002
411 0.44694048166275024
412 0.9615789651870728
413 0.9680845737457275
414 0.756251335144043
415 0.8655878305435181
416 0.9149649143218994
417 0.8031667470932007
418 0.9548271894454956
419 0.9480264186859131
420 1.10024893283844
421 0.8369966745376587
422 1.167992115020752
423 0.786296546459198
424 1.0837819576263428
425 0.7523888349533081
426 1.2775412797927856
427 1.7304753065109253
428 0.6802452802658081
429 1.3418716192245483
430 1.4872020483016968
431 0.857676088809967
432 1.419698715209961
433 1.234605073928833
434 1.3586394786834717
435 1.3327223062515259
436 1.1374045610427856
437 1.78831946849823
438 1.1497937440872192
439 1.6732758283615112
440 1.9513357877731323
441 1.253805160522461
442 1.580229640007019
443 1.2805250883102417
444 1.451452374458313
445 0.8487095236778259
446 1.507532000541687
447 1.4253557920455933
448 1.3031703233718872
449 1.8540451526641846
450 0.9206143021583557
451 1.3651033639907837
452 1.2645372152328491
453 1.3782719373703003
454 0.833560585975647
455 1.0003881454467773
456 0.7371041178703308
457 0.7411972880363464
458 0.7077311873435974
459 1.3430086374282837
460 1.1108733415603638
461 1.270027756690979
462 1.3805776834487915
463 1.4112521409988403
464 0.8947290182113647
465 1.1537994146347046
466 1.9104539155960083
467 0.8290210962295532
468 1.8644294738769531
469 1.247719645500183
470 1.284218668937683
471 1.3866771459579468
472 1.1708070039749146
473 1.5226683616638184
474 1.7966060638427734
475 1.7518917322158813
476 1.6410759687423706
477 1.1783668994903564
478 0.9579315185546875
479 1.0241047143936157
480 1.2306302785873413
481 1.4187854528427124
482 1.2736021280288696
483 1.031221628189087
484 1.1830796003341675
485 1.005053997039795
486 1.2097530364990234
487 1.361478328704834
488 1.295081377029419
489 1.2329349517822266
490 1.6532598733901978
491 1.0312784910202026
492 1.167795181274414
493 1.4061373472213745
494 1.051707148551941
495 0.9823793172836304
496 1.0583691596984863
497 1.0393495559692383
498 0.9933083653450012
499 0.7370556592941284
500 0.641730546951294
501 1.001333475112915
502 0.7239385843276978
503 1.2188639640808105
504 1.4742733240127563
505 1.6077723503112793
506 1.400525689125061
507 1.1546838283538818
508 1.202139973640442
509 0.9388598203659058
510 0.9400415420532227
511 1.4260212182998657
512 0.789090633392334
513 0.8528536558151245
514 1.5411288738250732
515 1.3038151264190674
516 1.288996696472168
517 1.472302794456482
518 1.8471426963806152
519 1.7200379371643066
520 2.176332950592041
521 1.9611568450927734
522 2.191349744796753
523 1.8407591581344604
524 2.077983856201172
525 2.4605255126953125
526 1.5101318359375
527 1.7648279666900635
528 1.5001543760299683
529 1.43838369846344
530 1.520172357559204
531 1.0149738788604736
532 1.8310059309005737
533 1.5375288724899292
534 1.5158230066299438
535 1.6496716737747192
536 1.6246086359024048
537 1.227051854133606
538 1.4341813325881958
539 1.4536395072937012
540 1.3604543209075928
541 1.5128505229949951
542 0.9883862137794495
543 1.555575966835022
544 1.4665920734405518
545 1.4152112007141113
546 1.3556797504425049
547 1.6075657606124878
548 1.2256828546524048
549 1.662420630455017
550 1.560969352722168
551 1.2814452648162842
552 2.0806121826171875
553 1.8246206045150757
554 1.621858835220337
555 1.5781644582748413
556 1.9572277069091797
557 2.060619592666626
558 2.3106987476348877
559 1.3669383525848389
560 1.5836412906646729
561 1.0834977626800537
562 2.0325798988342285
563 1.6983908414840698
564 1.056233286857605
565 1.3758307695388794
566 0.8636668920516968
567 1.2251439094543457
568 1.0905189514160156
569 0.7232551574707031
570 1.0570464134216309
571 1.085128903388977
572 1.184084415435791
573 1.533219337463379
574 1.4982622861862183
575 1.5101689100265503
576 1.4700995683670044
577 1.8239918947219849
578 1.8981249332427979
579 1.7272250652313232
580 1.4568947553634644
581 1.5665706396102905
582 1.6959562301635742
583 1.6084082126617432
584 1.5403478145599365
585 1.6354777812957764
586 1.5152453184127808
587 1.6800403594970703
588 1.5473239421844482
589 1.9071811437606812
590 1.3758444786071777
591 1.4242337942123413
592 1.2381689548492432
593 1.2738572359085083
594 1.5286991596221924
595 1.5336110591888428
596 1.8021185398101807
597 1.4603859186172485
598 1.1425373554229736
599 1.5752673149108887
600 1.4726125001907349
601 1.4255750179290771
602 1.6815534830093384
603 1.4481801986694336
604 1.6078354120254517
605 1.6914172172546387
606 1.0645127296447754
607 1.7070060968399048
608 1.508208990097046
609 1.1032719612121582
610 0.9214934706687927
611 1.1567039489746094
612 1.1163057088851929
613 1.212249755859375
614 1.4471186399459839
615 1.2280465364456177
616 1.316390037536621
617 1.2525509595870972
618 1.559536337852478
619 0.9960801601409912
620 1.1909717321395874
621 1.4735835790634155
622 1.2514830827713013
623 1.4704374074935913
624 1.502607822418213
625 1.2242776155471802
626 1.753711462020874
627 1.5196342468261719
628 1.3225584030151367
629 1.2549068927764893
630 1.2626073360443115
631 1.1933735609054565
632 1.599518060684204
633 1.1105098724365234
634 1.2277768850326538
635 0.8985666632652283
636 1.2996728420257568
637 1.2110650539398193
638 0.9724057912826538
639 1.5424346923828125
640 1.2605161666870117
641 1.3318547010421753
642 1.529521107673645
643 1.3575996160507202
644 1.555633783340454
645 1.6152170896530151
646 1.6718703508377075
647 1.4275124073028564
648 1.1681606769561768
649 0.9538817405700684
650 1.1155259609222412
651 0.9722908139228821
652 0.7365554571151733
653 0.9975507855415344
654 0.6532377004623413
655 0.9358464479446411
656 1.1674222946166992
657 1.2644075155258179
658 1.1430308818817139
659 1.005994200706482
660 1.011245608329773
661 0.9853664636611938
662 1.0195472240447998
663 0.8505088090896606
664 0.7810399532318115
665 1.377062201499939
666 1.0285459756851196
667 1.4224213361740112
668 1.3950012922286987
669 1.1693663597106934
670 1.0651874542236328
671 1.3161170482635498
672 1.3223979473114014
673 1.0087578296661377
674 1.4154363870620728
675 1.1229300498962402
676 0.8809391856193542
677 1.0695152282714844
678 0.9575458765029907
679 1.063858985900879
680 1.312796711921692
681 1.0005788803100586
682 1.4008709192276
683 1.4365907907485962
684 1.6071029901504517
685 1.2833596467971802
686 1.4615674018859863
687 1.3715338706970215
688 1.2035338878631592
689 1.0346863269805908
690 1.0630353689193726
691 1.0711451768875122
692 1.126399278640747
693 1.1844028234481812
694 1.5801010131835938
695 1.2592707872390747
696 1.2955621480941772
697 1.2887095212936401
698 1.2025946378707886
699 1.3403668403625488
700 1.5086747407913208
701 1.1010966300964355
702 1.0011848211288452
703 1.2045631408691406
704 1.2462083101272583
705 1.2270866632461548
706 1.3851068019866943
707 1.282638430595398
708 1.1632075309753418
709 0.9599294066429138
710 1.18825101852417
711 1.1059672832489014
712 1.412290096282959
713 1.007771372795105
714 1.2296639680862427
715 1.1548583507537842
716 1.5144753456115723
717 1.2351727485656738
718 1.3165781497955322
719 1.1703981161117554
720 1.3364081382751465
721 1.0738307237625122
722 1.3150265216827393
723 1.2153394222259521
724 1.230246901512146
725 1.0769904851913452
726 1.0814197063446045
727 1.0814199447631836
728 1.3322157859802246
729 1.3059207201004028
730 1.0516973733901978
731 1.12254798412323
732 0.6137107014656067
733 1.1343930959701538
734 1.1730419397354126
735 1.0559360980987549
736 0.9352468848228455
737 0.7064982056617737
738 1.0328294038772583
739 1.01127290725708
740 0.9795934557914734
741 1.143628716468811
742 1.1136678457260132
743 1.0782829523086548
744 0.9883655309677124
745 1.0495473146438599
746 0.7427594661712646
747 0.8633201122283936
748 1.1687016487121582
749 0.988686740398407
750 1.0533334016799927
751 1.303541660308838
752 1.2628717422485352
753 1.3257379531860352
754 1.0069632530212402
755 1.4166407585144043
756 1.1951302289962769
757 1.151106357574463
758 1.356410264968872
759 0.7687860131263733
760 1.028157114982605
761 0.9568524360656738
762 1.157296895980835
763 1.013384461402893
764 1.3868244886398315
765 0.959351122379303
766 0.3787311315536499
767 0.959140419960022
768 1.1217527389526367
769 0.9380545020103455
770 0.9258956909179688
771 1.2815901041030884
772 1.205955982208252
773 1.0323909521102905
774 1.1205759048461914
775 1.3119730949401855
776 1.2395657300949097
777 1.0637882947921753
778 0.8344720005989075
779 1.2515865564346313
780 0.9182645678520203
781 1.1764153242111206
782 1.0660027265548706
783 1.081981897354126
784 1.3357359170913696
785 0.9096800684928894
786 1.248294711112976
787 0.7137073278427124
788 1.0975427627563477
789 0.9530836939811707
790 1.2662229537963867
791 0.9161736369132996
792 0.986939013004303
793 0.7867276072502136
794 0.9635801911354065
795 0.8279412984848022
796 1.1122105121612549
797 1.0760053396224976
798 1.017690658569336
799 1.2657426595687866
800 1.2286174297332764
801 1.2630505561828613
802 1.4560728073120117
803 0.9638305306434631
804 1.087983250617981
805 0.8400352001190186
806 0.8023759126663208
807 0.8250068426132202
808 1.0420063734054565
809 1.1388912200927734
810 1.0785335302352905
811 1.0447953939437866
812 0.84452223777771
813 1.348137378692627
814 1.739240288734436
815 1.458358883857727
816 1.1620676517486572
817 1.1858558654785156
818 1.3938075304031372
819 0.922056257724762
820 0.7696117758750916
821 1.167616844177246
822 0.6022945046424866
823 1.1013147830963135
824 0.8938455581665039
825 0.9023790955543518
826 0.7348839044570923
827 0.5633230805397034
828 0.6506515741348267
829 0.9715549945831299
830 0.6847927570343018
831 1.209078311920166
832 0.9430071711540222
833 1.1450445652008057
834 0.9192190766334534
835 0.9357365369796753
836 0.8891830444335938
837 0.6207007169723511
838 0.8706332445144653
839 0.9702149629592896
840 0.810492217540741
841 1.105122447013855
842 0.5171430110931396
843 1.375960350036621
844 0.8726446032524109
845 0.7598416209220886
846 0.9257869720458984
847 1.2805970907211304
848 0.809318482875824
849 0.8080874085426331
850 0.8015493154525757
851 1.4369988441467285
852 0.9827796816825867
853 0.7716784477233887
854 0.8813766837120056
855 0.7158543467521667
856 0.6474424600601196
857 0.6361522674560547
858 0.8281918168067932
859 0.7801336050033569
860 0.8095179796218872
861 0.6914373636245728
862 0.7715685963630676
863 1.3060778379440308
864 0.8865642547607422
865 0.6465137600898743
866 1.0377891063690186
867 0.8882132768630981
868 0.7848355770111084
869 0.8291324973106384
870 0.7074123620986938
871 0.6978620886802673
872 0.5881038308143616
873 0.7916623950004578
874 0.8006279468536377
875 0.7354169487953186
876 0.8090922832489014
877 1.202728271484375
878 0.9936050176620483
879 0.7119335532188416
880 0.8062158823013306
881 0.6492236852645874
882 1.0501972436904907
883 1.1049435138702393
884 0.9194283485412598
885 1.1303972005844116
886 1.40834641456604
887 1.0382550954818726
888 0.909054696559906
889 1.0835069417953491
890 0.9314859509468079
891 1.023845911026001
892 0.6118488907814026
893 1.0515388250350952
894 0.8631361126899719
895 0.7278394103050232
896 0.7126356363296509
897 1.2800213098526
898 0.9019470810890198
899 0.9108458161354065
900 1.3423206806182861
901 1.1285580396652222
902 1.007871150970459
903 1.2444030046463013
904 1.1409178972244263
905 0.9511924982070923
906 0.9524586796760559
907 0.9307973384857178
908 0.8908395171165466
909 0.8528827428817749
910 1.0676078796386719
911 1.124979853630066
912 1.0706288814544678
913 1.090505599975586
914 0.9869652986526489
915 1.3035227060317993
916 1.262450098991394
917 1.3776508569717407
918 1.2907357215881348
919 1.344071865081787
920 1.0616610050201416
921 1.4849659204483032
922 2.0682153701782227
923 1.2936888933181763
924 1.28336763381958
925 1.338279128074646
926 1.0866599082946777
927 1.195992112159729
928 1.1703431606292725
929 1.198541522026062
930 1.3826552629470825
931 1.0430419445037842
932 1.421736717224121
933 1.3236045837402344
934 0.9927237629890442
935 1.3034108877182007
936 1.5004736185073853
937 1.5229456424713135
938 1.2629071474075317
939 0.9609004855155945
940 1.2337907552719116
941 1.4060349464416504
942 1.3524504899978638
943 1.4490715265274048
944 0.7401768565177917
945 1.408183217048645
946 1.4234081506729126
947 1.8414306640625
948 1.8204362392425537
949 1.6490614414215088
950 1.9616211652755737
951 1.9079948663711548
952 1.9996031522750854
953 1.8343582153320313
954 1.6871546506881714
955 1.7080366611480713
956 1.7096518278121948
957 1.4762035608291626
958 2.0945920944213867
959 1.7950305938720703
960 1.641040325164795
961 1.676162600517273
962 1.2361159324645996
963 1.398319125175476
964 1.4622551202774048
965 1.3326807022094727
966 1.3864251375198364
967 1.3372083902359009
968 1.2091662883758545
969 1.5256980657577515
970 1.604903221130371
971 1.5948883295059204
972 1.9726471900939941
973 1.6644059419631958
974 1.6786582469940186
975 1.5179287195205688
976 1.6608432531356812
977 2.058438539505005
978 1.7042968273162842
979 1.7317804098129272
980 2.054374933242798
981 1.9938719272613525
982 1.7662326097488403
983 1.9934333562850952
984 1.8472803831100464
985 1.847039818763733
986 1.7729169130325317
987 1.8638421297073364
988 1.6208503246307373
989 1.8808512687683105
990 2.196866512298584
991 1.9055620431900024
992 2.3762097358703613
993 2.3886828422546387
994 2.3205761909484863
995 2.2043135166168213
996 1.9327045679092407
997 2.1695163249969482
998 2.2984564304351807
999 2.4656221866607666
1000 2.225127696990967
1001 2.2826225757598877
1002 2.4178147315979004
1003 2.4619367122650146
1004 2.4900689125061035
1005 2.5999648571014404
1006 2.5541000366210938
1007 2.467158555984497
1008 2.5238423347473145
1009 2.531531810760498
1010 2.5718538761138916
1011 2.028825521469116
1012 2.2640931606292725
1013 2.3977901935577393
1014 2.300510883331299
1015 2.2660515308380127
1016 2.2582900524139404
1017 2.4454100131988525
1018 2.535398483276367
1019 2.4778308868408203
1020 2.2271687984466553
1021 2.421149730682373
1022 2.4325647354125977
1023 2.1995439529418945
1024 2.066509485244751
1025 2.4056918621063232
1026 2.2055552005767822
1027 2.546034097671509
1028 2.0786521434783936
1029 2.470855951309204
1030 2.5499212741851807
1031 2.7094950675964355
1032 2.581821918487549
1033 2.575185775756836
1034 2.3051371574401855
1035 2.5079469680786133
1036 2.651231050491333
1037 2.5009284019470215
1038 2.6576476097106934
1039 2.716604471206665
1040 2.5917410850524902
1041 3.1073896884918213
1042 2.689302444458008
1043 2.89595627784729
1044 2.7238705158233643
1045 2.754725217819214
1046 2.320843458175659
1047 2.949949026107788
1048 2.670457124710083
1049 2.695422887802124
1050 2.8730649948120117
1051 2.8002171516418457
1052 2.839029312133789
1053 2.8966989517211914
1054 3.2226755619049072
1055 2.783885955810547
1056 2.8204548358917236
1057 3.184659242630005
1058 2.8962900638580322
1059 2.8332340717315674
1060 2.6705403327941895
1061 2.774914264678955
1062 2.4083335399627686
1063 2.656822443008423
1064 2.8845837116241455
1065 2.7369682788848877
1066 2.7616846561431885
1067 2.734609365463257
1068 2.920322895050049
1069 3.057297468185425
1070 2.71679949760437
1071 2.5865283012390137
1072 2.526638984680176
1073 2.5014896392822266
1074 2.6718573570251465
1075 2.7829830646514893
1076 2.721214771270752
1077 2.3031022548675537
1078 2.5816633701324463
1079 2.508665084838867
1080 2.325770378112793
1081 2.4981210231781006
1082 2.8811497688293457
1083 2.3854691982269287
1084 2.542672872543335
1085 2.6738522052764893
1086 2.5189146995544434
1087 2.441948652267456
1088 2.6160330772399902
1089 2.6203815937042236
1090 2.2287485599517822
1091 2.641087532043457
1092 2.6665337085723877
1093 2.821972131729126
1094 2.7320854663848877
1095 2.7381322383880615
1096 2.4527857303619385
1097 2.343846559524536
1098 2.6192502975463867
1099 2.4762730598449707
1100 2.7730822563171387
1101 2.7549989223480225
1102 2.283348798751831
1103 2.6504712104797363
1104 2.4863638877868652
1105 2.3902575969696045
1106 2.6603386402130127
1107 2.620303153991699
1108 2.7180733680725098
1109 2.5576767921447754
1110 3.1582021713256836
1111 2.581486225128174
1112 2.5485405921936035
1113 2.4590673446655273
1114 2.590088367462158
1115 2.351250410079956
1116 2.5855002403259277
1117 2.56250262260437
1118 2.5987467765808105
1119 2.761003255844116
1120 2.7715749740600586
1121 2.2902143001556396
1122 2.5886404514312744
1123 2.388350248336792
1124 2.818756103515625
1125 2.3008244037628174
1126 2.4146270751953125
1127 2.6214067935943604
1128 2.522273302078247
1129 2.4700260162353516
1130 2.8881945610046387
1131 2.4477665424346924
1132 2.6873857975006104
1133 2.63531231880188
1134 2.688169002532959
1135 2.7447190284729004
1136 2.613251209259033
1137 2.589907646179199
1138 2.7934892177581787
1139 2.7166173458099365
1140 2.9271645545959473
1141 2.3885233402252197
1142 2.579838275909424
1143 2.5525355339050293
1144 2.8825647830963135
1145 2.9050729274749756
1146 2.881852388381958
1147 2.909292697906494
1148 2.376225709915161
1149 2.4673726558685303
1150 2.6149487495422363
1151 2.936697244644165
1152 2.6022446155548096
1153 2.400613307952881
1154 2.6313371658325195
1155 2.571373462677002
1156 2.6962356567382813
1157 2.8227648735046387
1158 3.041945695877075
1159 2.7061259746551514
1160 2.3058836460113525
1161 2.859069585800171
1162 2.8172945976257324
1163 2.8547964096069336
1164 2.852607011795044
1165 2.4622247219085693
1166 2.5694053173065186
1167 2.781449556350708
1168 2.521420955657959
1169 2.6899211406707764
1170 2.461596965789795
1171 3.086940050125122
1172 2.4452712535858154
1173 2.484445333480835
1174 2.429213285446167
1175 2.591930866241455
1176 2.761186122894287
1177 2.648923397064209
1178 2.7250144481658936
1179 2.7081997394561768
1180 2.908074140548706
1181 2.8693432807922363
1182 2.760429859161377
1183 2.849306106567383
1184 2.3968024253845215
1185 2.632798910140991
1186 2.786741256713867
1187 2.668665885925293
1188 2.782975673675537
1189 2.4257419109344482
1190 2.6832406520843506
1191 2.889396905899048
1192 2.617220640182495
1193 2.887570858001709
1194 2.7641761302948
1195 2.549679756164551
1196 2.3196656703948975
1197 2.563425302505493
1198 2.6625888347625732
1199 2.711251735687256
1200 2.5292372703552246
1201 2.4101874828338623
1202 2.38938307762146
1203 2.3293187618255615
1204 2.325169563293457
1205 2.50174880027771
1206 2.5553524494171143
1207 2.490206241607666
1208 2.4888627529144287
1209 3.041477918624878
1210 2.9796411991119385
1211 2.739851951599121
1212 2.8308827877044678
1213 2.927175760269165
1214 2.746934413909912
1215 2.9548752307891846
1216 2.884788990020752
1217 2.7808730602264404
1218 3.048301935195923
1219 2.7116494178771973
1220 3.008575201034546
1221 2.8624956607818604
1222 3.375516891479492
1223 2.7825734615325928
1224 2.9805262088775635
1225 2.653500556945801
1226 2.8978021144866943
1227 3.3059585094451904
1228 2.756200075149536
1229 3.3821613788604736
1230 3.253542423248291
1231 3.0664749145507813
1232 3.1580991744995117
1233 2.950133800506592
1234 2.6564674377441406
1235 2.766474485397339
1236 2.901398181915283
1237 2.8201165199279785
1238 2.9464802742004395
1239 2.70682954788208
1240 2.5219790935516357
1241 2.5590760707855225
1242 2.7349023818969727
1243 2.3830161094665527
1244 2.732792615890503
1245 2.8533430099487305
1246 2.957883596420288
1247 3.3602826595306396
1248 2.7454473972320557
1249 2.8907291889190674
1250 2.5825514793395996
1251 2.3643267154693604
1252 2.5620486736297607
1253 2.606318235397339
1254 2.738142967224121
1255 2.5349767208099365
1256 2.5461044311523438
1257 3.0353915691375732
1258 3.0591635704040527
1259 2.6188035011291504
1260 2.608224868774414
1261 2.801016092300415
1262 2.595377206802368
1263 2.7240240573883057
1264 2.875387191772461
1265 2.406723976135254
1266 2.8649163246154785
1267 2.7297089099884033
1268 2.636547327041626
1269 2.695894479751587
1270 2.5569300651550293
1271 2.6663310527801514
1272 2.323051691055298
1273 2.550893783569336
1274 3.0597658157348633
1275 2.9153826236724854
1276 2.690053701400757
1277 2.9272451400756836
1278 2.8443143367767334
1279 2.6588759422302246
1280 2.620755910873413
1281 2.798665761947632
1282 2.7629778385162354
1283 2.881857395172119
1284 2.949936628341675
1285 2.6003427505493164
1286 2.5567824840545654
1287 2.609133243560791
1288 2.6939353942871094
1289 2.6205801963806152
1290 3.0765326023101807
1291 2.207850217819214
1292 2.221749782562256
1293 2.036233425140381
1294 2.037107467651367
1295 2.6120800971984863
1296 2.3553664684295654
1297 1.8219938278198242
1298 2.3015224933624268
1299 2.1483099460601807
1300 2.0097036361694336
1301 2.0083038806915283
1302 2.3863368034362793
1303 2.1846625804901123
1304 2.2589619159698486
1305 2.4148523807525635
1306 2.4272425174713135
1307 1.9226044416427612
1308 2.354375123977661
1309 2.2513628005981445
1310 2.159379005432129
1311 2.3951711654663086
1312 2.2532575130462646
1313 1.9686692953109741
1314 2.247807025909424
1315 2.1467950344085693
1316 2.62074875831604
1317 2.4401259422302246
1318 2.509251832962036
1319 2.3737716674804688
1320 2.6561412811279297
1321 2.3233914375305176
1322 2.247066020965576
1323 2.3084399700164795
1324 2.159438371658325
1325 2.3589351177215576
1326 2.1675355434417725
1327 2.452177047729492
1328 2.2278521060943604
1329 2.122812271118164
1330 2.3184804916381836
1331 2.477020502090454
1332 2.704108715057373
1333 2.2369821071624756
1334 2.2204439640045166
1335 2.281482219696045
1336 2.6131210327148438
1337 2.3694472312927246
1338 2.2786996364593506
1339 2.5418975353240967
1340 2.1862990856170654
1341 2.30610990524292
1342 2.33817982673645
1343 2.6877996921539307
1344 2.3341407775878906
1345 2.676236391067505
1346 2.538766622543335
1347 2.5791382789611816
1348 2.419877052307129
1349 2.5953872203826904
1350 2.2913546562194824
1351 2.2655978202819824
1352 2.64290714263916
1353 2.477982997894287
1354 2.562096357345581
1355 2.4263229370117188
1356 2.3844187259674072
1357 2.1289987564086914
1358 2.4276905059814453
1359 2.4207866191864014
1360 2.2690067291259766
1361 2.024766683578491
1362 2.4288651943206787
1363 2.1502976417541504
1364 2.1955220699310303
1365 2.305232048034668
1366 1.9716622829437256
1367 2.0548319816589355
1368 2.263028144836426
1369 2.3158645629882813
1370 2.5069210529327393
1371 2.417123556137085
1372 2.1411149501800537
1373 2.0665080547332764
1374 1.840523362159729
1375 1.9090046882629395
1376 1.961704134941101
1377 2.135361671447754
1378 2.2227835655212402
1379 2.237517833709717
1380 2.399810314178467
1381 2.1851134300231934
1382 2.183856725692749
1383 1.9438730478286743
1384 2.0236728191375732
1385 2.081127882003784
1386 2.2916407585144043
1387 2.07126784324646
1388 2.0023434162139893
1389 1.8057787418365479
1390 1.6998776197433472
1391 1.9419276714324951
1392 2.348073720932007
1393 1.6681658029556274
1394 1.853714942932129
1395 1.9361642599105835
1396 1.8896877765655518
1397 1.77554452419281
1398 1.8014589548110962
1399 1.7698030471801758
1400 1.8309487104415894
1401 1.6280641555786133
1402 1.7334210872650146
1403 1.5591816902160645
1404 1.8556452989578247
1405 1.8330668210983276
1406 1.6103665828704834
1407 1.850492000579834
1408 2.1619515419006348
1409 2.2613701820373535
1410 2.1728179454803467
1411 1.7298305034637451
1412 2.112401247024536
1413 1.6124402284622192
1414 1.7243802547454834
1415 1.8704088926315308
1416 2.1879055500030518
1417 1.9175218343734741
1418 1.9701844453811646
1419 2.0441367626190186
1420 1.9273343086242676
1421 2.0316529273986816
1422 1.959130048751831
1423 2.067636728286743
1424 2.1169869899749756
1425 1.797739028930664
1426 1.8588073253631592
1427 2.2322959899902344
1428 2.2985870838165283
1429 2.2170639038085938
1430 2.022040605545044
1431 2.0098745822906494
1432 2.2019407749176025
1433 1.610855221748352
1434 2.098639965057373
1435 1.78821861743927
1436 1.6238042116165161
1437 2.160140037536621
1438 2.255117893218994
1439 2.197190046310425
1440 2.2938625812530518
1441 1.9467288255691528
1442 2.3351757526397705
1443 2.16848087310791
1444 2.445202112197876
1445 2.8619508743286133
1446 2.3316404819488525
1447 2.299423933029175
1448 2.44317889213562
1449 2.4323575496673584
1450 2.543808937072754
1451 2.540221691131592
1452 2.3541862964630127
1453 2.6139426231384277
1454 2.529437303543091
1455 2.5440714359283447
1456 2.561493396759033
1457 2.365732192993164
1458 2.8694076538085938
1459 2.6758344173431396
1460 2.2011706829071045
1461 2.7147812843322754
1462 2.3361639976501465
1463 2.360450029373169
1464 2.148695707321167
1465 2.082115411758423
1466 2.5349981784820557
1467 2.6190242767333984
1468 2.5101990699768066
1469 2.1698575019836426
1470 2.511368751525879
1471 2.5143203735351563
1472 2.3922324180603027
1473 2.310666799545288
1474 2.304562568664551
1475 2.195558786392212
1476 2.291015863418579
1477 2.5824878215789795
1478 2.872351884841919
1479 2.4347524642944336
1480 2.3532674312591553
1481 2.9109699726104736
1482 2.3310797214508057
1483 2.1505470275878906
1484 2.0627925395965576
1485 2.2736599445343018
1486 2.2465198040008545
1487 2.794041395187378
1488 2.132031202316284
1489 2.482072353363037
1490 3.0502138137817383
1491 2.5001349449157715
1492 2.5326716899871826
1493 2.308899402618408
1494 2.5164151191711426
1495 2.0646848678588867
1496 2.6127798557281494
1497 2.239192008972168
1498 2.2483975887298584
1499 2.7003448009490967
1500 3.1964051723480225
1501 2.8584208488464355
1502 3.2803187370300293
1503 2.3515427112579346
1504 3.0902459621429443
1505 2.6606881618499756
1506 2.694218397140503
1507 2.9921047687530518
1508 2.929960012435913
1509 2.7981998920440674
1510 2.7619528770446777
1511 2.7157506942749023
1512 2.837730884552002
1513 2.6074419021606445
1514 2.5133562088012695
1515 2.4353084564208984
1516 2.5459234714508057
1517 1.9714899063110352
1518 2.2892162799835205
1519 2.3898398876190186
1520 2.296919822692871
1521 2.333804130554199
1522 2.1379101276397705
1523 2.7103469371795654
1524 2.5654754638671875
1525 2.3279740810394287
1526 2.7565388679504395
1527 2.907184600830078
1528 2.877363681793213
1529 2.563654899597168
1530 3.253446578979492
1531 2.9262542724609375
1532 3.076040744781494
1533 2.50842547416687
1534 2.486765146255493
1535 2.895390272140503
1536 2.7587997913360596
1537 2.5583484172821045
1538 2.5688512325286865
1539 2.3954343795776367
1540 2.6512398719787598
1541 2.948951005935669
1542 3.0838465690612793
1543 3.0642518997192383
1544 2.716721534729004
1545 2.810438871383667
1546 2.9964888095855713
1547 2.607527017593384
1548 2.8012797832489014
1549 2.7577881813049316
1550 2.776304244995117
1551 3.2039754390716553
1552 2.663093090057373
1553 2.7397608757019043
1554 2.8869035243988037
1555 2.3009164333343506
1556 2.5924935340881348
1557 2.8585920333862305
1558 2.5038557052612305
1559 3.0469512939453125
1560 2.648557662963867
1561 3.197619915008545
1562 3.0952703952789307
1563 3.1047017574310303
1564 3.252910852432251
1565 2.8753418922424316
1566 2.821276903152466
1567 2.7065975666046143
1568 2.520975351333618
1569 2.6537609100341797
1570 2.563599109649658
1571 3.133472442626953
1572 2.86967134475708
1573 3.2161989212036133
1574 2.9198169708251953
1575 3.3019590377807617
1576 3.0886130332946777
1577 3.589829444885254
1578 3.254938840866089
1579 3.2231996059417725
1580 2.4394779205322266
1581 2.6061055660247803
1582 3.0132124423980713
1583 2.8781607151031494
1584 2.8393402099609375
1585 3.178791046142578
1586 2.593916177749634
1587 2.656916856765747
1588 2.8354713916778564
1589 2.7321763038635254
1590 3.010315418243408
1591 2.7460367679595947
1592 2.8759477138519287
1593 2.3825933933258057
1594 2.5917739868164063
1595 2.557023048400879
1596 2.754301071166992
1597 2.418487787246704
1598 2.8125243186950684
1599 2.612461566925049
1600 2.237013816833496
1601 2.4788174629211426
1602 2.4869203567504883
1603 2.6985135078430176
1604 2.503314733505249
1605 2.6876485347747803
1606 2.845651149749756
1607 2.4239370822906494
1608 1.9295510053634644
1609 2.118537425994873
1610 1.8084979057312012
1611 2.5309338569641113
1612 2.414027214050293
1613 2.188586950302124
1614 2.2876312732696533
1615 2.0735034942626953
1616 2.215770721435547
1617 2.3133256435394287
1618 2.338279962539673
1619 2.7339234352111816
1620 2.5106747150421143
1621 2.194000482559204
1622 2.2456538677215576
1623 2.023916482925415
1624 2.362438201904297
1625 2.1174821853637695
1626 2.493035316467285
1627 2.3226473331451416
1628 2.453110694885254
1629 2.653238296508789
1630 2.4052791595458984
1631 2.6964457035064697
1632 2.702681303024292
1633 2.4147112369537354
1634 1.9854594469070435
1635 2.404003143310547
1636 2.953794479370117
1637 2.685046911239624
1638 2.638725519180298
1639 3.0829052925109863
1640 2.9367942810058594
1641 2.3554155826568604
1642 2.6036217212677
1643 3.0280168056488037
1644 2.6464321613311768
1645 2.6232821941375732
1646 2.3575356006622314
1647 2.302371025085449
1648 2.3695504665374756
1649 2.5895187854766846
1650 2.185938596725464
1651 1.9447921514511108
1652 2.306838274002075
1653 2.65236496925354
1654 2.4141929149627686
1655 2.485112190246582
1656 2.8430514335632324
1657 2.19549560546875
1658 2.3829877376556396
1659 2.9056286811828613
1660 2.3273866176605225
1661 2.324857711791992
1662 2.3658525943756104
1663 2.5566067695617676
1664 2.1040196418762207
1665 2.35720157623291
1666 2.5575625896453857
1667 2.4117624759674072
1668 2.2418673038482666
1669 2.678560256958008
1670 2.630673885345459
1671 2.5162270069122314
1672 2.803997039794922
1673 2.4075987339019775
1674 2.4264605045318604
1675 2.315406560897827
1676 2.558783769607544
1677 2.0950615406036377
1678 2.5213074684143066
1679 2.2276523113250732
1680 2.459531545639038
1681 2.555346965789795
1682 2.629833221435547
1683 2.624305009841919
1684 2.830019950866699
1685 2.5306291580200195
1686 2.039966344833374
1687 2.1184659004211426
1688 2.0898056030273438
1689 2.2334237098693848
1690 2.1426942348480225
1691 2.3425278663635254
1692 1.8908337354660034
1693 1.9269264936447144
1694 2.155416488647461
1695 2.1247332096099854
1696 2.061039686203003
1697 1.9424312114715576
1698 2.025629997253418
1699 1.82728910446167
1700 1.7949411869049072
1701 1.8131476640701294
1702 1.9042564630508423
1703 2.7813069820404053
1704 2.663832902908325
1705 2.2664127349853516
1706 2.3995206356048584
1707 2.1757452487945557
1708 2.1123390197753906
1709 2.297079563140869
1710 1.886258602142334
1711 1.8993620872497559
1712 1.9036502838134766
1713 1.8226597309112549
1714 2.025930881500244
1715 2.555023670196533
1716 2.158186912536621
1717 2.373220682144165
1718 1.8049041032791138
1719 2.518285036087036
1720 2.384896755218506
1721 2.4788694381713867
1722 1.7958120107650757
1723 2.301300287246704
1724 2.2748517990112305
1725 2.257479429244995
1726 2.3925528526306152
1727 2.085421085357666
1728 1.8244154453277588
1729 2.042977809906006
1730 1.916812777519226
1731 2.0684757232666016
1732 1.8468176126480103
1733 2.046970844268799
1734 2.0171775817871094
1735 2.1987669467926025
1736 1.6505577564239502
1737 2.1866934299468994
1738 1.9841278791427612
1739 2.245798110961914
1740 2.5347132682800293
1741 3.2031502723693848
1742 2.5252599716186523
1743 3.0259530544281006
1744 3.094296932220459
1745 2.4466025829315186
1746 2.661839246749878
1747 2.531301259994507
1748 2.4648795127868652
1749 2.2768454551696777
1750 2.399625062942505
1751 2.5265073776245117
1752 2.730222225189209
1753 2.7520949840545654
1754 2.5794193744659424
1755 2.4800779819488525
1756 2.506553888320923
1757 2.5969386100769043
1758 2.3809444904327393
1759 2.4998064041137695
1760 2.1719436645507813
1761 2.3789548873901367
1762 3.096477746963501
1763 2.6297943592071533
1764 3.059391975402832
1765 2.105800151824951
1766 2.757828950881958
1767 2.705958604812622
1768 2.900416374206543
1769 2.510594606399536
1770 2.836714267730713
1771 2.4166901111602783
1772 2.9098012447357178
1773 2.8716588020324707
1774 2.592099666595459
1775 2.6694605350494385
1776 2.661792278289795
1777 2.370802640914917
1778 2.7239248752593994
1779 2.8810360431671143
1780 3.1218152046203613
1781 2.727163791656494
1782 2.961209535598755
1783 2.7263295650482178
1784 2.6515252590179443
1785 2.7256762981414795
1786 2.3969361782073975
1787 2.4448294639587402
1788 2.9872584342956543
1789 2.7850401401519775
1790 2.5955424308776855
1791 3.4761393070220947
1792 3.033588409423828
1793 3.4984617233276367
1794 3.6026477813720703
1795 3.3769938945770264
1796 3.0627758502960205
1797 2.8467042446136475
1798 3.068995952606201
1799 2.7964096069335938
1800 2.986626386642456
1801 2.996246099472046
1802 2.9687016010284424
1803 2.697826623916626
1804 2.534292697906494
1805 2.526078701019287
1806 2.3395562171936035
1807 2.2507972717285156
1808 2.497718572616577
1809 2.2942516803741455
1810 2.4825685024261475
1811 3.252060890197754
1812 2.5498206615448
1813 2.7063257694244385
1814 2.519437313079834
1815 2.328119993209839
1816 2.776726245880127
1817 2.815051794052124
1818 2.8760437965393066
1819 3.240196943283081
1820 2.7717902660369873
1821 2.6918671131134033
1822 2.9972612857818604
1823 3.2169349193573
1824 2.651569366455078
1825 2.2458908557891846
1826 1.9859694242477417
1827 2.155606269836426
1828 2.710073232650757
1829 2.704939126968384
1830 2.4926857948303223
1831 2.5452933311462402
1832 2.897202968597412
1833 2.8899827003479004
1834 2.5813112258911133
1835 2.6806368827819824
1836 2.7189152240753174
1837 2.586022138595581
1838 2.7892470359802246
1839 2.525628089904785
1840 2.5966949462890625
1841 2.577845573425293
1842 2.462956666946411
1843 3.060063362121582
1844 2.6712095737457275
1845 2.579129934310913
1846 2.3947272300720215
1847 2.846158981323242
1848 2.870549201965332
1849 2.937659502029419
1850 2.9976277351379395
1851 2.2746124267578125
1852 2.973475933074951
1853 2.744718313217163
1854 2.7943308353424072
1855 2.7318758964538574
1856 3.1608047485351563
1857 3.112922191619873
1858 2.5435891151428223
1859 2.5341691970825195
1860 2.0468909740448
1861 2.6382946968078613
1862 2.6719412803649902
1863 2.9651241302490234
1864 2.731239080429077
1865 2.6718502044677734
1866 2.718257188796997
1867 2.940067768096924
1868 2.7848763465881348
1869 2.839008331298828
1870 2.3604846000671387
1871 2.476545810699463
1872 2.4082329273223877
1873 2.5277390480041504
1874 2.830615997314453
1875 3.1768112182617188
1876 3.3896591663360596
1877 3.2456812858581543
1878 2.913789749145508
1879 2.726465940475464
1880 3.120420455932617
1881 3.412659168243408
1882 2.9610209465026855
1883 3.2019994258880615
1884 3.3884716033935547
1885 3.3961498737335205
1886 2.7779862880706787
1887 3.3029062747955322
1888 3.173933506011963
1889 2.914217233657837
1890 3.261673927307129
1891 3.3970694541931152
1892 3.376769781112671
1893 3.50321888923645
1894 3.2976267337799072
1895 3.0696802139282227
1896 3.164262294769287
1897 3.3676581382751465
1898 3.3236987590789795
1899 3.473827838897705
1900 3.281113862991333
1901 2.832430839538574
1902 2.9972410202026367
1903 3.391141653060913
1904 3.075925827026367
1905 3.1548233032226563
1906 3.2708535194396973
1907 3.6000161170959473
1908 3.3545444011688232
1909 3.333660840988159
1910 3.2098140716552734
1911 3.2551870346069336
1912 3.004404067993164
1913 3.437553882598877
1914 3.517390012741089
1915 3.1090097427368164
1916 3.049823045730591
1917 3.3043899536132813
1918 3.087245225906372
1919 3.209311008453369
1920 2.762686014175415
1921 2.809859275817871
1922 3.032999277114868
1923 2.908980369567871
1924 3.0852344036102295
1925 3.022838592529297
1926 2.4633679389953613
1927 2.7922935485839844
1928 2.6682255268096924
1929 2.7201006412506104
1930 3.0121612548828125
1931 2.8935046195983887
1932 2.9794347286224365
1933 3.0542211532592773
1934 2.835598945617676
1935 2.6656579971313477
1936 2.5813028812408447
1937 2.8425004482269287
1938 2.9203102588653564
1939 2.92256760597229
1940 2.822563886642456
1941 3.3289763927459717
1942 3.2852067947387695
1943 2.868989944458008
1944 2.7856996059417725
1945 2.2254624366760254
1946 1.9594550132751465
1947 2.1986708641052246
1948 1.769521713256836
1949 2.0088839530944824
1950 2.3704676628112793
1951 1.699241042137146
1952 1.736384630203247
1953 1.5071624517440796
1954 1.6198076009750366
1955 1.75475013256073
1956 1.8163578510284424
1957 1.58967125415802
1958 1.4612559080123901
1959 1.848845362663269
1960 1.8424408435821533
1961 1.9365074634552002
1962 1.430405855178833
1963 1.705392837524414
1964 1.750750184059143
1965 1.4265727996826172
1966 1.4539951086044312
1967 2.168550968170166
1968 2.0684361457824707
1969 1.2334734201431274
1970 2.110436201095581
1971 2.0999224185943604
1972 1.6657567024230957
1973 1.587306261062622
1974 1.921273112297058
1975 1.3849984407424927
1976 1.9144715070724487
1977 1.7331640720367432
1978 1.4022105932235718
1979 1.6147675514221191
1980 1.6432435512542725
1981 1.9025713205337524
1982 1.3219634294509888
1983 1.721268653869629
1984 1.8611124753952026
1985 1.985090970993042
1986 2.308262348175049
1987 2.5939347743988037
1988 2.5192768573760986
1989 2.2177321910858154
1990 2.6087396144866943
1991 2.4612374305725098
1992 2.1296098232269287
1993 2.9293460845947266
1994 3.2125449180603027
1995 3.513192892074585
1996 3.4218673706054688
1997 3.2140963077545166
1998 3.3758010864257813
1999 3.5930371284484863
