0 0.0
1 0.4752601087093353
2 0.44021448493003845
3 0.6454108357429504
4 0.3353724777698517
5 0.7266212105751038
6 0.5775849223136902
7 0.5338393449783325
8 0.4349344074726105
9 0.46504318714141846
10 0.6954704523086548
11 0.7252021431922913
12 0.8194351196289063
13 0.40915846824645996
14 0.6110807061195374
15 0.9652666449546814
16 1.1611284017562866
17 0.699380099773407
18 0.7601838707923889
19 0.8892091512680054
20 1.038360595703125
21 0.7939420938491821
22 0.7577576637268066
23 0.9408008456230164
24 0.6644744873046875
25 0.8097273111343384
26 0.9463782906532288
27 0.6756972074508667
28 0.9178264737129211
29 0.6970741748809814
30 0.5933423638343811
31 1.411950707435608
32 0.5474643111228943
33 0.6367176175117493
34 0.6760980486869812
35 0.7391669750213623
36 1.1343297958374023
37 1.591506838798523
38 0.9424552321434021
39 0.9189502000808716
40 1.1403721570968628
41 0.8923781514167786
42 0.7108587026596069
43 1.5516365766525269
44 1.3265386819839478
45 1.4694114923477173
46 1.3951694965362549
47 1.2266916036605835
48 1.24298095703125
49 1.3017808198928833
50 0.644192099571228
51 0.529017984867096
52 0.39422789216041565
53 0.6419912576675415
54 0.5955398082733154
55 0.6286129951477051
56 0.5483084917068481
57 0.8265173435211182
58 0.7005045413970947
59 1.3334009647369385
60 0.895098090171814
61 0.8423241376876831
62 0.6872187852859497
63 1.0321369171142578
64 1.1639654636383057
65 0.8871355652809143
66 0.9236370325088501
67 1.5352792739868164
68 0.815601646900177
69 0.7303615808486938
70 0.9828490614891052
71 0.8938466310501099
72 1.2941758632659912
73 1.172106385231018
74 0.7430564761161804
75 1.4630168676376343
76 1.082295298576355
77 0.9766817092895508
78 1.1855489015579224
79 1.1842594146728516
80 1.0533164739608765
81 1.1355993747711182
82 0.566943883895874
83 0.6292246580123901
84 0.6494553089141846
85 1.065699815750122
86 1.4092687368392944
87 1.242517352104187
88 1.3760263919830322
89 0.9580856561660767
90 1.3569583892822266
91 1.0830745697021484
92 1.2751166820526123
93 1.4688948392868042
94 1.1255136728286743
95 1.164240837097168
96 1.2054747343063354
97 1.0270816087722778
98 1.0965816974639893
99 1.1647011041641235
100 1.15116548538208
101 0.9947092533111572
102 1.1163324117660522
103 1.1207934617996216
104 0.5588265061378479
105 1.077824354171753
106 0.6040582060813904
107 0.8560986518859863
108 0.6795557737350464
109 0.5455852746963501
110 0.8818346858024597
111 1.0688356161117554
112 0.729062020778656
113 1.1357883214950562
114 0.6241487860679626
115 0.4105064570903778
116 0.7734912633895874
117 0.48530834913253784
118 0.9203043580055237
119 0.7677521109580994
120 0.748420774936676
121 0.6277324557304382
122 1.0863217115402222
123 1.1051528453826904
124 1.2930461168289185
125 0.7251567840576172
126 1.1180557012557983
127 1.137588381767273
128 0.6712805032730103
129 0.5616455078125
130 0.4993494749069214
131 0.7060743570327759
132 0.8145420551300049
133 0.904910683631897
134 0.6035963892936707
135 0.4972681403160095
136 0.7008216977119446
137 0.6933103799819946
138 1.045883059501648
139 0.7219946384429932
140 1.1343114376068115
141 0.8423637747764587
142 1.1427226066589355
143 0.5388785004615784
144 0.8020607233047485
145 0.9128397107124329
146 0.7941371202468872
147 0.6189135909080505
148 0.6668593287467957
149 0.6110918521881104
150 0.43478477001190186
151 1.1841025352478027
152 0.6222365498542786
153 0.600102424621582
154 0.6024230122566223
155 0.6246672868728638
156 0.6531606316566467
157 0.645540177822113
158 0.9657289385795593
159 0.35343414545059204
160 0.46763649582862854
161 0.5507031083106995
162 0.513418972492218
163 0.6619284152984619
164 0.5377810001373291
165 0.6720237731933594
166 0.5381555557250977
167 0.49762803316116333
168 0.6839634776115417
169 1.0269999504089355
170 0.4134954810142517
171 1.086378574371338
172 1.0497609376907349
173 0.6281139850616455
174 0.6779576539993286
175 0.5443379282951355
176 0.9970484375953674
177 1.0526256561279297
178 0.8894309401512146
179 0.8281574249267578
180 0.7306033372879028
181 0.8663729429244995
182 1.0091698169708252
183 0.9179826974868774
184 1.093001365661621
185 1.3684455156326294
186 0.9935624003410339
187 1.0113104581832886
188 1.1389461755752563
189 1.1669371128082275
190 1.3568742275238037
191 0.8797752261161804
192 1.6381679773330688
193 1.4234819412231445
194 1.0512171983718872
195 1.092659592628479
196 1.0057169198989868
197 1.697108268737793
198 1.5742641687393188
199 1.2616972923278809
200 1.0850189924240112
201 0.6900511980056763
202 1.2408345937728882
203 1.0314946174621582
204 1.2693157196044922
205 1.3049776554107666
206 1.1076643466949463
207 1.0707145929336548
208 0.9869998693466187
209 0.7874128818511963
210 1.3614497184753418
211 1.627230167388916
212 1.7054736614227295
213 1.8200291395187378
214 1.6167216300964355
215 1.6721495389938354
216 1.037126064300537
217 1.484748363494873
218 1.37039315700531
219 1.5031037330627441
220 1.7561033964157104
221 1.5954211950302124
222 1.5012218952178955
223 1.30854332447052
224 1.8351736068725586
225 1.2499165534973145
226 2.067321300506592
227 1.1054264307022095
228 1.4977912902832031
229 1.2337541580200195
230 1.7235190868377686
231 1.6110491752624512
232 1.0997323989868164
233 1.3628052473068237
234 1.5800114870071411
235 1.3475615978240967
236 0.8879807591438293
237 1.2433435916900635
238 1.109400749206543
239 1.1771105527877808
240 1.1139298677444458
241 1.0211392641067505
242 1.120028018951416
243 1.2282873392105103
244 0.8355531096458435
245 0.6757502555847168
246 0.9726899266242981
247 1.2029918432235718
248 0.9680768847465515
249 0.8147214651107788
250 0.9112812876701355
251 1.065950632095337
252 0.6756412386894226
253 0.8268899321556091
254 0.5628234148025513
255 1.2066960334777832
256 0.6527544856071472
257 0.887741208076477
258 0.9419052004814148
259 1.0383175611495972
260 0.7795817255973816
261 1.2182300090789795
262 0.9663074612617493
263 1.3616665601730347
264 1.2975484132766724
265 0.8612844347953796
266 0.8685178160667419
267 0.8125495314598083
268 1.348015546798706
269 1.221595287322998
270 1.5829890966415405
271 1.2917492389678955
272 1.3725483417510986
273 1.5199987888336182
274 1.9057748317718506
275 1.626667857170105
276 1.682224154472351
277 1.558254599571228
278 1.4806643724441528
279 1.6246676445007324
280 1.561367154121399
281 1.4872996807098389
282 1.456536054611206
283 1.4608335494995117
284 1.6336023807525635
285 1.6414216756820679
286 1.803260087966919
287 1.3254543542861938
288 1.2876487970352173
289 1.5469253063201904
290 1.8936089277267456
291 1.718601942062378
292 1.496114730834961
293 1.4233813285827637
294 1.399404525756836
295 1.5290777683258057
296 1.7920186519622803
297 1.9725449085235596
298 1.7578643560409546
299 1.648095726966858
300 1.7892669439315796
301 1.7689132690429688
302 1.7339558601379395
303 1.974184274673462
304 1.6801420450210571
305 1.5928161144256592
306 1.589013695716858
307 1.877996802330017
308 1.541122555732727
309 1.578464388847351
310 1.7012746334075928
311 1.4810473918914795
312 1.5533584356307983
313 1.481988549232483
314 1.2945576906204224
315 1.9285666942596436
316 1.8614689111709595
317 1.756927490234375
318 1.7505502700805664
319 1.7088203430175781
320 1.4002591371536255
321 1.4481333494186401
322 1.1804289817810059
323 1.544418454170227
324 0.3320219814777374
325 0.629656195640564
326 0.7264828681945801
327 0.7343306541442871
328 0.8150816559791565
329 1.2832515239715576
330 1.096247911453247
331 1.3765448331832886
332 0.9090133905410767
333 1.0148249864578247
334 0.9219859838485718
335 0.7292137742042542
336 1.0334047079086304
337 0.7851344347000122
338 0.49671876430511475
339 0.4567585587501526
340 0.7050189971923828
341 0.9518888592720032
342 0.9545049667358398
343 1.051604151725769
344 0.5504735708236694
345 0.7952742576599121
346 0.8225840330123901
347 1.1322616338729858
348 1.0921669006347656
349 1.1693534851074219
350 1.0787254571914673
351 1.0964889526367188
352 1.3250383138656616
353 1.126676321029663
354 1.2582191228866577
355 1.3759666681289673
356 1.3349899053573608
357 1.6097055673599243
358 0.867608904838562
359 2.023031234741211
360 1.6385869979858398
361 2.0608136653900146
362 2.0515224933624268
363 2.0722615718841553
364 1.9967689514160156
365 1.9351177215576172
366 2.0169003009796143
367 2.279581308364868
368 2.089437246322632
369 1.729251742362976
370 1.7483644485473633
371 1.5280697345733643
372 1.6818379163742065
373 1.4147297143936157
374 1.3588759899139404
375 1.4808872938156128
376 1.526077151298523
377 1.723037600517273
378 1.9681555032730103
379 2.1098718643188477
380 1.821659803390503
381 1.798719048500061
382 1.8258311748504639
383 1.6615207195281982
384 1.8047873973846436
385 1.6905637979507446
386 1.586043119430542
387 1.8685201406478882
388 1.8457216024398804
389 1.5967940092086792
390 1.4712696075439453
391 1.2390668392181396
392 1.5956826210021973
393 2.088796377182007
394 1.8468931913375854
395 2.0614888668060303
396 2.0009210109710693
397 2.467139959335327
398 1.7387573719024658
399 1.3717375993728638
400 1.1292243003845215
401 0.9458165168762207
402 0.5331662893295288
403 0.6409860253334045
404 0.492482990026474
405 1.048471212387085
406 1.0173978805541992
407 1.1324301958084106
408 1.2850483655929565
409 1.8915177583694458
410 1.8448522090911865
411 1.158642292022705
412 0.9152514934539795
413 0.5788126587867737
414 1.0575636625289917
415 0.7900185585021973
416 0.940341591835022
417 0.750285804271698
418 1.028250813484192
419 1.472536325454712
420 1.025450587272644
421 1.2117626667022705
422 0.8145817518234253
423 1.301500916481018
424 1.6175106763839722
425 1.2078782320022583
426 1.1057193279266357
427 0.8674445152282715
428 0.999126672744751
429 1.530523657798767
430 1.3284822702407837
431 0.7808338403701782
432 1.0184670686721802
433 0.888147234916687
434 0.965997040271759
435 0.9300824403762817
436 0.9433553814888
437 1.132252812385559
438 1.0108486413955688
439 0.7250217199325562
440 1.0618480443954468
441 0.9925721287727356
442 1.2661961317062378
443 1.3212262392044067
444 0.8198776245117188
445 0.905386209487915
446 0.796227216720581
447 0.6271676421165466
448 0.9695067405700684
449 0.8702958822250366
450 0.7991131544113159
451 0.7835870981216431
452 0.7464157342910767
453 0.7703400254249573
454 0.8826580047607422
455 0.9304118752479553
456 0.8053362369537354
457 0.7693132758140564
458 0.8415524363517761
459 0.9050231575965881
460 0.4283875524997711
461 0.7471621632575989
462 0.9218831062316895
463 0.6247238516807556
464 0.6608685255050659
465 0.7910783886909485
466 1.5501426458358765
467 1.5553721189498901
468 2.1018247604370117
469 2.1416523456573486
470 1.754710078239441
471 1.5698559284210205
472 2.335367202758789
473 1.937844157218933
474 1.7799289226531982
475 1.7440192699432373
476 1.6793166399002075
477 0.7516734004020691
478 0.6714232563972473
479 0.646604061126709
480 0.7217731475830078
481 0.7841310501098633
482 1.0387295484542847
483 1.306291937828064
484 0.7273091673851013
485 0.5026349425315857
486 0.6650727987289429
487 0.831039547920227
488 0.597758412361145
489 0.5426533222198486
490 0.6564070582389832
491 0.6886178851127625
492 0.5771586894989014
493 0.5896571278572083
494 0.46846693754196167
495 0.6946800947189331
496 0.7797219753265381
497 0.785201370716095
498 0.5065966248512268
499 0.8833233714103699
500 0.8308969140052795
501 0.5381448864936829
502 0.6027862429618835
503 0.6068452000617981
504 0.7905963063240051
505 0.6835984587669373
506 1.1202553510665894
507 1.7116081714630127
508 1.9305611848831177
509 1.8693104982376099
510 1.9480379819869995
511 1.461441159248352
512 1.4797289371490479
513 1.4678001403808594
514 1.2456175088882446
515 1.503917932510376
516 1.695171594619751
517 1.5356521606445313
518 1.1162095069885254
519 1.2241370677947998
520 1.1958729028701782
521 1.3211910724639893
522 0.9202806353569031
523 1.4024018049240112
524 1.459250807762146
525 1.4392211437225342
526 1.6668673753738403
527 1.2639665603637695
528 1.501427173614502
529 1.5599443912506104
530 1.4134706258773804
531 0.861808717250824
532 0.9690735936164856
533 1.1362738609313965
534 1.5244007110595703
535 1.291303277015686
536 1.5642033815383911
537 1.105867624282837
538 1.4999505281448364
539 1.4579155445098877
540 1.3107285499572754
541 1.9414348602294922
542 1.8670130968093872
543 1.4708491563796997
544 1.2702556848526
545 1.3672643899917603
546 1.5236915349960327
547 1.4680755138397217
548 1.1721365451812744
549 1.503318190574646
550 1.0970265865325928
551 1.5659890174865723
552 1.223012924194336
553 0.9704081416130066
554 1.0840353965759277
555 1.3306138515472412
556 0.8580563068389893
557 0.9788718223571777
558 1.2466610670089722
559 1.00101637840271
560 1.153270959854126
561 1.581321358680725
562 1.4892481565475464
563 1.3706374168395996
564 1.4167855978012085
565 1.3124345541000366
566 1.2634357213974
567 1.4926241636276245
568 1.2037708759307861
569 1.3337377309799194
570 1.1102731227874756
571 1.299292802810669
572 1.1873931884765625
573 1.933911919593811
574 1.5286985635757446
575 1.740982174873352
576 1.5226163864135742
577 1.3965576887130737
578 1.0397191047668457
579 1.0612562894821167
580 1.2187097072601318
581 1.0322885513305664
582 1.1298996210098267
583 1.4316425323486328
584 1.674081563949585
585 1.73694908618927
586 1.1440865993499756
587 1.5658894777297974
588 1.3242024183273315
589 1.7856694459915161
590 1.5395228862762451
591 1.357919692993164
592 1.318342685699463
593 1.44158136844635
594 1.4903903007507324
595 1.2750627994537354
596 1.49373197555542
597 1.1987849473953247
598 1.3674043416976929
599 1.034463882446289
600 1.6067036390304565
601 1.211137056350708
602 1.860842227935791
603 1.2770886421203613
604 1.5067824125289917
605 1.674185872077942
606 1.664430856704712
607 1.6796574592590332
608 1.616584300994873
609 1.66504967212677
610 1.6207677125930786
611 1.6923459768295288
612 1.5796858072280884
613 1.4423562288284302
614 1.344928503036499
615 1.5754491090774536
616 1.425365686416626
617 1.5844919681549072
618 1.5679317712783813
619 1.7455873489379883
620 1.5253671407699585
621 1.9846502542495728
622 1.4167784452438354
623 1.2711656093597412
624 1.7725263833999634
625 1.6929423809051514
626 1.5048211812973022
627 1.5476531982421875
628 1.5936932563781738
629 1.5290696620941162
630 1.7526905536651611
631 1.627550482749939
632 1.6346880197525024
633 1.9636391401290894
634 1.6967417001724243
635 1.5277013778686523
636 1.5614842176437378
637 1.5458135604858398
638 1.490062952041626
639 1.5756893157958984
640 1.3824255466461182
641 1.187146544456482
642 0.976947009563446
643 1.0085537433624268
644 1.37049400806427
645 1.159281849861145
646 1.368060827255249
647 1.6700048446655273
648 1.727605938911438
649 1.3789024353027344
650 1.5291136503219604
651 1.9122980833053589
652 1.626772403717041
653 1.8279681205749512
654 1.5143251419067383
655 1.1744464635849
656 1.5973089933395386
657 1.4400136470794678
658 1.669245719909668
659 1.6156456470489502
660 1.7110934257507324
661 1.924583911895752
662 1.9221131801605225
663 1.8162386417388916
664 1.6776518821716309
665 1.7320609092712402
666 1.3982110023498535
667 1.6538422107696533
668 1.7046198844909668
669 1.545030117034912
670 1.819236159324646
671 2.098419427871704
672 1.4602279663085938
673 1.5895720720291138
674 1.926540493965149
675 1.9418225288391113
676 1.4560799598693848
677 1.5317771434783936
678 1.8030225038528442
679 1.5197134017944336
680 1.8208297491073608
681 1.841604232788086
682 1.4246374368667603
683 2.0323500633239746
684 1.439873218536377
685 1.712135672569275
686 1.8634074926376343
687 1.753610372543335
688 1.7714329957962036
689 1.5577658414840698
690 1.7547069787979126
691 1.8865247964859009
692 1.7800556421279907
693 1.8017381429672241
694 1.4346001148223877
695 1.4880867004394531
696 1.6432512998580933
697 1.8875209093093872
698 1.6311448812484741
699 1.365639090538025
700 1.6581106185913086
701 1.1792092323303223
702 1.7157258987426758
703 1.5932464599609375
704 1.4990990161895752
705 2.0586178302764893
706 1.7460260391235352
707 1.5600491762161255
708 1.3181432485580444
709 1.5840802192687988
710 2.1040027141571045
711 1.7328366041183472
712 1.3470669984817505
713 1.7335102558135986
714 1.6335067749023438
715 1.7785325050354004
716 1.6099117994308472
717 1.61000657081604
718 1.56265389919281
719 1.443285346031189
720 1.9533641338348389
721 1.437242865562439
722 1.6346790790557861
723 1.532227635383606
724 1.3848834037780762
725 1.7606253623962402
726 1.7499363422393799
727 1.4385013580322266
728 1.4893358945846558
729 1.3703460693359375
730 1.5122431516647339
731 1.5986448526382446
732 1.466546893119812
733 1.9821363687515259
734 1.675323486328125
735 1.8550035953521729
736 1.6375616788864136
737 1.6628191471099854
738 1.5362496376037598
739 1.5974961519241333
740 1.3606597185134888
741 1.6354151964187622
742 1.533003807067871
743 2.014777421951294
744 2.139392137527466
745 2.1804704666137695
746 2.130722761154175
747 1.6083688735961914
748 1.969419240951538
749 1.4843382835388184
750 1.972716212272644
751 1.6267108917236328
752 2.1354849338531494
753 1.5806430578231812
754 1.8663840293884277
755 2.0949809551239014
756 1.8532333374023438
757 2.0675885677337646
758 1.9869564771652222
759 1.2877119779586792
760 1.650252103805542
761 1.8120505809783936
762 1.5086054801940918
763 1.7867802381515503
764 1.6136449575424194
765 1.4374974966049194
766 1.5772515535354614
767 1.644447684288025
768 1.6038860082626343
769 1.7521425485610962
770 1.3614033460617065
771 1.7998090982437134
772 1.3029592037200928
773 1.435326099395752
774 1.5398213863372803
775 1.110580563545227
776 1.3351082801818848
777 1.4092987775802612
778 1.4907728433609009
779 1.2143688201904297
780 1.5111685991287231
781 1.471187949180603
782 1.94719398021698
783 1.9868179559707642
784 1.240903377532959
785 1.40603506565094
786 1.4104703664779663
787 1.4809774160385132
788 1.5480034351348877
789 1.448333501815796
790 1.1992064714431763
791 1.3609275817871094
792 1.1772679090499878
793 1.5342273712158203
794 1.1023128032684326
795 1.24070405960083
796 1.3101723194122314
797 1.5425639152526855
798 1.1710182428359985
799 1.3545182943344116
800 1.282317042350769
801 1.266954779624939
802 1.3566535711288452
803 1.32118821144104
804 1.6714802980422974
805 1.6999987363815308
806 2.057997226715088
807 1.1348919868469238
808 1.0146695375442505
809 1.5019408464431763
810 1.3490358591079712
811 1.2191612720489502
812 1.5117435455322266
813 1.5881226062774658
814 1.5985735654830933
815 1.9177049398422241
816 1.8492549657821655
817 1.678062081336975
818 1.8743970394134521
819 1.8068493604660034
820 1.7406502962112427
821 2.081779956817627
822 2.045071840286255
823 2.0000252723693848
824 1.5829927921295166
825 1.700605034828186
826 1.8619135618209839
827 1.6716586351394653
828 1.4951969385147095
829 1.6912060976028442
830 1.8564399480819702
831 1.8373059034347534
832 1.1937984228134155
833 1.951470136642456
834 1.230582594871521
835 1.5922478437423706
836 1.4556267261505127
837 1.491187334060669
838 1.6924391984939575
839 1.4132486581802368
840 1.9574216604232788
841 1.8205187320709229
842 1.642122745513916
843 1.513970136642456
844 1.77785325050354
845 1.373335838317871
846 1.7065365314483643
847 1.3780441284179688
848 2.0375146865844727
849 1.2916139364242554
850 1.7925124168395996
851 1.625789761543274
852 1.2110248804092407
853 1.0512198209762573
854 1.3940801620483398
855 1.5291584730148315
856 1.182479977607727
857 1.1791512966156006
858 1.6315617561340332
859 1.3412189483642578
860 1.4701143503189087
861 1.528920292854309
862 1.4671090841293335
863 1.2125561237335205
864 1.4508124589920044
865 1.4978892803192139
866 1.3175048828125
867 1.8124887943267822
868 1.5332139730453491
869 1.176630973815918
870 1.215151071548462
871 1.7730779647827148
872 1.3923875093460083
873 1.413108229637146
874 1.2341917753219604
875 1.548877239227295
876 1.4051380157470703
877 1.4373606443405151
878 1.001649260520935
879 1.471351146697998
880 1.8988317251205444
881 1.4894959926605225
882 1.3135044574737549
883 1.1671452522277832
884 1.2697107791900635
885 1.5173025131225586
886 2.2079288959503174
887 1.9582778215408325
888 1.4167826175689697
889 1.5634206533432007
890 1.6662564277648926
891 1.424821138381958
892 1.494604468345642
893 1.6588678359985352
894 1.5012434720993042
895 1.4014064073562622
896 1.655449390411377
897 1.4380590915679932
898 1.3307961225509644
899 1.4403949975967407
900 1.708079218864441
901 1.7410695552825928
902 1.8284969329833984
903 1.4725041389465332
904 1.5281776189804077
905 1.3924174308776855
906 1.3017387390136719
907 1.7752037048339844
908 1.6135809421539307
909 1.4831222295761108
910 1.134310245513916
911 1.6537538766860962
912 1.275713324546814
913 1.5295544862747192
914 1.8535391092300415
915 1.9739152193069458
916 1.7730958461761475
917 1.4711034297943115
918 1.4840447902679443
919 1.4356449842453003
920 2.079371929168701
921 2.244719982147217
922 2.031317949295044
923 1.542480230331421
924 1.74916672706604
925 1.7350918054580688
926 1.6774972677230835
927 1.557593584060669
928 1.8415706157684326
929 1.2801690101623535
930 1.4837325811386108
931 1.7180302143096924
932 1.783155918121338
933 1.628998041152954
934 1.6094305515289307
935 1.8258479833602905
936 1.438660979270935
937 1.8960070610046387
938 1.549925446510315
939 1.6309237480163574
940 1.4211318492889404
941 1.8787691593170166
942 1.5489252805709839
943 1.3988114595413208
944 1.509273886680603
945 1.5167514085769653
946 1.6636463403701782
947 1.610114336013794
948 1.3060535192489624
949 1.590951681137085
950 1.4783215522766113
951 1.2963104248046875
952 1.7005174160003662
953 1.952307105064392
954 1.9138133525848389
955 1.3048750162124634
956 1.3619143962860107
957 1.4551552534103394
958 1.6419298648834229
959 1.5445880889892578
960 1.4754830598831177
961 1.787626028060913
962 1.5688925981521606
963 1.8331053256988525
964 1.7143723964691162
965 1.9391562938690186
966 1.647666335105896
967 1.7444604635238647
968 1.7490482330322266
969 1.7053248882293701
970 1.7828195095062256
971 1.7989610433578491
972 1.7892121076583862
973 2.118537425994873
974 2.3876078128814697
975 1.8736519813537598
976 1.6079095602035522
977 1.5970656871795654
978 1.699138879776001
979 1.5108205080032349
980 1.527244210243225
981 1.4670522212982178
982 1.473692774772644
983 1.7613507509231567
984 1.5680289268493652
985 1.654399037361145
986 1.6244803667068481
987 1.317862629890442
988 0.9470260739326477
989 1.192919135093689
990 1.2378342151641846
991 1.2842620611190796
992 1.230331540107727
993 1.525612711906433
994 1.5311377048492432
995 1.5011967420578003
996 1.6424765586853027
997 1.4121843576431274
998 1.4890490770339966
999 1.360575795173645
1000 1.0733011960983276
1001 1.3436726331710815
1002 1.1705553531646729
1003 1.1878539323806763
1004 1.405322551727295
1005 1.6143022775650024
1006 1.566770315170288
1007 1.4648826122283936
1008 1.1826025247573853
1009 1.036055326461792
1010 1.1427375078201294
1011 1.1004068851470947
1012 0.9357910752296448
1013 1.2363468408584595
1014 1.2449177503585815
1015 0.968181312084198
1016 1.2109750509262085
1017 1.4640412330627441
1018 0.8947892189025879
1019 0.833773136138916
1020 1.450884461402893
1021 1.320586085319519
1022 1.2690783739089966
1023 1.0774623155593872
1024 1.4748307466506958
1025 1.5678093433380127
1026 1.231095314025879
1027 1.0600504875183105
1028 1.3474061489105225
1029 1.237816333770752
1030 1.552366852760315
1031 1.1701653003692627
1032 1.490010142326355
1033 1.5935804843902588
1034 1.3246614933013916
1035 1.5769363641738892
1036 1.5844380855560303
1037 1.8194890022277832
1038 1.3793203830718994
1039 1.5711572170257568
1040 1.2309116125106812
1041 1.2217358350753784
1042 1.2644846439361572
1043 1.3563439846038818
1044 1.4926674365997314
1045 1.061354398727417
1046 0.9696803689002991
1047 1.7379827499389648
1048 1.589799404144287
1049 1.7709356546401978
1050 1.6049262285232544
1051 1.415977954864502
1052 0.7662655115127563
1053 1.108560562133789
1054 1.1592519283294678
1055 1.4566453695297241
1056 1.3766990900039673
1057 1.429591417312622
1058 1.4345085620880127
1059 1.2372539043426514
1060 1.3085297346115112
1061 1.372693419456482
1062 1.2560830116271973
1063 1.6181813478469849
1064 1.4892836809158325
1065 1.403512716293335
1066 1.75223708152771
1067 1.1600173711776733
1068 1.1317222118377686
1069 1.331774115562439
1070 1.9622920751571655
1071 1.208243489265442
1072 1.3654536008834839
1073 1.3086491823196411
1074 1.3558114767074585
1075 1.8570590019226074
1076 1.6492077112197876
1077 1.7687873840332031
1078 1.751175880432129
1079 1.875165581703186
1080 2.115675449371338
1081 2.2527966499328613
1082 1.8345354795455933
1083 1.7916418313980103
1084 1.9914271831512451
1085 1.5832734107971191
1086 1.3949544429779053
1087 1.3779716491699219
1088 1.457341194152832
1089 1.2212905883789063
1090 1.9957807064056396
1091 1.4680598974227905
1092 1.481803297996521
1093 1.3606295585632324
1094 1.6622380018234253
1095 1.5366665124893188
1096 1.4148728847503662
1097 1.4215139150619507
1098 1.133968472480774
1099 1.4555325508117676
1100 1.1660352945327759
1101 1.2846945524215698
1102 1.140572428703308
1103 1.6709729433059692
1104 1.4731494188308716
1105 1.3895883560180664
1106 1.170954942703247
1107 1.1439398527145386
1108 1.456129789352417
1109 1.441523551940918
1110 1.6350585222244263
1111 1.359821081161499
1112 1.7295646667480469
1113 1.6611984968185425
1114 1.6381583213806152
1115 1.6327297687530518
1116 1.80046808719635
1117 1.975098729133606
1118 1.3173140287399292
1119 1.3337574005126953
1120 1.5411351919174194
1121 1.7527827024459839
1122 1.8729287385940552
1123 1.27690589427948
1124 1.54755437374115
1125 1.5460374355316162
1126 1.4993051290512085
1127 1.7503196001052856
1128 2.056340456008911
1129 2.1686575412750244
1130 1.3962944746017456
1131 2.025542974472046
1132 1.7064578533172607
1133 1.5922259092330933
1134 1.510864496231079
1135 1.4700835943222046
1136 2.0306825637817383
1137 1.3956183195114136
1138 0.8934211134910583
1139 1.2785329818725586
1140 1.3765475749969482
1141 1.154642939567566
1142 1.2289804220199585
1143 1.5999735593795776
1144 1.6444059610366821
1145 1.3127211332321167
1146 1.3499298095703125
1147 1.5623457431793213
1148 1.436669945716858
1149 1.944093942642212
1150 1.347788691520691
1151 1.5248550176620483
1152 1.2010890245437622
1153 1.34568190574646
1154 1.2685165405273438
1155 1.6667277812957764
1156 1.4117428064346313
1157 1.442771077156067
1158 1.724655032157898
1159 1.7440248727798462
1160 1.78836190700531
1161 1.664820909500122
1162 1.5563337802886963
1163 1.541250228881836
1164 1.4211474657058716
1165 1.44483482837677
1166 1.322066307067871
1167 0.9028680920600891
1168 1.4027279615402222
1169 1.3161765336990356
1170 1.4953335523605347
1171 1.846828818321228
1172 1.8946573734283447
1173 1.242537498474121
1174 1.44614577293396
1175 1.011839509010315
1176 1.0757919549942017
1177 1.6079471111297607
1178 1.3396281003952026
1179 1.4200842380523682
1180 1.4127435684204102
1181 1.5326374769210815
1182 1.2917529344558716
1183 1.3573750257492065
1184 1.3329495191574097
1185 1.0337668657302856
1186 1.218846321105957
1187 1.3646082878112793
1188 0.9126881957054138
1189 0.9982125163078308
1190 1.131528377532959
1191 1.088889718055725
1192 0.44328486919403076
1193 0.9080117344856262
1194 0.8368225693702698
1195 0.8765073418617249
1196 0.9925563931465149
1197 1.184166431427002
1198 1.066277265548706
1199 1.119087815284729
1200 1.2014105319976807
1201 0.848883330821991
1202 0.8906998634338379
1203 1.2639683485031128
1204 1.243262767791748
1205 1.2562857866287231
1206 1.219338297843933
1207 0.9933032393455505
1208 1.3400036096572876
1209 1.1712979078292847
1210 0.8571999669075012
1211 0.8787245750427246
1212 1.1367061138153076
1213 1.2194428443908691
1214 1.7141262292861938
1215 1.8405356407165527
1216 1.623548150062561
1217 1.3217599391937256
1218 1.7819740772247314
1219 1.8334523439407349
1220 1.331142783164978
1221 1.7497025728225708
1222 1.957846999168396
1223 2.0993878841400146
1224 1.967119812965393
1225 1.4149116277694702
1226 1.3024799823760986
1227 1.51200532913208
1228 1.7485288381576538
1229 2.0100762844085693
1230 1.544257402420044
1231 1.9643566608428955
1232 1.4559638500213623
1233 1.5176236629486084
1234 1.1741902828216553
1235 1.6776434183120728
1236 1.423986792564392
1237 1.4449185132980347
1238 1.647491455078125
1239 1.1351919174194336
1240 1.3890742063522339
1241 1.4536164999008179
1242 1.4129620790481567
1243 1.0729706287384033
1244 1.7337443828582764
1245 1.7319039106369019
1246 0.9798363447189331
1247 1.206119179725647
1248 1.3441721200942993
1249 1.2362844944000244
1250 0.7303173542022705
1251 0.9273644685745239
1252 0.9903536438941956
1253 0.9229093790054321
1254 0.776416540145874
1255 1.0023730993270874
1256 0.9203029870986938
1257 1.1298185586929321
1258 1.0668106079101563
1259 0.8038784861564636
1260 0.9542614221572876
1261 0.9921978712081909
1262 1.0151071548461914
1263 1.2186553478240967
1264 1.2606693506240845
1265 1.2425686120986938
1266 1.0911041498184204
1267 0.9100371599197388
1268 1.175262689590454
1269 1.1946303844451904
1270 1.9605485200881958
1271 1.2973673343658447
1272 1.4937664270401
1273 1.284315586090088
1274 1.3744556903839111
1275 1.6207637786865234
1276 1.3563530445098877
1277 1.5465960502624512
1278 1.419040322303772
1279 1.5882478952407837
1280 1.3901468515396118
1281 1.3329541683197021
1282 1.3329148292541504
1283 1.314386010169983
1284 1.7269978523254395
1285 1.3283673524856567
1286 1.3728015422821045
1287 1.0087872743606567
1288 1.2139469385147095
1289 1.2719805240631104
1290 1.5513192415237427
1291 1.1744966506958008
1292 1.565420150756836
1293 1.1381404399871826
1294 1.0999419689178467
1295 1.6109685897827148
1296 1.374079704284668
1297 1.3609753847122192
1298 1.3196566104888916
1299 1.2071545124053955
1300 0.9775292277336121
1301 1.7467888593673706
1302 1.2648850679397583
1303 1.1940404176712036
1304 1.3179343938827515
1305 1.7136660814285278
1306 1.5365545749664307
1307 1.6625885963439941
1308 1.5616660118103027
1309 1.636245608329773
1310 1.5084279775619507
1311 2.106391429901123
1312 1.6482068300247192
1313 1.7702405452728271
1314 1.0853229761123657
1315 1.2695918083190918
1316 1.1753875017166138
1317 1.2882050275802612
1318 1.278181791305542
1319 1.2422547340393066
1320 1.290809154510498
1321 1.2053282260894775
1322 1.2018299102783203
1323 1.1484237909317017
1324 1.587846279144287
1325 1.3034876585006714
1326 1.2296080589294434
1327 1.0905535221099854
1328 0.6639885902404785
1329 1.7604626417160034
1330 1.2907567024230957
1331 1.3832731246948242
1332 1.0746402740478516
1333 0.9708546996116638
1334 1.4083001613616943
1335 1.5375288724899292
1336 1.3893301486968994
1337 1.5824216604232788
1338 1.605574369430542
1339 1.5848294496536255
1340 1.769689917564392
1341 1.61744225025177
1342 1.5528371334075928
1343 1.8984366655349731
1344 1.8349409103393555
1345 1.532822847366333
1346 1.2313555479049683
1347 0.9676771759986877
1348 1.7226201295852661
1349 1.6447672843933105
1350 1.9024991989135742
1351 1.350204586982727
1352 1.1897554397583008
1353 1.7352001667022705
1354 1.6293120384216309
1355 1.6481736898422241
1356 1.4365190267562866
1357 1.4311145544052124
1358 1.292425513267517
1359 1.3060238361358643
1360 1.5693004131317139
1361 1.4605417251586914
1362 1.2479867935180664
1363 1.8674787282943726
1364 1.4753081798553467
1365 1.5337636470794678
1366 1.6569740772247314
1367 1.5852434635162354
1368 0.8668515682220459
1369 1.2594549655914307
1370 1.6127904653549194
1371 1.6295506954193115
1372 1.6510577201843262
1373 1.339676022529602
1374 1.6331615447998047
1375 1.580237627029419
1376 1.329854130744934
1377 1.2339099645614624
1378 1.5330572128295898
1379 1.5482579469680786
1380 1.6956326961517334
1381 1.7451503276824951
1382 1.759018063545227
1383 1.5422180891036987
1384 1.1900893449783325
1385 1.5828838348388672
1386 1.4313039779663086
1387 1.7765661478042603
1388 1.3807594776153564
1389 1.0600132942199707
1390 1.2619760036468506
1391 1.054603099822998
1392 1.4638099670410156
1393 1.416586995124817
1394 1.4481219053268433
1395 1.4597243070602417
1396 1.3040568828582764
1397 1.4169328212738037
1398 1.0943787097930908
1399 1.2832820415496826
1400 1.0848251581192017
1401 1.0573455095291138
1402 1.149316430091858
1403 1.2072012424468994
1404 1.2358070611953735
1405 1.0065497159957886
1406 1.1018080711364746
1407 1.0868847370147705
1408 1.2429428100585938
1409 1.2880449295043945
1410 1.0039931535720825
1411 1.2735674381256104
1412 1.31239652633667
1413 0.9960424900054932
1414 1.3618308305740356
1415 1.0956988334655762
1416 1.2008427381515503
1417 1.415695309638977
1418 1.5236238241195679
1419 1.4551500082015991
1420 1.678802490234375
1421 1.8192907571792603
1422 1.4420057535171509
1423 1.2829005718231201
1424 1.2590399980545044
1425 1.5232057571411133
1426 1.4909639358520508
1427 1.6814368963241577
1428 1.5080454349517822
1429 1.551916241645813
1430 1.3967704772949219
1431 1.1739364862442017
1432 1.6146090030670166
1433 1.4487665891647339
1434 1.6705013513565063
1435 1.5833841562271118
1436 1.9008373022079468
1437 1.7663843631744385
1438 1.9170807600021362
1439 1.6266371011734009
1440 1.3004626035690308
1441 1.2932260036468506
1442 1.7829879522323608
1443 1.329072117805481
1444 1.6390429735183716
1445 1.5565568208694458
1446 1.7088521718978882
1447 0.9894635677337646
1448 1.69493567943573
1449 0.9600674510002136
1450 1.2645330429077148
1451 1.0628670454025269
1452 1.3473490476608276
1453 0.9773820042610168
1454 1.3218224048614502
1455 1.30149507522583
1456 1.04855215549469
1457 1.018939733505249
1458 1.4094551801681519
1459 1.1408582925796509
1460 1.2792466878890991
1461 1.2873941659927368
1462 1.5624181032180786
1463 1.04579758644104
1464 1.4151601791381836
1465 1.1444084644317627
1466 1.6855274438858032
1467 1.3885564804077148
1468 1.2767919301986694
1469 1.476212978363037
1470 1.1699804067611694
1471 1.0984008312225342
1472 0.9818344712257385
1473 0.8708446621894836
1474 1.0121740102767944
1475 0.9750175476074219
1476 0.8852128386497498
1477 1.5243427753448486
1478 0.7318011522293091
1479 1.1331626176834106
1480 1.1636103391647339
1481 0.8132936358451843
1482 1.1100432872772217
1483 0.7339888215065002
1484 0.9965240359306335
1485 1.371864676475525
1486 1.5912703275680542
1487 0.7033981680870056
1488 1.201416254043579
1489 0.7494221925735474
1490 1.0804728269577026
1491 1.3541371822357178
1492 1.6618586778640747
1493 1.7511799335479736
1494 1.3119899034500122
1495 0.8020979762077332
1496 0.8861064910888672
1497 0.8190034031867981
1498 0.7027708888053894
1499 0.8299996852874756
1500 0.856634795665741
1501 0.9464512467384338
1502 0.890464723110199
1503 0.6698140501976013
1504 1.023094892501831
1505 1.1716023683547974
1506 1.1812690496444702
1507 0.5296173095703125
1508 1.1971721649169922
1509 1.1603647470474243
1510 1.0153214931488037
1511 0.9449893832206726
1512 1.2299610376358032
1513 1.4129718542099
1514 1.1059991121292114
1515 1.1724050045013428
1516 1.3020408153533936
1517 1.1994189023971558
1518 1.093700885772705
1519 1.1646360158920288
1520 1.1522213220596313
1521 1.2424352169036865
1522 1.0969599485397339
1523 1.029338002204895
1524 1.5218032598495483
1525 1.42516028881073
1526 1.1971787214279175
1527 1.304491639137268
1528 1.4375864267349243
1529 1.5169709920883179
1530 1.5238598585128784
1531 1.2339434623718262
1532 1.267127275466919
1533 1.4251081943511963
1534 0.6320990920066833
1535 0.6100913286209106
1536 0.6327764987945557
1537 0.29879093170166016
1538 0.5761207938194275
1539 0.38672754168510437
1540 0.8079388737678528
1541 0.49294179677963257
1542 0.2659270763397217
1543 0.9665291905403137
1544 0.785078227519989
1545 0.5279284715652466
1546 0.5922940373420715
1547 0.9141396880149841
1548 0.9041627645492554
1549 0.8594017624855042
1550 0.8807820677757263
1551 0.6033440828323364
1552 0.7001327872276306
1553 0.9237720966339111
1554 0.8638105392456055
1555 1.022705316543579
1556 1.2217649221420288
1557 1.0185410976409912
1558 0.8135952949523926
1559 0.9607241749763489
1560 1.080551028251648
1561 0.9840132594108582
1562 1.5202109813690186
1563 0.798028290271759
1564 0.6978759765625
1565 1.0525039434432983
1566 0.939425528049469
1567 0.6405802965164185
1568 1.0592831373214722
1569 1.1913676261901855
1570 1.3430089950561523
1571 0.9286968111991882
1572 1.6129604578018188
1573 1.1763551235198975
1574 1.0876538753509521
1575 1.4436626434326172
1576 0.9738020896911621
1577 1.5546010732650757
1578 1.5539811849594116
1579 1.1878496408462524
1580 0.9449141621589661
1581 1.0711627006530762
1582 0.9217218160629272
1583 0.9998366832733154
1584 1.1404707431793213
1585 1.2253586053848267
1586 1.0809378623962402
1587 1.3842371702194214
1588 1.319522500038147
1589 1.3067706823349
1590 1.2554470300674438
1591 1.4172439575195313
1592 1.2404241561889648
1593 1.225142240524292
1594 1.0940507650375366
1595 1.413206934928894
1596 1.3329322338104248
1597 1.3728727102279663
1598 1.4354828596115112
1599 1.236472487449646
1600 1.2559159994125366
1601 1.4780477285385132
1602 1.1755696535110474
1603 1.283445954322815
1604 1.2194303274154663
1605 1.392295479774475
1606 1.3851203918457031
1607 1.6486408710479736
1608 1.044912576675415
1609 1.0585126876831055
1610 1.147721290588379
1611 0.9723659753799438
1612 1.2753573656082153
1613 0.9816800355911255
1614 1.0926579236984253
1615 0.7825140357017517
1616 0.7255114912986755
1617 0.6098472476005554
1618 1.2955286502838135
1619 1.1992655992507935
1620 1.430310606956482
1621 1.6043401956558228
1622 1.1298449039459229
1623 1.3459588289260864
1624 1.406224012374878
1625 1.0469478368759155
1626 0.8976213932037354
1627 0.7198613882064819
1628 0.7373716235160828
1629 0.9884160757064819
1630 0.9361886382102966
1631 0.8200994729995728
1632 0.7097809314727783
1633 0.936320424079895
1634 0.9184606075286865
1635 0.532675564289093
1636 0.8819066286087036
1637 0.6998348832130432
1638 0.9989877939224243
1639 0.8045184016227722
1640 1.0166889429092407
1641 1.1920421123504639
1642 0.997263491153717
1643 0.6089059114456177
1644 0.8853189945220947
1645 1.4167804718017578
1646 0.7403554320335388
1647 0.5230359435081482
1648 0.6229257583618164
1649 0.9375597834587097
1650 1.093997836112976
1651 1.244132399559021
1652 1.7151464223861694
1653 1.1826038360595703
1654 0.8930922746658325
1655 0.40980246663093567
1656 0.8859366774559021
1657 1.0564154386520386
1658 1.0353758335113525
1659 1.3604052066802979
1660 1.3180967569351196
1661 1.2137209177017212
1662 1.5018024444580078
1663 1.5536606311798096
1664 1.1092214584350586
1665 1.1633368730545044
1666 1.0265870094299316
1667 1.2402880191802979
1668 1.559779167175293
1669 1.354648470878601
1670 1.0714569091796875
1671 0.5429915189743042
1672 1.4652619361877441
1673 1.5030571222305298
1674 1.1891545057296753
1675 1.0951380729675293
1676 1.1086488962173462
1677 0.7981257438659668
1678 0.9387397766113281
1679 1.4058127403259277
1680 1.1850545406341553
1681 1.515501856803894
1682 1.513355016708374
1683 1.4004243612289429
1684 1.7334704399108887
1685 2.011704683303833
1686 1.3253453969955444
1687 1.4793353080749512
1688 1.5367881059646606
1689 1.495008945465088
1690 1.415981411933899
1691 0.6557843685150146
1692 1.335166573524475
1693 1.7326180934906006
1694 1.9457300901412964
1695 1.5188181400299072
1696 0.4341125190258026
1697 0.4695022702217102
1698 0.41254308819770813
1699 1.1526875495910645
1700 1.0151537656784058
1701 1.3939939737319946
1702 1.3921681642532349
1703 1.533226490020752
1704 0.9795213341712952
1705 1.1607472896575928
1706 1.1523785591125488
1707 1.0537649393081665
1708 0.7762939929962158
1709 0.8431426286697388
1710 0.5957179069519043
1711 1.038285732269287
1712 1.3784077167510986
1713 1.1180577278137207
1714 1.0112576484680176
1715 0.6492545008659363
1716 0.5871843695640564
1717 1.0518633127212524
1718 1.0671648979187012
1719 1.1145628690719604
1720 0.7476202249526978
1721 1.1977641582489014
1722 1.7522907257080078
1723 0.9617152214050293
1724 1.2071765661239624
1725 1.4647237062454224
1726 1.1345490217208862
1727 1.113539457321167
1728 0.6662148237228394
1729 1.4009743928909302
1730 1.5305886268615723
1731 1.1227853298187256
1732 1.4221465587615967
1733 0.6213130354881287
1734 0.8009083867073059
1735 0.6459285020828247
1736 0.7226942181587219
1737 0.6666238903999329
1738 0.635301411151886
1739 1.238684892654419
1740 1.1591423749923706
1741 1.4477063417434692
1742 0.8220697641372681
1743 1.3671057224273682
1744 1.3253259658813477
1745 0.8607410788536072
1746 1.205108404159546
1747 1.3211256265640259
1748 1.318599820137024
1749 1.2752022743225098
1750 1.318828821182251
1751 1.063148021697998
1752 1.2535327672958374
1753 1.3197311162948608
1754 1.4688966274261475
1755 1.1881723403930664
1756 0.9710115790367126
1757 1.1335346698760986
1758 1.110398292541504
1759 0.5558321475982666
1760 0.525050699710846
1761 0.738294780254364
1762 0.8291890621185303
1763 0.8203006386756897
1764 0.4829982817173004
1765 0.9902472496032715
1766 1.1696271896362305
1767 1.4162243604660034
1768 1.249119758605957
1769 1.2910058498382568
1770 1.358997106552124
1771 1.0601953268051147
1772 1.5759087800979614
1773 1.427821397781372
1774 1.610772728919983
1775 1.4880174398422241
1776 1.4889788627624512
1777 1.605244755744934
1778 0.9006211161613464
1779 0.8262345790863037
1780 1.0508315563201904
1781 1.217067837715149
1782 1.0459692478179932
1783 0.9823671579360962
1784 0.8121756911277771
1785 0.9354457259178162
1786 1.0532631874084473
1787 1.0357931852340698
1788 0.7379326224327087
1789 1.1894875764846802
1790 1.0625200271606445
1791 0.9372893571853638
1792 1.0164142847061157
1793 0.7322806119918823
1794 0.8110069036483765
1795 0.6415581703186035
1796 0.9417359232902527
1797 0.5959620475769043
1798 0.9996887445449829
1799 0.5083576440811157
1800 1.0274723768234253
1801 0.4694972336292267
1802 0.33506831526756287
1803 1.074165940284729
1804 1.142712116241455
1805 0.828990638256073
1806 0.8415377736091614
1807 0.767185628414154
1808 1.2631474733352661
1809 1.4025042057037354
1810 0.9925693273544312
1811 1.294702172279358
1812 1.429910659790039
1813 0.8532547950744629
1814 1.457492470741272
1815 1.1256341934204102
1816 1.3331531286239624
1817 1.0747672319412231
1818 1.1374825239181519
1819 1.2547111511230469
1820 0.9878582954406738
1821 1.2362818717956543
1822 1.1653056144714355
1823 1.2968251705169678
1824 1.1992169618606567
1825 1.2275246381759644
1826 1.0266398191452026
1827 0.9932947158813477
1828 1.554656982421875
1829 1.2433602809906006
1830 1.5039397478103638
1831 1.6268558502197266
1832 1.5785455703735352
1833 1.3866673707962036
1834 0.8305668830871582
1835 1.0150419473648071
1836 1.1558318138122559
1837 1.2621344327926636
1838 1.0186998844146729
1839 1.2889235019683838
1840 1.0481253862380981
1841 1.1337617635726929
1842 1.4785048961639404
1843 1.455153226852417
1844 0.8784906268119812
1845 1.102245807647705
1846 1.0907264947891235
1847 0.8653283715248108
1848 1.2233915328979492
1849 0.9149795770645142
1850 0.49220991134643555
1851 0.6597980856895447
1852 0.5559065937995911
1853 1.1075389385223389
1854 1.494763731956482
1855 1.62234628200531
1856 1.2860732078552246
1857 1.1724704504013062
1858 1.4539774656295776
1859 0.6570056080818176
1860 1.3894041776657104
1861 1.5513050556182861
1862 1.5387839078903198
1863 1.1886579990386963
1864 1.3265612125396729
1865 1.6494975090026855
1866 1.61184823513031
1867 1.5812430381774902
1868 1.2121717929840088
1869 1.2760698795318604
1870 1.5662328004837036
1871 1.8074164390563965
1872 1.5411890745162964
1873 1.8782418966293335
1874 1.7239179611206055
1875 1.5060701370239258
1876 0.9873726963996887
1877 1.8721760511398315
1878 1.69246244430542
1879 2.187418222427368
1880 1.4596977233886719
1881 1.0477139949798584
1882 0.8663493990898132
1883 1.0453764200210571
1884 0.5848851799964905
1885 0.6436280012130737
1886 0.8192023038864136
1887 0.7114813327789307
1888 0.7804102301597595
1889 0.9939057230949402
1890 0.661554217338562
1891 0.9605696797370911
1892 0.5838047862052917
1893 1.447894811630249
1894 0.38982972502708435
1895 0.7325451374053955
1896 0.6210445761680603
1897 1.0911461114883423
1898 1.086681842803955
1899 1.0416444540023804
1900 0.9345231652259827
1901 1.222426414489746
1902 1.430565357208252
1903 0.9413824677467346
1904 1.018020749092102
1905 0.985141396522522
1906 1.2395546436309814
1907 1.2673758268356323
1908 1.4403339624404907
1909 0.9258334636688232
1910 1.3902814388275146
1911 1.0092853307724
1912 1.0221070051193237
1913 1.2423032522201538
1914 1.657913088798523
1915 1.409771203994751
1916 0.9555037021636963
1917 1.0257264375686646
1918 1.0842254161834717
1919 0.7249696850776672
1920 1.17832350730896
1921 1.0283944606781006
1922 1.0403403043746948
1923 0.856248140335083
1924 0.6774071455001831
1925 0.6341338753700256
1926 1.2805662155151367
1927 0.8642981648445129
1928 0.7676327228546143
1929 1.406691551208496
1930 0.8927478194236755
1931 1.358413577079773
1932 0.9233121871948242
1933 1.0099294185638428
1934 1.1056020259857178
1935 1.5396580696105957
1936 1.5777956247329712
1937 1.0468249320983887
1938 0.8375821709632874
1939 0.45658421516418457
1940 0.9639962911605835
1941 0.8168690800666809
1942 1.3212387561798096
1943 0.8528539538383484
1944 1.0026777982711792
1945 1.2150557041168213
1946 0.9526645541191101
1947 0.9321621656417847
1948 1.426286220550537
1949 0.9788673520088196
1950 1.0002483129501343
1951 1.3024394512176514
1952 1.0249935388565063
1953 1.0499807596206665
1954 1.1520289182662964
1955 1.2772495746612549
1956 1.0797752141952515
1957 1.1757146120071411
1958 0.9283855557441711
1959 0.8024770021438599
1960 0.634087860584259
1961 0.8892061114311218
1962 0.9133971929550171
1963 0.9283388257026672
1964 1.0330630540847778
1965 1.0051714181900024
1966 0.9973214268684387
1967 0.8911771178245544
1968 0.8301697969436646
1969 0.8056632280349731
1970 0.8945438265800476
1971 0.7950496077537537
1972 0.6827504634857178
1973 0.35893845558166504
1974 0.5574522614479065
1975 0.5810872912406921
1976 0.8209618926048279
1977 0.7148134112358093
1978 0.9747647047042847
1979 1.5969141721725464
1980 1.3486146926879883
1981 1.655472993850708
1982 1.0476634502410889
1983 1.653540849685669
1984 1.5076184272766113
1985 1.7798691987991333
1986 1.409278154373169
1987 1.7043808698654175
1988 1.5535633563995361
1989 1.4182947874069214
1990 0.9326044321060181
1991 1.6405696868896484
1992 1.0428125858306885
1993 1.3528424501419067
1994 1.3852804899215698
1995 1.3026634454727173
1996 1.4808892011642456
1997 1.0608357191085815
1998 1.103516697883606
1999 1.536501407623291
