0 0.0
1 0.4136054813861847
2 0.5715987086296082
3 0.30813246965408325
4 0.7615141868591309
5 0.6752530336380005
6 0.6662724018096924
7 0.6073774695396423
8 1.0179883241653442
9 0.7445050477981567
10 0.3818017542362213
11 0.9658289551734924
12 0.9098030924797058
13 0.47437989711761475
14 0.5425235629081726
15 0.6827054619789124
16 0.5907922387123108
17 0.6258342862129211
18 0.8879821300506592
19 0.6249207854270935
20 0.6361327767372131
21 0.8898405432701111
22 0.5736179351806641
23 0.5121965408325195
24 0.8817824125289917
25 0.8025742173194885
26 0.8280551433563232
27 0.7497467398643494
28 0.7440688014030457
29 0.6352556347846985
30 1.0046941041946411
31 0.9553061723709106
32 0.819035530090332
33 1.3240419626235962
34 0.8736177682876587
35 0.5799232721328735
36 1.1462565660476685
37 0.8020198345184326
38 0.8545823693275452
39 0.7751009464263916
40 0.49578651785850525
41 0.785223126411438
42 0.9171367883682251
43 0.8350580930709839
44 0.9865706562995911
45 0.9913601875305176
46 0.8187734484672546
47 0.5296330451965332
48 0.6401330232620239
49 0.5808484554290771
50 0.9078896641731262
51 0.4960358142852783
52 1.1029289960861206
53 0.9310809969902039
54 0.8914755582809448
55 1.0291157960891724
56 1.1968090534210205
57 0.48153528571128845
58 0.8267021179199219
59 0.7621710300445557
60 0.874038815498352
61 0.5586527585983276
62 0.8607843518257141
63 0.8073461651802063
64 0.7888216972351074
65 0.9148240089416504
66 0.800239086151123
67 0.5497869849205017
68 0.72347092628479
69 0.7486701011657715
70 0.8357549905776978
71 1.1516122817993164
72 1.1210662126541138
73 0.9736737608909607
74 1.0671775341033936
75 0.9629309773445129
76 0.8637948632240295
77 1.2626194953918457
78 0.8366925716400146
79 0.7478168606758118
80 0.8990159630775452
81 1.3185362815856934
82 1.3903462886810303
83 1.3303639888763428
84 0.9456745386123657
85 1.1050597429275513
86 1.0731807947158813
87 1.1749293804168701
88 1.1122609376907349
89 1.088658332824707
90 0.8663265109062195
91 1.027844786643982
92 0.9183945059776306
93 0.9222385883331299
94 1.0327706336975098
95 1.192976951599121
96 1.1596403121948242
97 0.9065954089164734
98 0.9312911033630371
99 0.7161694169044495
100 0.970550537109375
101 0.777004599571228
102 1.0939419269561768
103 1.045255184173584
104 1.160070538520813
105 0.9613592028617859
106 0.9530571699142456
107 0.6397051811218262
108 0.6930193901062012
109 0.9837053418159485
110 0.6876875162124634
111 0.8583680987358093
112 0.8822529315948486
113 0.7594842910766602
114 0.8046659231185913
115 0.7748438119888306
116 0.8789021372795105
117 1.5677214860916138
118 1.8651608228683472
119 1.202452540397644
120 1.1712937355041504
121 0.8980000615119934
122 1.3051766157150269
123 1.1232552528381348
124 0.6423788070678711
125 1.282930612564087
126 0.9201541543006897
127 0.7336140871047974
128 1.0574334859848022
129 0.6964872479438782
130 1.2938796281814575
131 0.9624529480934143
132 1.0785763263702393
133 0.7163859009742737
134 0.8083966970443726
135 1.1010887622833252
136 1.1860209703445435
137 1.2208865880966187
138 1.0823554992675781
139 0.9020563960075378
140 1.0361262559890747
141 1.2674294710159302
142 0.9259133338928223
143 1.5271726846694946
144 1.882267713546753
145 1.4804257154464722
146 1.0633937120437622
147 1.44788658618927
148 0.9916350841522217
149 1.4553316831588745
150 1.1638309955596924
151 0.9312828779220581
152 0.5219029188156128
153 0.7375564575195313
154 0.8817803859710693
155 1.28256094455719
156 0.9567351937294006
157 0.9707602858543396
158 0.6941325068473816
159 0.6971689462661743
160 0.9175351858139038
161 0.75254225730896
162 0.7141652703285217
163 1.3266364336013794
164 0.6722387671470642
165 0.9866609573364258
166 0.8045249581336975
167 0.982571542263031
168 1.2731478214263916
169 0.8446428179740906
170 1.1676814556121826
171 1.0414550304412842
172 0.930703341960907
173 1.105157732963562
174 1.302667260169983
175 1.4747674465179443
176 1.2304110527038574
177 1.8069430589675903
178 1.384472131729126
179 1.6786749362945557
180 1.4435678720474243
181 1.0001555681228638
182 0.6079566478729248
183 1.3255199193954468
184 1.0165834426879883
185 1.0634503364562988
186 0.8559150695800781
187 1.0273712873458862
188 0.8030624389648438
189 0.9954809546470642
190 1.2521480321884155
191 1.5677610635757446
192 1.4747722148895264
193 0.8858767747879028
194 0.515319287776947
195 0.7515252232551575
196 0.6634933352470398
197 0.7131653428077698
198 1.0391175746917725
199 0.6521593928337097
200 0.8626317977905273
201 0.6726353168487549
202 0.7685204744338989
203 0.8583560585975647
204 0.5071724653244019
205 0.6846324801445007
206 1.0071079730987549
207 0.6579887866973877
208 1.1267305612564087
209 1.148796558380127
210 0.8950601816177368
211 0.6949102878570557
212 0.9015040993690491
213 0.9634097218513489
214 1.160720944404602
215 1.3623570203781128
216 0.708625078201294
217 0.7784109115600586
218 1.0427489280700684
219 0.7645705342292786
220 0.7872067093849182
221 0.4434606730937958
222 1.4527276754379272
223 1.0802710056304932
224 0.9824832677841187
225 0.9665662050247192
226 0.8773524165153503
227 0.7974308133125305
228 1.0921988487243652
229 0.8618119359016418
230 0.9124828577041626
231 0.9652348756790161
232 1.2270536422729492
233 1.0510571002960205
234 1.2380350828170776
235 0.5902379751205444
236 1.1083056926727295
237 0.9202243685722351
238 1.17471182346344
239 0.7655994892120361
240 1.2337702512741089
241 1.044212818145752
242 1.2249325513839722
243 0.6771637797355652
244 1.102579116821289
245 0.9568300843238831
246 0.932630717754364
247 0.9785122275352478
248 1.1021767854690552
249 0.9383904933929443
250 0.7339181900024414
251 0.8730310201644897
252 0.8600097894668579
253 0.9189675450325012
254 1.0473442077636719
255 0.6212823987007141
256 1.012336254119873
257 0.9027587175369263
258 0.8781026601791382
259 0.6731503009796143
260 0.8704283833503723
261 0.7336682081222534
262 0.7661324143409729
263 1.005448579788208
264 1.0326064825057983
265 0.6367616057395935
266 0.9743147492408752
267 0.7073502540588379
268 0.8763540387153625
269 0.7400016188621521
270 0.7126621603965759
271 0.8825953006744385
272 1.097301959991455
273 0.7849124073982239
274 0.7057388424873352
275 1.0516014099121094
276 1.4051851034164429
277 0.6327343583106995
278 0.9572345614433289
279 0.9672110676765442
280 1.0281646251678467
281 1.1510339975357056
282 1.2472140789031982
283 0.6630238890647888
284 0.8025081157684326
285 1.0110433101654053
286 0.9269271492958069
287 0.8281523585319519
288 1.0363291501998901
289 0.7385995388031006
290 1.321641445159912
291 1.885384440422058
292 0.6300553679466248
293 0.8607138991355896
294 0.8740046620368958
295 0.7196544408798218
296 0.9924453496932983
297 0.8340146541595459
298 0.5870881080627441
299 0.5267533659934998
300 1.1093076467514038
301 0.9127432703971863
302 0.8228147029876709
303 0.627323567867279
304 0.6294981837272644
305 0.5561754703521729
306 0.7860987782478333
307 0.6536099910736084
308 0.7720207571983337
309 1.0308289527893066
310 1.2040444612503052
311 0.918455958366394
312 1.0435107946395874
313 0.6793606877326965
314 0.7177193760871887
315 0.7456274032592773
316 0.747072160243988
317 0.7459577322006226
318 1.148673176765442
319 0.7140148282051086
320 1.1909862756729126
321 1.0431360006332397
322 0.9984830617904663
323 0.8682510852813721
324 0.9696289300918579
325 0.7791836857795715
326 1.0305492877960205
327 1.030320405960083
328 1.0117278099060059
329 0.5624211430549622
330 0.5536729693412781
331 0.9204822182655334
332 0.6822649240493774
333 0.8193017244338989
334 0.8251628875732422
335 0.8835897445678711
336 0.9221710562705994
337 0.9376068711280823
338 0.891856849193573
339 1.0556409358978271
340 0.9034823775291443
341 1.3596560955047607
342 1.5053800344467163
343 1.0687731504440308
344 1.5907139778137207
345 1.1441192626953125
346 1.0233370065689087
347 1.3910428285598755
348 1.103206992149353
349 1.187677025794983
350 1.6205788850784302
351 0.9937793612480164
352 1.5641695261001587
353 1.1425474882125854
354 1.4433915615081787
355 1.3811671733856201
356 1.7274969816207886
357 1.6150416135787964
358 1.6417042016983032
359 1.039119005203247
360 1.1428879499435425
361 0.8837668299674988
362 1.4487677812576294
363 0.7358322739601135
364 1.1248774528503418
365 0.6885998249053955
366 0.9021462798118591
367 1.0045416355133057
368 1.2007994651794434
369 1.0757864713668823
370 1.610698938369751
371 1.308356523513794
372 1.077303409576416
373 1.8842642307281494
374 0.8180400133132935
375 1.2381863594055176
376 1.5060230493545532
377 1.1741429567337036
378 1.0936896800994873
379 1.3985514640808105
380 1.2128114700317383
381 1.0560322999954224
382 1.0489387512207031
383 1.2036412954330444
384 1.3032084703445435
385 1.1129125356674194
386 1.1341776847839355
387 0.8910671472549438
388 0.9989789128303528
389 1.3408446311950684
390 1.1091675758361816
391 0.8948427438735962
392 0.863400936126709
393 0.8740915060043335
394 1.1663910150527954
395 0.9471374750137329
396 0.8799526691436768
397 1.1736063957214355
398 1.1294025182724
399 1.5231553316116333
400 1.2169501781463623
401 1.2313005924224854
402 0.863860547542572
403 1.4907023906707764
404 1.1656029224395752
405 1.1264718770980835
406 1.128530502319336
407 1.1758167743682861
408 0.9213905930519104
409 1.0834009647369385
410 1.0702003240585327
411 1.0897644758224487
412 0.9080750346183777
413 1.1380586624145508
414 0.9710366129875183
415 0.8045098781585693
416 1.0072263479232788
417 0.9339806437492371
418 0.8766793608665466
419 0.9750298261642456
420 1.1083742380142212
421 1.2763645648956299
422 0.8696245551109314
423 0.8460845351219177
424 0.8690724968910217
425 0.8110374212265015
426 1.049180030822754
427 0.7669046521186829
428 0.989922821521759
429 1.1928337812423706
430 1.1651031970977783
431 1.333224892616272
432 1.1598601341247559
433 0.9773801565170288
434 0.8448120355606079
435 0.8495016694068909
436 0.809954047203064
437 1.0454007387161255
438 0.92889404296875
439 1.027360200881958
440 1.144385576248169
441 0.6258424520492554
442 1.016914963722229
443 0.8164440393447876
444 0.9090070724487305
445 0.9622548818588257
446 1.1574466228485107
447 1.0336458683013916
448 1.0065667629241943
449 1.1508450508117676
450 1.1683733463287354
451 1.210126280784607
452 1.4172009229660034
453 1.1912745237350464
454 1.5035327672958374
455 1.5493446588516235
456 1.3559346199035645
457 1.1414903402328491
458 1.3877559900283813
459 1.0552018880844116
460 0.9914262890815735
461 0.8856181502342224
462 0.9963255524635315
463 1.0064537525177002
464 0.6918004155158997
465 1.3541144132614136
466 1.067858099937439
467 0.9377079010009766
468 1.0317714214324951
469 1.3049520254135132
470 1.275037407875061
471 1.447351098060608
472 1.5086193084716797
473 1.3092446327209473
474 1.0328552722930908
475 0.9861230850219727
476 0.8806585669517517
477 0.8633387088775635
478 1.1394795179367065
479 0.8850609660148621
480 0.8457094430923462
481 0.7014380693435669
482 1.0702860355377197
483 0.9314720034599304
484 0.9210002422332764
485 0.8249589204788208
486 1.0809617042541504
487 1.0191293954849243
488 1.219879388809204
489 1.2580394744873047
490 0.8746270537376404
491 1.243411660194397
492 1.2278187274932861
493 1.2121608257293701
494 1.067077398300171
495 0.9305057525634766
496 1.15958571434021
497 0.9873927235603333
498 1.3677960634231567
499 0.753844141960144
500 1.0732665061950684
501 1.1924464702606201
502 0.7897166013717651
503 0.9936822056770325
504 0.6105553507804871
505 0.8270346522331238
506 0.9685274958610535
507 0.7826279401779175
508 0.7864172458648682
509 0.960249662399292
510 0.8986856341362
511 0.8946375250816345
512 0.8587137460708618
513 0.8946818709373474
514 1.0887866020202637
515 1.2507765293121338
516 0.8470811247825623
517 1.073120355606079
518 1.4427255392074585
519 0.591543972492218
520 0.9658476710319519
521 0.6325312256813049
522 1.057442545890808
523 1.005076289176941
524 1.1591925621032715
525 0.9913290739059448
526 1.160973310470581
527 1.6214594841003418
528 1.3533183336257935
529 1.433817744255066
530 1.544928789138794
531 1.4212785959243774
532 1.3123071193695068
533 1.3444499969482422
534 1.167671799659729
535 1.1830894947052002
536 1.0935463905334473
537 1.1149080991744995
538 0.8279001712799072
539 1.018605351448059
540 0.9846698641777039
541 1.287955641746521
542 1.3440134525299072
543 1.3348294496536255
544 1.0974791049957275
545 1.2471481561660767
546 1.1818218231201172
547 1.3469970226287842
548 1.1265848875045776
549 1.344653606414795
550 1.1523829698562622
551 1.4793055057525635
552 1.6024574041366577
553 1.372204303741455
554 1.3539446592330933
555 1.867896318435669
556 1.510505199432373
557 1.2170217037200928
558 1.5815935134887695
559 1.4863333702087402
560 1.6830856800079346
561 1.1251407861709595
562 1.2942140102386475
563 1.3819286823272705
564 1.2981348037719727
565 1.180237054824829
566 1.52867591381073
567 1.4559838771820068
568 1.274306297302246
569 1.2822264432907104
570 1.5397264957427979
571 1.262760877609253
572 1.144802451133728
573 1.0596401691436768
574 0.9367738962173462
575 1.4646401405334473
576 1.21871018409729
577 1.3593034744262695
578 1.1299411058425903
579 1.288578987121582
580 1.5233579874038696
581 1.520050287246704
582 1.4815689325332642
583 1.55985426902771
584 1.0721614360809326
585 1.126645803451538
586 1.2342743873596191
587 1.0114123821258545
588 0.8968350291252136
589 1.0540857315063477
590 1.266008734703064
591 1.1398160457611084
592 1.191483497619629
593 1.0122538805007935
594 1.1689624786376953
595 1.0742710828781128
596 1.0628907680511475
597 1.4156254529953003
598 1.4877291917800903
599 1.3248015642166138
600 1.3713455200195313
601 1.1369189023971558
602 1.064205527305603
603 1.1190587282180786
604 1.0736676454544067
605 0.8638788461685181
606 1.3545267581939697
607 1.0767391920089722
608 1.238571286201477
609 0.8813486099243164
610 1.575199007987976
611 1.1597480773925781
612 1.6378350257873535
613 1.4406603574752808
614 1.5148723125457764
615 1.8509161472320557
616 1.457628846168518
617 1.2738558053970337
618 1.926879644393921
619 1.6709222793579102
620 1.5387170314788818
621 1.5787227153778076
622 1.5998003482818604
623 1.348710298538208
624 1.483019232749939
625 1.4776942729949951
626 1.5714777708053589
627 1.0825388431549072
628 1.2608951330184937
629 1.3255534172058105
630 1.6952403783798218
631 1.530793309211731
632 1.4048641920089722
633 1.6455930471420288
634 1.6711360216140747
635 1.7281516790390015
636 1.599503755569458
637 1.1194710731506348
638 1.3648816347122192
639 1.6812055110931396
640 1.1922070980072021
641 1.413000226020813
642 1.3070753812789917
643 1.278021216392517
644 1.2457847595214844
645 1.2350550889968872
646 1.1467341184616089
647 1.115106225013733
648 1.187612533569336
649 1.3467994928359985
650 1.127690076828003
651 1.1632697582244873
652 1.3055965900421143
653 1.66536545753479
654 1.3385401964187622
655 1.2671455144882202
656 1.2574257850646973
657 1.1938079595565796
658 1.1527271270751953
659 1.1855980157852173
660 0.9832072257995605
661 1.1143344640731812
662 1.546086072921753
663 1.3670625686645508
664 1.4639151096343994
665 1.2945348024368286
666 1.0745230913162231
667 1.2528477907180786
668 0.9889945983886719
669 1.206565022468567
670 0.9470397233963013
671 1.1805179119110107
672 1.0972867012023926
673 1.2442456483840942
674 1.3062522411346436
675 1.1509097814559937
676 1.102089524269104
677 1.3278701305389404
678 1.2217144966125488
679 1.342200756072998
680 1.0522483587265015
681 0.8358973860740662
682 0.9900492429733276
683 0.9725754261016846
684 0.8668907880783081
685 1.1203432083129883
686 0.83686363697052
687 1.2136473655700684
688 1.0582427978515625
689 1.5474317073822021
690 1.14960515499115
691 1.1465272903442383
692 1.1544063091278076
693 1.123625636100769
694 1.3026564121246338
695 1.049511432647705
696 1.2991306781768799
697 1.016349196434021
698 1.2490429878234863
699 1.2757408618927002
700 1.3999230861663818
701 0.9912885427474976
702 1.2016026973724365
703 0.98479163646698
704 1.240536093711853
705 1.2477083206176758
706 1.4324543476104736
707 1.2860171794891357
708 1.2941652536392212
709 0.7188368439674377
710 1.630745530128479
711 1.1759790182113647
712 1.4545446634292603
713 1.0689735412597656
714 1.3739142417907715
715 1.0664899349212646
716 1.1305328607559204
717 1.1726775169372559
718 1.4037425518035889
719 0.823514461517334
720 0.9808629751205444
721 1.0677639245986938
722 0.7691178321838379
723 0.7357689738273621
724 0.9315046668052673
725 1.2181544303894043
726 1.0990018844604492
727 1.0225943326950073
728 1.2579177618026733
729 1.0458205938339233
730 1.4740930795669556
731 1.1001313924789429
732 1.1331783533096313
733 1.1651220321655273
734 1.185694932937622
735 1.0306744575500488
736 1.0946694612503052
737 1.2905398607254028
738 1.414113163948059
739 1.5468053817749023
740 1.7973254919052124
741 1.530339002609253
742 1.4072188138961792
743 1.5091074705123901
744 1.4874744415283203
745 1.565537452697754
746 1.5496280193328857
747 1.5034538507461548
748 1.5192745923995972
749 1.904026985168457
750 1.8531725406646729
751 1.7072129249572754
752 0.9789915084838867
753 0.8195818066596985
754 1.2823619842529297
755 1.135802149772644
756 1.0120004415512085
757 0.9513665437698364
758 1.258721113204956
759 1.327622652053833
760 1.5588151216506958
761 0.6995628476142883
762 1.2535284757614136
763 1.1204661130905151
764 1.3063942193984985
765 1.4266756772994995
766 0.9319495558738708
767 1.3361337184906006
768 1.6779861450195313
769 1.0064423084259033
770 1.1428344249725342
771 1.8431426286697388
772 1.2397711277008057
773 1.4064010381698608
774 1.5220197439193726
775 0.973299503326416
776 1.512763500213623
777 1.3963508605957031
778 1.1421808004379272
779 1.6002681255340576
780 1.33452308177948
781 1.59295654296875
782 1.0801256895065308
783 1.5341260433197021
784 1.082627534866333
785 1.1413859128952026
786 1.4708057641983032
787 1.4120581150054932
788 1.4653327465057373
789 1.3912653923034668
790 1.502807855606079
791 1.17864191532135
792 1.169028401374817
793 1.2739304304122925
794 1.0487195253372192
795 1.3899154663085938
796 1.1493600606918335
797 1.3982270956039429
798 1.035807490348816
799 1.0513689517974854
800 1.040152907371521
801 1.2690129280090332
802 0.8123683333396912
803 1.112377405166626
804 1.1215862035751343
805 1.1160507202148438
806 0.9172253608703613
807 0.7062237858772278
808 0.49188756942749023
809 1.1268551349639893
810 1.442897915840149
811 1.0765899419784546
812 1.232772707939148
813 1.4682255983352661
814 1.09839928150177
815 0.9341603517532349
816 0.780057430267334
817 0.8348153233528137
818 1.1421929597854614
819 0.7463275194168091
820 1.0714768171310425
821 0.9854702949523926
822 1.0238837003707886
823 1.2884936332702637
824 1.5232620239257813
825 0.9459449052810669
826 1.1450090408325195
827 1.3282326459884644
828 1.0345937013626099
829 1.1626938581466675
830 1.3631088733673096
831 1.6232949495315552
832 1.476710557937622
833 1.2841742038726807
834 1.3113594055175781
835 0.9937933087348938
836 1.0748296976089478
837 0.8947681188583374
838 0.91620934009552
839 0.9594893455505371
840 1.345359444618225
841 1.0699779987335205
842 1.3175846338272095
843 1.1007064580917358
844 1.0783017873764038
845 1.1662602424621582
846 1.1953717470169067
847 1.2155632972717285
848 1.1382547616958618
849 1.1771328449249268
850 0.8683015704154968
851 0.9490514397621155
852 1.321329951286316
853 1.175147533416748
854 1.2328946590423584
855 1.155869960784912
856 1.1618599891662598
857 1.139493465423584
858 1.155306339263916
859 1.460178256034851
860 1.292012095451355
861 1.3291689157485962
862 1.2844234704971313
863 1.2174574136734009
864 1.391497015953064
865 1.2922195196151733
866 1.4536120891571045
867 1.647098422050476
868 1.4211993217468262
869 1.5720289945602417
870 1.701114296913147
871 1.273110270500183
872 1.3765435218811035
873 1.2251734733581543
874 1.0396015644073486
875 0.9054346084594727
876 0.8468616008758545
877 0.8957492113113403
878 0.8642599582672119
879 1.0336534976959229
880 1.0281033515930176
881 1.627722978591919
882 0.8220468163490295
883 1.0743460655212402
884 1.3381412029266357
885 1.1621809005737305
886 1.201388955116272
887 1.5402225255966187
888 1.5668834447860718
889 1.7169462442398071
890 1.4751447439193726
891 1.9241255521774292
892 1.4472404718399048
893 1.3410409688949585
894 1.3100285530090332
895 1.0845681428909302
896 1.0872411727905273
897 1.4858481884002686
898 1.3836445808410645
899 1.5329467058181763
900 1.3565512895584106
901 1.1373317241668701
902 1.2397822141647339
903 1.3432700634002686
904 1.7277462482452393
905 1.6116375923156738
906 1.0518264770507813
907 1.4654561281204224
908 1.472697377204895
909 1.055888056755066
910 1.2000974416732788
911 1.1382365226745605
912 1.388939380645752
913 1.0157270431518555
914 1.2508577108383179
915 0.963146448135376
916 1.2973175048828125
917 1.530495524406433
918 1.412244200706482
919 1.4574888944625854
920 1.241611361503601
921 1.5478980541229248
922 1.4845163822174072
923 1.1837995052337646
924 1.4952278137207031
925 1.2181576490402222
926 1.2854007482528687
927 1.1591870784759521
928 1.3764783143997192
929 1.1831998825073242
930 1.157010555267334
931 1.3159936666488647
932 0.7860320210456848
933 1.1701353788375854
934 1.242862343788147
935 1.1887270212173462
936 1.280875325202942
937 1.0341715812683105
938 1.4978419542312622
939 1.1330479383468628
940 1.3019369840621948
941 1.2420991659164429
942 1.514216661453247
943 1.3150074481964111
944 1.308585286140442
945 1.5565853118896484
946 1.4198163747787476
947 1.2356795072555542
948 1.5266720056533813
949 1.3532530069351196
950 1.3349056243896484
951 1.4713177680969238
952 0.9159836173057556
953 1.2896026372909546
954 1.166577696800232
955 1.2719264030456543
956 0.7516090869903564
957 1.21562659740448
958 1.2953732013702393
959 1.4778245687484741
960 1.16999351978302
961 1.2105954885482788
962 1.2981492280960083
963 1.6465355157852173
964 1.7206774950027466
965 1.383549690246582
966 1.407826542854309
967 1.7124943733215332
968 1.9407676458358765
969 2.3554139137268066
970 1.379430890083313
971 1.922036051750183
972 1.9621986150741577
973 1.9976553916931152
974 1.8660134077072144
975 1.877604603767395
976 2.024817943572998
977 1.5455186367034912
978 1.5550869703292847
979 1.817539095878601
980 1.4414541721343994
981 1.536199927330017
982 1.3955053091049194
983 1.0803852081298828
984 1.6544833183288574
985 1.2002874612808228
986 1.3247673511505127
987 1.5300451517105103
988 1.10447359085083
989 1.2140508890151978
990 1.4197534322738647
991 1.4913294315338135
992 1.3184493780136108
993 1.0713601112365723
994 1.4608441591262817
995 1.5926908254623413
996 1.4312957525253296
997 1.202493667602539
998 1.6984647512435913
999 1.1061874628067017
1000 1.5922532081604004
1001 1.4348677396774292
1002 1.7242419719696045
1003 1.6111122369766235
1004 1.2892603874206543
1005 1.2797045707702637
1006 1.220702052116394
1007 1.2606459856033325
1008 1.1849735975265503
1009 1.137434482574463
1010 0.9458556771278381
1011 1.0947715044021606
1012 1.2555304765701294
1013 1.1890612840652466
1014 1.2654057741165161
1015 1.1498386859893799
1016 1.0013216733932495
1017 1.1581454277038574
1018 1.225899577140808
1019 1.2506520748138428
1020 0.9849680662155151
1021 1.2101601362228394
1022 1.0052536725997925
1023 0.8604978919029236
1024 0.9149652719497681
1025 0.8525533676147461
1026 0.8764148354530334
1027 1.0035465955734253
1028 1.0739142894744873
1029 0.9941235780715942
1030 1.015441656112671
1031 1.2770518064498901
1032 1.489526391029358
1033 1.0807526111602783
1034 1.332116723060608
1035 1.1169339418411255
1036 1.033118486404419
1037 1.001059889793396
1038 1.2286330461502075
1039 1.4570902585983276
1040 1.4320588111877441
1041 1.1579296588897705
1042 1.232343316078186
1043 1.024839162826538
1044 1.2133368253707886
1045 0.8247023224830627
1046 0.9784069061279297
1047 0.918268620967865
1048 1.102361798286438
1049 0.9406078457832336
1050 1.2508858442306519
1051 1.246122121810913
1052 1.3295873403549194
1053 0.9943605065345764
1054 1.2663097381591797
1055 1.2857277393341064
1056 1.2583105564117432
1057 1.5008065700531006
1058 1.5049264430999756
1059 1.6387031078338623
1060 1.4644724130630493
1061 1.4267936944961548
1062 1.0798749923706055
1063 0.9117499589920044
1064 1.1347585916519165
1065 1.1088181734085083
1066 1.0446730852127075
1067 1.371969223022461
1068 1.6125801801681519
1069 1.6946861743927002
1070 1.3192973136901855
1071 1.5343458652496338
1072 1.5050511360168457
1073 1.6108229160308838
1074 1.6356765031814575
1075 1.3897747993469238
1076 1.1122089624404907
1077 1.1106581687927246
1078 1.0514469146728516
1079 1.3610117435455322
1080 1.3360527753829956
1081 1.2365553379058838
1082 1.1944869756698608
1083 1.574883222579956
1084 1.6322414875030518
1085 1.3144179582595825
1086 1.57982337474823
1087 1.477397084236145
1088 1.504082441329956
1089 1.66800057888031
1090 1.3231837749481201
1091 1.6038602590560913
1092 1.296264410018921
1093 1.786813735961914
1094 1.6921583414077759
1095 1.567556619644165
1096 1.7671854496002197
1097 1.5490760803222656
1098 1.529930830001831
1099 1.7981712818145752
1100 1.3679661750793457
1101 1.7175109386444092
1102 1.4424858093261719
1103 1.8681024312973022
1104 1.7664977312088013
1105 1.622649073600769
1106 1.7097184658050537
1107 1.8444157838821411
1108 1.520973563194275
1109 1.6937068700790405
1110 1.7337219715118408
1111 1.943178415298462
1112 1.6026026010513306
1113 1.5129320621490479
1114 1.7471017837524414
1115 2.0349504947662354
1116 1.8709559440612793
1117 1.3173856735229492
1118 1.7146424055099487
1119 1.1013256311416626
1120 1.4011361598968506
1121 1.4103431701660156
1122 1.4818426370620728
1123 1.5811673402786255
1124 1.561801552772522
1125 1.6711710691452026
1126 1.5569804906845093
1127 1.4999620914459229
1128 0.9995061159133911
1129 1.569779634475708
1130 1.2555458545684814
1131 1.1301448345184326
1132 1.4631704092025757
1133 1.4833658933639526
1134 1.2450225353240967
1135 1.313746452331543
1136 1.1265041828155518
1137 1.0713450908660889
1138 1.4444231986999512
1139 0.9540178775787354
1140 0.9072738289833069
1141 0.901077151298523
1142 0.6619070768356323
1143 0.8990581035614014
1144 0.922417163848877
1145 0.8165295720100403
1146 0.7113275527954102
1147 0.8945698142051697
1148 1.0843969583511353
1149 1.454376220703125
1150 0.8797369599342346
1151 1.0234718322753906
1152 1.237919569015503
1153 0.9909205436706543
1154 1.1860376596450806
1155 0.9701245427131653
1156 1.4198119640350342
1157 0.968315601348877
1158 1.2775951623916626
1159 1.2147258520126343
1160 1.3845021724700928
1161 1.3313372135162354
1162 1.1629986763000488
1163 1.3176759481430054
1164 1.1493585109710693
1165 1.2670619487762451
1166 1.613918423652649
1167 1.3534191846847534
1168 1.3785274028778076
1169 1.239453673362732
1170 1.4892977476119995
1171 1.1302506923675537
1172 1.2830203771591187
1173 1.223920464515686
1174 1.7368074655532837
1175 1.5681041479110718
1176 1.6348087787628174
1177 1.2972038984298706
1178 1.7071480751037598
1179 1.426543951034546
1180 1.5927377939224243
1181 1.1748546361923218
1182 1.6169209480285645
1183 1.6909794807434082
1184 1.812023639678955
1185 1.4513756036758423
1186 1.828194499015808
1187 1.507534384727478
1188 1.8256160020828247
1189 1.5211896896362305
1190 1.4882631301879883
1191 1.682547926902771
1192 2.177126407623291
1193 1.652435541152954
1194 1.817668080329895
1195 1.60683012008667
1196 1.4781981706619263
1197 1.5387141704559326
1198 1.361655354499817
1199 1.2561677694320679
1200 1.211746335029602
1201 1.1040189266204834
1202 1.2688344717025757
1203 1.2530162334442139
1204 1.4649550914764404
1205 1.889100193977356
1206 1.7325855493545532
1207 1.6534667015075684
1208 1.7037768363952637
1209 1.4300165176391602
1210 1.6182678937911987
1211 1.3913832902908325
1212 1.4537615776062012
1213 1.5957952737808228
1214 1.4118971824645996
1215 1.550849437713623
1216 1.6824194192886353
1217 1.7006903886795044
1218 1.1561509370803833
1219 1.4198068380355835
1220 1.3931357860565186
1221 1.424588918685913
1222 1.6818273067474365
1223 1.1594791412353516
1224 1.0575798749923706
1225 1.0565186738967896
1226 0.9941430687904358
1227 1.3535223007202148
1228 1.231975793838501
1229 1.1214962005615234
1230 1.5836753845214844
1231 0.9851030707359314
1232 1.377992033958435
1233 1.4709663391113281
1234 1.3842452764511108
1235 1.4921680688858032
1236 1.924848198890686
1237 1.1448506116867065
1238 1.4216535091400146
1239 1.2936053276062012
1240 1.4487810134887695
1241 1.3076757192611694
1242 1.219994068145752
1243 1.298285961151123
1244 1.3988063335418701
1245 1.179793119430542
1246 1.375892162322998
1247 1.3510289192199707
1248 1.1886858940124512
1249 1.2879453897476196
1250 1.5323818922042847
1251 1.5230635404586792
1252 1.245543122291565
1253 1.044734001159668
1254 0.9979453682899475
1255 1.3285467624664307
1256 1.1903388500213623
1257 1.351210594177246
1258 1.3943804502487183
1259 1.2218927145004272
1260 1.478391170501709
1261 1.237324833869934
1262 1.486095666885376
1263 1.1387640237808228
1264 1.269562005996704
1265 1.1455812454223633
1266 1.2737926244735718
1267 1.1166341304779053
1268 1.0457360744476318
1269 1.0127995014190674
1270 0.7500386834144592
1271 1.1465959548950195
1272 0.9825300574302673
1273 1.0467005968093872
1274 1.155780553817749
1275 1.2763835191726685
1276 1.106711983680725
1277 0.9535444974899292
1278 1.1350184679031372
1279 1.405312418937683
1280 0.9943187236785889
1281 1.4688271284103394
1282 1.3526602983474731
1283 1.4606842994689941
1284 1.2466297149658203
1285 1.2810178995132446
1286 0.922398567199707
1287 1.469972014427185
1288 1.359117865562439
1289 1.280812382698059
1290 1.2659410238265991
1291 1.2156187295913696
1292 1.6543172597885132
1293 1.3939412832260132
1294 1.4728007316589355
1295 1.175032138824463
1296 1.3249188661575317
1297 0.7886699438095093
1298 1.3184452056884766
1299 1.5087714195251465
1300 1.3501108884811401
1301 1.2028799057006836
1302 1.1393351554870605
1303 1.1015448570251465
1304 1.1207369565963745
1305 1.3196834325790405
1306 1.1677287817001343
1307 1.0831602811813354
1308 1.1408958435058594
1309 1.0779914855957031
1310 1.1485719680786133
1311 0.9915880560874939
1312 1.0999133586883545
1313 0.967519223690033
1314 1.1315231323242188
1315 1.2281655073165894
1316 1.6785390377044678
1317 1.137790560722351
1318 1.2537124156951904
1319 1.2070266008377075
1320 0.9157925248146057
1321 1.3078628778457642
1322 0.8019357919692993
1323 1.051037311553955
1324 0.7423680424690247
1325 1.235599398612976
1326 1.2190258502960205
1327 1.0191633701324463
1328 1.0594117641448975
1329 1.1909254789352417
1330 1.2917842864990234
1331 1.5911449193954468
1332 1.2446693181991577
1333 1.364821434020996
1334 1.4655195474624634
1335 0.9405419826507568
1336 1.750307321548462
1337 1.4695160388946533
1338 1.0843158960342407
1339 1.5997182130813599
1340 1.4188575744628906
1341 1.3572286367416382
1342 1.072746992111206
1343 1.2202401161193848
1344 1.2424935102462769
1345 1.5964157581329346
1346 1.1604855060577393
1347 1.1981793642044067
1348 1.2157524824142456
1349 1.0055662393569946
1350 1.373183250427246
1351 1.4260815382003784
1352 1.4426906108856201
1353 1.2933145761489868
1354 1.38315749168396
1355 1.7170387506484985
1356 0.8673810362815857
1357 0.930363118648529
1358 0.9309731721878052
1359 1.0989453792572021
1360 0.9963706731796265
1361 1.2048813104629517
1362 1.1093618869781494
1363 0.9879764914512634
1364 0.9843606948852539
1365 1.0686280727386475
1366 1.6961138248443604
1367 1.3404558897018433
1368 0.9699086546897888
1369 1.1196680068969727
1370 1.2829606533050537
1371 1.0850409269332886
1372 1.3118553161621094
1373 1.4625566005706787
1374 1.5044033527374268
1375 1.4137978553771973
1376 1.4244439601898193
1377 1.249757170677185
1378 1.0613077878952026
1379 1.0801546573638916
1380 0.9781131744384766
1381 1.0606539249420166
1382 0.8554078340530396
1383 1.0421600341796875
1384 0.8583096265792847
1385 1.1602946519851685
1386 1.255855917930603
1387 0.9661074280738831
1388 0.9392193555831909
1389 0.8071056604385376
1390 0.5710217356681824
1391 0.5266507267951965
1392 0.5249065160751343
1393 1.1123439073562622
1394 0.7748827338218689
1395 0.8449686765670776
1396 0.825022280216217
1397 0.6852787733078003
1398 0.9852048754692078
1399 1.1331218481063843
1400 1.0327280759811401
1401 1.125612735748291
1402 1.1632462739944458
1403 1.3092528581619263
1404 1.102993130683899
1405 0.9434303045272827
1406 0.890097439289093
1407 0.7883978486061096
1408 0.748607873916626
1409 1.0219652652740479
1410 1.0037921667099
1411 0.8752406239509583
1412 0.8582120537757874
1413 1.1046018600463867
1414 1.0744423866271973
1415 1.04487943649292
1416 0.937946081161499
1417 0.7981655597686768
1418 1.0125253200531006
1419 1.154229998588562
1420 1.0196459293365479
1421 1.0538007020950317
1422 0.9589167833328247
1423 1.1466275453567505
1424 1.1199911832809448
1425 0.8538369536399841
1426 0.7509946227073669
1427 1.090040683746338
1428 0.8143446445465088
1429 1.0048108100891113
1430 1.0698981285095215
1431 1.0519009828567505
1432 1.1073390245437622
1433 1.0692193508148193
1434 1.1303551197052002
1435 1.2445969581604004
1436 1.1399728059768677
1437 0.8622234463691711
1438 1.0218065977096558
1439 0.9754323959350586
1440 0.8123055100440979
1441 0.8255775570869446
1442 1.1859498023986816
1443 1.058403730392456
1444 1.142999291419983
1445 1.2232426404953003
1446 1.183681607246399
1447 1.0819889307022095
1448 1.1437960863113403
1449 0.9025786519050598
1450 1.1121857166290283
1451 1.2359997034072876
1452 0.8679126501083374
1453 1.1378768682479858
1454 1.1529426574707031
1455 0.6680521368980408
1456 0.8570009469985962
1457 0.6649636030197144
1458 0.9110038876533508
1459 0.8436957001686096
1460 0.7080326676368713
1461 0.6867014169692993
1462 0.8635901808738708
1463 0.7187793254852295
1464 0.8984434008598328
1465 1.0744891166687012
1466 0.7726004719734192
1467 1.1115752458572388
1468 0.9438919425010681
1469 1.1042793989181519
1470 1.0139038562774658
1471 0.7529994249343872
1472 1.3909454345703125
1473 1.0700098276138306
1474 0.9009668827056885
1475 0.7558106780052185
1476 0.4679388105869293
1477 0.8515548706054688
1478 1.08744478225708
1479 0.9469631314277649
1480 0.9380850195884705
1481 0.9713925123214722
1482 0.9569553732872009
1483 0.9848793148994446
1484 1.0137550830841064
1485 1.0878627300262451
1486 0.8201441168785095
1487 1.145538568496704
1488 0.9107640981674194
1489 0.7766551375389099
1490 0.6535236835479736
1491 0.6336106657981873
1492 0.6515620946884155
1493 0.8706946969032288
1494 1.1276642084121704
1495 0.876407265663147
1496 0.9780828356742859
1497 1.0734760761260986
1498 0.75169438123703
1499 0.8843047618865967
1500 1.0160131454467773
1501 0.585249662399292
1502 0.6382455825805664
1503 0.7560520172119141
1504 0.992985725402832
1505 0.7333927750587463
1506 1.0112124681472778
1507 0.7887349128723145
1508 1.0017056465148926
1509 0.882792055606842
1510 0.7726197838783264
1511 0.6034451723098755
1512 0.8749244809150696
1513 0.798716127872467
1514 0.9584882259368896
1515 0.8497536778450012
1516 1.0890648365020752
1517 0.8516778349876404
1518 0.9701056480407715
1519 0.8682361245155334
1520 1.0829126834869385
1521 0.8258869647979736
1522 1.0930768251419067
1523 1.064215064048767
1524 0.943365752696991
1525 0.9108142852783203
1526 0.9086736440658569
1527 1.2028189897537231
1528 1.0048730373382568
1529 0.9368268847465515
1530 1.0782489776611328
1531 0.8825935125350952
1532 0.9051586389541626
1533 0.9918448328971863
1534 0.9870325326919556
1535 1.0932108163833618
1536 1.0295348167419434
1537 0.9368745684623718
1538 0.8374454975128174
1539 0.9094603061676025
1540 0.8138759732246399
1541 0.6807137727737427
1542 0.7864059805870056
1543 0.8078792691230774
1544 0.8586872816085815
1545 0.9487205147743225
1546 1.0699456930160522
1547 1.276668906211853
1548 1.222827434539795
1549 1.3956298828125
1550 1.2343190908432007
1551 1.073968529701233
1552 1.097714900970459
1553 1.0355041027069092
1554 1.2518892288208008
1555 0.533861517906189
1556 1.1868761777877808
1557 1.3489688634872437
1558 1.109012246131897
1559 1.096198558807373
1560 1.2238574028015137
1561 0.9847530126571655
1562 1.0883766412734985
1563 1.225658655166626
1564 1.007548451423645
1565 0.6947740316390991
1566 1.0729073286056519
1567 1.0248135328292847
1568 0.9232574105262756
1569 0.8847483396530151
1570 0.8594219088554382
1571 1.0731403827667236
1572 0.8764305114746094
1573 1.0032309293746948
1574 0.9943442344665527
1575 1.005828619003296
1576 1.0171284675598145
1577 1.3984129428863525
1578 0.8762675523757935
1579 0.8108999729156494
1580 1.0646381378173828
1581 0.8688451051712036
1582 1.1191825866699219
1583 1.275792121887207
1584 0.9832097887992859
1585 0.9436415433883667
1586 0.7177034020423889
1587 1.1621601581573486
1588 1.039429783821106
1589 0.9868394732475281
1590 1.2833566665649414
1591 1.8547158241271973
1592 1.255136251449585
1593 0.7514791488647461
1594 1.4473215341567993
1595 1.3079988956451416
1596 1.495750069618225
1597 1.1958824396133423
1598 1.0171297788619995
1599 1.3969922065734863
1600 1.275624394416809
1601 1.126875638961792
1602 1.4721466302871704
1603 1.2631895542144775
1604 1.0126477479934692
1605 0.8956936001777649
1606 1.0562970638275146
1607 1.027807354927063
1608 0.9462926983833313
1609 1.24909245967865
1610 0.8752775192260742
1611 0.7187365889549255
1612 0.7787824869155884
1613 0.9240978360176086
1614 0.7989608645439148
1615 1.3106648921966553
1616 1.5317686796188354
1617 0.8827033638954163
1618 1.199141263961792
1619 0.9945637583732605
1620 1.1966712474822998
1621 1.3185007572174072
1622 1.0312457084655762
1623 0.9279651641845703
1624 0.9698851704597473
1625 1.3274224996566772
1626 1.3833465576171875
1627 1.7178958654403687
1628 1.1341133117675781
1629 1.2405813932418823
1630 1.1242820024490356
1631 0.7737536430358887
1632 1.0073705911636353
1633 1.1398651599884033
1634 1.2706447839736938
1635 1.0918961763381958
1636 1.0400325059890747
1637 1.0793803930282593
1638 1.3135327100753784
1639 1.535292387008667
1640 1.182928442955017
1641 1.1218866109848022
1642 0.984276294708252
1643 1.1133222579956055
1644 0.8181699514389038
1645 1.3956221342086792
1646 1.1665512323379517
1647 1.078487753868103
1648 1.3543155193328857
1649 1.4220194816589355
1650 1.0745600461959839
1651 0.9396228790283203
1652 1.100736141204834
1653 1.0391311645507813
1654 0.9116482734680176
1655 1.06903076171875
1656 1.0510412454605103
1657 0.8360432982444763
1658 1.3394016027450562
1659 1.5046701431274414
1660 1.3680126667022705
1661 1.1888195276260376
1662 1.7461177110671997
1663 1.0972291231155396
1664 0.8087893128395081
1665 1.1251953840255737
1666 0.9692087173461914
1667 0.9257232546806335
1668 1.0038927793502808
1669 1.2013057470321655
1670 1.0971558094024658
1671 1.0807418823242188
1672 1.1101436614990234
1673 1.1232738494873047
1674 1.1974672079086304
1675 1.2155678272247314
1676 1.2269508838653564
1677 0.9673689007759094
1678 1.011343240737915
1679 0.8384127020835876
1680 0.806019127368927
1681 1.1980700492858887
1682 1.2011266946792603
1683 1.2131311893463135
1684 0.9479353427886963
1685 1.4781252145767212
1686 1.3126306533813477
1687 1.1993671655654907
1688 0.9289129972457886
1689 0.9457317590713501
1690 0.8015057444572449
1691 1.0798900127410889
1692 1.277852177619934
1693 0.929550051689148
1694 0.9625334739685059
1695 1.1784855127334595
1696 1.214652180671692
1697 0.9462198615074158
1698 1.0905903577804565
1699 0.8247432112693787
1700 0.8516829609870911
1701 1.044538140296936
1702 1.0482641458511353
1703 0.8156231641769409
1704 1.095597743988037
1705 1.2957717180252075
1706 1.006380558013916
1707 1.3493871688842773
1708 0.8012951612472534
1709 1.0232515335083008
1710 1.2596402168273926
1711 1.038403868675232
1712 0.9574616551399231
1713 0.9114508032798767
1714 0.923450767993927
1715 1.206296682357788
1716 1.0599225759506226
1717 1.266073226928711
1718 1.0703461170196533
1719 1.0631766319274902
1720 1.3327946662902832
1721 1.4024810791015625
1722 1.4629113674163818
1723 1.1596753597259521
1724 1.1000089645385742
1725 0.8164859414100647
1726 1.2178689241409302
1727 0.9739983677864075
1728 1.037661075592041
1729 0.9419177770614624
1730 1.1489711999893188
1731 0.93044114112854
1732 1.117017388343811
1733 1.174741268157959
1734 1.3474971055984497
1735 1.149307131767273
1736 1.0288574695587158
1737 0.8773289918899536
1738 1.0408176183700562
1739 0.8621717691421509
1740 0.8823034167289734
1741 0.9884097576141357
1742 1.409301519393921
1743 1.0605225563049316
1744 0.7856960296630859
1745 1.428379774093628
1746 0.8833444714546204
1747 1.0695695877075195
1748 0.9894090890884399
1749 0.9463326334953308
1750 1.1582167148590088
1751 1.2030863761901855
1752 1.2370760440826416
1753 0.8061494827270508
1754 0.9427100419998169
1755 1.118419885635376
1756 1.4963009357452393
1757 1.3611946105957031
1758 1.1873812675476074
1759 1.773341178894043
1760 1.1136081218719482
1761 1.1420032978057861
1762 1.1503703594207764
1763 1.349709153175354
1764 1.4412111043930054
1765 1.2472233772277832
1766 1.367542028427124
1767 1.4136050939559937
1768 1.413204312324524
1769 1.2165625095367432
1770 1.3433616161346436
1771 1.0512824058532715
1772 1.122359037399292
1773 1.309926986694336
1774 1.3149800300598145
1775 1.0273786783218384
1776 1.3008204698562622
1777 0.7572729587554932
1778 0.9616262316703796
1779 0.8102331161499023
1780 1.1068811416625977
1781 0.6859434247016907
1782 0.7201915383338928
1783 0.9503079056739807
1784 0.9347931742668152
1785 0.9069394469261169
1786 1.3905725479125977
1787 1.079807162284851
1788 0.8358336687088013
1789 1.039149522781372
1790 0.6604829430580139
1791 0.6429459452629089
1792 1.1162480115890503
1793 0.633083164691925
1794 0.8062589764595032
1795 0.9514813423156738
1796 0.5509963035583496
1797 1.0533390045166016
1798 0.736669659614563
1799 0.6049619317054749
1800 1.0405480861663818
1801 0.9534587264060974
1802 0.8484350442886353
1803 0.9060695171356201
1804 1.0853166580200195
1805 0.8872198462486267
1806 1.076692819595337
1807 0.6646848320960999
1808 0.9473439455032349
1809 1.0422892570495605
1810 1.2437450885772705
1811 0.9066462516784668
1812 0.9799063205718994
1813 0.7726765871047974
1814 0.8901880383491516
1815 0.9859018325805664
1816 0.5944775938987732
1817 0.6762979626655579
1818 0.918533205986023
1819 1.1610521078109741
1820 0.9020255208015442
1821 0.8008984327316284
1822 1.1318237781524658
1823 1.1360142230987549
1824 1.1858941316604614
1825 0.7785887122154236
1826 1.1952418088912964
1827 1.1322989463806152
1828 0.9839077591896057
1829 1.0376628637313843
1830 1.126613736152649
1831 0.8821861743927002
1832 0.9538003206253052
1833 0.9621972441673279
1834 1.07795250415802
1835 0.86210697889328
1836 1.2738209962844849
1837 1.1614476442337036
1838 0.9305391311645508
1839 1.1316721439361572
1840 1.3720018863677979
1841 1.3535857200622559
1842 1.333686351776123
1843 1.5087742805480957
1844 0.925511360168457
1845 0.8579668402671814
1846 1.235822081565857
1847 1.0769107341766357
1848 1.4355659484863281
1849 1.132053256034851
1850 0.9687183499336243
1851 1.3446502685546875
1852 0.9359069466590881
1853 1.0589174032211304
1854 1.2293274402618408
1855 1.3390969038009644
1856 0.8887356519699097
1857 1.048644781112671
1858 1.1783595085144043
1859 1.1941066980361938
1860 1.4710402488708496
1861 1.3837617635726929
1862 1.1185128688812256
1863 1.4772858619689941
1864 1.4966400861740112
1865 1.23157799243927
1866 1.091558814048767
1867 1.233523964881897
1868 0.8201689720153809
1869 1.4466767311096191
1870 1.4401421546936035
1871 1.1608994007110596
1872 1.0135685205459595
1873 0.9793574213981628
1874 1.2734596729278564
1875 1.253882884979248
1876 1.6180118322372437
1877 0.9346100091934204
1878 1.2185542583465576
1879 0.8684549331665039
1880 0.9861868619918823
1881 1.0220811367034912
1882 0.9953145384788513
1883 1.035987377166748
1884 1.2929456233978271
1885 0.8254939317703247
1886 1.1850309371948242
1887 0.9403592348098755
1888 1.2505977153778076
1889 0.650115430355072
1890 0.9195883274078369
1891 1.1105108261108398
1892 1.0403543710708618
1893 0.8958643078804016
1894 0.7419132590293884
1895 0.6646919846534729
1896 1.0161634683609009
1897 1.0507383346557617
1898 1.0372520685195923
1899 0.9865545034408569
1900 0.8844841718673706
1901 0.9246803522109985
1902 1.2232173681259155
1903 0.972698986530304
1904 1.1898479461669922
1905 1.3154244422912598
1906 0.903997540473938
1907 1.15597665309906
1908 1.0230761766433716
1909 0.9159890413284302
1910 1.2131816148757935
1911 1.2395896911621094
1912 1.604186773300171
1913 1.2375813722610474
1914 1.1740230321884155
1915 1.0235391855239868
1916 1.3256691694259644
1917 1.6467541456222534
1918 1.1762059926986694
1919 1.3095065355300903
1920 0.7321242094039917
1921 0.8141986727714539
1922 1.5290030241012573
1923 1.3765146732330322
1924 0.998288631439209
1925 1.459190845489502
1926 1.1623250246047974
1927 0.9028618335723877
1928 0.7492173910140991
1929 0.8882318735122681
1930 0.9463497400283813
1931 1.028349757194519
1932 1.1144715547561646
1933 0.9041557312011719
1934 1.2448785305023193
1935 1.099074125289917
1936 1.3071515560150146
1937 1.0073118209838867
1938 1.1076663732528687
1939 1.2241010665893555
1940 1.8284331560134888
1941 1.254307508468628
1942 0.95322585105896
1943 1.3586583137512207
1944 1.512664556503296
1945 0.9303253889083862
1946 0.4995836615562439
1947 0.8030019998550415
1948 0.5424641370773315
1949 0.9350408315658569
1950 0.6548490524291992
1951 0.872143566608429
1952 1.5763579607009888
1953 1.1985201835632324
1954 1.1443190574645996
1955 0.7641890048980713
1956 1.2771743535995483
1957 1.2997069358825684
1958 1.261946439743042
1959 1.3017607927322388
1960 1.115720510482788
1961 1.3025730848312378
1962 1.1039108037948608
1963 1.2450263500213623
1964 1.1892739534378052
1965 1.0234748125076294
1966 0.8731216192245483
1967 0.9112986326217651
1968 1.0932332277297974
1969 1.3186378479003906
1970 0.9908822178840637
1971 0.8360977172851563
1972 1.2473433017730713
1973 0.9150959849357605
1974 1.2269701957702637
1975 1.178555965423584
1976 1.5285142660140991
1977 1.0739829540252686
1978 1.1262843608856201
1979 1.4371967315673828
1980 0.977808952331543
1981 1.150736689567566
1982 1.1462407112121582
1983 1.2763426303863525
1984 1.1355113983154297
1985 0.5328776836395264
1986 0.6284982562065125
1987 0.5773003101348877
1988 0.9315845966339111
1989 0.9874579906463623
1990 0.4724942147731781
1991 0.7412099838256836
1992 0.8964592218399048
1993 0.8997088074684143
1994 1.0889617204666138
1995 1.1254076957702637
1996 1.1558747291564941
1997 1.104920744895935
1998 0.8595103025436401
1999 1.3106601238250732
