0 0.0
1 0.22754882276058197
2 0.4374520480632782
3 0.30666065216064453
4 0.7268496751785278
5 0.6148965358734131
6 0.7368409037590027
7 0.5096248388290405
8 0.6439100503921509
9 0.6658634543418884
10 0.6057997941970825
11 0.8305801153182983
12 0.7906534671783447
13 0.782318651676178
14 0.665170431137085
15 0.5423222184181213
16 0.7922891974449158
17 0.6106746792793274
18 0.7570067644119263
19 0.6618491411209106
20 0.45789915323257446
21 0.5412871837615967
22 0.8117985725402832
23 0.5346198678016663
24 0.6673046350479126
25 1.0575448274612427
26 0.8890731334686279
27 0.6705734133720398
28 0.8515183925628662
29 0.43198010325431824
30 0.6978134512901306
31 0.5440102219581604
32 0.5090736150741577
33 0.6111688017845154
34 0.7171237468719482
35 0.4237844944000244
36 0.7039875984191895
37 1.0225452184677124
38 0.8742868304252625
39 0.901831328868866
40 0.7961065173149109
41 0.77406907081604
42 1.0160008668899536
43 0.6119219064712524
44 1.1989037990570068
45 1.129207968711853
46 0.811167299747467
47 1.0071836709976196
48 0.437114953994751
49 0.9573236107826233
50 1.1510369777679443
51 1.2076555490493774
52 1.0537797212600708
53 1.2659945487976074
54 0.813966691493988
55 1.0151373147964478
56 0.8690890073776245
57 1.0228592157363892
58 0.6977618932723999
59 0.8389541506767273
60 0.3344261348247528
61 0.5525116920471191
62 0.898655354976654
63 0.7422406077384949
64 0.5480444431304932
65 0.8725301027297974
66 0.5842159986495972
67 0.8445083498954773
68 0.5189727544784546
69 0.5160899758338928
70 0.6499873995780945
71 0.5233345627784729
72 0.33725762367248535
73 0.38398703932762146
74 0.7627297043800354
75 0.7816289067268372
76 0.5986467599868774
77 0.8761427998542786
78 0.43950143456459045
79 0.8247153162956238
80 0.7059392929077148
81 0.9017914533615112
82 0.5015594363212585
83 0.8260433673858643
84 1.0633220672607422
85 1.0453404188156128
86 0.501765787601471
87 0.5699520111083984
88 0.6116757392883301
89 0.9410004615783691
90 1.0681381225585938
91 0.9675893783569336
92 0.8697220683097839
93 0.8461157083511353
94 0.8476781249046326
95 0.6748558878898621
96 0.7214370965957642
97 0.7284386157989502
98 1.4658305644989014
99 1.269453525543213
100 0.760845422744751
101 1.6403104066848755
102 1.6502373218536377
103 1.3074215650558472
104 1.0840510129928589
105 1.6361867189407349
106 1.2758145332336426
107 0.717434823513031
108 0.8014814853668213
109 1.3861474990844727
110 0.7402994632720947
111 1.2033334970474243
112 0.9471582770347595
113 1.0724705457687378
114 0.973090648651123
115 0.6730501651763916
116 0.5686346888542175
117 0.5491234064102173
118 0.9246165156364441
119 0.5746113657951355
120 0.9016157388687134
121 0.8516390323638916
122 0.8312763571739197
123 0.5369426012039185
124 0.5996553301811218
125 0.808353841304779
126 0.7437165975570679
127 0.9174929261207581
128 0.7878530025482178
129 0.693013072013855
130 0.7226492166519165
131 0.5360402464866638
132 0.4772217869758606
133 0.929161548614502
134 0.8663358688354492
135 0.3413572311401367
136 0.7996613383293152
137 0.3685021698474884
138 0.561359167098999
139 0.5678089261054993
140 1.1048370599746704
141 0.6333718299865723
142 0.942582368850708
143 0.828197717666626
144 0.5926162600517273
145 0.7300300598144531
146 0.8876304626464844
147 1.1290885210037231
148 0.8345795273780823
149 0.8329782485961914
150 1.0876485109329224
151 1.0651448965072632
152 1.0985218286514282
153 0.9245911240577698
154 1.2127066850662231
155 1.0091071128845215
156 1.0159157514572144
157 0.9977226853370667
158 1.0258513689041138
159 1.16575288772583
160 0.9845235347747803
161 1.008928656578064
162 1.2309808731079102
163 1.096627950668335
164 1.1630570888519287
165 1.379701852798462
166 1.2803899049758911
167 1.392506718635559
168 1.0708014965057373
169 1.0397508144378662
170 0.8902865052223206
171 1.2172590494155884
172 1.3555351495742798
173 1.4199419021606445
174 1.2742438316345215
175 0.8679261803627014
176 1.1288872957229614
177 1.117614984512329
178 1.6742342710494995
179 1.4274064302444458
180 1.8233332633972168
181 1.1873012781143188
182 1.3673841953277588
183 1.2007105350494385
184 0.8354060649871826
185 1.090331792831421
186 1.284112572669983
187 1.0069531202316284
188 1.024407148361206
189 1.2798044681549072
190 0.8665210008621216
191 0.8921862840652466
192 0.8134013414382935
193 1.1254031658172607
194 0.9731426239013672
195 1.2012981176376343
196 1.1406196355819702
197 0.8732262849807739
198 1.095986008644104
199 0.8440619111061096
200 1.4270575046539307
201 1.291750431060791
202 1.5585296154022217
203 1.1518856287002563
204 0.9406512975692749
205 0.8147172331809998
206 0.748419463634491
207 0.8837695121765137
208 0.8445684909820557
209 0.6977981328964233
210 0.7563380599021912
211 0.9130726456642151
212 1.032389521598816
213 0.9063549041748047
214 0.9514933824539185
215 0.6533483862876892
216 0.8481177687644958
217 0.9589884281158447
218 0.6972097754478455
219 0.9145341515541077
220 0.7959405779838562
221 0.7122419476509094
222 1.0422205924987793
223 1.1001040935516357
224 0.6182413101196289
225 0.9129496812820435
226 1.0579959154129028
227 1.0171276330947876
228 0.9106354117393494
229 0.7333115339279175
230 0.9132958650588989
231 0.9384623765945435
232 0.7343977689743042
233 1.008344054222107
234 1.0723772048950195
235 0.6733285188674927
236 1.0463175773620605
237 1.129622459411621
238 1.2798658609390259
239 0.8023133873939514
240 0.6709473133087158
241 0.90058434009552
242 0.6806937456130981
243 0.7309728860855103
244 0.8180962800979614
245 0.9670680165290833
246 0.9252102971076965
247 1.3563929796218872
248 1.304131031036377
249 0.7252712249755859
250 1.1042759418487549
251 0.730546772480011
252 0.8261002898216248
253 1.0210435390472412
254 1.1122736930847168
255 1.029447317123413
256 0.9624534845352173
257 1.367722749710083
258 0.9742974638938904
259 1.1841027736663818
260 1.0666860342025757
261 0.976638674736023
262 0.6601817607879639
263 1.3217790126800537
264 0.9243417382240295
265 0.9155199527740479
266 0.9628663063049316
267 1.3172764778137207
268 1.26570725440979
269 1.295672059059143
270 1.1367794275283813
271 1.0979554653167725
272 0.8739102482795715
273 0.9841043949127197
274 1.160996913909912
275 1.498998999595642
276 0.8075454235076904
277 1.0963820219039917
278 0.9464836120605469
279 1.0143367052078247
280 0.7326821088790894
281 0.9545785188674927
282 1.3367795944213867
283 1.2261112928390503
284 0.84816575050354
285 1.1970990896224976
286 1.0576775074005127
287 0.8422151803970337
288 0.9406768083572388
289 1.0297616720199585
290 0.8354268074035645
291 1.294890284538269
292 1.1867566108703613
293 0.8859795928001404
294 1.014520525932312
295 1.070080041885376
296 1.205083966255188
297 1.1799989938735962
298 1.0313762426376343
299 1.0247983932495117
300 0.9727339744567871
301 1.3778715133666992
302 1.3456273078918457
303 1.0593057870864868
304 1.3255616426467896
305 1.4438321590423584
306 1.4455333948135376
307 1.2161166667938232
308 1.4079211950302124
309 1.0384968519210815
310 1.3341856002807617
311 1.3304072618484497
312 1.3394631147384644
313 0.9885364174842834
314 1.1530530452728271
315 0.9290582537651062
316 1.3740261793136597
317 1.5253393650054932
318 1.3809174299240112
319 0.9838383197784424
320 1.2990306615829468
321 1.6593546867370605
322 1.5940786600112915
323 1.5579915046691895
324 1.314789056777954
325 1.345903754234314
326 1.649594783782959
327 1.5287810564041138
328 1.7125157117843628
329 1.3105745315551758
330 1.5340745449066162
331 1.4671498537063599
332 1.7788331508636475
333 1.745951771736145
334 1.0435378551483154
335 1.613511085510254
336 1.1766694784164429
337 1.619022250175476
338 1.7530570030212402
339 1.4796538352966309
340 1.3190191984176636
341 1.5183823108673096
342 1.2164287567138672
343 1.4706069231033325
344 1.4255948066711426
345 1.1537647247314453
346 1.1295130252838135
347 1.361826777458191
348 1.2648857831954956
349 1.2971997261047363
350 1.5562652349472046
351 1.4820873737335205
352 0.9852079153060913
353 1.1444976329803467
354 1.0461381673812866
355 1.0296159982681274
356 0.8678077459335327
357 0.9037765264511108
358 1.2684998512268066
359 1.1997181177139282
360 0.9827407002449036
361 0.761142909526825
362 0.9372750520706177
363 1.0931390523910522
364 1.2027267217636108
365 0.8681260943412781
366 1.1231263875961304
367 1.0982168912887573
368 1.3077914714813232
369 1.5133556127548218
370 0.8779263496398926
371 0.694588840007782
372 0.5800814032554626
373 0.6099060773849487
374 0.8136363625526428
375 1.1575528383255005
376 1.4916293621063232
377 1.5933589935302734
378 1.8583687543869019
379 1.41471266746521
380 1.730610728263855
381 1.2111462354660034
382 1.315011978149414
383 1.06977117061615
384 0.9960300922393799
385 0.9077215194702148
386 0.8416187763214111
387 0.9134565591812134
388 0.8948222398757935
389 0.6511916518211365
390 1.2237672805786133
391 1.129913568496704
392 1.1508235931396484
393 0.6704993844032288
394 0.8387784957885742
395 0.7651243209838867
396 0.7964419722557068
397 0.7424872517585754
398 1.0705722570419312
399 0.8466325998306274
400 0.8190640807151794
401 1.04424250125885
402 0.9643390774726868
403 0.8249456286430359
404 1.0108222961425781
405 0.9983890652656555
406 1.1299852132797241
407 1.1007364988327026
408 1.5557308197021484
409 1.126570224761963
410 0.8401778936386108
411 1.1926515102386475
412 1.1841750144958496
413 0.8615768551826477
414 0.7566998600959778
415 0.953449010848999
416 1.2611912488937378
417 0.7509557008743286
418 0.7418164610862732
419 0.9101598858833313
420 0.8224735856056213
421 0.8102167844772339
422 0.9991182684898376
423 0.8080094456672668
424 0.8789401054382324
425 0.854621946811676
426 0.8404765725135803
427 1.0641471147537231
428 1.0996103286743164
429 1.2524223327636719
430 1.0183286666870117
431 1.5756120681762695
432 0.9542337656021118
433 1.0710612535476685
434 1.2534503936767578
435 1.114152193069458
436 1.301281213760376
437 1.0734208822250366
438 1.1487807035446167
439 1.0604382753372192
440 0.7636697292327881
441 0.9605013132095337
442 0.8852923512458801
443 1.0171265602111816
444 0.8785457015037537
445 1.0451425313949585
446 1.0844690799713135
447 1.1135997772216797
448 1.0257631540298462
449 0.8957237005233765
450 1.5548171997070313
451 1.1801985502243042
452 1.0440713167190552
453 0.692521333694458
454 0.8349663019180298
455 0.9693106412887573
456 1.0859980583190918
457 1.11116623878479
458 1.2717044353485107
459 0.8124027848243713
460 0.7143861055374146
461 0.9326654672622681
462 1.0231664180755615
463 0.7678200602531433
464 0.9100404381752014
465 0.8349812626838684
466 0.8173670172691345
467 0.9294222593307495
468 1.1595689058303833
469 1.5512843132019043
470 1.3703972101211548
471 1.1109001636505127
472 0.9241370558738708
473 0.777080237865448
474 1.0467568635940552
475 1.1019517183303833
476 0.9597352147102356
477 1.5661065578460693
478 1.1126827001571655
479 0.9525825381278992
480 0.9219402074813843
481 0.6684216260910034
482 0.8381532430648804
483 0.7362120747566223
484 1.1242645978927612
485 0.8150229454040527
486 1.0328339338302612
487 0.689220666885376
488 1.0503939390182495
489 1.0280799865722656
490 0.7538067102432251
491 0.7520681619644165
492 0.9269893765449524
493 0.6988347172737122
494 0.6322947144508362
495 0.9385108351707458
496 0.8127387762069702
497 0.9330543279647827
498 0.7300807237625122
499 0.8848205208778381
500 0.6877833008766174
501 0.6195406913757324
502 0.8130924701690674
503 0.7946902513504028
504 0.8064274191856384
505 0.9297119379043579
506 0.918488085269928
507 0.9735602140426636
508 0.8943131566047668
509 0.8177196383476257
510 0.7736595273017883
511 1.0091391801834106
512 1.0078957080841064
513 0.9376214742660522
514 0.6404967308044434
515 0.7704818844795227
516 0.9069269895553589
517 0.8346353769302368
518 0.6294395327568054
519 0.7713983654975891
520 1.0491915941238403
521 0.9399522542953491
522 0.8984050750732422
523 0.8915832042694092
524 0.8979290127754211
525 1.0464940071105957
526 0.8042774200439453
527 0.8883470296859741
528 1.3071362972259521
529 1.0479985475540161
530 0.6008385419845581
531 1.066942811012268
532 1.3261399269104004
533 0.9883957505226135
534 1.0555425882339478
535 1.0511044263839722
536 1.0044273138046265
537 1.0657377243041992
538 0.7678820490837097
539 1.375156044960022
540 0.9594578146934509
541 1.191638708114624
542 0.7634785771369934
543 1.2962108850479126
544 1.2485859394073486
545 1.2718544006347656
546 1.8212249279022217
547 0.9325294494628906
548 1.202024221420288
549 1.296983242034912
550 0.8723370432853699
551 0.7956028580665588
552 1.1726171970367432
553 1.0781680345535278
554 1.3253388404846191
555 1.2029907703399658
556 1.290910243988037
557 0.9686347246170044
558 1.408389925956726
559 1.6155920028686523
560 1.5051592588424683
561 1.201845407485962
562 1.1979109048843384
563 0.9696721434593201
564 1.1859935522079468
565 1.363015055656433
566 1.1871575117111206
567 0.9625129699707031
568 0.8757176995277405
569 0.8717771768569946
570 1.016060471534729
571 0.9875959157943726
572 1.2146025896072388
573 1.3649940490722656
574 1.1904040575027466
575 1.3416169881820679
576 1.1905893087387085
577 1.3535420894622803
578 1.229439377784729
579 1.266169548034668
580 0.7510636448860168
581 0.7858293056488037
582 0.597751796245575
583 1.1356356143951416
584 1.0938785076141357
585 1.1213985681533813
586 0.6857128739356995
587 0.9214404821395874
588 0.7127671837806702
589 0.6015286445617676
590 1.070039987564087
591 0.8909270763397217
592 0.6921932697296143
593 0.766257107257843
594 1.1583677530288696
595 1.5643129348754883
596 1.258750557899475
597 1.0706533193588257
598 1.2539879083633423
599 1.4628067016601563
600 1.1561851501464844
601 0.7740139961242676
602 1.2401447296142578
603 1.2277966737747192
604 1.5238748788833618
605 1.3058724403381348
606 1.4345377683639526
607 1.28339421749115
608 1.579256296157837
609 1.134806513786316
610 1.0578670501708984
611 1.2962965965270996
612 1.5559017658233643
613 1.4621713161468506
614 1.6323812007904053
615 1.4480832815170288
616 1.1089589595794678
617 1.7045210599899292
618 1.4704315662384033
619 1.7795348167419434
620 1.4337635040283203
621 1.3201578855514526
622 1.5749671459197998
623 1.5690269470214844
624 1.4497249126434326
625 1.5791213512420654
626 1.3952049016952515
627 1.389498233795166
628 1.5588089227676392
629 1.240853190422058
630 1.5363801717758179
631 1.394321322441101
632 1.3837472200393677
633 1.2070695161819458
634 1.3413103818893433
635 1.0843936204910278
636 0.8220471739768982
637 1.0625494718551636
638 0.9123947024345398
639 1.2486286163330078
640 1.313734531402588
641 1.141974687576294
642 1.474414587020874
643 1.525004267692566
644 1.243994116783142
645 1.5044715404510498
646 1.2864755392074585
647 0.9399641156196594
648 1.4813346862792969
649 1.391586184501648
650 1.1613242626190186
651 1.503717064857483
652 1.5513252019882202
653 0.7727037668228149
654 0.8331603407859802
655 1.0909514427185059
656 0.9752101898193359
657 0.8930486440658569
658 0.8855492472648621
659 0.9164643883705139
660 1.0798263549804688
661 1.0944868326187134
662 1.1389858722686768
663 0.9951623678207397
664 1.245500087738037
665 1.5618573427200317
666 1.041886806488037
667 0.9180448651313782
668 0.9601170420646667
669 1.2047537565231323
670 0.844441831111908
671 0.884779155254364
672 1.142154574394226
673 1.2073721885681152
674 1.2733054161071777
675 0.9171577095985413
676 1.4598575830459595
677 1.2416499853134155
678 1.2536715269088745
679 1.0105359554290771
680 1.3045604228973389
681 0.886048436164856
682 1.460694432258606
683 1.7499914169311523
684 1.6506905555725098
685 1.5148000717163086
686 1.2024633884429932
687 1.1446956396102905
688 1.008192777633667
689 1.0497920513153076
690 1.3462454080581665
691 1.3286575078964233
692 1.1980547904968262
693 1.13045334815979
694 1.1962465047836304
695 1.1128013134002686
696 1.5235812664031982
697 1.5633631944656372
698 1.0922377109527588
699 1.146895170211792
700 0.8779858946800232
701 0.8601571321487427
702 1.0185037851333618
703 0.7957826256752014
704 0.9626224040985107
705 1.3774685859680176
706 1.1568140983581543
707 1.005297303199768
708 1.1902401447296143
709 1.3546468019485474
710 1.3303864002227783
711 1.131712555885315
712 1.3289343118667603
713 1.5473976135253906
714 1.5388550758361816
715 1.1913602352142334
716 1.1153159141540527
717 1.230847954750061
718 1.2183194160461426
719 1.4097645282745361
720 1.1068819761276245
721 0.918391227722168
722 0.8953384757041931
723 0.9993923902511597
724 1.0414077043533325
725 1.0035628080368042
726 1.3885393142700195
727 1.2866289615631104
728 1.0486563444137573
729 1.1096405982971191
730 0.9076119661331177
731 1.2406259775161743
732 1.1082521677017212
733 0.9149361252784729
734 0.9499894976615906
735 0.9874769449234009
736 1.2563645839691162
737 1.1635063886642456
738 1.3008480072021484
739 1.115204095840454
740 1.3383949995040894
741 1.3698883056640625
742 1.122406005859375
743 1.5488663911819458
744 1.2151132822036743
745 0.9281895756721497
746 1.1545581817626953
747 1.2566558122634888
748 0.8450594544410706
749 1.2563062906265259
750 1.2463364601135254
751 1.1591172218322754
752 1.2175861597061157
753 1.3712440729141235
754 1.3908584117889404
755 1.2367063760757446
756 1.4579524993896484
757 1.4011765718460083
758 1.2464536428451538
759 1.6913964748382568
760 1.4172041416168213
761 1.430255651473999
762 1.7163883447647095
763 1.386655569076538
764 1.4884201288223267
765 1.2363755702972412
766 1.2107570171356201
767 1.99056077003479
768 1.5854358673095703
769 1.4038972854614258
770 1.5398246049880981
771 1.4918373823165894
772 1.2098259925842285
773 0.9937066435813904
774 0.8885005116462708
775 1.3094220161437988
776 0.7951846718788147
777 1.1414557695388794
778 1.353171706199646
779 1.0850681066513062
780 1.2333695888519287
781 1.3028522729873657
782 1.230329990386963
783 1.2430837154388428
784 1.2761224508285522
785 1.5413607358932495
786 1.5089277029037476
787 1.1444729566574097
788 1.301456332206726
789 1.4544496536254883
790 1.5433253049850464
791 1.2740365266799927
792 1.5195667743682861
793 1.6062798500061035
794 1.6367045640945435
795 1.828346848487854
796 1.5277724266052246
797 2.302706003189087
798 1.458414912223816
799 1.7840784788131714
800 1.8001538515090942
801 1.509675145149231
802 1.509007215499878
803 1.7622413635253906
804 1.0726521015167236
805 1.4655832052230835
806 1.745194673538208
807 1.4331542253494263
808 1.5092761516571045
809 1.3057713508605957
810 1.255417823791504
811 1.1501002311706543
812 1.1530816555023193
813 1.350962519645691
814 2.008479356765747
815 1.6006261110305786
816 1.709372878074646
817 1.2996553182601929
818 1.2630608081817627
819 1.056146264076233
820 1.486150860786438
821 1.3721338510513306
822 2.0731124877929688
823 1.6549967527389526
824 1.9506186246871948
825 2.1760339736938477
826 1.7685141563415527
827 1.9000840187072754
828 1.693972110748291
829 1.6759811639785767
830 1.6650327444076538
831 1.4325443506240845
832 1.5191236734390259
833 1.4221822023391724
834 1.4973639249801636
835 1.5948936939239502
836 1.0635499954223633
837 1.396321415901184
838 1.112795352935791
839 1.627200961112976
840 1.1459474563598633
841 1.3534252643585205
842 1.3080047369003296
843 1.216956377029419
844 0.9017815589904785
845 1.166055679321289
846 0.8940171599388123
847 1.0958290100097656
848 1.273428201675415
849 0.8250448107719421
850 0.9675498008728027
851 1.2319960594177246
852 0.9199738502502441
853 1.160129427909851
854 0.956081211566925
855 1.2629036903381348
856 0.8352562189102173
857 0.9307278990745544
858 1.1665279865264893
859 0.9032830595970154
860 1.1794244050979614
861 1.3647077083587646
862 1.0655407905578613
863 1.2365758419036865
864 1.203827142715454
865 0.904330313205719
866 0.932896077632904
867 0.9560418725013733
868 1.3326698541641235
869 1.0050511360168457
870 1.3870760202407837
871 1.2284411191940308
872 1.4948276281356812
873 1.2145801782608032
874 1.4044554233551025
875 1.2491425275802612
876 1.4580897092819214
877 1.489008903503418
878 1.3570349216461182
879 1.4612152576446533
880 1.284237027168274
881 1.41022527217865
882 1.5516507625579834
883 1.8065792322158813
884 1.3604538440704346
885 1.6057989597320557
886 1.5779094696044922
887 1.2983283996582031
888 1.4949233531951904
889 1.7167670726776123
890 1.6931310892105103
891 1.8402276039123535
892 1.677049994468689
893 1.3156872987747192
894 1.3953640460968018
895 1.6364285945892334
896 1.5291999578475952
897 1.9752544164657593
898 1.5377633571624756
899 1.7475882768630981
900 1.8154112100601196
901 1.3062688112258911
902 1.4466315507888794
903 1.595184087753296
904 1.3314741849899292
905 1.8316847085952759
906 1.673538088798523
907 1.3773258924484253
908 1.7124322652816772
909 1.720032811164856
910 1.7691733837127686
911 1.6463477611541748
912 1.665522813796997
913 1.6647114753723145
914 1.604283332824707
915 1.4564238786697388
916 1.3034899234771729
917 1.24056077003479
918 1.6943439245224
919 1.2644473314285278
920 1.7947388887405396
921 1.7120612859725952
922 1.834700584411621
923 1.735245943069458
924 1.7638611793518066
925 1.5963984727859497
926 1.559815764427185
927 1.5789859294891357
928 1.6481783390045166
929 1.4818371534347534
930 1.7630475759506226
931 1.5683512687683105
932 1.6363260746002197
933 1.67348313331604
934 1.540509581565857
935 1.1352711915969849
936 1.545256495475769
937 1.2019211053848267
938 1.5022519826889038
939 1.4145158529281616
940 1.583438754081726
941 1.7158217430114746
942 1.6536455154418945
943 1.5705950260162354
944 1.65196692943573
945 1.1346946954727173
946 1.231055736541748
947 1.586912989616394
948 1.3815064430236816
949 1.3881783485412598
950 1.66654634475708
951 1.7902780771255493
952 1.4341776371002197
953 1.2970054149627686
954 1.142000436782837
955 1.2154148817062378
956 1.3149980306625366
957 1.2834268808364868
958 1.39732027053833
959 1.4163047075271606
960 1.3484612703323364
961 1.374202013015747
962 1.209603190422058
963 1.3367292881011963
964 1.3426858186721802
965 1.3214348554611206
966 1.3521440029144287
967 1.647157907485962
968 1.5497325658798218
969 1.3312270641326904
970 1.2768293619155884
971 1.343258023262024
972 1.2712218761444092
973 1.557462453842163
974 1.3217365741729736
975 1.6287837028503418
976 1.2693324089050293
977 1.3498997688293457
978 1.2880685329437256
979 1.347193956375122
980 1.6685371398925781
981 1.6564544439315796
982 1.4966257810592651
983 1.3393065929412842
984 1.3761066198349
985 1.4951272010803223
986 1.7200754880905151
987 1.870360255241394
988 1.5038018226623535
989 1.497498869895935
990 1.2860358953475952
991 1.6359329223632813
992 1.53072988986969
993 1.4597944021224976
994 1.2529981136322021
995 1.4359074831008911
996 1.5927038192749023
997 1.4109817743301392
998 1.150477409362793
999 1.536635398864746
1000 1.782464623451233
1001 1.9334490299224854
1002 2.177093505859375
1003 1.7507718801498413
1004 1.7681549787521362
1005 1.9393848180770874
1006 2.308903694152832
1007 1.5546839237213135
1008 1.7259762287139893
1009 1.6767891645431519
1010 1.8431607484817505
1011 1.735740303993225
1012 1.7740405797958374
1013 1.8651998043060303
1014 1.8865493535995483
1015 2.279463529586792
1016 1.6941312551498413
1017 1.742770791053772
1018 1.668196439743042
1019 1.7824841737747192
1020 1.8768200874328613
1021 2.1471033096313477
1022 2.0450570583343506
1023 2.6707606315612793
1024 2.368405342102051
1025 2.1724328994750977
1026 1.748297095298767
1027 2.057255744934082
1028 2.000711441040039
1029 1.8986189365386963
1030 1.5120375156402588
1031 2.1165218353271484
1032 2.1268470287323
1033 2.119130849838257
1034 2.2658891677856445
1035 1.8882160186767578
1036 2.4170312881469727
1037 2.360883951187134
1038 2.338266611099243
1039 2.023529052734375
1040 1.9970475435256958
1041 1.9505031108856201
1042 2.382944345474243
1043 2.271268844604492
1044 1.9942491054534912
1045 2.146735668182373
1046 2.246279239654541
1047 2.104797124862671
1048 2.2360117435455322
1049 2.3452229499816895
1050 2.1943328380584717
1051 2.4399640560150146
1052 1.8855396509170532
1053 2.5783567428588867
1054 2.0990357398986816
1055 2.2051007747650146
1056 2.200002670288086
1057 2.2669148445129395
1058 2.1446430683135986
1059 2.071658134460449
1060 2.209291696548462
1061 2.212125539779663
1062 2.02077054977417
1063 2.559809684753418
1064 2.383045196533203
1065 2.2485806941986084
1066 2.451359987258911
1067 2.062837600708008
1068 2.187321424484253
1069 2.2665810585021973
1070 2.1142990589141846
1071 2.356349468231201
1072 2.079277276992798
1073 2.1006720066070557
1074 2.317192792892456
1075 2.2151105403900146
1076 2.0191164016723633
1077 2.2064883708953857
1078 1.848838448524475
1079 2.1274056434631348
1080 1.944962978363037
1081 2.1681950092315674
1082 2.2107038497924805
1083 2.0758116245269775
1084 2.190546989440918
1085 2.0020875930786133
1086 2.1762096881866455
1087 2.0615406036376953
1088 2.1473639011383057
1089 2.165564775466919
1090 2.291027307510376
1091 2.153149127960205
1092 2.247267007827759
1093 1.9929299354553223
1094 2.066206455230713
1095 2.187817096710205
1096 2.3315916061401367
1097 2.078094482421875
1098 2.399021863937378
1099 2.0251553058624268
1100 1.8569988012313843
1101 1.8506908416748047
1102 1.6374969482421875
1103 1.7363290786743164
1104 1.9124516248703003
1105 2.0500190258026123
1106 1.9663615226745605
1107 1.7128583192825317
1108 2.063422679901123
1109 1.8478455543518066
1110 2.1246447563171387
1111 1.4866046905517578
1112 1.478103756904602
1113 1.8929156064987183
1114 1.8732303380966187
1115 1.8213077783584595
1116 1.641905665397644
1117 1.8323055505752563
1118 1.7806767225265503
1119 1.7147194147109985
1120 1.2599189281463623
1121 1.8179945945739746
1122 1.4372105598449707
1123 1.427937388420105
1124 1.5348302125930786
1125 1.6703689098358154
1126 1.449859380722046
1127 1.4278128147125244
1128 1.579563856124878
1129 1.490154504776001
1130 1.4704219102859497
1131 1.688868761062622
1132 1.6248364448547363
1133 1.639512538909912
1134 1.4336496591567993
1135 1.5886849164962769
1136 1.5261738300323486
1137 1.5133391618728638
1138 1.564594030380249
1139 1.6316951513290405
1140 1.6883214712142944
1141 1.6801410913467407
1142 1.7562685012817383
1143 1.5795916318893433
1144 1.4862502813339233
1145 1.6529974937438965
1146 1.339508056640625
1147 1.560511589050293
1148 1.7064911127090454
1149 1.5087569952011108
1150 1.1858417987823486
1151 1.3248802423477173
1152 1.319105625152588
1153 1.7512807846069336
1154 1.319562315940857
1155 1.4452036619186401
1156 1.706663966178894
1157 1.6962202787399292
1158 1.8842432498931885
1159 1.9919463396072388
1160 1.591210961341858
1161 2.187976598739624
1162 2.0070807933807373
1163 1.7968361377716064
1164 1.8402732610702515
1165 1.494592547416687
1166 1.8387011289596558
1167 1.7685768604278564
1168 1.7596632242202759
1169 1.742826223373413
1170 1.587026834487915
1171 1.7231628894805908
1172 1.8602166175842285
1173 2.1160171031951904
1174 1.9905482530593872
1175 1.9739124774932861
1176 1.739476203918457
1177 1.4542441368103027
1178 1.8865699768066406
1179 1.8417799472808838
1180 1.7730004787445068
1181 2.0140745639801025
1182 1.2015774250030518
1183 1.6941770315170288
1184 1.817201852798462
1185 1.5989181995391846
1186 1.8537918329238892
1187 1.9070488214492798
1188 2.100188732147217
1189 2.1503868103027344
1190 1.8830981254577637
1191 1.7953894138336182
1192 1.6821714639663696
1193 1.7933470010757446
1194 1.755642294883728
1195 1.6651853322982788
1196 1.696961522102356
1197 1.6293503046035767
1198 1.5494616031646729
1199 1.9604336023330688
1200 1.2919963598251343
1201 1.3690263032913208
1202 1.7409950494766235
1203 1.9783357381820679
1204 1.26517653465271
1205 1.3547453880310059
1206 1.699281096458435
1207 1.8138870000839233
1208 1.873946189880371
1209 2.0012028217315674
1210 2.048609495162964
1211 2.01528000831604
1212 2.0976450443267822
1213 1.8605868816375732
1214 1.9281682968139648
1215 1.8974311351776123
1216 2.103025436401367
1217 1.8542835712432861
1218 1.7659580707550049
1219 1.536562442779541
1220 1.9814207553863525
1221 1.6875948905944824
1222 2.025170087814331
1223 2.0809519290924072
1224 1.7566708326339722
1225 2.0619313716888428
1226 1.9126254320144653
1227 1.8797664642333984
1228 2.021535634994507
1229 1.6775972843170166
1230 1.989942193031311
1231 2.012429714202881
1232 1.6489834785461426
1233 2.2550549507141113
1234 1.9648189544677734
1235 1.853757619857788
1236 1.9165794849395752
1237 1.7868996858596802
1238 1.7263944149017334
1239 1.7644466161727905
1240 1.5302119255065918
1241 1.7813974618911743
1242 1.4071712493896484
1243 1.019614815711975
1244 1.115226149559021
1245 1.140961766242981
1246 0.702674388885498
1247 1.2775251865386963
1248 0.9993237853050232
1249 1.2911319732666016
1250 1.5689785480499268
1251 1.7062759399414063
1252 1.7660009860992432
1253 1.6452271938323975
1254 1.7346487045288086
1255 1.935332179069519
1256 1.8649804592132568
1257 2.3029847145080566
1258 2.2010936737060547
1259 2.0711522102355957
1260 2.000119209289551
1261 1.9254482984542847
1262 2.2798826694488525
1263 2.3870837688446045
1264 1.9531078338623047
1265 2.5022482872009277
1266 2.314054489135742
1267 2.424196481704712
1268 2.0804543495178223
1269 2.23746919631958
1270 2.227562189102173
1271 2.0079658031463623
1272 2.5010719299316406
1273 1.9602030515670776
1274 2.2984821796417236
1275 2.1378583908081055
1276 1.7860126495361328
1277 1.7233175039291382
1278 2.140216588973999
1279 2.263056516647339
1280 2.353815793991089
1281 2.1573171615600586
1282 2.0985443592071533
1283 2.25217604637146
1284 2.0907979011535645
1285 2.184506893157959
1286 2.191993474960327
1287 2.1954777240753174
1288 2.1904804706573486
1289 2.296583652496338
1290 1.8045843839645386
1291 1.928794026374817
1292 1.5592164993286133
1293 1.6174129247665405
1294 1.7742252349853516
1295 1.5824353694915771
1296 1.7327162027359009
1297 1.6189203262329102
1298 1.530677080154419
1299 1.7783033847808838
1300 2.0873050689697266
1301 2.2050373554229736
1302 2.3569016456604004
1303 1.8991353511810303
1304 2.1565136909484863
1305 1.6499049663543701
1306 1.8937968015670776
1307 1.6682049036026
1308 1.7835416793823242
1309 1.6471116542816162
1310 1.9687026739120483
1311 1.7076200246810913
1312 1.9192423820495605
1313 2.0861222743988037
1314 1.5765082836151123
1315 1.8839077949523926
1316 1.4971635341644287
1317 1.551275610923767
1318 1.8796842098236084
1319 1.898372769355774
1320 1.773991346359253
1321 1.6482340097427368
1322 1.3741412162780762
1323 1.8337479829788208
1324 1.525122880935669
1325 1.753325343132019
1326 1.4068762063980103
1327 1.7002896070480347
1328 1.9321128129959106
1329 1.7124723196029663
1330 1.4825822114944458
1331 2.0213122367858887
1332 2.0201504230499268
1333 2.0997047424316406
1334 1.678177833557129
1335 1.90365469455719
1336 1.8151180744171143
1337 1.807470679283142
1338 2.011274576187134
1339 1.5208402872085571
1340 1.3084282875061035
1341 1.5458004474639893
1342 1.7640681266784668
1343 1.799724817276001
1344 1.5202866792678833
1345 1.4453768730163574
1346 1.5339409112930298
1347 1.4934182167053223
1348 1.458683729171753
1349 1.861233115196228
1350 1.5675073862075806
1351 1.6831200122833252
1352 1.4465035200119019
1353 1.7988862991333008
1354 1.66692316532135
1355 2.0047810077667236
1356 1.7158039808273315
1357 2.114410638809204
1358 1.4038172960281372
1359 1.0426230430603027
1360 1.426247239112854
1361 1.6027668714523315
1362 1.8596973419189453
1363 1.5681121349334717
1364 1.4548449516296387
1365 1.4498361349105835
1366 1.7423182725906372
1367 1.6349563598632813
1368 1.7032259702682495
1369 1.9598023891448975
1370 1.963363766670227
1371 2.155136823654175
1372 1.9500386714935303
1373 1.930617332458496
1374 1.6431145668029785
1375 1.7710868120193481
1376 1.7813739776611328
1377 1.970768690109253
1378 1.8589420318603516
1379 1.1801692247390747
1380 1.1870872974395752
1381 1.9644259214401245
1382 1.3883472681045532
1383 1.9912548065185547
1384 1.584221601486206
1385 1.8471527099609375
1386 1.5924975872039795
1387 1.9271361827850342
1388 1.7331712245941162
1389 1.6021924018859863
1390 1.6000831127166748
1391 2.122105121612549
1392 1.654516339302063
1393 2.120349884033203
1394 2.467158555984497
1395 2.4502744674682617
1396 2.007167100906372
1397 2.202116012573242
1398 1.9826462268829346
1399 2.001906394958496
1400 1.9960992336273193
1401 2.112459897994995
1402 1.747251272201538
1403 2.0055246353149414
1404 1.880967140197754
1405 1.8592422008514404
1406 2.1370608806610107
1407 2.1031484603881836
1408 1.9246385097503662
1409 1.7519727945327759
1410 2.163037061691284
1411 1.97890305519104
1412 1.8069969415664673
1413 1.9607230424880981
1414 1.6827020645141602
1415 1.7630161046981812
1416 1.8515585660934448
1417 2.085075855255127
1418 2.1019349098205566
1419 1.7490898370742798
1420 1.980163812637329
1421 1.9840558767318726
1422 1.5473252534866333
1423 1.6714928150177002
1424 1.7470577955245972
1425 1.888145923614502
1426 2.1474249362945557
1427 1.9420427083969116
1428 1.8109476566314697
1429 2.0872561931610107
1430 1.7386542558670044
1431 1.4375723600387573
1432 1.973228931427002
1433 1.3935624361038208
1434 1.728884220123291
1435 2.194122314453125
1436 2.1488234996795654
1437 2.471376419067383
1438 2.074340343475342
1439 2.184900999069214
1440 2.238006591796875
1441 2.416677713394165
1442 1.9842475652694702
1443 1.608148217201233
1444 1.5833359956741333
1445 1.9211615324020386
1446 1.8450275659561157
1447 1.456760048866272
1448 1.868294358253479
1449 2.2735438346862793
1450 1.7296463251113892
1451 1.1492494344711304
1452 1.6364808082580566
1453 1.5302399396896362
1454 1.986784815788269
1455 1.993904709815979
1456 2.4812684059143066
1457 2.095425844192505
1458 1.82984459400177
1459 2.0123941898345947
1460 2.2211978435516357
1461 2.055790424346924
1462 2.183670997619629
1463 1.9850399494171143
1464 1.9465638399124146
1465 2.027100086212158
1466 1.5400314331054688
1467 1.9719566106796265
1468 1.6755691766738892
1469 1.6304032802581787
1470 1.4264379739761353
1471 2.146049976348877
1472 1.9053096771240234
1473 1.6238733530044556
1474 1.523684024810791
1475 1.8756434917449951
1476 2.138221502304077
1477 1.557773470878601
1478 1.5555092096328735
1479 1.5721293687820435
1480 1.5596323013305664
1481 1.4342267513275146
1482 1.2820420265197754
1483 1.5482203960418701
1484 1.77066171169281
1485 2.1571531295776367
1486 1.8779224157333374
1487 1.556786298751831
1488 1.7130918502807617
1489 2.108973503112793
1490 1.840930700302124
1491 2.158787250518799
1492 1.9351645708084106
1493 1.8243083953857422
1494 1.5892904996871948
1495 1.58756422996521
1496 1.4860115051269531
1497 1.891280174255371
1498 1.7001216411590576
1499 1.6721261739730835
1500 1.7274399995803833
1501 2.168034791946411
1502 2.082172393798828
1503 2.042729616165161
1504 1.8145103454589844
1505 1.6284557580947876
1506 1.578938603401184
1507 1.9552823305130005
1508 2.0650572776794434
1509 1.699737310409546
1510 1.8647260665893555
1511 2.0466063022613525
1512 1.6873588562011719
1513 1.922547459602356
1514 1.8705251216888428
1515 1.4861767292022705
1516 2.0907275676727295
1517 1.0895601511001587
1518 1.6719399690628052
1519 2.1112945079803467
1520 2.0149893760681152
1521 1.8637433052062988
1522 1.9959487915039063
1523 2.2155795097351074
1524 1.8975293636322021
1525 1.8387082815170288
1526 2.2817981243133545
1527 2.0443618297576904
1528 1.8866645097732544
1529 1.7144439220428467
1530 2.135531187057495
1531 1.5802057981491089
1532 2.0753066539764404
1533 1.9749494791030884
1534 1.711044430732727
1535 1.8554779291152954
1536 1.901421070098877
1537 1.6034736633300781
1538 1.4077692031860352
1539 1.788397192955017
1540 1.7960692644119263
1541 1.6427998542785645
1542 1.5026893615722656
1543 1.6127725839614868
1544 1.8823449611663818
1545 1.8036415576934814
1546 1.9852862358093262
1547 1.5517486333847046
1548 2.024198532104492
1549 1.6854872703552246
1550 1.808424711227417
1551 1.779199481010437
1552 1.8700881004333496
1553 1.5006519556045532
1554 1.7209618091583252
1555 1.876383900642395
1556 2.0776000022888184
1557 1.7785580158233643
1558 1.6872706413269043
1559 1.6335999965667725
1560 1.562434196472168
1561 1.8386262655258179
1562 1.861251950263977
1563 1.6409573554992676
1564 1.6551759243011475
1565 1.3834055662155151
1566 1.344733476638794
1567 1.4922653436660767
1568 2.020565986633301
1569 1.9574156999588013
1570 1.9097801446914673
1571 2.159724712371826
1572 2.435516357421875
1573 1.7125623226165771
1574 2.3143491744995117
1575 2.141357421875
1576 2.1121861934661865
1577 2.305514097213745
1578 1.8076943159103394
1579 2.257840633392334
1580 1.849623203277588
1581 1.829088568687439
1582 2.0823700428009033
1583 1.8239223957061768
1584 1.9582507610321045
1585 2.3220267295837402
1586 1.9911274909973145
1587 1.5425361394882202
1588 1.6149015426635742
1589 1.653320074081421
1590 1.895111322402954
1591 2.0512263774871826
1592 1.6336193084716797
1593 1.8690415620803833
1594 1.778850793838501
1595 1.4843302965164185
1596 1.7142493724822998
1597 1.7746028900146484
1598 1.7093287706375122
1599 1.65944504737854
1600 1.8874423503875732
1601 1.7684615850448608
1602 2.0953731536865234
1603 1.750169038772583
1604 2.2792861461639404
1605 1.921217441558838
1606 1.807180404663086
1607 1.8908848762512207
1608 1.8882697820663452
1609 1.8287122249603271
1610 1.7222360372543335
1611 1.9713166952133179
1612 2.1272459030151367
1613 1.9064490795135498
1614 2.123934507369995
1615 1.7744803428649902
1616 1.6886037588119507
1617 2.1667542457580566
1618 1.6032713651657104
1619 2.0048043727874756
1620 1.8016142845153809
1621 1.9575669765472412
1622 1.8025974035263062
1623 2.0946731567382813
1624 1.8113516569137573
1625 1.744861125946045
1626 1.8752511739730835
1627 2.1423113346099854
1628 1.7627466917037964
1629 1.5732687711715698
1630 1.8438161611557007
1631 1.6095421314239502
1632 1.959359884262085
1633 1.91361665725708
1634 1.9752838611602783
1635 1.5492959022521973
1636 1.5699208974838257
1637 1.6527960300445557
1638 1.9397631883621216
1639 1.9003634452819824
1640 1.8132743835449219
1641 1.8090641498565674
1642 1.5422115325927734
1643 2.320070743560791
1644 1.5965079069137573
1645 1.8967814445495605
1646 1.9287587404251099
1647 1.8243887424468994
1648 1.7696559429168701
1649 1.93727445602417
1650 1.7714147567749023
1651 1.6053541898727417
1652 1.477429747581482
1653 1.9025517702102661
1654 2.2266604900360107
1655 2.1702277660369873
1656 1.3040738105773926
1657 1.5989696979522705
1658 1.9586352109909058
1659 2.1311187744140625
1660 2.076591968536377
1661 2.310370445251465
1662 1.9097626209259033
1663 1.9128599166870117
1664 2.0879647731781006
1665 2.1519765853881836
1666 2.0014991760253906
1667 1.8181320428848267
1668 1.9580976963043213
1669 1.814751386642456
1670 2.28305983543396
1671 2.088468074798584
1672 2.2377333641052246
1673 1.8803812265396118
1674 1.7230806350708008
1675 2.1633501052856445
1676 1.877630352973938
1677 2.108503580093384
1678 2.3524057865142822
1679 2.377260446548462
1680 2.132774591445923
1681 2.003730297088623
1682 1.938881278038025
1683 2.293837785720825
1684 1.9178017377853394
1685 1.7275354862213135
1686 1.9240219593048096
1687 1.9374581575393677
1688 1.62774658203125
1689 1.898177981376648
1690 1.644163727760315
1691 1.8313933610916138
1692 1.668900489807129
1693 1.894849181175232
1694 1.3696202039718628
1695 1.7703142166137695
1696 1.680358648300171
1697 1.5779038667678833
1698 1.5172828435897827
1699 1.6617121696472168
1700 1.767953634262085
1701 1.8761701583862305
1702 2.0275521278381348
1703 1.9743661880493164
1704 1.7832906246185303
1705 1.7931535243988037
1706 1.6188894510269165
1707 1.6204924583435059
1708 2.025919198989868
1709 1.7211995124816895
1710 1.944504976272583
1711 1.6724255084991455
1712 1.807098627090454
1713 1.925932765007019
1714 2.030210256576538
1715 1.9989084005355835
1716 2.1565756797790527
1717 2.042813539505005
1718 1.931828498840332
1719 2.1183321475982666
1720 2.059762477874756
1721 2.2686214447021484
1722 2.119856357574463
1723 1.8478012084960938
1724 1.8958628177642822
1725 1.9803016185760498
1726 1.9759587049484253
1727 1.8994501829147339
1728 1.9596354961395264
1729 1.9732825756072998
1730 2.0715901851654053
1731 1.844094157218933
1732 2.0167434215545654
1733 1.9573323726654053
1734 1.8426638841629028
1735 1.7165191173553467
1736 2.0549917221069336
1737 2.0526881217956543
1738 2.092618465423584
1739 1.9305211305618286
1740 2.0041391849517822
1741 2.0646820068359375
1742 1.8304901123046875
1743 1.9360328912734985
1744 1.691697120666504
1745 2.075091600418091
1746 1.9394972324371338
1747 1.952905535697937
1748 1.6513686180114746
1749 1.532395362854004
1750 1.9465152025222778
1751 1.7004886865615845
1752 1.5321725606918335
1753 1.3757855892181396
1754 1.5678973197937012
1755 1.5811104774475098
1756 1.8574366569519043
1757 1.5417674779891968
1758 1.979127287864685
1759 1.8944659233093262
1760 1.9816051721572876
1761 2.0500848293304443
1762 2.1759188175201416
1763 1.756149411201477
1764 2.093651294708252
1765 1.2778066396713257
1766 1.725089430809021
1767 1.7320245504379272
1768 1.3944088220596313
1769 1.6264665126800537
1770 1.7233467102050781
1771 1.8725497722625732
1772 1.624121069908142
1773 2.154484510421753
1774 1.9031710624694824
1775 2.1534876823425293
1776 1.8963521718978882
1777 2.1623613834381104
1778 1.8925278186798096
1779 2.2407572269439697
1780 1.7294440269470215
1781 1.8868987560272217
1782 1.7860748767852783
1783 1.6039841175079346
1784 1.9239106178283691
1785 1.7989075183868408
1786 2.1122567653656006
1787 1.1202205419540405
1788 0.934777021408081
1789 1.3638533353805542
1790 1.7474092245101929
1791 1.7745342254638672
1792 1.5283384323120117
1793 1.7637479305267334
1794 1.5053025484085083
1795 1.8479795455932617
1796 1.516624093055725
1797 1.698529839515686
1798 1.6194367408752441
1799 1.7494916915893555
1800 1.591091275215149
1801 1.945241928100586
1802 1.9687358140945435
1803 2.139683723449707
1804 1.7354365587234497
1805 2.033771276473999
1806 2.0584311485290527
1807 1.6387571096420288
1808 1.777174949645996
1809 1.9638640880584717
1810 1.784964919090271
1811 2.022212266921997
1812 2.113358736038208
1813 1.6458067893981934
1814 1.7721720933914185
1815 1.7613327503204346
1816 1.5222885608673096
1817 1.7891327142715454
1818 1.9341797828674316
1819 1.8771029710769653
1820 1.6355810165405273
1821 2.081906318664551
1822 2.020463466644287
1823 2.0387182235717773
1824 1.8948887586593628
1825 1.7635200023651123
1826 2.163093328475952
1827 1.8691655397415161
1828 1.8404768705368042
1829 1.7147198915481567
1830 1.8803354501724243
1831 2.156031370162964
1832 2.029226064682007
1833 2.1860313415527344
1834 2.0527141094207764
1835 1.900902509689331
1836 2.365177631378174
1837 2.211365222930908
1838 2.3117072582244873
1839 1.9475765228271484
1840 2.070998430252075
1841 1.6750961542129517
1842 2.2251639366149902
1843 1.7361992597579956
1844 1.7286821603775024
1845 1.9363635778427124
1846 2.074542999267578
1847 1.9105256795883179
1848 1.9584308862686157
1849 1.7571485042572021
1850 1.8278123140335083
1851 2.1048338413238525
1852 1.9797253608703613
1853 1.885995626449585
1854 2.3677260875701904
1855 2.15407657623291
1856 2.0730273723602295
1857 2.4512321949005127
1858 2.245875358581543
1859 2.0470590591430664
1860 1.8085875511169434
1861 1.7160053253173828
1862 1.7845200300216675
1863 1.955189824104309
1864 1.3664523363113403
1865 1.7664473056793213
1866 2.095057964324951
1867 1.817529559135437
1868 1.9271725416183472
1869 1.5795702934265137
1870 2.033924102783203
1871 1.8325066566467285
1872 1.8673772811889648
1873 1.6927238702774048
1874 1.7636131048202515
1875 1.9159358739852905
1876 1.74013090133667
1877 1.8230054378509521
1878 1.7716618776321411
1879 1.677422046661377
1880 1.8240594863891602
1881 1.6911519765853882
1882 2.227519989013672
1883 1.9501093626022339
1884 1.6185256242752075
1885 2.09926438331604
1886 1.6707422733306885
1887 1.8382354974746704
1888 2.011162281036377
1889 1.8540143966674805
1890 1.172694444656372
1891 1.5345267057418823
1892 1.949429988861084
1893 1.9619526863098145
1894 2.296022415161133
1895 2.05216121673584
1896 2.262866973876953
1897 1.6478790044784546
1898 1.9993178844451904
1899 2.3117785453796387
1900 2.2452642917633057
1901 2.153674364089966
1902 1.823326826095581
1903 1.8225876092910767
1904 2.0213537216186523
1905 1.7666442394256592
1906 1.8227179050445557
1907 1.9687445163726807
1908 2.0227341651916504
1909 1.8823704719543457
1910 1.692660927772522
1911 1.8526204824447632
1912 1.9692609310150146
1913 1.7371371984481812
1914 1.6554930210113525
1915 1.7424336671829224
1916 1.6989861726760864
1917 1.47138249874115
1918 1.6335692405700684
1919 1.9364304542541504
1920 1.7688311338424683
1921 1.8280571699142456
1922 1.8115102052688599
1923 2.111969470977783
1924 2.2685112953186035
1925 2.3458871841430664
1926 2.130844831466675
1927 2.518261671066284
1928 2.061954975128174
1929 2.251591205596924
1930 2.1527912616729736
1931 2.026198148727417
1932 1.8219574689865112
1933 2.321014165878296
1934 1.7437169551849365
1935 1.998060703277588
1936 2.048851490020752
1937 2.139193058013916
1938 1.9881234169006348
1939 2.330212116241455
1940 2.201073408126831
1941 2.373607635498047
1942 2.2933273315429688
1943 1.810027003288269
1944 2.190751075744629
1945 1.9756534099578857
1946 1.9896600246429443
1947 1.839311957359314
1948 1.3338109254837036
1949 1.377134919166565
1950 1.538582682609558
1951 1.3360447883605957
1952 1.6759639978408813
1953 1.9510284662246704
1954 1.8652875423431396
1955 1.5578173398971558
1956 1.730902910232544
1957 1.5851478576660156
1958 1.3125271797180176
1959 1.5024806261062622
1960 1.5503859519958496
1961 1.8636507987976074
1962 1.7619471549987793
1963 1.6023905277252197
1964 1.6512093544006348
1965 1.8739433288574219
1966 1.7859511375427246
1967 1.8815488815307617
1968 1.6573734283447266
1969 1.810515284538269
1970 1.4330077171325684
1971 1.633410930633545
1972 1.560837984085083
1973 1.356009840965271
1974 1.5086406469345093
1975 1.606407642364502
1976 1.8087915182113647
1977 1.6282141208648682
1978 1.8000551462173462
1979 1.5556973218917847
1980 1.7574235200881958
1981 1.894371509552002
1982 1.5132150650024414
1983 1.605120062828064
1984 1.787523865699768
1985 1.9068174362182617
1986 1.6295267343521118
1987 1.759963870048523
1988 1.9814698696136475
1989 1.493945837020874
1990 1.7317789793014526
1991 1.568305253982544
1992 1.702502727508545
1993 2.0082108974456787
1994 2.1084768772125244
1995 1.6235226392745972
1996 1.5753470659255981
1997 2.0403566360473633
1998 1.6585205793380737
1999 1.47605562210083
