0 0.0
1 0.42186543345451355
2 0.5527262687683105
3 0.6046380996704102
4 0.4449477195739746
5 0.5342560410499573
6 0.7012521624565125
7 0.4987679719924927
8 0.8093850612640381
9 0.7764116525650024
10 0.5246992707252502
11 0.542805552482605
12 0.2576323449611664
13 0.8747051358222961
14 1.0870949029922485
15 1.011840581893921
16 0.9236079454421997
17 0.8244650959968567
18 1.2977325916290283
19 0.5654902458190918
20 0.6914671063423157
21 0.6146769523620605
22 0.9228785634040833
23 0.5299006104469299
24 0.786910891532898
25 0.667389988899231
26 0.568170428276062
27 0.6651872396469116
28 0.6958621144294739
29 0.5051600337028503
30 0.7395413517951965
31 0.6163610219955444
32 0.39316630363464355
33 0.4105517864227295
34 0.8384374976158142
35 0.28188082575798035
36 0.7068860530853271
37 0.6916700601577759
38 0.35634276270866394
39 0.7313371896743774
40 0.5719702243804932
41 0.6269946098327637
42 0.8406433463096619
43 0.6466253995895386
44 0.6719202399253845
45 0.9384446144104004
46 0.9071516990661621
47 0.5719611048698425
48 0.3846641480922699
49 0.5837706327438354
50 0.9775428175926208
51 0.5013912320137024
52 0.5638944506645203
53 0.9559255838394165
54 0.8116146922111511
55 1.0040174722671509
56 1.1290472745895386
57 0.8997220396995544
58 1.1941038370132446
59 0.7194700837135315
60 0.7620624899864197
61 0.8187962174415588
62 0.9673704504966736
63 0.8035703301429749
64 0.4771471619606018
65 1.2307138442993164
66 0.8210024237632751
67 0.9135661721229553
68 0.8351508378982544
69 0.9493553638458252
70 1.0447133779525757
71 1.0977766513824463
72 1.0549010038375854
73 0.9538299441337585
74 1.250253677368164
75 1.0360161066055298
76 0.9622071385383606
77 0.7681897282600403
78 0.7519526481628418
79 0.8234869241714478
80 1.0244414806365967
81 0.7423074245452881
82 0.4719873070716858
83 0.6766610741615295
84 0.5885722637176514
85 0.6741504073143005
86 0.9612652659416199
87 1.2403846979141235
88 1.3600977659225464
89 0.7559543251991272
90 0.8736569881439209
91 1.1535695791244507
92 0.8547655940055847
93 1.1701443195343018
94 1.0446442365646362
95 0.983593761920929
96 1.1040406227111816
97 0.5975461602210999
98 0.9252190589904785
99 0.6947920322418213
100 1.4835407733917236
101 1.0558990240097046
102 0.9899870753288269
103 0.7798568606376648
104 0.9877665638923645
105 0.5320410132408142
106 0.8270542025566101
107 0.4329572319984436
108 0.7715077996253967
109 1.0213695764541626
110 1.1202054023742676
111 1.22516667842865
112 1.4006069898605347
113 1.7474122047424316
114 1.3957633972167969
115 0.99424809217453
116 0.9802286624908447
117 1.0596874952316284
118 1.230837345123291
119 1.0687665939331055
120 0.9640101194381714
121 0.5600409507751465
122 1.1573235988616943
123 1.0301284790039063
124 0.9369820356369019
125 1.1747560501098633
126 1.295647382736206
127 1.0970627069473267
128 0.948077917098999
129 1.1135510206222534
130 1.0752925872802734
131 0.8227714896202087
132 0.9865149855613708
133 0.7374423742294312
134 0.4344080686569214
135 0.6132845282554626
136 0.6729133725166321
137 1.0106637477874756
138 0.71397864818573
139 0.8222734928131104
140 0.735338032245636
141 0.8879392743110657
142 0.8218897581100464
143 0.8586056232452393
144 0.7594877481460571
145 0.8593186736106873
146 0.7184590101242065
147 0.5623683929443359
148 0.7992233037948608
149 0.7475088238716125
150 0.990517258644104
151 0.9317951202392578
152 0.7622485160827637
153 0.9149397611618042
154 1.2875080108642578
155 0.9251769185066223
156 0.7362383008003235
157 0.8578530550003052
158 1.140743613243103
159 0.8428850769996643
160 1.222037672996521
161 1.5186781883239746
162 0.786861777305603
163 0.7058253884315491
164 1.268082857131958
165 0.6129956841468811
166 0.657332181930542
167 1.5111218690872192
168 0.8712981343269348
169 1.218433141708374
170 0.9848989844322205
171 0.3411587178707123
172 1.0486652851104736
173 0.5666363835334778
174 0.7411088347434998
175 1.011258840560913
176 0.9108397960662842
177 1.0275598764419556
178 0.5928414463996887
179 0.7922982573509216
180 0.9493914246559143
181 0.9390219449996948
182 0.9384822249412537
183 0.9871348142623901
184 1.0795986652374268
185 1.3061965703964233
186 1.2980210781097412
187 0.9706064462661743
188 1.0621247291564941
189 1.6576602458953857
190 1.3181719779968262
191 1.4000943899154663
192 1.0283935070037842
193 1.0505436658859253
194 0.7104487419128418
195 1.000033974647522
196 0.6875807046890259
197 1.3619223833084106
198 1.224633812904358
199 0.8265029788017273
200 0.8096112608909607
201 0.45770204067230225
202 0.5481515526771545
203 0.5490661859512329
204 0.42039644718170166
205 0.5975221395492554
206 0.6915505528450012
207 0.7794862389564514
208 0.5246760249137878
209 0.6318796873092651
210 0.6165865659713745
211 0.6262663006782532
212 0.8970494270324707
213 0.6866801977157593
214 0.8295259475708008
215 0.7339069247245789
216 0.5991663932800293
217 0.9400692582130432
218 0.4634302854537964
219 0.6829472184181213
220 0.7651587128639221
221 0.8186495900154114
222 1.0361688137054443
223 0.9600375294685364
224 0.5300883054733276
225 0.8084412813186646
226 1.0421712398529053
227 0.904233455657959
228 0.9054318070411682
229 0.8997026085853577
230 0.9851102828979492
231 0.9440329074859619
232 1.0379689931869507
233 1.0622680187225342
234 1.1486425399780273
235 0.7163829207420349
236 0.9760357141494751
237 0.6992585062980652
238 0.9357820749282837
239 0.9059755802154541
240 1.2082388401031494
241 0.8144164681434631
242 1.0397995710372925
243 0.9225693345069885
244 0.9528616070747375
245 0.6493287086486816
246 0.503525972366333
247 0.7114841938018799
248 0.3697413206100464
249 0.8458601236343384
250 0.6107386946678162
251 1.035854458808899
252 0.9825204610824585
253 1.2926801443099976
254 1.011694312095642
255 1.1347748041152954
256 1.3695411682128906
257 1.2710192203521729
258 0.9982635974884033
259 0.8943072557449341
260 0.8797205686569214
261 1.0617941617965698
262 1.077186942100525
263 0.9093242883682251
264 0.9355331063270569
265 1.1338613033294678
266 1.0776070356369019
267 0.8726194500923157
268 0.7860399484634399
269 0.45070359110832214
270 0.38070178031921387
271 0.7663147449493408
272 0.6785839200019836
273 0.5500339865684509
274 1.0532804727554321
275 0.8143523335456848
276 0.7690385580062866
277 1.0335297584533691
278 0.8817423582077026
279 1.0297060012817383
280 0.7964649200439453
281 0.582698404788971
282 0.6964426636695862
283 0.9796902537345886
284 0.7186587452888489
285 0.9530712962150574
286 0.8698270916938782
287 0.5687217116355896
288 0.8455288410186768
289 0.7667034268379211
290 0.7706052660942078
291 0.8596770167350769
292 1.1218494176864624
293 0.7873572111129761
294 0.8633951544761658
295 0.8533077836036682
296 1.1820547580718994
297 0.8904610872268677
298 0.9535710215568542
299 1.3600820302963257
300 1.027111530303955
301 0.8337799310684204
302 0.7597038149833679
303 1.2376435995101929
304 1.091418743133545
305 0.9946728944778442
306 0.9640699028968811
307 0.9985958337783813
308 0.9113349914550781
309 0.918436586856842
310 0.7319048643112183
311 1.3752961158752441
312 1.5047701597213745
313 1.5196385383605957
314 1.3730708360671997
315 1.2230287790298462
316 1.3088301420211792
317 1.663521647453308
318 1.4665073156356812
319 1.0128217935562134
320 1.3173285722732544
321 2.0218000411987305
322 1.1716115474700928
323 1.26649010181427
324 1.268493413925171
325 1.7537399530410767
326 1.7955124378204346
327 1.5904293060302734
328 1.2796717882156372
329 1.8834744691848755
330 1.5525548458099365
331 2.140366554260254
332 1.6955164670944214
333 2.4130194187164307
334 1.7201378345489502
335 1.7841484546661377
336 1.3787150382995605
337 1.532287836074829
338 1.4548325538635254
339 1.6659547090530396
340 1.604352593421936
341 1.3610759973526
342 1.3200695514678955
343 1.956147313117981
344 1.9473539590835571
345 2.0703985691070557
346 1.5762817859649658
347 1.3927396535873413
348 1.706712245941162
349 1.0342997312545776
350 1.3289134502410889
351 1.301293134689331
352 1.5440707206726074
353 1.149109125137329
354 1.4067761898040771
355 1.9078540802001953
356 1.4575541019439697
357 2.124340295791626
358 1.7799315452575684
359 1.469542145729065
360 1.324317216873169
361 1.1255162954330444
362 1.7641664743423462
363 1.7154512405395508
364 1.5388621091842651
365 1.5234477519989014
366 1.4125546216964722
367 1.6639158725738525
368 1.4241636991500854
369 1.2916247844696045
370 1.668633222579956
371 1.4496642351150513
372 1.3262572288513184
373 1.8760837316513062
374 1.535703420639038
375 1.9013274908065796
376 1.2662428617477417
377 1.6760274171829224
378 1.7290366888046265
379 1.5622692108154297
380 1.423838496208191
381 1.6624736785888672
382 2.0325844287872314
383 2.0952208042144775
384 2.3479583263397217
385 2.131556272506714
386 2.1644489765167236
387 1.7639418840408325
388 2.088676691055298
389 1.714776635169983
390 1.8415544033050537
391 1.312326431274414
392 1.38137948513031
393 1.7279201745986938
394 1.315592885017395
395 1.8149493932724
396 2.1590566635131836
397 1.8176064491271973
398 1.9071838855743408
399 1.7637611627578735
400 1.599398136138916
401 2.2137200832366943
402 2.700974702835083
403 2.087759256362915
404 1.9803459644317627
405 2.1856637001037598
406 1.9774847030639648
407 1.9659394025802612
408 1.4476251602172852
409 1.6434626579284668
410 1.360862374305725
411 1.648253083229065
412 1.5280184745788574
413 1.6675059795379639
414 1.3660091161727905
415 1.393117070198059
416 1.2404478788375854
417 1.580552577972412
418 1.0807768106460571
419 0.9453163743019104
420 1.5347554683685303
421 1.5771316289901733
422 1.648254632949829
423 1.4210401773452759
424 0.8556164503097534
425 1.428135633468628
426 1.3759348392486572
427 1.3974179029464722
428 1.1464835405349731
429 1.3136755228042603
430 1.2934880256652832
431 1.7544015645980835
432 1.413351058959961
433 1.3919198513031006
434 1.2723058462142944
435 1.4714076519012451
436 1.1605517864227295
437 1.5793020725250244
438 1.2107136249542236
439 1.480611801147461
440 1.3899517059326172
441 0.8672490119934082
442 1.4778249263763428
443 1.6796256303787231
444 1.144421100616455
445 0.9375743269920349
446 1.2493600845336914
447 0.9655016660690308
448 0.9806900024414063
449 0.9088950753211975
450 1.0716438293457031
451 1.2072572708129883
452 1.4574358463287354
453 1.1333096027374268
454 0.9933393001556396
455 1.2167166471481323
456 0.9076266884803772
457 1.8210816383361816
458 1.2752478122711182
459 1.2300903797149658
460 1.2855619192123413
461 1.2034456729888916
462 2.378584623336792
463 1.699873924255371
464 1.338894248008728
465 1.3079628944396973
466 0.9669244289398193
467 1.3699736595153809
468 1.0352611541748047
469 1.2524207830429077
470 1.6469842195510864
471 1.514216423034668
472 1.1889281272888184
473 1.6653680801391602
474 1.3095098733901978
475 1.5276682376861572
476 1.6371148824691772
477 1.5817400217056274
478 1.5811097621917725
479 1.4714792966842651
480 1.3018879890441895
481 1.3062307834625244
482 1.3904283046722412
483 1.4698214530944824
484 1.143534541130066
485 1.3799618482589722
486 1.245954155921936
487 1.4801206588745117
488 1.5256589651107788
489 1.0596206188201904
490 1.4428943395614624
491 1.0608738660812378
492 0.9115718007087708
493 1.2264988422393799
494 1.086234211921692
495 1.0814683437347412
496 0.7056635022163391
497 0.8006276488304138
498 0.8207678198814392
499 1.325243592262268
500 1.050194501876831
501 1.0423054695129395
502 1.0402086973190308
503 1.1732323169708252
504 1.1679251194000244
505 1.0967445373535156
506 1.1138007640838623
507 1.0538251399993896
508 1.4215844869613647
509 1.3979524374008179
510 1.2720659971237183
511 1.2845752239227295
512 1.1212090253829956
513 1.5348081588745117
514 1.5573420524597168
515 1.4687303304672241
516 1.239383339881897
517 1.297090768814087
518 1.7279868125915527
519 1.0276272296905518
520 1.4479440450668335
521 1.4042619466781616
522 0.8390794396400452
523 0.8806713819503784
524 1.1839519739151
525 1.4968303442001343
526 1.1723569631576538
527 1.0776182413101196
528 1.5641523599624634
529 1.5170742273330688
530 0.8742321729660034
531 1.2005892992019653
532 1.4376205205917358
533 1.4907885789871216
534 1.2318824529647827
535 1.3659179210662842
536 1.5274829864501953
537 1.5447355508804321
538 1.899001121520996
539 1.4823360443115234
540 1.165578842163086
541 1.4839763641357422
542 1.6832146644592285
543 1.3787939548492432
544 1.564718246459961
545 1.4181843996047974
546 1.041414737701416
547 1.0901180505752563
548 1.2535860538482666
549 1.5030951499938965
550 1.2374368906021118
551 1.9561548233032227
552 1.755510687828064
553 1.6368120908737183
554 1.7100971937179565
555 1.6615190505981445
556 1.6725040674209595
557 1.1303038597106934
558 1.0073050260543823
559 1.0161656141281128
560 1.4529643058776855
561 1.6093324422836304
562 1.185185432434082
563 1.4188026189804077
564 1.045111060142517
565 1.5093332529067993
566 1.1391620635986328
567 1.2835679054260254
568 1.623787760734558
569 1.433060646057129
570 1.099912166595459
571 0.939372181892395
572 1.0281472206115723
573 1.1544997692108154
574 1.483502745628357
575 1.2874128818511963
576 0.6938390731811523
577 1.5099385976791382
578 1.3339847326278687
579 1.3329205513000488
580 1.4826966524124146
581 1.4957587718963623
582 1.3662711381912231
583 1.260422945022583
584 2.004396438598633
585 1.426543116569519
586 1.1017658710479736
587 1.217371940612793
588 1.422476053237915
589 1.333869218826294
590 1.0188621282577515
591 0.9951699376106262
592 1.136340856552124
593 0.8084542751312256
594 0.7288779020309448
595 1.131203055381775
596 0.8898558616638184
597 0.8135953545570374
598 1.2427175045013428
599 1.0090433359146118
600 1.482290506362915
601 1.4277417659759521
602 1.2525367736816406
603 0.8342490196228027
604 1.1140739917755127
605 1.2271499633789063
606 1.3648685216903687
607 1.6830837726593018
608 1.4760125875473022
609 1.2947450876235962
610 1.2266024351119995
611 1.0371140241622925
612 1.2044978141784668
613 1.4662424325942993
614 1.0744171142578125
615 1.56167471408844
616 1.3596892356872559
617 1.4345959424972534
618 1.2739371061325073
619 1.7737035751342773
620 1.2489315271377563
621 1.2087280750274658
622 1.2961223125457764
623 0.8408146500587463
624 1.289754033088684
625 1.0384849309921265
626 1.2218360900878906
627 1.433150053024292
628 1.2155791521072388
629 1.3348602056503296
630 1.0668554306030273
631 0.9034873843193054
632 1.373876929283142
633 1.0499414205551147
634 1.1268855333328247
635 1.5638171434402466
636 1.0296928882598877
637 0.8356205224990845
638 1.3366893529891968
639 1.6650235652923584
640 1.7997084856033325
641 1.5740325450897217
642 1.3877227306365967
643 1.0869346857070923
644 1.2081443071365356
645 1.3263649940490723
646 1.1799315214157104
647 1.756748080253601
648 1.72611403465271
649 1.4078285694122314
650 0.9218971729278564
651 1.1649150848388672
652 1.1564068794250488
653 1.3649060726165771
654 1.6074215173721313
655 1.0521944761276245
656 1.5817042589187622
657 1.398485541343689
658 1.4787065982818604
659 0.9669508934020996
660 1.5603080987930298
661 1.3047903776168823
662 1.6156741380691528
663 1.2551201581954956
664 1.013009786605835
665 1.3474398851394653
666 1.2690764665603638
667 1.2656517028808594
668 0.8836950063705444
669 1.328482985496521
670 1.6371029615402222
671 1.2925212383270264
672 1.2664096355438232
673 1.3252177238464355
674 1.489554762840271
675 1.216163158416748
676 1.5589008331298828
677 1.5244518518447876
678 1.6109017133712769
679 1.659688949584961
680 1.946558952331543
681 1.7911163568496704
682 1.8944257497787476
683 1.6443816423416138
684 2.007864475250244
685 1.9050711393356323
686 1.4300886392593384
687 1.3658536672592163
688 1.1025924682617188
689 1.492612361907959
690 1.504284381866455
691 1.5607107877731323
692 2.144120454788208
693 1.775408148765564
694 1.7072761058807373
695 1.50494384765625
696 1.5524901151657104
697 1.8270783424377441
698 1.5115540027618408
699 1.6524033546447754
700 1.6841814517974854
701 1.2109657526016235
702 1.569120168685913
703 1.6313345432281494
704 1.4943301677703857
705 1.678505778312683
706 1.2907408475875854
707 1.721516728401184
708 1.3276647329330444
709 1.6224875450134277
710 1.6487715244293213
711 1.9971840381622314
712 1.5026066303253174
713 1.8486043214797974
714 1.5751771926879883
715 1.714436650276184
716 1.414162278175354
717 1.4931851625442505
718 1.6821978092193604
719 1.0648853778839111
720 1.1868572235107422
721 1.2857033014297485
722 1.1967735290527344
723 1.4997706413269043
724 1.528141736984253
725 1.7802913188934326
726 1.9096410274505615
727 1.55800461769104
728 1.5817718505859375
729 1.1742373704910278
730 0.933417558670044
731 1.354241967201233
732 1.422276258468628
733 1.1741913557052612
734 1.4601258039474487
735 1.1262370347976685
736 1.3500969409942627
737 1.273779034614563
738 1.7122288942337036
739 1.516433835029602
740 1.2201652526855469
741 1.3777883052825928
742 1.6121759414672852
743 1.4339075088500977
744 1.3717576265335083
745 1.3989228010177612
746 1.4293177127838135
747 1.373634934425354
748 1.0292714834213257
749 1.444754719734192
750 1.212828278541565
751 1.5461516380310059
752 0.9923000335693359
753 1.2065277099609375
754 1.3344414234161377
755 1.8347221612930298
756 1.3962833881378174
757 1.672197937965393
758 1.2245752811431885
759 1.288373589515686
760 1.4813786745071411
761 1.0712800025939941
762 1.1654988527297974
763 1.2285149097442627
764 1.2356677055358887
765 1.3469196557998657
766 1.3501030206680298
767 1.9377140998840332
768 1.5899609327316284
769 1.2067800760269165
770 1.356064796447754
771 1.109981894493103
772 1.2626935243606567
773 1.0738246440887451
774 1.611278772354126
775 0.9503560662269592
776 1.5373152494430542
777 1.1218801736831665
778 1.4970853328704834
779 1.4267666339874268
780 1.2043168544769287
781 0.8561204075813293
782 1.3478505611419678
783 1.0536364316940308
784 1.0341500043869019
785 1.0649503469467163
786 1.2264564037322998
787 1.2391360998153687
788 1.0153952836990356
789 1.0082467794418335
790 1.6152998208999634
791 0.8143265843391418
792 0.9362959861755371
793 1.1020623445510864
794 0.9030435681343079
795 1.6103079319000244
796 1.246274471282959
797 1.3641762733459473
798 0.6697295904159546
799 1.2949004173278809
800 1.3812997341156006
801 0.9850944876670837
802 1.3944913148880005
803 1.0755937099456787
804 1.0291626453399658
805 0.957108736038208
806 1.4987083673477173
807 1.263451337814331
808 0.9647372961044312
809 1.2654523849487305
810 1.102840542793274
811 1.3102803230285645
812 1.4226398468017578
813 1.6232249736785889
814 0.9705127477645874
815 1.2322158813476563
816 1.5367251634597778
817 1.1640934944152832
818 1.4378801584243774
819 1.298129916191101
820 1.3434678316116333
821 1.265531301498413
822 1.2016746997833252
823 1.3208553791046143
824 1.6578863859176636
825 1.4306012392044067
826 1.553602695465088
827 1.2235157489776611
828 1.5488762855529785
829 1.0053855180740356
830 1.2756212949752808
831 1.6343209743499756
832 1.0931075811386108
833 1.2789983749389648
834 1.4777858257293701
835 1.0791823863983154
836 1.518800973892212
837 1.7723287343978882
838 1.2426400184631348
839 1.0438103675842285
840 1.534777283668518
841 0.965807318687439
842 1.4061580896377563
843 0.8025562167167664
844 1.0208406448364258
845 1.2632886171340942
846 2.070335626602173
847 1.6938196420669556
848 1.158408284187317
849 1.2728781700134277
850 1.1708667278289795
851 2.044189453125
852 2.018749713897705
853 2.1699702739715576
854 1.699440360069275
855 1.8501259088516235
856 2.079693078994751
857 2.0328428745269775
858 2.5503365993499756
859 2.082355499267578
860 1.807194709777832
861 1.7187154293060303
862 1.4691431522369385
863 2.192633867263794
864 1.6810849905014038
865 1.933560848236084
866 2.021371603012085
867 1.9929165840148926
868 1.883054494857788
869 2.080873966217041
870 1.9354184865951538
871 1.9716160297393799
872 1.9004908800125122
873 2.0825588703155518
874 1.9971158504486084
875 2.4751665592193604
876 1.7748523950576782
877 2.287317991256714
878 1.9090943336486816
879 2.5973894596099854
880 2.2904698848724365
881 1.9343414306640625
882 2.4061713218688965
883 2.189676523208618
884 2.528669834136963
885 1.6648839712142944
886 1.8755452632904053
887 2.003748893737793
888 1.1778727769851685
889 1.164478063583374
890 1.061333417892456
891 1.2205142974853516
892 1.083283543586731
893 1.314267635345459
894 0.9321076273918152
895 0.6929731965065002
896 0.6424759030342102
897 0.8707982897758484
898 1.06693696975708
899 0.9968097805976868
900 1.138709545135498
901 1.5286754369735718
902 1.1383854150772095
903 1.1029940843582153
904 0.9646562337875366
905 0.7897191643714905
906 1.3689842224121094
907 1.615906000137329
908 1.587174892425537
909 1.970899224281311
910 1.7076351642608643
911 1.4422497749328613
912 1.5676932334899902
913 1.9406499862670898
914 1.3468847274780273
915 1.9234708547592163
916 1.672235369682312
917 1.7578890323638916
918 1.8267232179641724
919 1.6460216045379639
920 1.5140432119369507
921 1.3660564422607422
922 1.4505589008331299
923 1.8258590698242188
924 1.5512114763259888
925 1.3820792436599731
926 1.4786840677261353
927 1.2935703992843628
928 1.7642658948898315
929 1.2291581630706787
930 1.374640941619873
931 1.4736164808273315
932 1.4857908487319946
933 1.256856918334961
934 1.7191252708435059
935 1.4521081447601318
936 1.425057291984558
937 1.704732894897461
938 1.2348254919052124
939 1.1625396013259888
940 1.6943122148513794
941 1.5297119617462158
942 1.495411992073059
943 1.705533504486084
944 1.387122392654419
945 1.3129640817642212
946 1.4191257953643799
947 1.4679405689239502
948 1.4197490215301514
949 1.4473198652267456
950 1.3462570905685425
951 1.6340440511703491
952 1.3227217197418213
953 1.8184984922409058
954 1.4476321935653687
955 1.7371140718460083
956 1.9492219686508179
957 1.669845461845398
958 1.5616631507873535
959 1.4798665046691895
960 1.402366280555725
961 1.3885973691940308
962 1.5364617109298706
963 1.6258913278579712
964 2.0993852615356445
965 1.559517502784729
966 1.8628891706466675
967 1.7029452323913574
968 1.8482657670974731
969 1.7041624784469604
970 2.0175464153289795
971 1.9762163162231445
972 3.0575408935546875
973 2.7214462757110596
974 2.4242734909057617
975 2.598893880844116
976 2.966888427734375
977 3.302459239959717
978 2.6576428413391113
979 2.402463912963867
980 2.3712849617004395
981 2.737126111984253
982 2.048537015914917
983 2.5692408084869385
984 2.410163402557373
985 3.1802287101745605
986 2.638995885848999
987 2.523214817047119
988 2.0904195308685303
989 2.122161865234375
990 3.010998249053955
991 2.3508567810058594
992 2.0862512588500977
993 2.033766269683838
994 2.5153706073760986
995 2.309173583984375
996 2.068443536758423
997 2.2298312187194824
998 2.0965497493743896
999 1.827862024307251
1000 2.14855694770813
1001 1.9435878992080688
1002 1.8132948875427246
1003 1.8874893188476563
1004 2.052816390991211
1005 2.163677453994751
1006 1.781874656677246
1007 2.1478216648101807
1008 1.2793679237365723
1009 2.181762933731079
1010 1.798483967781067
1011 2.585925817489624
1012 2.1517348289489746
1013 2.17970871925354
1014 2.166531801223755
1015 1.7256758213043213
1016 2.0203752517700195
1017 1.8163950443267822
1018 1.9113420248031616
1019 1.6536301374435425
1020 1.863168478012085
1021 1.653865098953247
1022 1.9818850755691528
1023 1.6566534042358398
1024 1.6863203048706055
1025 1.3886758089065552
1026 1.741076111793518
1027 1.5852526426315308
1028 2.322848320007324
1029 1.8480168581008911
1030 1.4880398511886597
1031 1.7355326414108276
1032 1.7526599168777466
1033 2.2526612281799316
1034 2.1420414447784424
1035 2.289019823074341
1036 2.141584634780884
1037 2.4502556324005127
1038 1.9813284873962402
1039 1.975113034248352
1040 2.4578261375427246
1041 1.874279260635376
1042 1.6643056869506836
1043 1.5152015686035156
1044 2.1604182720184326
1045 1.6153684854507446
1046 2.000312566757202
1047 1.6889772415161133
1048 1.8302544355392456
1049 2.2974631786346436
1050 1.8685429096221924
1051 1.8873614072799683
1052 1.6164684295654297
1053 1.380539894104004
1054 1.9164575338363647
1055 2.057126760482788
1056 2.1508407592773438
1057 2.379944324493408
1058 1.494226336479187
1059 1.7813427448272705
1060 1.31666898727417
1061 2.194091320037842
1062 1.6536710262298584
1063 1.5363658666610718
1064 2.0204977989196777
1065 1.6477656364440918
1066 1.4966256618499756
1067 1.6406680345535278
1068 1.473443865776062
1069 1.5767582654953003
1070 1.6829438209533691
1071 2.197634696960449
1072 1.9347937107086182
1073 2.198698043823242
1074 1.9288791418075562
1075 2.005423069000244
1076 2.1680216789245605
1077 1.6992193460464478
1078 1.7134406566619873
1079 2.119871139526367
1080 2.3465211391448975
1081 1.6171644926071167
1082 1.2798103094100952
1083 1.8247456550598145
1084 1.2799853086471558
1085 1.2952932119369507
1086 1.4210865497589111
1087 1.6235860586166382
1088 1.9251023530960083
1089 1.690894365310669
1090 1.4778717756271362
1091 1.9677358865737915
1092 1.628397822380066
1093 1.721489429473877
1094 1.6675200462341309
1095 1.891919493675232
1096 1.922322392463684
1097 1.779575228691101
1098 1.8041479587554932
1099 1.5223582983016968
1100 1.3698266744613647
1101 1.4181596040725708
1102 1.3718403577804565
1103 1.8299853801727295
1104 1.8882052898406982
1105 1.9715240001678467
1106 2.240734338760376
1107 1.767752766609192
1108 1.617740511894226
1109 1.5939754247665405
1110 1.6210508346557617
1111 1.9123910665512085
1112 1.4771876335144043
1113 0.9897772669792175
1114 1.7383975982666016
1115 1.930757999420166
1116 2.081937074661255
1117 1.6660434007644653
1118 2.2544500827789307
1119 2.3414320945739746
1120 1.672633409500122
1121 2.2445085048675537
1122 2.2036499977111816
1123 2.3517537117004395
1124 2.153724193572998
1125 2.4028918743133545
1126 2.057220935821533
1127 2.2334208488464355
1128 2.723276138305664
1129 2.142047643661499
1130 2.1903584003448486
1131 2.049928903579712
1132 2.0931010246276855
1133 1.9619958400726318
1134 2.3207035064697266
1135 2.57562255859375
1136 2.4175727367401123
1137 2.437650442123413
1138 1.944187045097351
1139 2.061145305633545
1140 2.0211880207061768
1141 2.3631865978240967
1142 1.9781168699264526
1143 1.6954346895217896
1144 1.7650705575942993
1145 1.577626347541809
1146 1.6305900812149048
1147 1.810202717781067
1148 1.5164055824279785
1149 1.5244890451431274
1150 1.3772430419921875
1151 1.5148651599884033
1152 1.5949398279190063
1153 1.5111603736877441
1154 1.3375531435012817
1155 1.7221999168395996
1156 1.7763211727142334
1157 1.800156593322754
1158 1.6941065788269043
1159 1.1100994348526
1160 1.7514477968215942
1161 1.1510049104690552
1162 0.8704798817634583
1163 1.3170896768569946
1164 1.3270422220230103
1165 1.1337499618530273
1166 1.2260994911193848
1167 1.2747799158096313
1168 1.5816309452056885
1169 1.3739901781082153
1170 1.5511780977249146
1171 1.535117745399475
1172 1.5823785066604614
1173 1.697039008140564
1174 1.7836108207702637
1175 1.9042562246322632
1176 1.5283654928207397
1177 1.4454798698425293
1178 1.7071481943130493
1179 1.4366832971572876
1180 1.9983803033828735
1181 1.3744559288024902
1182 1.9634418487548828
1183 2.3750877380371094
1184 1.5085723400115967
1185 1.4762568473815918
1186 1.3376024961471558
1187 1.4422862529754639
1188 1.878509283065796
1189 1.4175454378128052
1190 1.9963114261627197
1191 1.5803742408752441
1192 1.6879085302352905
1193 1.416317105293274
1194 1.3849577903747559
1195 1.4570660591125488
1196 1.6835037469863892
1197 1.5983043909072876
1198 1.4321339130401611
1199 1.8070979118347168
1200 1.2680375576019287
1201 1.505398154258728
1202 1.5102458000183105
1203 1.0514968633651733
1204 1.301483154296875
1205 1.5683573484420776
1206 1.3055429458618164
1207 1.33394193649292
1208 1.2490477561950684
1209 1.47907292842865
1210 1.6612290143966675
1211 1.227621078491211
1212 1.232330322265625
1213 1.5749051570892334
1214 1.7726656198501587
1215 1.183356761932373
1216 1.5471998453140259
1217 1.036108374595642
1218 1.4763833284378052
1219 1.8663820028305054
1220 1.336926817893982
1221 0.8625675439834595
1222 1.6153011322021484
1223 1.4678148031234741
1224 1.9812955856323242
1225 1.1559727191925049
1226 1.6295382976531982
1227 0.9308164715766907
1228 1.177198886871338
1229 1.3902065753936768
1230 1.356201410293579
1231 1.6031628847122192
1232 1.308663010597229
1233 1.0226930379867554
1234 1.1128818988800049
1235 0.9912731647491455
1236 1.1389222145080566
1237 0.6961865425109863
1238 1.128896951675415
1239 1.123864769935608
1240 1.193969488143921
1241 1.107819676399231
1242 1.2663099765777588
1243 1.0003631114959717
1244 1.2013579607009888
1245 1.5035974979400635
1246 1.0820443630218506
1247 1.4070483446121216
1248 0.8932400941848755
1249 1.3860654830932617
1250 1.2511529922485352
1251 1.0491862297058105
1252 1.3172835111618042
1253 1.177322506904602
1254 1.635927677154541
1255 1.2420926094055176
1256 1.469140648841858
1257 0.9708135724067688
1258 1.623368740081787
1259 1.5990633964538574
1260 1.5906739234924316
1261 1.7139235734939575
1262 1.3088842630386353
1263 1.273235559463501
1264 1.5575731992721558
1265 1.57576584815979
1266 1.751970648765564
1267 1.8217037916183472
1268 1.3588184118270874
1269 1.4859663248062134
1270 1.3877642154693604
1271 1.4929231405258179
1272 1.1262105703353882
1273 1.453848123550415
1274 1.4492279291152954
1275 1.6878448724746704
1276 1.3848482370376587
1277 1.292399287223816
1278 1.3034563064575195
1279 1.5307461023330688
1280 1.3720771074295044
1281 1.5113335847854614
1282 1.7450891733169556
1283 1.7911306619644165
1284 1.8620027303695679
1285 1.312900424003601
1286 1.167938470840454
1287 1.5137786865234375
1288 1.3104733228683472
1289 1.7228660583496094
1290 1.726719856262207
1291 1.800493836402893
1292 1.9664714336395264
1293 1.3911446332931519
1294 1.7512791156768799
1295 1.9343417882919312
1296 1.4070472717285156
1297 1.1925381422042847
1298 1.3781204223632813
1299 1.3207484483718872
1300 1.4084547758102417
1301 1.0469661951065063
1302 1.2279624938964844
1303 1.1551703214645386
1304 1.0674861669540405
1305 0.8061020970344543
1306 1.6963578462600708
1307 1.3331865072250366
1308 1.5008567571640015
1309 1.496527910232544
1310 1.2543480396270752
1311 0.7347389459609985
1312 1.4947220087051392
1313 1.4181956052780151
1314 1.5849699974060059
1315 1.6217838525772095
1316 1.290438175201416
1317 1.4787565469741821
1318 1.2706708908081055
1319 0.9659404158592224
1320 1.1163302659988403
1321 1.2171814441680908
1322 1.2900311946868896
1323 1.1387648582458496
1324 0.8920354843139648
1325 1.6018850803375244
1326 1.213292121887207
1327 1.2343647480010986
1328 1.6084555387496948
1329 1.7233141660690308
1330 1.619796633720398
1331 1.3566197156906128
1332 1.2298494577407837
1333 1.109966516494751
1334 1.391038417816162
1335 1.345633625984192
1336 1.3092422485351563
1337 1.101786494255066
1338 1.2597510814666748
1339 1.10886549949646
1340 1.083707332611084
1341 1.0092681646347046
1342 1.1481834650039673
1343 1.2978969812393188
1344 1.4048327207565308
1345 0.9833383560180664
1346 1.3359955549240112
1347 1.4702143669128418
1348 1.298766016960144
1349 1.2062052488327026
1350 0.893267035484314
1351 1.1087037324905396
1352 0.9994935393333435
1353 1.134128451347351
1354 0.9240602850914001
1355 1.1187825202941895
1356 1.5688755512237549
1357 1.6289803981781006
1358 1.4769604206085205
1359 1.445655107498169
1360 1.6411734819412231
1361 1.1918593645095825
1362 1.4127129316329956
1363 1.3328135013580322
1364 1.3951048851013184
1365 1.4977281093597412
1366 1.6011687517166138
1367 1.1508358716964722
1368 1.275311827659607
1369 1.1771411895751953
1370 1.0664024353027344
1371 1.2627185583114624
1372 1.2885007858276367
1373 0.7805458903312683
1374 0.8826944231987
1375 1.0442627668380737
1376 1.2007153034210205
1377 1.2675188779830933
1378 1.3676942586898804
1379 1.5790932178497314
1380 1.200731873512268
1381 1.3621344566345215
1382 1.2450289726257324
1383 1.3097087144851685
1384 0.9678362011909485
1385 1.0962311029434204
1386 1.1618435382843018
1387 1.6267478466033936
1388 1.109351634979248
1389 1.679967999458313
1390 1.6056149005889893
1391 1.7012724876403809
1392 1.8678069114685059
1393 1.4547903537750244
1394 1.8603503704071045
1395 1.9206005334854126
1396 1.2740315198898315
1397 1.471191167831421
1398 1.8154736757278442
1399 1.1977695226669312
1400 1.1465458869934082
1401 1.0936598777770996
1402 1.5609524250030518
1403 1.477805733680725
1404 1.4067957401275635
1405 1.3856219053268433
1406 1.1446261405944824
1407 1.206944465637207
1408 0.8747565150260925
1409 1.0429123640060425
1410 1.2286317348480225
1411 1.2147990465164185
1412 1.3406474590301514
1413 1.346684455871582
1414 1.1046278476715088
1415 1.3332496881484985
1416 1.1344428062438965
1417 1.129590630531311
1418 0.9847310781478882
1419 1.3803629875183105
1420 0.810394287109375
1421 1.2394187450408936
1422 0.6994174122810364
1423 0.9418891668319702
1424 0.9793141484260559
1425 0.8797187805175781
1426 1.0885460376739502
1427 0.7714086771011353
1428 0.5925594568252563
1429 0.8990199565887451
1430 1.2786989212036133
1431 1.290961742401123
1432 1.2073795795440674
1433 0.8999152779579163
1434 1.3131752014160156
1435 1.0572502613067627
1436 0.7537770867347717
1437 1.1118674278259277
1438 1.0797501802444458
1439 1.1206706762313843
1440 0.6237650513648987
1441 0.8883976340293884
1442 1.2511314153671265
1443 1.5137147903442383
1444 1.4582387208938599
1445 0.9290137887001038
1446 1.2332614660263062
1447 1.5880768299102783
1448 1.3077892065048218
1449 1.6626330614089966
1450 1.1951794624328613
1451 1.554256796836853
1452 1.3983795642852783
1453 1.4986966848373413
1454 1.150822639465332
1455 1.31571364402771
1456 1.3336741924285889
1457 1.2231383323669434
1458 0.9661502838134766
1459 1.2496193647384644
1460 1.4098303318023682
1461 1.0147366523742676
1462 1.1158006191253662
1463 1.455492377281189
1464 1.2260938882827759
1465 1.5447949171066284
1466 1.3817716836929321
1467 1.0892614126205444
1468 0.9758872389793396
1469 1.2455638647079468
1470 1.2165957689285278
1471 1.1182807683944702
1472 1.5036512613296509
1473 1.1183682680130005
1474 0.9117100834846497
1475 1.254482626914978
1476 1.4487863779067993
1477 0.9247185587882996
1478 0.944564163684845
1479 1.3516621589660645
1480 1.298492670059204
1481 1.2496509552001953
1482 0.997390627861023
1483 1.4915775060653687
1484 1.1714911460876465
1485 0.9271693825721741
1486 1.305787205696106
1487 1.0321637392044067
1488 1.25510573387146
1489 1.5214065313339233
1490 1.2189687490463257
1491 1.1507371664047241
1492 1.5354366302490234
1493 1.3340387344360352
1494 1.673916220664978
1495 1.8096331357955933
1496 1.271060585975647
1497 1.770458459854126
1498 1.6722828149795532
1499 1.1649432182312012
1500 1.2983158826828003
1501 1.5561331510543823
1502 1.0401846170425415
1503 1.2082228660583496
1504 1.0955522060394287
1505 1.389449119567871
1506 0.8729068636894226
1507 1.067816138267517
1508 1.1007916927337646
1509 1.2810014486312866
1510 1.4550279378890991
1511 0.9602028131484985
1512 1.2554558515548706
1513 1.1780070066452026
1514 1.4864822626113892
1515 1.320662260055542
1516 2.046907663345337
1517 1.3454087972640991
1518 1.0964412689208984
1519 1.3800088167190552
1520 1.08976149559021
1521 0.987905740737915
1522 0.8574260473251343
1523 0.9831161499023438
1524 1.143396019935608
1525 1.122305154800415
1526 1.4969090223312378
1527 1.535454511642456
1528 1.2864153385162354
1529 1.408277153968811
1530 1.3268797397613525
1531 1.2410424947738647
1532 1.2470530271530151
1533 1.2865220308303833
1534 1.4401994943618774
1535 1.3738259077072144
1536 1.4587161540985107
1537 1.2366359233856201
1538 1.6211779117584229
1539 1.703128457069397
1540 1.6671420335769653
1541 1.1784520149230957
1542 1.3554184436798096
1543 1.6450766324996948
1544 1.5343973636627197
1545 1.5833489894866943
1546 1.2590433359146118
1547 1.5224965810775757
1548 1.5104624032974243
1549 1.753187656402588
1550 1.4319798946380615
1551 1.5466729402542114
1552 1.5266211032867432
1553 1.60446298122406
1554 1.428316593170166
1555 1.2665903568267822
1556 1.456885576248169
1557 1.5068082809448242
1558 1.4380615949630737
1559 1.1167746782302856
1560 0.9082280397415161
1561 1.6871312856674194
1562 1.6003533601760864
1563 1.7272241115570068
1564 0.6680434346199036
1565 1.067650318145752
1566 1.5119738578796387
1567 1.5239001512527466
1568 1.3502438068389893
1569 1.0447847843170166
1570 1.3441835641860962
1571 1.0707805156707764
1572 1.0023441314697266
1573 0.9530736207962036
1574 1.2302035093307495
1575 1.1327100992202759
1576 1.1868921518325806
1577 1.4784992933273315
1578 1.0071302652359009
1579 1.3623263835906982
1580 1.5097013711929321
1581 1.4958263635635376
1582 1.1418702602386475
1583 1.4686520099639893
1584 1.8145794868469238
1585 0.9369878768920898
1586 1.44679856300354
1587 1.2246453762054443
1588 1.197021484375
1589 1.2181841135025024
1590 0.9915457963943481
1591 1.7770205736160278
1592 1.6217424869537354
1593 1.442124605178833
1594 1.336272120475769
1595 1.3994531631469727
1596 1.3083218336105347
1597 1.2840701341629028
1598 0.950158417224884
1599 1.0175566673278809
1600 1.4597455263137817
1601 1.3025944232940674
1602 1.2855640649795532
1603 1.1112843751907349
1604 1.4632244110107422
1605 1.2619272470474243
1606 1.7631056308746338
1607 1.1096051931381226
1608 1.4666329622268677
1609 1.0731432437896729
1610 1.4061002731323242
1611 1.243369221687317
1612 1.9237204790115356
1613 1.292632818222046
1614 1.2844537496566772
1615 1.051612138748169
1616 1.1619609594345093
1617 1.3169574737548828
1618 1.3622366189956665
1619 0.9272980093955994
1620 1.1309187412261963
1621 0.8861036896705627
1622 1.17387855052948
1623 0.8552830815315247
1624 0.9324148893356323
1625 0.9096977710723877
1626 1.2155934572219849
1627 1.354461431503296
1628 1.3632941246032715
1629 1.4939441680908203
1630 1.44060218334198
1631 1.424687385559082
1632 0.9476976990699768
1633 0.8929793834686279
1634 1.057212233543396
1635 1.1960461139678955
1636 1.3351417779922485
1637 1.3438313007354736
1638 1.4666837453842163
1639 1.4063791036605835
1640 1.0898520946502686
1641 1.3867872953414917
1642 1.3681484460830688
1643 1.3419395685195923
1644 1.6202187538146973
1645 1.2800936698913574
1646 1.8507760763168335
1647 1.6580798625946045
1648 1.7020909786224365
1649 1.3770983219146729
1650 1.2129026651382446
1651 1.7266027927398682
1652 1.2139015197753906
1653 1.8593562841415405
1654 1.5801914930343628
1655 1.0911144018173218
1656 1.1377546787261963
1657 0.6687992811203003
1658 1.101027011871338
1659 0.9586491584777832
1660 0.7145381569862366
1661 1.1329456567764282
1662 1.8272207975387573
1663 1.5552396774291992
1664 1.0781443119049072
1665 1.7318693399429321
1666 1.606035828590393
1667 1.582126259803772
1668 1.317031979560852
1669 1.496776819229126
1670 0.9640998840332031
1671 1.1978983879089355
1672 1.381414771080017
1673 1.2052555084228516
1674 1.5397112369537354
1675 2.062386989593506
1676 2.0949089527130127
1677 1.6181854009628296
1678 1.6364452838897705
1679 1.5295219421386719
1680 1.8996683359146118
1681 1.3895149230957031
1682 1.4303139448165894
1683 1.7074048519134521
1684 1.3609051704406738
1685 1.6166046857833862
1686 1.458318829536438
1687 1.4037622213363647
1688 1.45357084274292
1689 1.1062216758728027
1690 1.5297930240631104
1691 1.125118613243103
1692 1.558766484260559
1693 1.2260533571243286
1694 1.149919867515564
1695 1.4405020475387573
1696 1.549054503440857
1697 1.1376265287399292
1698 1.8526536226272583
1699 1.7271922826766968
1700 1.6972408294677734
1701 1.4029607772827148
1702 1.954642415046692
1703 1.3837404251098633
1704 1.5598255395889282
1705 1.5601314306259155
1706 1.9920368194580078
1707 1.334847331047058
1708 1.43907630443573
1709 1.2852883338928223
1710 1.2099361419677734
1711 1.4144690036773682
1712 1.5653082132339478
1713 0.8278586268424988
1714 0.9190889596939087
1715 1.0516873598098755
1716 1.1202181577682495
1717 1.209849238395691
1718 1.644568920135498
1719 1.2306594848632813
1720 1.9151118993759155
1721 1.1721956729888916
1722 1.575933575630188
1723 2.048222780227661
1724 2.170712471008301
1725 1.8665916919708252
1726 1.3172683715820313
1727 1.459395170211792
1728 1.3023138046264648
1729 1.394662618637085
1730 1.397409439086914
1731 1.3364570140838623
1732 0.9891965389251709
1733 1.190746784210205
1734 0.987104594707489
1735 1.1512473821640015
1736 1.4332772493362427
1737 1.4205777645111084
1738 1.227647066116333
1739 1.7006968259811401
1740 1.2534682750701904
1741 1.445091962814331
1742 1.8349441289901733
1743 1.482248306274414
1744 1.6644418239593506
1745 1.4385465383529663
1746 1.3092260360717773
1747 1.506919264793396
1748 1.225685477256775
1749 1.0979784727096558
1750 1.407698154449463
1751 0.9755455255508423
1752 0.9357787370681763
1753 1.0825634002685547
1754 1.2284246683120728
1755 1.427348017692566
1756 1.263001561164856
1757 1.5629992485046387
1758 1.7682068347930908
1759 1.441346287727356
1760 1.563903570175171
1761 2.079665184020996
1762 1.5257505178451538
1763 1.616727352142334
1764 1.788041114807129
1765 1.5252857208251953
1766 1.5773851871490479
1767 1.4971086978912354
1768 1.1793479919433594
1769 1.1888220310211182
1770 1.2332953214645386
1771 1.4777071475982666
1772 1.610255479812622
1773 1.6138108968734741
1774 1.8786052465438843
1775 1.5517332553863525
1776 1.6674869060516357
1777 1.5583689212799072
1778 1.6024103164672852
1779 2.0053176879882813
1780 2.1213669776916504
1781 1.753717064857483
1782 1.736153483390808
1783 1.970898151397705
1784 1.7310887575149536
1785 2.178652286529541
1786 1.754399299621582
1787 1.8656164407730103
1788 1.7472339868545532
1789 1.951488733291626
1790 2.063730239868164
1791 1.63074791431427
1792 2.1288645267486572
1793 1.7706961631774902
1794 1.6857413053512573
1795 1.3217711448669434
1796 1.3153181076049805
1797 1.8431991338729858
1798 1.9601027965545654
1799 1.897539496421814
1800 1.5512499809265137
1801 1.5859273672103882
1802 1.0686087608337402
1803 1.4415717124938965
1804 1.2366797924041748
1805 1.5423306226730347
1806 1.168595314025879
1807 1.4144505262374878
1808 1.304451584815979
1809 1.1883690357208252
1810 1.3431992530822754
1811 1.5399020910263062
1812 1.3601046800613403
1813 1.559762954711914
1814 1.6014341115951538
1815 1.6860671043395996
1816 2.320854902267456
1817 2.0575995445251465
1818 1.8152151107788086
1819 1.2855111360549927
1820 1.3898406028747559
1821 0.9143465757369995
1822 1.0720514059066772
1823 1.4151827096939087
1824 1.4391999244689941
1825 1.8350517749786377
1826 1.8568612337112427
1827 1.0268436670303345
1828 1.179039716720581
1829 1.6453301906585693
1830 1.5956764221191406
1831 1.6395680904388428
1832 1.2933543920516968
1833 1.4769591093063354
1834 1.695203185081482
1835 1.6565608978271484
1836 1.8038978576660156
1837 1.3062100410461426
1838 1.3410896062850952
1839 1.3034552335739136
1840 1.1610721349716187
1841 1.3639434576034546
1842 1.4806175231933594
1843 1.699397087097168
1844 1.5908479690551758
1845 1.4075798988342285
1846 1.5862491130828857
1847 1.6406970024108887
1848 1.4685180187225342
1849 1.6825892925262451
1850 1.8279889822006226
1851 1.8367730379104614
1852 1.4333107471466064
1853 2.0285415649414063
1854 1.7684890031814575
1855 2.0016860961914063
1856 1.470099925994873
1857 1.3747236728668213
1858 1.4943819046020508
1859 1.9637988805770874
1860 1.795762538909912
1861 1.9232804775238037
1862 1.9220294952392578
1863 1.7713078260421753
1864 2.0653927326202393
1865 1.2405799627304077
1866 1.333059549331665
1867 1.473039984703064
1868 1.4034490585327148
1869 1.3384640216827393
1870 1.6992497444152832
1871 1.6332570314407349
1872 1.7091840505599976
1873 1.588865876197815
1874 1.2383511066436768
1875 1.199859857559204
1876 1.1295758485794067
1877 1.1296396255493164
1878 1.102312684059143
1879 1.1421540975570679
1880 1.7856638431549072
1881 1.4685063362121582
1882 1.3512712717056274
1883 1.399849534034729
1884 1.398361325263977
1885 1.2607512474060059
1886 1.4542253017425537
1887 1.2491915225982666
1888 1.8430840969085693
1889 1.5582741498947144
1890 1.1414556503295898
1891 1.576254963874817
1892 1.1024993658065796
1893 1.4732160568237305
1894 1.492993712425232
1895 1.6446592807769775
1896 1.7374495267868042
1897 1.403885006904602
1898 1.922663688659668
1899 1.3785760402679443
1900 1.2057437896728516
1901 1.4360308647155762
1902 1.7175123691558838
1903 1.994033932685852
1904 1.6609617471694946
1905 1.2561206817626953
1906 1.9519981145858765
1907 1.7125325202941895
1908 1.74850594997406
1909 1.5814069509506226
1910 1.814046859741211
1911 1.423258900642395
1912 1.6685482263565063
1913 1.3984003067016602
1914 1.412994146347046
1915 1.354453444480896
1916 1.3123328685760498
1917 1.5958892107009888
1918 1.3439480066299438
1919 1.592926025390625
1920 1.6645594835281372
1921 1.7962201833724976
1922 1.6834827661514282
1923 0.9728830456733704
1924 1.3958206176757813
1925 1.4294419288635254
1926 1.1802924871444702
1927 1.219645380973816
1928 1.2948131561279297
1929 1.1100130081176758
1930 1.3370171785354614
1931 1.5430309772491455
1932 1.0871013402938843
1933 1.5799586772918701
1934 1.3932099342346191
1935 1.4242264032363892
1936 1.1114436388015747
1937 1.3233022689819336
1938 1.2560633420944214
1939 0.9574928283691406
1940 1.4998325109481812
1941 1.310718297958374
1942 1.58116614818573
1943 1.1558020114898682
1944 1.3365613222122192
1945 1.1206711530685425
1946 1.4080995321273804
1947 0.9085618853569031
1948 1.1160318851470947
1949 1.2784987688064575
1950 1.1584811210632324
1951 0.895610511302948
1952 1.0471347570419312
1953 1.0850189924240112
1954 1.1202882528305054
1955 0.8747487664222717
1956 1.3838107585906982
1957 1.2192976474761963
1958 1.1424686908721924
1959 1.4087740182876587
1960 1.081295132637024
1961 1.1236233711242676
1962 1.2194443941116333
1963 0.8635110855102539
1964 1.0833728313446045
1965 1.1237082481384277
1966 1.5432429313659668
1967 1.1095181703567505
1968 0.9233313798904419
1969 0.991992712020874
1970 1.1990786790847778
1971 0.9576078653335571
1972 1.014542818069458
1973 1.2220534086227417
1974 1.049022912979126
1975 1.0801793336868286
1976 0.9109158515930176
1977 0.9873363971710205
1978 0.8516356945037842
1979 1.2016139030456543
1980 1.3200515508651733
1981 1.5842995643615723
1982 1.0897430181503296
1983 1.1599109172821045
1984 0.7686303853988647
1985 1.2620793581008911
1986 0.6330525875091553
1987 1.2777659893035889
1988 0.8966211080551147
1989 0.7879670858383179
1990 1.1178436279296875
1991 1.172167420387268
1992 1.5577366352081299
1993 1.624679684638977
1994 0.9452511668205261
1995 0.803032398223877
1996 0.973166286945343
1997 1.2807875871658325
1998 0.9202079176902771
1999 1.077177882194519
