0 0.0
1 0.6868318915367126
2 0.6832370162010193
3 0.7521825432777405
4 0.6076446175575256
5 0.5358180999755859
6 0.6527735590934753
7 0.9873589277267456
8 0.6948755383491516
9 1.5130867958068848
10 1.1775457859039307
11 1.3002089262008667
12 1.1912994384765625
13 1.3592458963394165
14 1.1189320087432861
15 1.4434009790420532
16 0.7625275254249573
17 0.8630422353744507
18 1.024576187133789
19 1.2216531038284302
20 1.7762175798416138
21 1.1712439060211182
22 0.4011227488517761
23 1.422562837600708
24 1.0526790618896484
25 0.7909877300262451
26 0.7596887350082397
27 0.7470468282699585
28 0.814837634563446
29 1.04947829246521
30 1.2271466255187988
31 1.5757689476013184
32 1.1037793159484863
33 0.9794741868972778
34 0.31840044260025024
35 0.7450160980224609
36 0.7370483875274658
37 0.5301612019538879
38 1.1038620471954346
39 0.2928082346916199
40 0.5290558934211731
41 0.7794128060340881
42 1.0493050813674927
43 0.9545810222625732
44 1.511518955230713
45 0.8672546744346619
46 0.7637341618537903
47 0.8104382753372192
48 0.34478455781936646
49 0.45200827717781067
50 0.9432520866394043
51 0.559476375579834
52 0.6903460025787354
53 0.9853187799453735
54 0.6108017563819885
55 0.44647684693336487
56 0.12745559215545654
57 0.38216570019721985
58 0.4474998116493225
59 1.0534619092941284
60 0.665465772151947
61 0.598452627658844
62 0.4033129811286926
63 0.8214651942253113
64 0.5301879644393921
65 0.46493062376976013
66 0.47464311122894287
67 0.426708459854126
68 0.7764999270439148
69 0.26892465353012085
70 0.5307006239891052
71 0.4865233898162842
72 0.3644559979438782
73 0.3421420454978943
74 0.5009228587150574
75 0.8061730265617371
76 0.42750850319862366
77 0.4959799647331238
78 0.5169262290000916
79 0.5936660170555115
80 0.5629156231880188
81 0.5183315873146057
82 0.45450204610824585
83 0.41752341389656067
84 0.49934667348861694
85 0.3573712706565857
86 0.3628082275390625
87 0.5743074417114258
88 0.7900060415267944
89 0.2827027440071106
90 0.4633568823337555
91 0.43686941266059875
92 0.3872166574001312
93 0.27689096331596375
94 0.1966293603181839
95 0.2854614555835724
96 0.7184234261512756
97 0.3064286708831787
98 0.44010573625564575
99 0.48214098811149597
100 0.7283062934875488
101 0.6020848155021667
102 0.6646294593811035
103 0.5095639824867249
104 0.8423130512237549
105 0.8036813735961914
106 1.0815751552581787
107 0.997079074382782
108 0.5222927331924438
109 0.7081824541091919
110 0.5704228281974792
111 1.0176844596862793
112 1.0249271392822266
113 0.5994079113006592
114 0.7043659090995789
115 0.5360634922981262
116 0.3477402329444885
117 0.5405489206314087
118 0.7072978019714355
119 0.5642181038856506
120 0.5688641667366028
121 1.2172201871871948
122 0.599757194519043
123 0.251910537481308
124 0.858185350894928
125 0.7214435338973999
126 0.7706834077835083
127 0.9114713668823242
128 0.8254836201667786
129 0.8566901087760925
130 0.852439284324646
131 0.9110444188117981
132 0.49701496958732605
133 0.3848304748535156
134 0.7609889507293701
135 1.2207366228103638
136 0.4630369246006012
137 0.6565396189689636
138 0.8925229907035828
139 0.8125741481781006
140 0.32582321763038635
141 0.513152539730072
142 0.74907386302948
143 0.6200926899909973
144 0.8187232613563538
145 0.5453764796257019
146 0.6572686433792114
147 0.49817946553230286
148 0.8185959458351135
149 0.3861386179924011
150 0.39414751529693604
151 0.5856045484542847
152 0.40564221143722534
153 1.3243391513824463
154 0.31447625160217285
155 0.5780714750289917
156 0.33921289443969727
157 0.6472575068473816
158 0.4381135404109955
159 0.31798800826072693
160 0.7920894622802734
161 0.5663537979125977
162 0.4529411792755127
163 0.6990947127342224
164 0.5595968961715698
165 0.9404038190841675
166 0.4712277352809906
167 0.6780993342399597
168 0.5906924605369568
169 0.6175995469093323
170 0.8215546011924744
171 0.7080042958259583
172 0.9959447979927063
173 0.8115429282188416
174 0.46751904487609863
175 0.30453598499298096
176 0.31343376636505127
177 0.5401128530502319
178 0.17587339878082275
179 0.4070141017436981
180 0.342415452003479
181 0.5296630859375
182 0.6168177723884583
183 1.119011640548706
184 0.8064988255500793
185 0.6441940665245056
186 0.3584992289543152
187 0.6339731812477112
188 0.5252059698104858
189 1.2301826477050781
190 0.8158750534057617
191 0.7446143627166748
192 0.7480161190032959
193 0.6072063446044922
194 0.9316173791885376
195 0.7507052421569824
196 0.4571671783924103
197 0.600590705871582
198 0.3754267394542694
199 0.3937893807888031
200 0.6003116369247437
201 0.4942222237586975
202 0.5046136975288391
203 0.30211636424064636
204 0.5091133117675781
205 0.5645241737365723
206 0.4406076669692993
207 0.7385173439979553
208 0.34322890639305115
209 0.23992715775966644
210 0.16995754837989807
211 0.4107397496700287
212 0.41268080472946167
213 0.29976463317871094
214 0.5339499115943909
215 0.3823457658290863
216 0.5545745491981506
217 0.4332527220249176
218 1.036473035812378
219 0.40610140562057495
220 0.7744289040565491
221 0.3067912459373474
222 0.6812463402748108
223 0.27857962250709534
224 0.34379732608795166
225 0.309304803609848
226 0.2205090969800949
227 0.7204286456108093
228 0.2333022505044937
229 0.4540737271308899
230 0.603222668170929
231 0.3769228160381317
232 0.19667667150497437
233 0.25212931632995605
234 0.374615877866745
235 0.7334522604942322
236 0.2822023928165436
237 0.15094093978405
238 0.7210528254508972
239 0.36577287316322327
240 0.5902915596961975
241 0.7022361159324646
242 0.29549357295036316
243 0.5682235360145569
244 0.6156480312347412
245 0.6758431196212769
246 0.4767950177192688
247 0.6908720135688782
248 0.18090035021305084
249 0.3920104205608368
250 0.21221774816513062
251 0.3907417058944702
252 0.30725908279418945
253 0.8813590407371521
254 0.7125841379165649
255 0.577320396900177
256 0.9392063021659851
257 0.6644780039787292
258 0.6788139343261719
259 0.6471739411354065
260 1.180490255355835
261 0.869796633720398
262 1.009323000907898
263 0.6696719527244568
264 1.1855422258377075
265 0.9254440665245056
266 1.0748329162597656
267 0.3979257345199585
268 0.9783070683479309
269 1.0753569602966309
270 0.8134818077087402
271 0.5664407014846802
272 0.5654568076133728
273 0.8175161480903625
274 0.3721614480018616
275 0.3960800766944885
276 0.3219989836215973
277 0.4824550449848175
278 0.3916209638118744
279 0.36709722876548767
280 0.5897939205169678
281 0.8328338861465454
282 0.5465369820594788
283 0.7848362922668457
284 0.9713438153266907
285 0.4783087372779846
286 0.4674360156059265
287 0.23308640718460083
288 0.44311022758483887
289 0.3461103141307831
290 0.6518488526344299
291 0.44898173213005066
292 0.6961022615432739
293 0.6880419254302979
294 0.46538645029067993
295 0.4954089820384979
296 0.3613131046295166
297 0.3684614598751068
298 0.3709281086921692
299 0.2733786106109619
300 0.2887914478778839
301 0.19973182678222656
302 0.3898739218711853
303 0.6474998593330383
304 0.8263665437698364
305 0.7484437227249146
306 0.5249151587486267
307 0.5243262648582458
308 0.269726425409317
309 0.2664296329021454
310 0.3356913924217224
311 0.8243261575698853
312 0.934768557548523
313 0.8716542720794678
314 0.6440801620483398
315 0.3855126202106476
316 0.8547800779342651
317 0.4057925045490265
318 0.2594185471534729
319 0.27125510573387146
320 0.3734397292137146
321 0.5614323616027832
322 0.44694119691848755
323 0.9058176875114441
324 0.43988001346588135
325 0.7225152254104614
326 0.6224426627159119
327 0.6015345454216003
328 0.39984747767448425
329 0.509053111076355
330 0.36331474781036377
331 0.37940090894699097
332 0.6244711875915527
333 0.4889657497406006
334 0.5358376502990723
335 0.8486728072166443
336 0.7865906953811646
337 1.2537132501602173
338 0.847748339176178
339 0.5107333660125732
340 0.8534581065177917
341 1.1291067600250244
342 0.6270558834075928
343 0.9500138759613037
344 0.6496151685714722
345 0.8638788461685181
346 1.192952275276184
347 0.5272138118743896
348 0.7949631810188293
349 0.4327545762062073
350 0.6255487203598022
351 0.4684244990348816
352 0.8471309542655945
353 0.6784084439277649
354 0.5041862726211548
355 0.827116072177887
356 0.5768094658851624
357 0.4930623173713684
358 0.4599117338657379
359 0.43771690130233765
360 0.6988241076469421
361 0.8092281222343445
362 0.6154504418373108
363 0.5649484992027283
364 0.27201107144355774
365 0.47002899646759033
366 0.6675808429718018
367 0.6526528596878052
368 0.6148002743721008
369 0.6266640424728394
370 0.4738914370536804
371 0.5618494749069214
372 0.20671473443508148
373 0.38238441944122314
374 0.4612555503845215
375 0.5341808199882507
376 0.8471705913543701
377 0.499926894903183
378 0.5347480773925781
379 0.5741114616394043
380 0.638163149356842
381 0.7171871066093445
382 0.7560088038444519
383 0.5321267247200012
384 0.6010470986366272
385 1.0258402824401855
386 0.8171586990356445
387 0.3657134175300598
388 0.7097881436347961
389 0.10961191356182098
390 0.49153682589530945
391 0.6932721734046936
392 0.6591786742210388
393 0.9064528346061707
394 0.348256915807724
395 0.5374078750610352
396 0.2850051820278168
397 0.8340956568717957
398 0.24226093292236328
399 0.5279988646507263
400 0.6590318083763123
401 0.8681021332740784
402 0.7105754613876343
403 0.676040530204773
404 0.684918999671936
405 0.7176278233528137
406 0.5636851787567139
407 0.5601435303688049
408 0.6829996705055237
409 0.5899003148078918
410 0.9784824252128601
411 0.4713698625564575
412 0.4997379183769226
413 0.56546550989151
414 0.2362193614244461
415 0.30129000544548035
416 0.2936137020587921
417 0.675660252571106
418 0.36302876472473145
419 0.37960195541381836
420 0.5390878915786743
421 0.5105701684951782
422 0.555214524269104
423 0.33116066455841064
424 0.5756052732467651
425 0.6114726662635803
426 0.47494035959243774
427 0.3853779733181
428 0.40338563919067383
429 0.3589607775211334
430 0.444414347410202
431 0.36390525102615356
432 0.7647651433944702
433 0.5015324950218201
434 0.5651805400848389
435 0.4433339238166809
436 0.5451216101646423
437 0.4029049873352051
438 0.7522739768028259
439 0.24418944120407104
440 0.5133388638496399
441 0.8028286099433899
442 0.3248633146286011
443 1.0816912651062012
444 0.5864350199699402
445 0.36465856432914734
446 0.4261956512928009
447 0.4226919114589691
448 0.437226265668869
449 0.481327086687088
450 0.38542458415031433
451 0.8803586959838867
452 1.004884958267212
453 0.6542608737945557
454 0.5306145548820496
455 0.749752402305603
456 0.4854985475540161
457 0.5648345947265625
458 0.7834264039993286
459 0.47368675470352173
460 0.6957387328147888
461 0.665330708026886
462 0.4109583795070648
463 0.44653066992759705
464 0.6193250417709351
465 0.8982123136520386
466 0.7107973694801331
467 1.0464723110198975
468 1.3276259899139404
469 1.2783920764923096
470 0.6528576612472534
471 0.6923809051513672
472 0.4304572343826294
473 0.8034778833389282
474 0.9721224308013916
475 0.560854971408844
476 0.27078869938850403
477 0.35268738865852356
478 0.5157761573791504
479 0.4869518280029297
480 0.49965137243270874
481 0.7437950372695923
482 1.0370559692382813
483 0.4432470202445984
484 0.8854867815971375
485 0.8944702744483948
486 1.1246541738510132
487 0.7209659814834595
488 1.1179711818695068
489 0.7343621850013733
490 0.7581292390823364
491 0.7144100666046143
492 0.20064322650432587
493 0.9944608807563782
494 0.6583656668663025
495 0.41265738010406494
496 0.43040287494659424
497 0.4264671802520752
498 0.6114778518676758
499 0.15238605439662933
500 0.6706252098083496
501 0.5314083099365234
502 0.695480227470398
503 0.47635596990585327
504 0.39969515800476074
505 0.28173503279685974
506 0.8886404037475586
507 0.27255743741989136
508 0.6220502853393555
509 1.3981711864471436
510 1.411003828048706
511 1.0019607543945313
512 1.0907561779022217
513 0.6828570365905762
514 0.7407510876655579
515 0.4520336389541626
516 0.48953571915626526
517 0.6710816025733948
518 0.9009702801704407
519 0.49952635169029236
520 0.4635373055934906
521 0.5437473654747009
522 0.9989247918128967
523 1.0509839057922363
524 0.8014100193977356
525 0.6165997385978699
526 0.5594248175621033
527 0.45410874485969543
528 0.8688802719116211
529 0.839980959892273
530 1.2636743783950806
531 0.8482823967933655
532 0.24431680142879486
533 0.3372107148170471
534 0.33902066946029663
535 0.2396567165851593
536 1.1325676441192627
537 1.1644160747528076
538 1.433652400970459
539 0.8256798386573792
540 0.529258131980896
541 0.8521639108657837
542 1.2117161750793457
543 1.119883418083191
544 1.3324568271636963
545 1.5123237371444702
546 1.284982681274414
547 1.4320423603057861
548 0.4175178110599518
549 0.47838664054870605
550 0.5519022345542908
551 0.8454450368881226
552 0.5119142532348633
553 0.3697079122066498
554 0.46421030163764954
555 0.46484479308128357
556 0.34292978048324585
557 0.2671099603176117
558 0.5055199265480042
559 0.6131705045700073
560 0.20800451934337616
561 0.2772822380065918
562 0.6124929189682007
563 1.0436382293701172
564 0.8606118559837341
565 0.6347578167915344
566 0.4278474450111389
567 0.6592192649841309
568 0.39682888984680176
569 0.5976144075393677
570 0.5518912076950073
571 0.7442853450775146
572 0.887985348701477
573 0.5756527185440063
574 0.7587943077087402
575 0.7386447787284851
576 1.007321834564209
577 1.0018227100372314
578 0.9179437160491943
579 1.0001331567764282
580 1.0077261924743652
581 1.0520621538162231
582 1.031394362449646
583 1.2332944869995117
584 1.0903218984603882
585 1.39567232131958
586 1.1986863613128662
587 1.1155235767364502
588 1.677438735961914
589 1.0010732412338257
590 1.0594860315322876
591 1.0414162874221802
592 1.0814740657806396
593 1.196832537651062
594 1.194676160812378
595 1.0426956415176392
596 1.1065648794174194
597 0.5424776673316956
598 1.3060429096221924
599 1.1755480766296387
600 1.5653964281082153
601 1.1290956735610962
602 0.5851516723632813
603 0.8957417011260986
604 0.93697589635849
605 1.3922665119171143
606 1.5130248069763184
607 1.7960898876190186
608 1.8336570262908936
609 1.9547836780548096
610 1.921177625656128
611 2.7028632164001465
612 2.1850013732910156
613 2.828878402709961
614 2.293398380279541
615 1.6809329986572266
616 1.8813446760177612
617 2.6114392280578613
618 1.050886631011963
619 1.2665798664093018
620 1.601907730102539
621 1.4097381830215454
622 1.6167371273040771
623 1.5504059791564941
624 1.9715598821640015
625 2.0581300258636475
626 2.292025089263916
627 1.7006611824035645
628 2.647392749786377
629 2.6071503162384033
630 1.7668287754058838
631 2.7993717193603516
632 2.690500020980835
633 2.6822080612182617
634 2.5775532722473145
635 2.654297351837158
636 2.649688243865967
637 2.37011981010437
638 2.3860585689544678
639 2.2026569843292236
640 2.597639560699463
641 2.2203502655029297
642 1.6175752878189087
643 1.922088384628296
644 2.2026877403259277
645 2.1988422870635986
646 2.2307581901550293
647 2.2528421878814697
648 1.865145206451416
649 2.0539395809173584
650 2.1014907360076904
651 2.2513468265533447
652 1.7183185815811157
653 1.7437430620193481
654 2.4290521144866943
655 2.709846019744873
656 2.4532036781311035
657 2.0116453170776367
658 2.2475290298461914
659 2.4156551361083984
660 2.6726083755493164
661 2.5196001529693604
662 2.797603130340576
663 2.0100715160369873
664 1.8716508150100708
665 1.7805612087249756
666 1.8108140230178833
667 2.624795436859131
668 2.22265625
669 1.9229240417480469
670 1.8205986022949219
671 1.9382071495056152
672 2.019625425338745
673 1.7146148681640625
674 1.838521122932434
675 2.3657784461975098
676 2.074436664581299
677 2.077139139175415
678 1.6819730997085571
679 2.5387790203094482
680 2.424630641937256
681 2.0661096572875977
682 1.983167290687561
683 2.1288418769836426
684 1.8677849769592285
685 2.2701621055603027
686 2.1208388805389404
687 2.1746721267700195
688 2.0161685943603516
689 1.8836790323257446
690 2.0816760063171387
691 2.1763062477111816
692 2.1183149814605713
693 2.1071245670318604
694 1.8722772598266602
695 2.131040573120117
696 2.223710060119629
697 1.7845978736877441
698 1.8440779447555542
699 2.119274854660034
700 2.0536296367645264
701 1.7113701105117798
702 2.1705434322357178
703 1.686372995376587
704 1.5253350734710693
705 1.3665380477905273
706 1.1429848670959473
707 1.8692042827606201
708 1.2894532680511475
709 1.6375775337219238
710 1.3173867464065552
711 1.6628780364990234
712 1.4955976009368896
713 1.8396846055984497
714 1.557489275932312
715 1.5862071514129639
716 1.733722448348999
717 1.7915960550308228
718 2.015882730484009
719 1.6417299509048462
720 1.781668782234192
721 1.8616174459457397
722 1.8964754343032837
723 1.740826964378357
724 1.655121088027954
725 1.3592880964279175
726 1.7835986614227295
727 2.0665018558502197
728 2.0341289043426514
729 1.891607403755188
730 1.6337257623672485
731 1.3865798711776733
732 1.51083505153656
733 1.901977777481079
734 2.1565558910369873
735 1.9029324054718018
736 1.8439595699310303
737 2.2486705780029297
738 2.3624160289764404
739 2.0370235443115234
740 1.7408409118652344
741 2.2417004108428955
742 1.9061791896820068
743 1.9711545705795288
744 1.8586242198944092
745 2.625760078430176
746 2.221273899078369
747 1.9066444635391235
748 1.7000242471694946
749 1.566416621208191
750 2.239091396331787
751 2.1179358959198
752 2.0240607261657715
753 1.1828564405441284
754 1.0696580410003662
755 1.6661072969436646
756 1.5521527528762817
757 1.7223759889602661
758 1.3150805234909058
759 1.8445748090744019
760 1.8043075799942017
761 2.0794694423675537
762 2.0708250999450684
763 2.0315229892730713
764 1.9002492427825928
765 1.72762930393219
766 1.694159984588623
767 1.6026555299758911
768 1.320426344871521
769 1.5195761919021606
770 1.5368789434432983
771 1.4236295223236084
772 1.321075677871704
773 1.2523903846740723
774 0.9913920164108276
775 1.2776254415512085
776 1.3392486572265625
777 1.0400618314743042
778 1.042954921722412
779 1.5359646081924438
780 1.1374943256378174
781 1.4160592555999756
782 1.602906584739685
783 1.4518553018569946
784 1.4048759937286377
785 1.2371728420257568
786 0.8172779679298401
787 1.0964467525482178
788 1.6892865896224976
789 1.194432020187378
790 1.4789464473724365
791 1.2933533191680908
792 1.6277467012405396
793 1.6378710269927979
794 1.543508768081665
795 1.452131986618042
796 1.2244253158569336
797 1.590043067932129
798 1.159632682800293
799 1.5467718839645386
800 1.3431684970855713
801 1.3282618522644043
802 1.637748122215271
803 1.6601440906524658
804 1.2546474933624268
805 1.412139654159546
806 2.036419153213501
807 2.044527530670166
808 1.7484540939331055
809 1.4552443027496338
810 1.194861888885498
811 1.3439778089523315
812 1.9923795461654663
813 1.5470305681228638
814 1.4929938316345215
815 1.9648364782333374
816 1.708763599395752
817 1.7934174537658691
818 1.870689868927002
819 2.046804428100586
820 1.786502718925476
821 2.15675950050354
822 1.401308536529541
823 1.1584054231643677
824 1.499958872795105
825 1.6084328889846802
826 2.0066721439361572
827 1.7491068840026855
828 1.6801329851150513
829 1.992493987083435
830 1.4846075773239136
831 2.1284596920013428
832 1.707077145576477
833 2.0878729820251465
834 1.6315113306045532
835 1.960945963859558
836 1.2870625257492065
837 1.2400022745132446
838 1.519211769104004
839 1.1640056371688843
840 1.582257866859436
841 1.9245485067367554
842 1.5434645414352417
843 1.6041090488433838
844 1.3689520359039307
845 1.2369885444641113
846 1.6978363990783691
847 1.7486283779144287
848 1.5189672708511353
849 1.836992621421814
850 1.984801173210144
851 1.6235454082489014
852 1.2818962335586548
853 1.5470738410949707
854 2.2477362155914307
855 1.4843392372131348
856 1.40097975730896
857 1.3610827922821045
858 1.018233060836792
859 1.4738999605178833
860 1.4784351587295532
861 1.0549280643463135
862 1.533544659614563
863 0.8709447979927063
864 1.7504161596298218
865 1.350237250328064
866 1.4282681941986084
867 1.659257411956787
868 0.7257677316665649
869 1.3669178485870361
870 1.3314214944839478
871 1.1738539934158325
872 2.000527858734131
873 1.4065322875976563
874 1.7646845579147339
875 1.1975666284561157
876 1.471742868423462
877 1.694291353225708
878 0.9195118546485901
879 1.4710060358047485
880 1.163278341293335
881 1.2668629884719849
882 0.68425452709198
883 1.5639934539794922
884 1.4903727769851685
885 1.6449267864227295
886 1.7120662927627563
887 2.089463233947754
888 1.6550260782241821
889 0.5692532658576965
890 1.6980904340744019
891 1.7074131965637207
892 1.18505859375
893 1.5599995851516724
894 0.8785991668701172
895 1.0660849809646606
896 1.5058767795562744
897 1.1985853910446167
898 1.2197049856185913
899 1.031279444694519
900 1.108547329902649
901 1.2567633390426636
902 0.9419882893562317
903 1.0553529262542725
904 1.8121036291122437
905 2.2383873462677
906 2.032674551010132
907 1.4608609676361084
908 1.8693281412124634
909 2.019057512283325
910 2.3688859939575195
911 2.3487424850463867
912 2.525160074234009
913 2.5351035594940186
914 2.4650537967681885
915 2.3506476879119873
916 2.3229072093963623
917 2.4922902584075928
918 2.0583853721618652
919 1.8626105785369873
920 1.8855395317077637
921 2.1043808460235596
922 2.086726188659668
923 1.9047151803970337
924 2.632833957672119
925 2.2416930198669434
926 2.0603103637695313
927 2.303359031677246
928 2.3191590309143066
929 1.9528377056121826
930 2.104109048843384
931 1.9693026542663574
932 1.8908405303955078
933 2.6004371643066406
934 2.3388278484344482
935 2.168816566467285
936 2.374722719192505
937 2.288045883178711
938 2.5558786392211914
939 2.518965721130371
940 2.4668915271759033
941 2.6366446018218994
942 1.755600094795227
943 1.655856966972351
944 2.1885831356048584
945 1.9224390983581543
946 1.959626317024231
947 2.290485143661499
948 2.644092082977295
949 2.262529134750366
950 2.5632376670837402
951 2.4736111164093018
952 2.1949644088745117
953 2.481679916381836
954 2.565009355545044
955 2.6465556621551514
956 1.6336071491241455
957 1.9457206726074219
958 1.9368398189544678
959 2.3177170753479004
960 1.778767466545105
961 2.1581122875213623
962 2.6384060382843018
963 1.989167332649231
964 2.4897665977478027
965 2.2585692405700684
966 1.9351407289505005
967 2.1833324432373047
968 2.972179412841797
969 2.2137115001678467
970 2.381451368331909
971 1.7359910011291504
972 2.6407370567321777
973 2.700965166091919
974 2.6830270290374756
975 2.504409074783325
976 2.5024845600128174
977 2.413276433944702
978 2.0527474880218506
979 2.0641028881073
980 2.095719337463379
981 2.40016770362854
982 2.2096216678619385
983 2.3325085639953613
984 2.089855670928955
985 1.8503106832504272
986 2.2228174209594727
987 2.551866054534912
988 1.9080499410629272
989 2.3859357833862305
990 2.76450252532959
991 2.822404384613037
992 2.6666104793548584
993 3.091451406478882
994 2.293733835220337
995 2.7068333625793457
996 2.7560722827911377
997 2.8233838081359863
998 2.352952241897583
999 2.7193262577056885
1000 2.718923330307007
1001 2.414177656173706
1002 2.728590965270996
1003 3.160949468612671
1004 2.6663074493408203
1005 2.6359076499938965
1006 2.241158962249756
1007 2.8331539630889893
1008 3.0809106826782227
1009 2.8494367599487305
1010 3.3674862384796143
1011 3.1919515132904053
1012 3.4052770137786865
1013 3.6650686264038086
1014 2.9537930488586426
1015 3.536346435546875
1016 3.3163299560546875
1017 3.257554769515991
1018 3.1023030281066895
1019 3.3195817470550537
1020 2.4382736682891846
1021 3.0550711154937744
1022 2.931978702545166
1023 2.557238817214966
1024 3.130789041519165
1025 2.8568458557128906
1026 3.374802589416504
1027 2.9669318199157715
1028 2.9930408000946045
1029 3.297104597091675
1030 3.097517490386963
1031 3.0409095287323
1032 3.0583789348602295
1033 3.0914463996887207
1034 3.11358642578125
1035 3.395979166030884
1036 3.301668643951416
1037 3.4458158016204834
1038 3.7493512630462646
1039 3.8078131675720215
1040 3.8978047370910645
1041 3.51473331451416
1042 3.5063512325286865
1043 3.911959648132324
1044 4.076631546020508
1045 3.8941309452056885
1046 3.3389947414398193
1047 4.425002574920654
1048 3.7992496490478516
1049 3.613131046295166
1050 3.682007074356079
1051 4.051697731018066
1052 3.3072171211242676
1053 3.0579607486724854
1054 2.82270884513855
1055 2.5620429515838623
1056 3.0144753456115723
1057 2.9151957035064697
1058 2.6341164112091064
1059 2.7544028759002686
1060 2.9211957454681396
1061 2.819833278656006
1062 3.437324047088623
1063 3.371047019958496
1064 2.691415548324585
1065 2.9972269535064697
1066 3.423280715942383
1067 2.395179033279419
1068 3.0465476512908936
1069 2.8857133388519287
1070 2.6613125801086426
1071 3.1865010261535645
1072 3.2354722023010254
1073 3.6465187072753906
1074 3.037720203399658
1075 3.568626880645752
1076 3.210298538208008
1077 3.5726914405822754
1078 3.594001054763794
1079 3.7021617889404297
1080 4.199315547943115
1081 4.4510297775268555
1082 4.156929969787598
1083 4.538981914520264
1084 3.693615198135376
1085 4.022418022155762
1086 4.11309814453125
1087 3.576988458633423
1088 3.634831666946411
1089 3.6589882373809814
1090 3.936249017715454
1091 3.9639217853546143
1092 3.8903257846832275
1093 4.159554958343506
1094 3.813432216644287
1095 3.6366167068481445
1096 3.73410701751709
1097 3.6829922199249268
1098 3.3699252605438232
1099 3.9061014652252197
1100 3.8500938415527344
1101 3.70955753326416
1102 4.706185817718506
1103 3.8579537868499756
1104 4.275231838226318
1105 3.71614146232605
1106 4.1820173263549805
1107 3.615588903427124
1108 4.285953044891357
1109 4.369006633758545
1110 4.646594524383545
1111 4.389101028442383
1112 3.92732834815979
1113 3.394104242324829
1114 3.718275547027588
1115 3.7783076763153076
1116 3.6318483352661133
1117 3.7607343196868896
1118 3.748990774154663
1119 3.578678607940674
1120 3.454054117202759
1121 3.9239108562469482
1122 2.7563717365264893
1123 3.566450595855713
1124 3.611717462539673
1125 2.983325242996216
1126 3.440192461013794
1127 2.9220569133758545
1128 3.399749517440796
1129 3.2906532287597656
1130 3.7616403102874756
1131 2.9922983646392822
1132 2.855870246887207
1133 3.3966336250305176
1134 3.245159149169922
1135 2.9989700317382813
1136 2.5850095748901367
1137 3.808673143386841
1138 2.9786689281463623
1139 3.143868923187256
1140 2.8931057453155518
1141 3.28741717338562
1142 3.182263135910034
1143 2.6857235431671143
1144 3.2423157691955566
1145 2.766376495361328
1146 2.7274856567382813
1147 2.8039467334747314
1148 2.805954933166504
1149 2.817077398300171
1150 2.6479570865631104
1151 2.900200843811035
1152 2.77199125289917
1153 2.8453404903411865
1154 2.808270215988159
1155 3.189903736114502
1156 3.6438910961151123
1157 3.465097188949585
1158 3.4274165630340576
1159 3.0100114345550537
1160 3.3803534507751465
1161 3.2018024921417236
1162 3.588634490966797
1163 3.0681231021881104
1164 3.422400712966919
1165 3.934870481491089
1166 2.908229112625122
1167 3.7489852905273438
1168 3.8447751998901367
1169 3.7682127952575684
1170 3.8529181480407715
1171 3.5939314365386963
1172 3.5016729831695557
1173 3.412508964538574
1174 3.6552586555480957
1175 3.498258590698242
1176 3.564399242401123
1177 3.0815927982330322
1178 3.2529854774475098
1179 3.7430078983306885
1180 3.72053861618042
1181 3.3455400466918945
1182 3.4214401245117188
1183 3.482860565185547
1184 3.630074977874756
1185 3.5328075885772705
1186 3.8543245792388916
1187 3.783001184463501
1188 3.3860182762145996
1189 3.8243322372436523
1190 3.511939764022827
1191 3.493849992752075
1192 2.58748722076416
1193 3.4417855739593506
1194 3.510786294937134
1195 3.387017250061035
1196 3.4189417362213135
1197 3.4788806438446045
1198 3.2530031204223633
1199 3.3768863677978516
1200 3.690401077270508
1201 3.5403146743774414
1202 3.3322649002075195
1203 3.2488369941711426
1204 3.5996432304382324
1205 3.4474411010742188
1206 3.271580934524536
1207 3.5067989826202393
1208 2.913421869277954
1209 3.2661209106445313
1210 3.1257617473602295
1211 3.3161263465881348
1212 3.0726983547210693
1213 3.624640941619873
1214 3.075364828109741
1215 3.6190414428710938
1216 3.6383798122406006
1217 2.854017734527588
1218 3.028228759765625
1219 2.9639129638671875
1220 3.193493366241455
1221 3.395815372467041
1222 3.343411684036255
1223 2.7929906845092773
1224 3.536431312561035
1225 3.862792491912842
1226 3.1271071434020996
1227 3.9314584732055664
1228 2.560981273651123
1229 2.9756851196289063
1230 3.25901460647583
1231 2.951305389404297
1232 2.993828773498535
1233 3.220935583114624
1234 3.499269723892212
1235 3.7287325859069824
1236 3.4042181968688965
1237 3.4815714359283447
1238 3.137319564819336
1239 3.3995907306671143
1240 4.250697612762451
1241 3.9898738861083984
1242 3.702134847640991
1243 4.020171642303467
1244 4.480688095092773
1245 4.300234794616699
1246 4.2151594161987305
1247 3.2795629501342773
1248 3.317263603210449
1249 3.7819201946258545
1250 2.9672305583953857
1251 3.8857245445251465
1252 4.333594799041748
1253 4.680901050567627
1254 4.427241325378418
1255 3.67887282371521
1256 3.9457027912139893
1257 4.3892130851745605
1258 4.082700729370117
1259 4.321814060211182
1260 4.0411458015441895
1261 3.411172389984131
1262 3.7703561782836914
1263 3.552558660507202
1264 4.001549243927002
1265 4.6969313621521
1266 4.472929954528809
1267 4.172599792480469
1268 4.339669704437256
1269 4.382989883422852
1270 4.133519649505615
1271 3.9721364974975586
1272 3.805004119873047
1273 3.637186050415039
1274 3.730635643005371
1275 4.081985950469971
1276 4.077786922454834
1277 3.565246820449829
1278 3.598745346069336
1279 3.670820713043213
1280 4.318166732788086
1281 4.05937385559082
1282 4.046407699584961
1283 3.8741626739501953
1284 4.038849353790283
1285 4.087401866912842
1286 4.559399127960205
1287 4.430794715881348
1288 4.6977081298828125
1289 4.186689853668213
1290 4.405919551849365
1291 4.844383239746094
1292 3.965506076812744
1293 3.724045753479004
1294 4.740196704864502
1295 3.7499356269836426
1296 4.195148944854736
1297 4.201289653778076
1298 4.062911510467529
1299 4.115502834320068
1300 4.204122543334961
1301 4.227499008178711
1302 4.1253461837768555
1303 4.242187976837158
1304 3.2553787231445313
1305 3.284721851348877
1306 3.1620702743530273
1307 3.2131435871124268
1308 3.4866220951080322
1309 3.2916669845581055
1310 3.3397719860076904
1311 3.224034309387207
1312 3.2229273319244385
1313 3.2656586170196533
1314 3.199965476989746
1315 2.9758849143981934
1316 3.03358793258667
1317 3.179454803466797
1318 2.9937562942504883
1319 2.935595989227295
1320 3.1326651573181152
1321 3.2702062129974365
1322 3.0828044414520264
1323 3.325066089630127
1324 3.3515496253967285
1325 3.713995933532715
1326 3.5405185222625732
1327 4.1128950119018555
1328 3.408061981201172
1329 3.15093994140625
1330 3.1677093505859375
1331 3.5638434886932373
1332 3.418240547180176
1333 3.3917219638824463
1334 3.5822794437408447
1335 3.0727932453155518
1336 3.4556987285614014
1337 3.544386625289917
1338 3.3545846939086914
1339 3.5057904720306396
1340 3.385324239730835
1341 3.2555363178253174
1342 3.244999885559082
1343 3.5873472690582275
1344 4.039316654205322
1345 3.1787467002868652
1346 3.2449514865875244
1347 4.293381214141846
1348 3.8403677940368652
1349 3.611499547958374
1350 3.597806930541992
1351 3.476874589920044
1352 3.5257890224456787
1353 3.192957878112793
1354 3.660198450088501
1355 3.697052001953125
1356 4.481973171234131
1357 4.093710422515869
1358 4.92747688293457
1359 4.20949125289917
1360 4.682615756988525
1361 4.353301048278809
1362 4.868083953857422
1363 3.9344184398651123
1364 4.554357051849365
1365 4.077895164489746
1366 3.7209322452545166
1367 3.8695826530456543
1368 4.379796504974365
1369 4.252646446228027
1370 3.6605656147003174
1371 3.9069669246673584
1372 4.6591033935546875
1373 4.700015544891357
1374 4.676515579223633
1375 4.503281116485596
1376 4.439668655395508
1377 4.516841411590576
1378 4.866128921508789
1379 4.703637599945068
1380 4.652548789978027
1381 4.726597785949707
1382 4.805164337158203
1383 4.961827278137207
1384 4.885567665100098
1385 5.268068313598633
1386 4.409618854522705
1387 4.496539115905762
1388 4.2420172691345215
1389 3.719639301300049
1390 3.9631667137145996
1391 3.878098726272583
1392 4.231503009796143
1393 3.888028144836426
1394 3.800692081451416
1395 3.5188040733337402
1396 3.8058032989501953
1397 3.1513869762420654
1398 4.495059013366699
1399 3.8768186569213867
1400 3.6867265701293945
1401 3.8122451305389404
1402 3.494976282119751
1403 4.279722690582275
1404 4.000791072845459
1405 3.564948320388794
1406 3.445826768875122
1407 3.4512743949890137
1408 3.2378480434417725
1409 3.5050148963928223
1410 3.543846845626831
1411 3.5939056873321533
1412 4.333253860473633
1413 4.058938026428223
1414 4.030686378479004
1415 3.9842236042022705
1416 4.010434150695801
1417 4.344180583953857
1418 3.8861935138702393
1419 4.24917459487915
1420 4.572797775268555
1421 4.552552223205566
1422 4.6563720703125
1423 4.389912128448486
1424 4.467194557189941
1425 3.4407496452331543
1426 3.9577808380126953
1427 4.517965793609619
1428 4.480467796325684
1429 4.677892208099365
1430 4.9905242919921875
1431 4.484641075134277
1432 4.502816677093506
1433 4.18107271194458
1434 4.491751194000244
1435 5.292422294616699
1436 4.595829010009766
1437 4.371863842010498
1438 4.210666179656982
1439 4.191487789154053
1440 4.294351577758789
1441 4.608885288238525
1442 4.576137065887451
1443 4.423001289367676
1444 5.374649524688721
1445 4.2878899574279785
1446 4.630980014801025
1447 4.146292686462402
1448 4.084316253662109
1449 4.2363433837890625
1450 4.058409690856934
1451 3.984842300415039
1452 4.419638633728027
1453 4.772340774536133
1454 4.949951648712158
1455 4.171722888946533
1456 4.001714706420898
1457 4.199413776397705
1458 4.499898433685303
1459 4.69838809967041
1460 4.0857977867126465
1461 4.350958824157715
1462 4.833740711212158
1463 4.7826738357543945
1464 4.490097522735596
1465 4.788048267364502
1466 3.7243335247039795
1467 4.996675491333008
1468 4.399782657623291
1469 4.32568883895874
1470 4.796429634094238
1471 4.711136341094971
1472 4.658239364624023
1473 4.960114002227783
1474 5.091238975524902
1475 4.97971248626709
1476 4.9934892654418945
1477 4.724634170532227
1478 4.902249336242676
1479 5.2970051765441895
1480 4.96075963973999
1481 5.347679615020752
1482 5.391077041625977
1483 4.850045680999756
1484 4.9219651222229
1485 4.912063121795654
1486 5.089270114898682
1487 5.650969982147217
1488 5.848686695098877
1489 5.899049282073975
1490 6.123906135559082
1491 5.476170539855957
1492 5.358526706695557
1493 5.228304386138916
1494 6.449248790740967
1495 5.497124671936035
1496 4.707705497741699
1497 4.6449971199035645
1498 4.808732032775879
1499 4.921548843383789
1500 4.975998878479004
1501 5.206093788146973
1502 5.351924896240234
1503 5.443596363067627
1504 5.650712490081787
1505 5.193994045257568
1506 5.608651161193848
1507 5.271671772003174
1508 4.825623512268066
1509 4.904797554016113
1510 5.065203666687012
1511 5.188775062561035
1512 4.7601637840271
1513 4.711919784545898
1514 4.132739543914795
1515 4.735439300537109
1516 4.347750663757324
1517 4.671563625335693
1518 5.307577133178711
1519 4.342202663421631
1520 4.771509170532227
1521 4.281912803649902
1522 4.304653644561768
1523 4.379217147827148
1524 4.640787124633789
1525 4.585657119750977
1526 4.301031589508057
1527 4.184288024902344
1528 4.035236358642578
1529 5.034058094024658
1530 5.107006072998047
1531 4.896791458129883
1532 5.28373908996582
1533 4.949703693389893
1534 4.8105974197387695
1535 4.843506336212158
1536 5.206865310668945
1537 4.284214973449707
1538 4.259884357452393
1539 4.104226589202881
1540 3.763756513595581
1541 3.364593505859375
1542 3.9653756618499756
1543 4.2395524978637695
1544 4.098143100738525
1545 3.904297113418579
1546 3.800915241241455
1547 3.9902052879333496
1548 4.369588851928711
1549 3.554703950881958
1550 4.115144729614258
1551 4.734999179840088
1552 4.508522987365723
1553 4.284200191497803
1554 4.274360179901123
1555 4.067542552947998
1556 4.252175807952881
1557 4.427174091339111
1558 4.30144739151001
1559 4.930772304534912
1560 4.460559368133545
1561 4.308624744415283
1562 4.136788845062256
1563 4.321346282958984
1564 4.15834379196167
1565 4.320375919342041
1566 4.241154193878174
1567 4.863312244415283
1568 4.589217185974121
1569 4.649816513061523
1570 4.624472141265869
1571 4.205798625946045
1572 4.240092754364014
1573 4.735462188720703
1574 4.201457500457764
1575 4.286383628845215
1576 4.473696231842041
1577 3.9394192695617676
1578 4.310115337371826
1579 4.94162654876709
1580 4.847174644470215
1581 4.990208148956299
1582 5.340599536895752
1583 4.568859100341797
1584 5.072757720947266
1585 4.943249225616455
1586 4.906703472137451
1587 4.73469352722168
1588 4.65585470199585
1589 4.515472888946533
1590 4.496946811676025
1591 4.362516403198242
1592 3.9482672214508057
1593 4.710646629333496
1594 4.34416389465332
1595 4.775413513183594
1596 4.5833420753479
1597 4.165641784667969
1598 4.253673076629639
1599 3.8458054065704346
1600 3.891718864440918
1601 4.5498151779174805
1602 3.779432773590088
1603 3.576667547225952
1604 3.9524080753326416
1605 4.422915935516357
1606 4.253633975982666
1607 4.695133209228516
1608 4.135720729827881
1609 4.775132179260254
1610 4.806350231170654
1611 4.533936023712158
1612 4.17147159576416
1613 4.697683811187744
1614 4.122218132019043
1615 4.1749267578125
1616 4.057963848114014
1617 4.473111629486084
1618 4.895498752593994
1619 3.933568239212036
1620 4.030167579650879
1621 3.9367380142211914
1622 3.8866419792175293
1623 3.682769536972046
1624 3.032231330871582
1625 3.7488512992858887
1626 3.1233367919921875
1627 2.7203187942504883
1628 2.7276666164398193
1629 3.308533191680908
1630 2.971139430999756
1631 3.4205069541931152
1632 3.243191957473755
1633 2.938335418701172
1634 3.044625997543335
1635 3.103559970855713
1636 3.055833578109741
1637 2.861588954925537
1638 2.6551811695098877
1639 3.2564494609832764
1640 2.893505334854126
1641 2.8146235942840576
1642 3.199763059616089
1643 2.7564988136291504
1644 3.4774374961853027
1645 3.056067705154419
1646 2.9689412117004395
1647 2.787348747253418
1648 3.3371500968933105
1649 3.4955294132232666
1650 3.2463603019714355
1651 3.0622363090515137
1652 3.166217803955078
1653 2.8656165599823
1654 3.0760321617126465
1655 2.8983373641967773
1656 3.372734546661377
1657 3.453216314315796
1658 3.500671625137329
1659 4.0854315757751465
1660 3.963179349899292
1661 3.5593748092651367
1662 4.130644798278809
1663 3.068798780441284
1664 2.96643328666687
1665 2.9908287525177
1666 3.257413864135742
1667 3.0946178436279297
1668 3.2897448539733887
1669 3.606215000152588
1670 4.114261150360107
1671 4.010274887084961
1672 2.8546857833862305
1673 3.201317310333252
1674 3.498103380203247
1675 2.816981315612793
1676 2.5732007026672363
1677 2.7115817070007324
1678 2.3095548152923584
1679 3.2618319988250732
1680 2.776257276535034
1681 3.569206714630127
1682 3.595946788787842
1683 2.8230984210968018
1684 2.878622531890869
1685 2.646596670150757
1686 2.8220834732055664
1687 3.0908830165863037
1688 3.485995292663574
1689 3.2416133880615234
1690 2.8444390296936035
1691 2.9300427436828613
1692 3.080371379852295
1693 2.8447012901306152
1694 3.0533254146575928
1695 2.7236037254333496
1696 3.052457571029663
1697 3.0407462120056152
1698 3.2407777309417725
1699 3.199080228805542
1700 3.098177194595337
1701 2.669984817504883
1702 2.7095556259155273
1703 2.992666721343994
1704 2.5581202507019043
1705 2.8174619674682617
1706 3.221770763397217
1707 2.938713550567627
1708 2.469329595565796
1709 2.8511526584625244
1710 2.6792521476745605
1711 2.9049253463745117
1712 2.6808338165283203
1713 2.5514330863952637
1714 3.2612392902374268
1715 3.52935791015625
1716 3.9052693843841553
1717 3.2315826416015625
1718 2.9790596961975098
1719 2.853654146194458
1720 3.0382189750671387
1721 2.5824406147003174
1722 2.8902130126953125
1723 3.4672913551330566
1724 2.746840238571167
1725 3.026174545288086
1726 2.8860864639282227
1727 2.7538859844207764
1728 2.8503637313842773
1729 2.899916887283325
1730 2.1926441192626953
1731 2.952659845352173
1732 3.037790060043335
1733 2.9973225593566895
1734 2.8276631832122803
1735 2.6145524978637695
1736 2.7142393589019775
1737 3.323378562927246
1738 3.7519993782043457
1739 3.1068005561828613
1740 2.818354368209839
1741 3.129302501678467
1742 3.21921968460083
1743 3.110182046890259
1744 2.691582202911377
1745 3.1187326908111572
1746 2.5805914402008057
1747 2.902859687805176
1748 3.0537309646606445
1749 3.583808183670044
1750 3.4721970558166504
1751 2.823578357696533
1752 3.6134605407714844
1753 3.3034286499023438
1754 3.195411443710327
1755 3.0363364219665527
1756 3.1497271060943604
1757 3.2606754302978516
1758 3.147383213043213
1759 3.326850652694702
1760 3.3472118377685547
1761 3.2264394760131836
1762 2.9534518718719482
1763 2.470595359802246
1764 3.265451669692993
1765 2.6929986476898193
1766 2.753023386001587
1767 3.057210683822632
1768 3.4774506092071533
1769 3.234175443649292
1770 3.627707004547119
1771 3.6200714111328125
1772 3.706352472305298
1773 2.7607650756835938
1774 2.8318819999694824
1775 3.305217981338501
1776 3.848566770553589
1777 3.7630913257598877
1778 4.450573921203613
1779 4.202215671539307
1780 3.9825522899627686
1781 4.401007175445557
1782 4.221072196960449
1783 3.7782533168792725
1784 3.4672107696533203
1785 3.894350528717041
1786 4.342452526092529
1787 3.9657537937164307
1788 4.374703884124756
1789 4.1241607666015625
1790 4.015120029449463
1791 3.583228826522827
1792 4.108893871307373
1793 3.5574963092803955
1794 4.6684041023254395
1795 4.655480861663818
1796 3.6408867835998535
1797 4.71164083480835
1798 4.837854385375977
1799 5.315018177032471
1800 5.3056440353393555
1801 5.247653484344482
1802 4.8077616691589355
1803 4.690022945404053
1804 5.481751918792725
1805 4.4551544189453125
1806 5.339502811431885
1807 5.7423930168151855
1808 5.106451988220215
1809 5.278865337371826
1810 5.034281253814697
1811 5.180325031280518
1812 5.590611934661865
1813 5.461822986602783
1814 4.868305206298828
1815 4.523207187652588
1816 4.744073867797852
1817 5.1883769035339355
1818 5.402816295623779
1819 5.193580627441406
1820 4.588893413543701
1821 4.44367790222168
1822 4.479875087738037
1823 4.719786643981934
1824 4.7850117683410645
1825 4.795051097869873
1826 5.499281883239746
1827 4.444357395172119
1828 4.044134140014648
1829 4.6818013191223145
1830 4.269732475280762
1831 5.018870830535889
1832 4.684614181518555
1833 4.708591461181641
1834 5.503414154052734
1835 5.186368942260742
1836 5.20533561706543
1837 5.340970039367676
1838 5.472424030303955
1839 5.420455455780029
1840 5.342037200927734
1841 4.943609714508057
1842 5.322121620178223
1843 4.824968338012695
1844 5.44230318069458
1845 4.977458953857422
1846 4.164876461029053
1847 4.642221450805664
1848 4.786460876464844
1849 4.903696537017822
1850 4.153709411621094
1851 3.916780948638916
1852 4.035898208618164
1853 4.451902389526367
1854 4.137600421905518
1855 5.156007289886475
1856 4.348390102386475
1857 4.524811744689941
1858 4.341058731079102
1859 4.382011890411377
1860 3.8403522968292236
1861 4.358397483825684
1862 4.467365741729736
1863 4.240710735321045
1864 4.3507537841796875
1865 3.740676164627075
1866 4.369783401489258
1867 4.179357528686523
1868 4.034656047821045
1869 4.156290054321289
1870 4.210968971252441
1871 4.018271446228027
1872 3.7651915550231934
1873 3.433889627456665
1874 3.8142805099487305
1875 4.228769779205322
1876 4.37154483795166
1877 4.215596675872803
1878 4.309391021728516
1879 4.195876121520996
1880 4.277440071105957
1881 5.334309101104736
1882 4.361841201782227
1883 3.834306001663208
1884 5.018371105194092
1885 4.63438081741333
1886 4.554111957550049
1887 4.518218040466309
1888 4.821378707885742
1889 4.672438621520996
1890 4.251931190490723
1891 4.514238357543945
1892 4.572553634643555
1893 5.1927490234375
1894 4.061975955963135
1895 4.3577094078063965
1896 4.065227031707764
1897 3.9810004234313965
1898 4.390063762664795
1899 3.879666566848755
1900 3.929586172103882
1901 4.80792236328125
1902 3.8729124069213867
1903 3.6459853649139404
1904 3.962023973464966
1905 3.7053682804107666
1906 3.728937864303589
1907 3.5063819885253906
1908 4.330477714538574
1909 4.419867992401123
1910 5.470202922821045
1911 4.737950325012207
1912 5.275549411773682
1913 5.128979206085205
1914 4.138040065765381
1915 4.5606560707092285
1916 5.56369161605835
1917 4.872825622558594
1918 5.013360500335693
1919 4.645839691162109
1920 4.548863887786865
1921 3.9623732566833496
1922 4.050319194793701
1923 4.45332670211792
1924 4.697390079498291
1925 5.102756500244141
1926 4.803053855895996
1927 3.6182427406311035
1928 4.181424140930176
1929 3.8940646648406982
1930 3.828423261642456
1931 3.9129059314727783
1932 4.534358024597168
1933 4.321136951446533
1934 4.6716389656066895
1935 5.103272914886475
1936 4.840615272521973
1937 4.213192462921143
1938 4.276560306549072
1939 4.780118465423584
1940 4.790363788604736
1941 4.7220964431762695
1942 4.528690338134766
1943 4.190821170806885
1944 4.207845211029053
1945 4.72318696975708
1946 4.763362884521484
1947 4.633970260620117
1948 4.791966438293457
1949 4.636019229888916
1950 4.389278411865234
1951 4.4338202476501465
1952 4.404798984527588
1953 4.145498752593994
1954 5.357761383056641
1955 5.3568315505981445
1956 4.587421894073486
1957 4.653140544891357
1958 4.228915691375732
1959 4.289026260375977
1960 4.400459289550781
1961 4.327832221984863
1962 4.36617374420166
1963 4.144350528717041
1964 3.9999775886535645
1965 5.2621965408325195
1966 4.961593151092529
1967 5.382137298583984
1968 4.164759159088135
1969 4.880688190460205
1970 5.135541915893555
1971 4.473030090332031
1972 4.391098499298096
1973 4.30440092086792
1974 3.8228845596313477
1975 4.517081260681152
1976 4.61715841293335
1977 4.626463890075684
1978 4.108946800231934
1979 4.661313056945801
1980 4.4736328125
1981 4.568985462188721
1982 4.980981349945068
1983 4.402279853820801
1984 5.564453601837158
1985 5.137504577636719
1986 5.842945098876953
1987 5.511256694793701
1988 5.369548797607422
1989 5.116903781890869
1990 5.8323140144348145
1991 5.558084964752197
1992 5.64648962020874
1993 5.668607234954834
1994 5.000606536865234
1995 4.881463527679443
1996 4.195348739624023
1997 4.10254430770874
1998 4.7332329750061035
1999 4.884621620178223
