0 0.0
1 0.4637364447116852
2 0.672483503818512
3 0.4352152645587921
4 0.3957003951072693
5 0.6791958212852478
6 0.7488542199134827
7 0.33490169048309326
8 0.5139864087104797
9 0.6030480265617371
10 0.40123480558395386
11 0.5167029500007629
12 0.929149329662323
13 0.7417895197868347
14 0.6627141237258911
15 0.4528353214263916
16 0.6467610597610474
17 0.5925426483154297
18 1.4489067792892456
19 0.7049893140792847
20 0.4389529824256897
21 0.687469482421875
22 0.6689614653587341
23 0.62957763671875
24 0.5255529284477234
25 0.7089417576789856
26 0.5196107029914856
27 0.6321529746055603
28 0.6129496693611145
29 0.42201027274131775
30 0.9499769806861877
31 0.8011908531188965
32 0.572179913520813
33 0.6113889813423157
34 0.9097364544868469
35 1.065346360206604
36 1.1663782596588135
37 0.7857517004013062
38 0.576574444770813
39 0.6154093146324158
40 0.6734210848808289
41 0.5341721177101135
42 0.6155240535736084
43 0.8884068727493286
44 0.6306707859039307
45 0.5404347777366638
46 0.6735472083091736
47 0.6973586082458496
48 0.7900887727737427
49 0.6473451852798462
50 0.8973675966262817
51 0.8648824691772461
52 0.5350731015205383
53 0.5353600978851318
54 0.34762516617774963
55 0.35933366417884827
56 0.4644554555416107
57 0.9051315784454346
58 0.5242640376091003
59 0.4205843508243561
60 0.9309913516044617
61 0.5460895895957947
62 0.5253126621246338
63 0.5643438100814819
64 0.7132708430290222
65 0.6867403984069824
66 0.4899543821811676
67 0.9672245383262634
68 0.928520917892456
69 0.5626474618911743
70 0.40446412563323975
71 0.734188437461853
72 0.9420149326324463
73 0.6783019304275513
74 1.0157028436660767
75 0.9063602089881897
76 0.5426750779151917
77 0.5664158463478088
78 0.627968430519104
79 0.5650673508644104
80 0.6114415526390076
81 0.7206317186355591
82 0.5192815661430359
83 0.6721819043159485
84 0.4652661681175232
85 0.827222466468811
86 0.5235010385513306
87 0.7964541912078857
88 0.4899619519710541
89 0.4425581395626068
90 0.5398253798484802
91 0.8379539847373962
92 1.091282844543457
93 0.6122106909751892
94 0.6645129919052124
95 0.710756778717041
96 0.8262760043144226
97 0.9545605778694153
98 0.7680711150169373
99 0.34358978271484375
100 1.0304268598556519
101 0.7940086126327515
102 0.7466029524803162
103 0.6997304558753967
104 1.214936375617981
105 0.9015417695045471
106 1.13612699508667
107 0.7209815979003906
108 0.9304187893867493
109 0.9381181597709656
110 0.5487337708473206
111 0.7107842564582825
112 0.5357950925827026
113 0.7259640693664551
114 1.0353202819824219
115 0.7338958978652954
116 0.6796588897705078
117 0.5329321622848511
118 0.8654717206954956
119 0.7045376896858215
120 0.8157133460044861
121 0.8701051473617554
122 0.7428255677223206
123 0.626682698726654
124 1.2277785539627075
125 0.7147514224052429
126 0.5992348790168762
127 0.5423516631126404
128 0.3975164592266083
129 0.6222682595252991
130 0.5001899600028992
131 0.5447509288787842
132 0.5825976729393005
133 0.49147751927375793
134 0.8822096586227417
135 1.1530500650405884
136 1.3015130758285522
137 0.8918069005012512
138 0.9531519412994385
139 0.8482143878936768
140 0.7830022573471069
141 0.3831188976764679
142 1.538338303565979
143 1.2119109630584717
144 1.0272448062896729
145 0.7999371886253357
146 0.9337050318717957
147 1.1269291639328003
148 0.7794543504714966
149 0.9819894433021545
150 1.0498045682907104
151 1.076456069946289
152 0.925219714641571
153 1.03727126121521
154 1.0192222595214844
155 1.0304068326950073
156 0.9671056270599365
157 0.6886398196220398
158 0.8694660663604736
159 1.2123360633850098
160 0.9401004910469055
161 0.8214574456214905
162 0.8132078051567078
163 0.800445556640625
164 0.9664275646209717
165 1.0250593423843384
166 1.1246000528335571
167 1.7041641473770142
168 1.609629511833191
169 1.4496692419052124
170 1.1501630544662476
171 1.410672664642334
172 1.53383207321167
173 1.7688853740692139
174 1.4078625440597534
175 1.1496330499649048
176 1.2253401279449463
177 1.2500635385513306
178 1.459718942642212
179 1.4046870470046997
180 1.9159635305404663
181 1.9164129495620728
182 1.454835295677185
183 1.1002191305160522
184 1.3939653635025024
185 1.4429396390914917
186 1.3237932920455933
187 1.5736442804336548
188 1.6080886125564575
189 1.5438920259475708
190 1.1554981470108032
191 1.1774653196334839
192 1.6200556755065918
193 0.9885549545288086
194 1.4091228246688843
195 1.558657169342041
196 1.1918827295303345
197 1.096037745475769
198 1.6615158319473267
199 1.5709407329559326
200 1.5581382513046265
201 1.5244420766830444
202 1.0913543701171875
203 1.3522498607635498
204 1.3583016395568848
205 1.4090625047683716
206 0.9259471893310547
207 1.2950901985168457
208 1.8521275520324707
209 1.383209228515625
210 1.4246962070465088
211 1.843034029006958
212 1.0734363794326782
213 1.2576032876968384
214 1.4306780099868774
215 1.3606288433074951
216 1.418718695640564
217 1.133068323135376
218 1.1362265348434448
219 1.2339673042297363
220 1.1786738634109497
221 1.4374630451202393
222 1.5636415481567383
223 1.2389287948608398
224 1.2638561725616455
225 1.2686880826950073
226 1.0204278230667114
227 1.204972267150879
228 1.2265896797180176
229 1.530950903892517
230 1.3143924474716187
231 1.8631476163864136
232 1.4273332357406616
233 1.5600230693817139
234 1.7794914245605469
235 1.5782326459884644
236 1.3419089317321777
237 1.2060636281967163
238 1.2884670495986938
239 1.3299822807312012
240 1.264169454574585
241 1.4212114810943604
242 1.2032432556152344
243 1.35924232006073
244 1.3627583980560303
245 1.3417876958847046
246 1.4974137544631958
247 1.2460030317306519
248 1.4090981483459473
249 1.4858988523483276
250 1.1073509454727173
251 1.0808018445968628
252 1.25678551197052
253 1.3601282835006714
254 1.3378247022628784
255 1.374348759651184
256 1.3957960605621338
257 1.0395952463150024
258 1.7554353475570679
259 1.4418126344680786
260 1.4998246431350708
261 1.5452321767807007
262 1.5094573497772217
263 1.2557321786880493
264 1.2430751323699951
265 1.3310234546661377
266 1.0926851034164429
267 1.2345837354660034
268 1.1278345584869385
269 1.06880784034729
270 0.9603051543235779
271 1.3251934051513672
272 1.1585359573364258
273 1.2311365604400635
274 0.9836938977241516
275 1.4111634492874146
276 1.3133578300476074
277 1.593772053718567
278 1.0634608268737793
279 0.9035678505897522
280 1.0590019226074219
281 0.7477909326553345
282 0.7406541109085083
283 1.0811489820480347
284 0.8577411770820618
285 0.7787039875984192
286 0.581709623336792
287 0.9960075616836548
288 0.7906395196914673
289 1.139798641204834
290 1.524122714996338
291 1.2176433801651
292 1.0377596616744995
293 1.3776136636734009
294 1.295723557472229
295 1.017126202583313
296 0.7495369911193848
297 0.7884085178375244
298 0.9582625031471252
299 0.8445451855659485
300 0.6735252737998962
301 1.0239570140838623
302 1.1563585996627808
303 1.1506812572479248
304 0.8978060483932495
305 0.9781473875045776
306 1.1849186420440674
307 1.0101549625396729
308 0.992321252822876
309 1.1065131425857544
310 0.8906282186508179
311 0.8321951627731323
312 1.6521786451339722
313 1.6240202188491821
314 1.227405309677124
315 1.328084945678711
316 1.8189468383789063
317 1.556853175163269
318 1.6295514106750488
319 1.6167316436767578
320 1.8708142042160034
321 1.9403057098388672
322 1.6847800016403198
323 1.5893853902816772
324 1.6289628744125366
325 1.765938639640808
326 1.498270034790039
327 1.674644112586975
328 1.8648087978363037
329 1.731555461883545
330 1.4190515279769897
331 1.410298228263855
332 1.2881438732147217
333 1.0504032373428345
334 1.2547327280044556
335 1.7972674369812012
336 1.6138553619384766
337 1.7214741706848145
338 1.4973453283309937
339 1.3595541715621948
340 1.8164535760879517
341 1.688364028930664
342 1.595679759979248
343 1.6300839185714722
344 1.5435409545898438
345 1.4103108644485474
346 1.8608152866363525
347 1.4475129842758179
348 1.4791017770767212
349 1.6360774040222168
350 1.3249399662017822
351 1.5370690822601318
352 1.3974947929382324
353 1.0353848934173584
354 2.0138487815856934
355 1.1435818672180176
356 1.5370533466339111
357 1.4490705728530884
358 0.7904595732688904
359 1.305448293685913
360 1.1640738248825073
361 1.4125990867614746
362 1.349874496459961
363 1.1560782194137573
364 1.0459953546524048
365 1.0010402202606201
366 1.447258710861206
367 1.2261226177215576
368 1.37898588180542
369 1.7103739976882935
370 1.546105146408081
371 1.6093542575836182
372 1.1970908641815186
373 1.5087193250656128
374 1.267595887184143
375 1.8005003929138184
376 1.6474695205688477
377 1.845922589302063
378 1.3028932809829712
379 1.5373868942260742
380 1.8240563869476318
381 1.445235013961792
382 1.769382119178772
383 1.181086540222168
384 1.7791130542755127
385 1.6044362783432007
386 1.4039764404296875
387 1.42427659034729
388 1.3841307163238525
389 1.422701358795166
390 1.3329589366912842
391 1.4243592023849487
392 1.3359848260879517
393 1.4719507694244385
394 1.6527632474899292
395 1.2987165451049805
396 1.2401986122131348
397 1.6401716470718384
398 1.5281022787094116
399 0.8716942071914673
400 1.0779495239257813
401 1.3985264301300049
402 1.3231862783432007
403 1.243015170097351
404 1.2848042249679565
405 1.0526577234268188
406 1.2786837816238403
407 1.249099850654602
408 1.5787001848220825
409 1.6519138813018799
410 1.2559480667114258
411 1.4835336208343506
412 1.1728225946426392
413 1.2922435998916626
414 1.699385643005371
415 1.5322842597961426
416 1.0767152309417725
417 1.4006339311599731
418 1.4115394353866577
419 1.4514403343200684
420 2.071646213531494
421 1.5077769756317139
422 1.3288209438323975
423 1.5306129455566406
424 1.3324408531188965
425 1.7556722164154053
426 1.2006492614746094
427 1.3064161539077759
428 1.4899303913116455
429 1.433146357536316
430 1.236673355102539
431 1.4898887872695923
432 1.5351604223251343
433 1.5634878873825073
434 1.541942834854126
435 1.3224505186080933
436 1.4422581195831299
437 1.1900907754898071
438 1.5453877449035645
439 1.4502147436141968
440 1.1424124240875244
441 1.3083590269088745
442 1.593260645866394
443 1.3828537464141846
444 1.6225976943969727
445 1.491484522819519
446 1.5533806085586548
447 1.4752992391586304
448 2.16276478767395
449 1.127726435661316
450 1.583135724067688
451 1.314658761024475
452 1.3616775274276733
453 1.1775749921798706
454 1.357251524925232
455 1.4397578239440918
456 1.1287206411361694
457 1.4393529891967773
458 1.2321385145187378
459 1.2579846382141113
460 1.075217843055725
461 1.242470383644104
462 1.2911486625671387
463 1.3305120468139648
464 1.1575686931610107
465 1.526227593421936
466 1.4231846332550049
467 1.3135628700256348
468 1.6594226360321045
469 1.208479642868042
470 1.86217200756073
471 1.7829434871673584
472 1.5689973831176758
473 1.3949766159057617
474 1.3165653944015503
475 1.3052259683609009
476 1.3482774496078491
477 1.4896230697631836
478 1.6201448440551758
479 0.9815794229507446
480 1.4377297163009644
481 1.1594096422195435
482 0.9213597774505615
483 0.9304810762405396
484 0.9466561675071716
485 0.8248424530029297
486 1.0213311910629272
487 1.3021180629730225
488 1.0717374086380005
489 1.0289828777313232
490 0.9859134554862976
491 1.5586873292922974
492 1.6343821287155151
493 1.403765320777893
494 1.3082823753356934
495 1.134397029876709
496 0.7204954624176025
497 1.0727570056915283
498 1.0113693475723267
499 1.135920763015747
500 0.89333575963974
501 0.9640117287635803
502 0.7655895948410034
503 1.1694655418395996
504 0.9379147291183472
505 1.4647756814956665
506 1.4751602411270142
507 1.7631115913391113
508 1.452921986579895
509 1.2872003316879272
510 1.508966088294983
511 1.1664530038833618
512 1.1467413902282715
513 1.382228970527649
514 1.2765201330184937
515 1.2356535196304321
516 1.0826982259750366
517 1.3342394828796387
518 1.275050163269043
519 1.438106894493103
520 0.8655559420585632
521 1.1368296146392822
522 1.3193942308425903
523 1.06681227684021
524 0.8823641538619995
525 1.0664976835250854
526 1.5191254615783691
527 0.8343931436538696
528 0.9910516142845154
529 1.3808382749557495
530 1.033195972442627
531 1.3255877494812012
532 1.0126004219055176
533 1.5072510242462158
534 1.639280080795288
535 1.3835647106170654
536 1.574060320854187
537 1.4382719993591309
538 1.3789610862731934
539 1.3050616979599
540 1.5988396406173706
541 1.3049792051315308
542 1.041938304901123
543 1.0348039865493774
544 1.881766438484192
545 0.8615812063217163
546 1.1918014287948608
547 1.2532973289489746
548 1.1030441522598267
549 1.2704778909683228
550 1.0526776313781738
551 1.228082537651062
552 1.2476043701171875
553 0.7762006521224976
554 1.0722123384475708
555 1.4087055921554565
556 1.4071691036224365
557 1.4372150897979736
558 1.154213786125183
559 1.1502869129180908
560 1.4155914783477783
561 1.3392900228500366
562 1.4200196266174316
563 1.3771127462387085
564 1.0867100954055786
565 1.3308089971542358
566 1.5061697959899902
567 1.3222264051437378
568 1.2731486558914185
569 1.3795875310897827
570 1.2277770042419434
571 1.1605117321014404
572 1.058565616607666
573 0.9219681024551392
574 1.3305916786193848
575 1.2594696283340454
576 1.1853364706039429
577 1.2994887828826904
578 1.1578149795532227
579 1.2190557718276978
580 1.0508036613464355
581 1.21366548538208
582 1.1126433610916138
583 1.2616922855377197
584 1.0894103050231934
585 0.6038734316825867
586 1.040004014968872
587 1.2760653495788574
588 1.5519388914108276
589 1.2173984050750732
590 1.0030525922775269
591 1.2906066179275513
592 1.0059157609939575
593 1.4866005182266235
594 1.174599528312683
595 1.4697139263153076
596 1.1674045324325562
597 1.3825846910476685
598 1.2300574779510498
599 1.515851378440857
600 0.9614375829696655
601 1.2130882740020752
602 1.4462027549743652
603 1.0002983808517456
604 1.8347830772399902
605 1.2746540307998657
606 1.4336082935333252
607 1.342461109161377
608 1.1453144550323486
609 1.3288859128952026
610 1.4999226331710815
611 1.5858136415481567
612 1.3923486471176147
613 1.4156430959701538
614 1.4131077527999878
615 1.5124369859695435
616 1.0905321836471558
617 1.254428744316101
618 1.9988278150558472
619 1.1886074542999268
620 1.6201468706130981
621 1.1732457876205444
622 1.2076318264007568
623 1.607495903968811
624 1.557727336883545
625 1.6809107065200806
626 1.8683384656906128
627 1.3146148920059204
628 1.1834033727645874
629 1.3503514528274536
630 1.2052650451660156
631 1.2950955629348755
632 1.0164400339126587
633 1.3561396598815918
634 1.5392467975616455
635 1.0560383796691895
636 1.058580994606018
637 1.1960636377334595
638 0.9192934632301331
639 1.2566243410110474
640 0.9399680495262146
641 1.6690963506698608
642 1.2361418008804321
643 1.587421178817749
644 1.3873894214630127
645 1.5394881963729858
646 1.264434576034546
647 1.5337610244750977
648 1.3119820356369019
649 1.487311601638794
650 1.3177217245101929
651 1.2331316471099854
652 1.070673942565918
653 1.4106603860855103
654 1.3128653764724731
655 1.5041366815567017
656 1.4580470323562622
657 1.3314034938812256
658 1.8001337051391602
659 1.4796514511108398
660 2.007864475250244
661 1.7559113502502441
662 1.3266338109970093
663 1.4060728549957275
664 0.8858239054679871
665 1.5848742723464966
666 1.256520390510559
667 1.2842856645584106
668 1.7319648265838623
669 1.4964289665222168
670 1.6095162630081177
671 1.926581859588623
672 1.5020188093185425
673 1.957961916923523
674 1.6884002685546875
675 1.3538130521774292
676 1.5827523469924927
677 1.1284115314483643
678 1.291643738746643
679 1.6877015829086304
680 1.1501199007034302
681 1.379010558128357
682 1.1807210445404053
683 1.54220712184906
684 1.409619927406311
685 1.5761263370513916
686 1.680648922920227
687 1.5967819690704346
688 1.5131900310516357
689 1.258228063583374
690 1.4749099016189575
691 1.3301515579223633
692 1.4480688571929932
693 1.584997296333313
694 1.3286492824554443
695 1.474797248840332
696 1.6012794971466064
697 1.7151182889938354
698 1.1586557626724243
699 1.3821172714233398
700 1.3685801029205322
701 1.1514822244644165
702 1.0461400747299194
703 1.7280187606811523
704 1.035912036895752
705 1.405503511428833
706 1.4506906270980835
707 1.7511639595031738
708 1.3330520391464233
709 1.8494311571121216
710 1.7242811918258667
711 1.2068819999694824
712 1.9235846996307373
713 1.314372181892395
714 1.4794270992279053
715 1.8635978698730469
716 1.3064759969711304
717 1.4291119575500488
718 1.0800106525421143
719 1.6606513261795044
720 1.399980068206787
721 1.6480073928833008
722 1.5175319910049438
723 1.5004860162734985
724 1.4384995698928833
725 1.5355013608932495
726 1.3740535974502563
727 1.5939652919769287
728 1.5547629594802856
729 1.711863398551941
730 1.7229021787643433
731 1.5785704851150513
732 1.5155251026153564
733 1.4611612558364868
734 1.7387595176696777
735 1.3574907779693604
736 1.6936744451522827
737 1.4582215547561646
738 1.3469843864440918
739 1.6444355249404907
740 1.5790703296661377
741 1.3800626993179321
742 1.393445611000061
743 1.5555237531661987
744 1.2630406618118286
745 1.718707799911499
746 1.6453745365142822
747 1.566702961921692
748 1.257997989654541
749 1.2776716947555542
750 1.3953286409378052
751 1.23647141456604
752 1.4998542070388794
753 1.281710147857666
754 1.7485949993133545
755 1.5368750095367432
756 1.3137246370315552
757 1.6164953708648682
758 1.6268584728240967
759 1.1617094278335571
760 1.519313097000122
761 1.6277438402175903
762 1.427797555923462
763 1.4448624849319458
764 1.8559120893478394
765 1.553745150566101
766 1.7400619983673096
767 1.53740656375885
768 1.840277075767517
769 1.826049566268921
770 1.601566195487976
771 2.067420482635498
772 1.3929375410079956
773 1.3282966613769531
774 1.7633479833602905
775 1.5943013429641724
776 1.2388490438461304
777 1.8697924613952637
778 1.528623104095459
779 1.6501895189285278
780 1.726636290550232
781 1.5601215362548828
782 1.6777446269989014
783 1.5259507894515991
784 1.8188130855560303
785 1.749222755432129
786 1.2533034086227417
787 1.5582219362258911
788 1.4057565927505493
789 1.8025517463684082
790 1.66282057762146
791 1.983514428138733
792 1.9158506393432617
793 1.464848518371582
794 1.297992467880249
795 1.3566951751708984
796 1.4248778820037842
797 1.2382458448410034
798 1.519058108329773
799 1.696524739265442
800 1.6376569271087646
801 1.4726072549819946
802 1.8529002666473389
803 1.254496455192566
804 1.2450236082077026
805 1.6832187175750732
806 1.9898457527160645
807 1.7552498579025269
808 1.969762921333313
809 1.9138528108596802
810 1.6222440004348755
811 1.5807573795318604
812 1.6297309398651123
813 2.0503532886505127
814 1.9690278768539429
815 1.6579139232635498
816 1.3609575033187866
817 1.4205139875411987
818 1.326393961906433
819 1.6775071620941162
820 1.5341823101043701
821 1.4058706760406494
822 0.8910791873931885
823 1.349861979484558
824 1.2905751466751099
825 1.386489748954773
826 1.466786503791809
827 1.3770626783370972
828 1.5697962045669556
829 1.8518706560134888
830 1.8759411573410034
831 1.693203091621399
832 1.6740331649780273
833 1.6731083393096924
834 1.4897927045822144
835 1.377103567123413
836 1.4534820318222046
837 1.6385668516159058
838 1.5283358097076416
839 1.5990196466445923
840 1.8702197074890137
841 1.8379943370819092
842 1.7014161348342896
843 1.953978419303894
844 2.146993637084961
845 2.2709386348724365
846 2.1660618782043457
847 1.978857398033142
848 1.8937137126922607
849 2.2578465938568115
850 1.9615504741668701
851 2.145899534225464
852 1.9762520790100098
853 2.1301374435424805
854 1.7465046644210815
855 2.023941993713379
856 1.8462148904800415
857 2.221729040145874
858 1.9297345876693726
859 2.3223156929016113
860 2.1798298358917236
861 1.9618186950683594
862 1.7917139530181885
863 2.0165278911590576
864 2.172576427459717
865 2.2047483921051025
866 2.0605504512786865
867 2.354062080383301
868 1.893661618232727
869 2.2704885005950928
870 1.8207128047943115
871 2.1588633060455322
872 2.0461740493774414
873 1.944523572921753
874 1.9167940616607666
875 2.0106964111328125
876 1.8544707298278809
877 2.0916647911071777
878 2.1232101917266846
879 2.1250264644622803
880 1.6871119737625122
881 1.895919680595398
882 1.9072538614273071
883 1.8405953645706177
884 1.825560212135315
885 1.8035722970962524
886 1.8665279150009155
887 1.732974648475647
888 2.1079607009887695
889 2.001481771469116
890 1.9985718727111816
891 2.143589973449707
892 1.9002224206924438
893 2.0867905616760254
894 1.7862308025360107
895 1.947327733039856
896 2.4767394065856934
897 2.0720925331115723
898 1.9269399642944336
899 1.7713149785995483
900 1.8523318767547607
901 1.776427149772644
902 1.9016613960266113
903 1.830835223197937
904 2.155156373977661
905 1.8153131008148193
906 1.9908485412597656
907 1.8915355205535889
908 1.8882768154144287
909 1.9442639350891113
910 2.421367883682251
911 2.173333168029785
912 1.9458651542663574
913 1.96124267578125
914 2.245236873626709
915 1.9506125450134277
916 2.0043821334838867
917 2.1798646450042725
918 1.9305665493011475
919 1.9100451469421387
920 1.7485008239746094
921 1.749021053314209
922 1.7307054996490479
923 1.7444379329681396
924 1.667973279953003
925 1.6770820617675781
926 1.706175684928894
927 1.7021739482879639
928 1.7364673614501953
929 1.7496881484985352
930 1.7959774732589722
931 1.6936955451965332
932 1.8801740407943726
933 1.9853461980819702
934 1.7034255266189575
935 1.991638422012329
936 1.7512147426605225
937 2.109339475631714
938 2.0109331607818604
939 2.003580093383789
940 1.9203221797943115
941 2.095982074737549
942 1.974699854850769
943 2.2650978565216064
944 2.18927001953125
945 2.2506844997406006
946 2.608530044555664
947 2.7282938957214355
948 2.434494733810425
949 2.2859580516815186
950 2.317974090576172
951 2.361790180206299
952 2.082181692123413
953 2.482110023498535
954 1.9208167791366577
955 2.179705858230591
956 2.18660831451416
957 2.015618085861206
958 1.9668645858764648
959 2.076333999633789
960 2.2662160396575928
961 2.090008020401001
962 2.1173036098480225
963 2.122645139694214
964 1.9044009447097778
965 1.8964099884033203
966 2.148432731628418
967 2.0140042304992676
968 2.138638973236084
969 2.1879336833953857
970 2.214602470397949
971 2.097076892852783
972 2.1052417755126953
973 2.027643918991089
974 2.2395217418670654
975 1.8603986501693726
976 2.0216445922851563
977 2.2712388038635254
978 2.303609848022461
979 2.3706142902374268
980 2.1454079151153564
981 2.191493272781372
982 2.0667636394500732
983 2.317687749862671
984 2.1236231327056885
985 1.9649631977081299
986 2.1202659606933594
987 2.0222015380859375
988 2.1786563396453857
989 1.986052393913269
990 2.247300386428833
991 2.0935826301574707
992 1.8631751537322998
993 2.146618604660034
994 1.7361894845962524
995 1.7546298503875732
996 1.9723190069198608
997 2.3501505851745605
998 1.8809553384780884
999 1.806003451347351
1000 2.26300311088562
1001 2.1262431144714355
1002 1.8466240167617798
1003 1.8644015789031982
1004 1.8668400049209595
1005 2.0027682781219482
1006 1.9928127527236938
1007 1.8998534679412842
1008 2.046578884124756
1009 1.9116778373718262
1010 1.7526272535324097
1011 2.0137779712677
1012 1.8317267894744873
1013 1.928478717803955
1014 2.1859045028686523
1015 2.0279128551483154
1016 1.776132583618164
1017 2.015882730484009
1018 1.9610220193862915
1019 1.8774038553237915
1020 2.07499098777771
1021 1.7962406873703003
1022 2.109771490097046
1023 1.808746099472046
1024 2.32957124710083
1025 1.9229189157485962
1026 2.320913076400757
1027 2.199737548828125
1028 2.0675432682037354
1029 2.280749559402466
1030 2.1502325534820557
1031 1.9941089153289795
1032 2.1918838024139404
1033 2.0525617599487305
1034 2.0102288722991943
1035 1.9368822574615479
1036 2.1281681060791016
1037 1.9177111387252808
1038 2.2246646881103516
1039 1.7544283866882324
1040 1.9326518774032593
1041 2.288214683532715
1042 2.0498318672180176
1043 2.051894426345825
1044 2.1292214393615723
1045 1.802040457725525
1046 1.9390496015548706
1047 1.8807047605514526
1048 1.9976749420166016
1049 1.8534990549087524
1050 2.0160577297210693
1051 2.360114336013794
1052 2.3003973960876465
1053 2.245079755783081
1054 1.7502336502075195
1055 2.0652754306793213
1056 2.136427402496338
1057 2.500645637512207
1058 2.1257030963897705
1059 1.988958716392517
1060 2.288348913192749
1061 1.8217244148254395
1062 1.61850905418396
1063 1.8721405267715454
1064 1.969097375869751
1065 2.026865243911743
1066 1.8572423458099365
1067 2.3764405250549316
1068 2.3762567043304443
1069 2.480106830596924
1070 2.47869610786438
1071 2.160398483276367
1072 2.1090803146362305
1073 2.3507628440856934
1074 2.3437767028808594
1075 3.2765939235687256
1076 3.428696870803833
1077 3.2770330905914307
1078 2.424222230911255
1079 2.140315532684326
1080 2.5190248489379883
1081 2.3184401988983154
1082 2.3468008041381836
1083 2.344351053237915
1084 2.2733817100524902
1085 2.164896249771118
1086 2.0790493488311768
1087 2.265716791152954
1088 1.899938702583313
1089 1.9808465242385864
1090 2.346118211746216
1091 2.320222854614258
1092 2.2951064109802246
1093 2.189419746398926
1094 2.156046152114868
1095 2.147326946258545
1096 2.3363704681396484
1097 2.1701364517211914
1098 1.8787531852722168
1099 2.493368625640869
1100 1.9545437097549438
1101 2.135528802871704
1102 2.0088014602661133
1103 2.1908392906188965
1104 2.0997049808502197
1105 1.7930339574813843
1106 2.8394854068756104
1107 2.531193256378174
1108 2.6570003032684326
1109 2.2579619884490967
1110 2.2987446784973145
1111 2.0814943313598633
1112 1.7542940378189087
1113 2.094896078109741
1114 2.0808098316192627
1115 2.575244903564453
1116 2.067068338394165
1117 2.013317346572876
1118 2.342425584793091
1119 2.1954002380371094
1120 2.2392430305480957
1121 2.264542579650879
1122 2.1887922286987305
1123 2.1300981044769287
1124 2.202439546585083
1125 2.3121023178100586
1126 2.08860445022583
1127 2.172329902648926
1128 2.034137725830078
1129 2.205578327178955
1130 1.9414156675338745
1131 1.9583909511566162
1132 2.098451614379883
1133 2.110046863555908
1134 2.140516519546509
1135 2.237572193145752
1136 2.508545398712158
1137 2.0197577476501465
1138 2.3089616298675537
1139 2.2151331901550293
1140 2.148785352706909
1141 1.9978036880493164
1142 2.4618940353393555
1143 2.2339346408843994
1144 2.0399794578552246
1145 2.1482045650482178
1146 2.3322036266326904
1147 2.0607872009277344
1148 2.326195240020752
1149 2.4013452529907227
1150 2.1908810138702393
1151 2.3715481758117676
1152 2.317939281463623
1153 2.242997646331787
1154 2.49648380279541
1155 2.343562602996826
1156 3.0834388732910156
1157 2.0653624534606934
1158 2.1422970294952393
1159 2.6940643787384033
1160 2.205834150314331
1161 2.433967113494873
1162 2.3947410583496094
1163 2.427661657333374
1164 2.3791627883911133
1165 2.428455352783203
1166 2.355074405670166
1167 2.2547237873077393
1168 2.355125904083252
1169 2.4813742637634277
1170 1.9918423891067505
1171 1.9306628704071045
1172 1.949163556098938
1173 1.9992396831512451
1174 2.110490560531616
1175 2.3299694061279297
1176 2.741562604904175
1177 2.3148555755615234
1178 2.3760082721710205
1179 2.382970094680786
1180 2.2457668781280518
1181 1.7180362939834595
1182 1.4854141473770142
1183 1.5418013334274292
1184 1.7179925441741943
1185 1.737977147102356
1186 1.2682162523269653
1187 1.2940207719802856
1188 1.542052149772644
1189 1.4889023303985596
1190 1.5355796813964844
1191 1.63337242603302
1192 1.448072910308838
1193 1.5135644674301147
1194 1.344614863395691
1195 1.2101112604141235
1196 1.7358819246292114
1197 1.518032193183899
1198 1.5961692333221436
1199 1.3404598236083984
1200 1.1974563598632813
1201 1.6654479503631592
1202 1.491187572479248
1203 1.6773226261138916
1204 2.4605534076690674
1205 1.1035023927688599
1206 2.5941641330718994
1207 1.919950246810913
1208 1.696257472038269
1209 1.1651924848556519
1210 2.0556890964508057
1211 1.963244080543518
1212 1.7064847946166992
1213 1.7349927425384521
1214 1.9737056493759155
1215 1.4388210773468018
1216 1.7372714281082153
1217 2.1280014514923096
1218 1.781137466430664
1219 1.6778759956359863
1220 1.412310242652893
1221 1.6413135528564453
1222 1.7545644044876099
1223 1.4768623113632202
1224 1.1464492082595825
1225 1.1773760318756104
1226 1.7872270345687866
1227 1.0910290479660034
1228 1.856289267539978
1229 1.6746957302093506
1230 1.5766185522079468
1231 1.3952440023422241
1232 1.7230370044708252
1233 1.735419511795044
1234 1.6743965148925781
1235 1.388814091682434
1236 1.8146886825561523
1237 1.5150471925735474
1238 1.7524415254592896
1239 1.4659180641174316
1240 1.425634741783142
1241 1.9501070976257324
1242 1.9544947147369385
1243 1.545642375946045
1244 1.4192153215408325
1245 1.9204410314559937
1246 1.4749619960784912
1247 1.5428929328918457
1248 1.6024096012115479
1249 1.5872143507003784
1250 1.422619104385376
1251 1.458616018295288
1252 1.4994981288909912
1253 1.6685456037521362
1254 1.7749812602996826
1255 1.6103405952453613
1256 1.7009451389312744
1257 1.8916330337524414
1258 1.590396761894226
1259 1.7756433486938477
1260 1.301976203918457
1261 1.5502876043319702
1262 1.474089503288269
1263 1.5152487754821777
1264 1.6413999795913696
1265 1.5296339988708496
1266 1.5175347328186035
1267 2.169646978378296
1268 2.010321855545044
1269 1.6972761154174805
1270 2.2033724784851074
1271 2.173187732696533
1272 1.8613380193710327
1273 2.09928297996521
1274 1.6369028091430664
1275 1.6386724710464478
1276 1.7589025497436523
1277 2.192199468612671
1278 1.691706895828247
1279 1.4691590070724487
1280 2.0025219917297363
1281 1.975083827972412
1282 2.015312671661377
1283 1.7053170204162598
1284 1.7442411184310913
1285 2.140188694000244
1286 2.226145029067993
1287 1.8069818019866943
1288 1.7437939643859863
1289 1.8488863706588745
1290 1.5442050695419312
1291 1.5810662508010864
1292 1.8001078367233276
1293 1.8369723558425903
1294 1.4530470371246338
1295 1.2745072841644287
1296 1.9180725812911987
1297 2.3796231746673584
1298 1.9304883480072021
1299 1.952457308769226
1300 1.9301784038543701
1301 2.2370548248291016
1302 2.1660871505737305
1303 1.8425381183624268
1304 1.737674593925476
1305 1.7093356847763062
1306 1.7955849170684814
1307 2.1182847023010254
1308 1.8918174505233765
1309 1.9631657600402832
1310 1.2732315063476563
1311 1.3113584518432617
1312 1.9213775396347046
1313 1.566601037979126
1314 0.9799482226371765
1315 1.5943238735198975
1316 2.193413496017456
1317 1.5424563884735107
1318 1.5183902978897095
1319 1.8882256746292114
1320 2.4413137435913086
1321 1.7759356498718262
1322 1.8711577653884888
1323 1.8920272588729858
1324 1.9088298082351685
1325 2.051657199859619
1326 1.5010724067687988
1327 1.7364321947097778
1328 1.9276810884475708
1329 2.006504774093628
1330 1.5294839143753052
1331 2.0971879959106445
1332 1.5524531602859497
1333 1.458645224571228
1334 1.8438100814819336
1335 1.8196375370025635
1336 1.843599557876587
1337 1.6333647966384888
1338 2.2106447219848633
1339 2.0496764183044434
1340 1.9234033823013306
1341 2.2080917358398438
1342 1.9702562093734741
1343 2.0130808353424072
1344 2.3105406761169434
1345 2.132554054260254
1346 2.1042299270629883
1347 2.180657148361206
1348 1.9651503562927246
1349 1.6919628381729126
1350 2.254202127456665
1351 2.2207491397857666
1352 2.0865352153778076
1353 2.198868751525879
1354 1.8925461769104004
1355 2.2703537940979004
1356 2.472426414489746
1357 2.558924436569214
1358 2.3391568660736084
1359 2.24383807182312
1360 2.4100656509399414
1361 2.5289125442504883
1362 2.8175883293151855
1363 2.2577245235443115
1364 2.369758367538452
1365 2.2063169479370117
1366 2.304729700088501
1367 2.5278029441833496
1368 2.1417698860168457
1369 1.789293646812439
1370 1.9882380962371826
1371 1.8468447923660278
1372 1.9555763006210327
1373 2.1595211029052734
1374 2.3312501907348633
1375 1.7927371263504028
1376 2.117755174636841
1377 1.7120188474655151
1378 2.1469244956970215
1379 1.7167609930038452
1380 1.8069473505020142
1381 1.7909257411956787
1382 1.9356164932250977
1383 1.672798991203308
1384 2.46089243888855
1385 1.9149309396743774
1386 1.886472225189209
1387 2.0494744777679443
1388 1.8652782440185547
1389 1.938120722770691
1390 1.468684434890747
1391 1.4973922967910767
1392 1.3182345628738403
1393 1.843208909034729
1394 1.2912381887435913
1395 1.7861353158950806
1396 1.3145476579666138
1397 1.2627581357955933
1398 1.305191993713379
1399 1.5852411985397339
1400 1.4258311986923218
1401 1.619897723197937
1402 1.342208981513977
1403 1.556769847869873
1404 2.085705518722534
1405 1.7083616256713867
1406 1.2295249700546265
1407 2.181426525115967
1408 1.5003767013549805
1409 2.2638111114501953
1410 1.844887375831604
1411 1.5822187662124634
1412 1.394761085510254
1413 1.6190707683563232
1414 1.0996142625808716
1415 1.298579454421997
1416 1.6584751605987549
1417 1.2199887037277222
1418 1.4536902904510498
1419 1.576061725616455
1420 1.9983690977096558
1421 1.7723278999328613
1422 2.331010341644287
1423 1.5490914583206177
1424 2.217360019683838
1425 2.1877386569976807
1426 2.074089765548706
1427 2.322897434234619
1428 2.061145305633545
1429 2.3534488677978516
1430 2.1751139163970947
1431 2.335329532623291
1432 2.434194803237915
1433 2.310673713684082
1434 2.48101544380188
1435 2.813823699951172
1436 2.342942476272583
1437 2.1777377128601074
1438 2.2104883193969727
1439 2.1671252250671387
1440 2.0320348739624023
1441 2.675029754638672
1442 2.0109431743621826
1443 2.160005807876587
1444 1.859657883644104
1445 2.1537153720855713
1446 1.7175164222717285
1447 1.6186665296554565
1448 1.3606840372085571
1449 1.2747472524642944
1450 1.4563968181610107
1451 1.3496845960617065
1452 1.5939438343048096
1453 1.4582874774932861
1454 1.5645639896392822
1455 2.0357234477996826
1456 1.6031981706619263
1457 1.9019001722335815
1458 1.8049460649490356
1459 2.100947141647339
1460 1.8045076131820679
1461 2.535731077194214
1462 1.8983436822891235
1463 1.7997859716415405
1464 1.715590476989746
1465 1.0228610038757324
1466 1.2430686950683594
1467 1.230103850364685
1468 1.1566625833511353
1469 1.4317607879638672
1470 1.8612252473831177
1471 1.6316826343536377
1472 1.790798306465149
1473 1.3375815153121948
1474 1.5588138103485107
1475 1.5452303886413574
1476 1.362621784210205
1477 1.6657177209854126
1478 1.752215027809143
1479 1.2722423076629639
1480 1.4050935506820679
1481 1.728164553642273
1482 1.4046143293380737
1483 1.7177075147628784
1484 1.8834983110427856
1485 1.9839650392532349
1486 1.6905654668807983
1487 2.253469944000244
1488 1.9442023038864136
1489 2.3753373622894287
1490 2.2387428283691406
1491 2.7151412963867188
1492 2.6968109607696533
1493 2.4669151306152344
1494 2.350381374359131
1495 2.0348544120788574
1496 1.8653720617294312
1497 2.2832553386688232
1498 2.260831594467163
1499 2.3704419136047363
1500 2.613128185272217
1501 2.5127735137939453
1502 2.2098193168640137
1503 2.016197681427002
1504 2.1720845699310303
1505 1.9451446533203125
1506 1.838356852531433
1507 2.253995656967163
1508 2.1553378105163574
1509 2.225193500518799
1510 2.1762096881866455
1511 1.9856884479522705
1512 2.3400990962982178
1513 2.321620225906372
1514 2.3885717391967773
1515 2.21639347076416
1516 2.2426669597625732
1517 2.2765181064605713
1518 2.5186362266540527
1519 2.481675624847412
1520 2.3621604442596436
1521 2.258532762527466
1522 2.043983221054077
1523 2.2938971519470215
1524 2.2078943252563477
1525 2.4399185180664063
1526 2.31900954246521
1527 2.5200846195220947
1528 2.2849318981170654
1529 2.4226224422454834
1530 2.5024325847625732
1531 2.0541138648986816
1532 2.0663976669311523
1533 2.124376058578491
1534 2.536642551422119
1535 2.6236629486083984
1536 2.5197341442108154
1537 2.3720059394836426
1538 2.315464735031128
1539 2.267279863357544
1540 2.377376079559326
1541 2.370067596435547
1542 2.4778189659118652
1543 2.243281841278076
1544 2.4756147861480713
1545 2.1274008750915527
1546 2.407148599624634
1547 2.698052167892456
1548 2.1613211631774902
1549 2.5671138763427734
1550 2.4633750915527344
1551 2.3552446365356445
1552 2.406930923461914
1553 2.9003961086273193
1554 3.094670057296753
1555 3.348728656768799
1556 2.4435219764709473
1557 2.9429771900177
1558 2.803116798400879
1559 2.667121171951294
1560 2.6750192642211914
1561 2.8261263370513916
1562 3.065459966659546
1563 3.187922954559326
1564 2.5895564556121826
1565 3.213228702545166
1566 2.901418924331665
1567 3.1689629554748535
1568 2.724792718887329
1569 2.7574753761291504
1570 2.8744492530822754
1571 3.197361469268799
1572 3.180570363998413
1573 3.128875255584717
1574 2.5041394233703613
1575 2.306727409362793
1576 2.8042545318603516
1577 2.8479158878326416
1578 2.8078014850616455
1579 2.82737398147583
1580 2.840641975402832
1581 3.060112237930298
1582 2.809635639190674
1583 3.106675863265991
1584 2.497413396835327
1585 2.8854711055755615
1586 2.7738773822784424
1587 2.3276686668395996
1588 2.438809633255005
1589 2.491422176361084
1590 2.6595919132232666
1591 2.504333972930908
1592 2.402097225189209
1593 2.3497893810272217
1594 2.2473580837249756
1595 2.4747626781463623
1596 2.554694890975952
1597 2.3706793785095215
1598 2.415065288543701
1599 2.41957688331604
1600 2.7969160079956055
1601 2.5938117504119873
1602 3.010533332824707
1603 3.119558334350586
1604 3.0821871757507324
1605 3.1062421798706055
1606 2.8326010704040527
1607 3.314756155014038
1608 3.3036484718322754
1609 2.997421979904175
1610 2.5865085124969482
1611 3.030214786529541
1612 3.1306357383728027
1613 2.688901901245117
1614 3.1829187870025635
1615 3.410658359527588
1616 3.172335386276245
1617 3.266381025314331
1618 3.238304853439331
1619 3.254323720932007
1620 3.068267822265625
1621 3.102595329284668
1622 3.323093891143799
1623 3.5497522354125977
1624 3.412189245223999
1625 3.6692731380462646
1626 3.07500958442688
1627 3.275576591491699
1628 3.3197021484375
1629 3.557833194732666
1630 3.287310838699341
1631 4.059388160705566
1632 3.2159082889556885
1633 3.06152606010437
1634 2.4048914909362793
1635 2.8963496685028076
1636 3.5869643688201904
1637 2.7911770343780518
1638 3.476604461669922
1639 3.0362067222595215
1640 2.5733327865600586
1641 2.4477639198303223
1642 2.3631927967071533
1643 2.7022690773010254
1644 2.861105442047119
1645 2.894190788269043
1646 3.223864793777466
1647 3.1825008392333984
1648 2.8124125003814697
1649 2.5590860843658447
1650 2.9661288261413574
1651 2.828022003173828
1652 2.701927661895752
1653 2.975696086883545
1654 2.440241813659668
1655 2.7078983783721924
1656 2.6165783405303955
1657 2.570530414581299
1658 2.415534257888794
1659 3.012326240539551
1660 2.647425413131714
1661 3.077321767807007
1662 3.5369489192962646
1663 3.495490550994873
1664 3.5911850929260254
1665 3.306863784790039
1666 2.701741933822632
1667 3.0416486263275146
1668 2.853853225708008
1669 2.729754686355591
1670 2.3885350227355957
1671 2.4627134799957275
1672 2.7854645252227783
1673 2.8281056880950928
1674 3.0878994464874268
1675 2.812774419784546
1676 2.836249828338623
1677 3.3211560249328613
1678 2.7391252517700195
1679 2.77500581741333
1680 2.7470500469207764
1681 3.1292083263397217
1682 2.4975335597991943
1683 2.173635482788086
1684 2.005821943283081
1685 2.1831202507019043
1686 1.9934104681015015
1687 2.133166551589966
1688 2.393216609954834
1689 2.142453193664551
1690 2.1247973442077637
1691 1.8253661394119263
1692 1.9087557792663574
1693 1.8576055765151978
1694 1.8172173500061035
1695 1.8680405616760254
1696 2.321286916732788
1697 1.9837507009506226
1698 1.9225116968154907
1699 2.1165316104888916
1700 2.0671212673187256
1701 1.9462015628814697
1702 2.3661258220672607
1703 1.867535948753357
1704 1.738468050956726
1705 1.8061238527297974
1706 1.9723047018051147
1707 2.054511070251465
1708 1.9634917974472046
1709 2.2293825149536133
1710 1.8507461547851563
1711 1.6962194442749023
1712 2.004652500152588
1713 1.6835721731185913
1714 1.9212590456008911
1715 1.7165857553482056
1716 1.7096500396728516
1717 1.8183033466339111
1718 1.8008942604064941
1719 2.042285442352295
1720 1.932266116142273
1721 1.5827139616012573
1722 1.6698415279388428
1723 1.8288507461547852
1724 1.8236159086227417
1725 1.916133999824524
1726 2.146313428878784
1727 2.2658743858337402
1728 1.8837651014328003
1729 2.1524558067321777
1730 1.8365914821624756
1731 1.742530107498169
1732 1.8312338590621948
1733 1.9578206539154053
1734 1.8195312023162842
1735 1.886391043663025
1736 1.9710198640823364
1737 1.9377471208572388
1738 1.9747321605682373
1739 1.6985167264938354
1740 1.8424981832504272
1741 1.764389991760254
1742 1.7156686782836914
1743 1.878661036491394
1744 1.8445544242858887
1745 1.703982949256897
1746 2.359657049179077
1747 2.3520798683166504
1748 2.081130027770996
1749 1.9872208833694458
1750 2.008352279663086
1751 2.1602072715759277
1752 2.0072202682495117
1753 2.4238979816436768
1754 2.2904129028320313
1755 2.115457057952881
1756 1.9081848859786987
1757 2.2062177658081055
1758 2.015543222427368
1759 1.7035319805145264
1760 1.6249096393585205
1761 1.9527207612991333
1762 1.8231384754180908
1763 1.81135892868042
1764 1.8805593252182007
1765 1.8699357509613037
1766 1.757616400718689
1767 1.842726230621338
1768 1.9218051433563232
1769 1.9058387279510498
1770 2.0110723972320557
1771 2.4231338500976563
1772 1.6872905492782593
1773 1.8368604183197021
1774 2.3766067028045654
1775 2.297332286834717
1776 1.7339932918548584
1777 2.1415138244628906
1778 1.8772308826446533
1779 2.0961196422576904
1780 1.9840513467788696
1781 1.9614590406417847
1782 2.300924777984619
1783 2.0187771320343018
1784 2.0084726810455322
1785 2.01861834526062
1786 2.0308032035827637
1787 1.750994086265564
1788 1.6994203329086304
1789 2.2251574993133545
1790 1.8592957258224487
1791 1.8778998851776123
1792 1.8275045156478882
1793 1.925685167312622
1794 1.7877349853515625
1795 1.6735761165618896
1796 1.785294532775879
1797 1.8312536478042603
1798 2.0368337631225586
1799 2.2203190326690674
1800 1.8646092414855957
1801 1.6962920427322388
1802 2.1405444145202637
1803 1.7313652038574219
1804 2.1167125701904297
1805 2.0881059169769287
1806 1.9084408283233643
1807 1.8630722761154175
1808 1.7013927698135376
1809 1.8698641061782837
1810 1.8066784143447876
1811 1.7413371801376343
1812 2.0023350715637207
1813 1.970462679862976
1814 1.7099775075912476
1815 1.8709412813186646
1816 1.931166172027588
1817 2.370089292526245
1818 2.0434858798980713
1819 2.1443893909454346
1820 2.0230555534362793
1821 1.8430638313293457
1822 2.086670398712158
1823 2.3264901638031006
1824 2.368297576904297
1825 1.9747332334518433
1826 2.375880479812622
1827 2.287219762802124
1828 2.1242425441741943
1829 2.189755439758301
1830 2.1725199222564697
1831 2.130347490310669
1832 2.1404757499694824
1833 1.7273128032684326
1834 2.017256021499634
1835 1.838246464729309
1836 1.8467810153961182
1837 2.047424554824829
1838 1.7084561586380005
1839 1.8137177228927612
1840 1.905711054801941
1841 1.770124912261963
1842 1.9302281141281128
1843 2.0842342376708984
1844 2.2757835388183594
1845 1.7242525815963745
1846 2.0244359970092773
1847 1.8060235977172852
1848 2.0541110038757324
1849 2.0520105361938477
1850 2.1520190238952637
1851 2.157083749771118
1852 1.8064309358596802
1853 1.950584053993225
1854 2.194756031036377
1855 1.8421825170516968
1856 1.9045569896697998
1857 1.935832142829895
1858 1.6321293115615845
1859 1.5936040878295898
1860 1.8261935710906982
1861 1.7390986680984497
1862 1.9657347202301025
1863 2.0136165618896484
1864 2.156374216079712
1865 2.0897750854492188
1866 2.3129730224609375
1867 2.3739380836486816
1868 2.2874081134796143
1869 2.5002377033233643
1870 2.518904685974121
1871 2.6151206493377686
1872 2.54622483253479
1873 1.9919500350952148
1874 2.3837413787841797
1875 2.4381160736083984
1876 2.1034603118896484
1877 2.259437084197998
1878 2.174943447113037
1879 2.201920986175537
1880 2.057676315307617
1881 2.1709089279174805
1882 2.2188608646392822
1883 1.924618124961853
1884 1.8937069177627563
1885 1.9468309879302979
1886 1.7250159978866577
1887 1.8321529626846313
1888 2.1260507106781006
1889 2.5496509075164795
1890 2.277466297149658
1891 2.016416311264038
1892 2.45641827583313
1893 1.9135786294937134
1894 1.8707464933395386
1895 2.016195774078369
1896 2.0630943775177
1897 2.033961534500122
1898 2.0505852699279785
1899 2.515378952026367
1900 2.0531094074249268
1901 2.281571865081787
1902 2.3701610565185547
1903 2.004561185836792
1904 1.9683339595794678
1905 1.9643397331237793
1906 2.484461545944214
1907 1.9278677701950073
1908 2.2253971099853516
1909 2.273522138595581
1910 2.4701926708221436
1911 2.0538365840911865
1912 2.659083604812622
1913 2.2181527614593506
1914 2.119258165359497
1915 2.332488775253296
1916 1.995599627494812
1917 1.699489712715149
1918 1.7404394149780273
1919 1.728061318397522
1920 1.9518096446990967
1921 1.7915886640548706
1922 2.1000826358795166
1923 1.7767258882522583
1924 1.8316011428833008
1925 2.0248451232910156
1926 1.8712221384048462
1927 2.011428117752075
1928 1.854259967803955
1929 1.9933925867080688
1930 2.061208486557007
1931 1.8785640001296997
1932 1.947223424911499
1933 1.9861007928848267
1934 2.055701971054077
1935 1.90794837474823
1936 1.9182132482528687
1937 1.7797815799713135
1938 2.003225088119507
1939 1.7267706394195557
1940 2.2443881034851074
1941 1.7552826404571533
1942 2.1267988681793213
1943 2.315755844116211
1944 2.3981034755706787
1945 2.048179864883423
1946 1.9889490604400635
1947 2.258734941482544
1948 2.2454020977020264
1949 2.2705252170562744
1950 2.263983726501465
1951 2.333132266998291
1952 2.3877716064453125
1953 2.4286396503448486
1954 1.9024019241333008
1955 2.2418882846832275
1956 2.0946426391601563
1957 2.0002384185791016
1958 1.6745373010635376
1959 2.2453627586364746
1960 2.336944341659546
1961 2.33609938621521
1962 2.2520501613616943
1963 2.170891284942627
1964 2.0169715881347656
1965 2.166787624359131
1966 2.051126480102539
1967 2.129713773727417
1968 2.331272840499878
1969 2.0063652992248535
1970 2.354922294616699
1971 2.581528425216675
1972 2.7922170162200928
1973 2.5563769340515137
1974 1.8457443714141846
1975 2.199721336364746
1976 2.3835558891296387
1977 2.319342851638794
1978 2.21081280708313
1979 2.704578161239624
1980 2.323378324508667
1981 2.29677414894104
1982 2.4308600425720215
1983 2.2316439151763916
1984 2.2857275009155273
1985 2.9288675785064697
1986 2.252168893814087
1987 2.40144419670105
1988 2.788283109664917
1989 2.8148484230041504
1990 2.178591728210449
1991 2.5832250118255615
1992 2.4868595600128174
1993 2.7751383781433105
1994 2.3864409923553467
1995 2.463742256164551
1996 2.499950885772705
1997 2.6904687881469727
1998 2.328575849533081
1999 1.9839094877243042
