0 0.0
1 0.7478384971618652
2 0.7247832417488098
3 0.48742806911468506
4 0.7226497530937195
5 0.5913037061691284
6 0.9388875961303711
7 0.4098665714263916
8 0.617993175983429
9 0.7548030018806458
10 0.4952266216278076
11 0.8769754767417908
12 0.5736578702926636
13 0.6469408869743347
14 0.8852667808532715
15 0.7365847826004028
16 0.45036962628364563
17 0.3414881229400635
18 0.548659086227417
19 0.6319266557693481
20 0.32563039660453796
21 0.5579409003257751
22 0.9809213876724243
23 0.6114185452461243
24 0.5549766421318054
25 1.0010586977005005
26 0.4292556643486023
27 0.8211017847061157
28 0.7864381074905396
29 0.4212023913860321
30 0.4163811206817627
31 0.8074918389320374
32 0.6655914783477783
33 1.2158429622650146
34 0.6835666298866272
35 0.7784057855606079
36 0.4788764417171478
37 0.6965784430503845
38 0.42292019724845886
39 0.9327875375747681
40 0.44864240288734436
41 0.3944185972213745
42 0.8922122716903687
43 1.189879298210144
44 0.7641255855560303
45 0.6285302639007568
46 0.5143693685531616
47 0.5611012578010559
48 0.5510546565055847
49 0.4818650186061859
50 0.49267756938934326
51 0.38970643281936646
52 0.6120893955230713
53 0.42094290256500244
54 0.49359121918678284
55 0.7365306615829468
56 0.7441344857215881
57 0.5569468140602112
58 0.9023914933204651
59 0.7296549081802368
60 0.5263152718544006
61 1.2007765769958496
62 0.4077921211719513
63 0.3094562590122223
64 0.8836050033569336
65 0.9969050288200378
66 0.758737325668335
67 0.4738193154335022
68 1.4066236019134521
69 0.7750607132911682
70 0.4958607256412506
71 0.6242887377738953
72 0.7366586327552795
73 0.7297050952911377
74 0.57343590259552
75 0.7060341835021973
76 0.700325608253479
77 0.9644604921340942
78 0.9481598734855652
79 0.6408397555351257
80 0.6573829650878906
81 0.8459475636482239
82 0.9069775938987732
83 0.7024341821670532
84 0.4028171896934509
85 0.4983386993408203
86 0.48923560976982117
87 0.44310739636421204
88 0.5263521075248718
89 0.34996145963668823
90 0.9203497171401978
91 0.8855771422386169
92 0.3701416552066803
93 0.715778112411499
94 0.6052226424217224
95 0.4951326847076416
96 0.5272055268287659
97 0.9557976722717285
98 0.4355343282222748
99 1.0409756898880005
100 0.8621421456336975
101 0.49111953377723694
102 0.8863720893859863
103 0.7660850882530212
104 0.6575129628181458
105 1.0333576202392578
106 0.9212604761123657
107 0.6343437433242798
108 0.8745936751365662
109 0.4339606463909149
110 0.6147899031639099
111 0.5131219029426575
112 0.4498099088668823
113 0.798740804195404
114 0.9944982528686523
115 0.9396681189537048
116 0.6950309872627258
117 0.822921872138977
118 0.8851890563964844
119 1.382488489151001
120 1.2135183811187744
121 1.1984566450119019
122 0.6938929557800293
123 0.34197837114334106
124 0.48070842027664185
125 0.3579789996147156
126 0.5991109609603882
127 0.385724812746048
128 0.47332221269607544
129 0.42468348145484924
130 0.743161678314209
131 0.5962830185890198
132 0.643078088760376
133 0.6963163018226624
134 1.370426893234253
135 1.3419549465179443
136 0.8935187458992004
137 0.8944872617721558
138 0.689062237739563
139 0.6153544187545776
140 0.5386617183685303
141 0.7751309871673584
142 0.8455634117126465
143 0.6945081353187561
144 0.31337857246398926
145 0.3383869528770447
146 0.906255841255188
147 0.592923641204834
148 0.562478244304657
149 0.3942175507545471
150 0.6146935820579529
151 0.3416997492313385
152 0.6586211323738098
153 0.3765381872653961
154 0.3503287732601166
155 0.29903966188430786
156 0.4087831974029541
157 0.5225924253463745
158 0.5522202253341675
159 0.9908397793769836
160 0.3928142189979553
161 0.726804792881012
162 0.5378753542900085
163 0.44416528940200806
164 0.47435250878334045
165 0.40522441267967224
166 0.2954551577568054
167 0.7309007048606873
168 0.568207859992981
169 0.4881526231765747
170 0.45645636320114136
171 0.3477574586868286
172 0.48649072647094727
173 1.0898802280426025
174 0.6271682977676392
175 0.7848238348960876
176 0.5926826596260071
177 0.7631603479385376
178 0.6642316579818726
179 0.5086594223976135
180 0.39082279801368713
181 0.29627200961112976
182 0.6707845330238342
183 0.6078920960426331
184 0.7843705415725708
185 0.430108904838562
186 0.6222711801528931
187 0.6401836276054382
188 0.545026421546936
189 1.052809715270996
190 1.4184508323669434
191 1.27778160572052
192 1.1064610481262207
193 0.8896242380142212
194 0.752581775188446
195 1.108241081237793
196 0.7552229762077332
197 0.4621815085411072
198 0.5440751910209656
199 0.379344642162323
200 0.283784419298172
201 0.6980229616165161
202 0.6204086542129517
203 0.6251440644264221
204 0.5936395525932312
205 0.7752653956413269
206 0.7112992405891418
207 1.0459882020950317
208 0.44185692071914673
209 0.7690507769584656
210 0.5161647200584412
211 0.5516936182975769
212 0.5780214071273804
213 0.6525614261627197
214 0.8154393434524536
215 1.0277215242385864
216 0.48745104670524597
217 0.9503477811813354
218 0.5895430445671082
219 0.6774837970733643
220 0.682080864906311
221 0.40355736017227173
222 0.7453545331954956
223 0.33690258860588074
224 0.48255789279937744
225 0.49700120091438293
226 0.2512810230255127
227 0.35467350482940674
228 0.29543066024780273
229 0.7301815152168274
230 0.431447297334671
231 0.725653350353241
232 0.49542370438575745
233 0.29888397455215454
234 0.7035443782806396
235 0.6987915635108948
236 0.42655640840530396
237 0.5402318239212036
238 0.605812132358551
239 0.6397859454154968
240 0.8126720190048218
241 0.3639896810054779
242 0.7962087988853455
243 0.7747501730918884
244 0.6280861496925354
245 0.4049864411354065
246 0.6739516258239746
247 0.4736563265323639
248 0.3500150740146637
249 0.5585222244262695
250 0.9438517093658447
251 0.5827223062515259
252 0.6367090344429016
253 0.41023966670036316
254 0.4203530550003052
255 0.7207550406455994
256 0.44572019577026367
257 0.7014127373695374
258 0.6269683837890625
259 0.47249844670295715
260 0.48203757405281067
261 0.9555721282958984
262 0.8733360171318054
263 0.5423187017440796
264 0.5579943656921387
265 0.44732367992401123
266 0.59531170129776
267 0.27579814195632935
268 0.69925856590271
269 0.5335858464241028
270 0.5931496620178223
271 0.7580330967903137
272 0.5065408945083618
273 0.35738328099250793
274 0.5012943148612976
275 0.2782566249370575
276 0.6182233691215515
277 0.6362807154655457
278 0.6693198680877686
279 1.1416200399398804
280 0.7409926652908325
281 0.6284034252166748
282 0.9357876181602478
283 0.5363861918449402
284 0.6972002983093262
285 0.5706952810287476
286 0.9086996912956238
287 0.7053571939468384
288 0.9265426397323608
289 0.8120310306549072
290 0.867748498916626
291 1.0919067859649658
292 0.8256404399871826
293 0.7951362729072571
294 0.3779895603656769
295 0.4676527678966522
296 0.6509056687355042
297 0.35844549536705017
298 0.38155004382133484
299 0.6726030111312866
300 0.4706822335720062
301 0.28229600191116333
302 0.34208452701568604
303 0.5461049675941467
304 0.5279976725578308
305 0.5758346319198608
306 0.36712247133255005
307 0.8410613536834717
308 0.29353395104408264
309 0.5816742181777954
310 0.35105523467063904
311 0.22661913931369781
312 0.563369631767273
313 0.44046056270599365
314 0.3024003803730011
315 0.462571918964386
316 0.6281033754348755
317 0.23013830184936523
318 0.4353855550289154
319 0.7543736100196838
320 0.7493237257003784
321 0.4453168213367462
322 0.6933977603912354
323 0.45971792936325073
324 0.7913221716880798
325 0.7175261378288269
326 0.7779361605644226
327 0.39108794927597046
328 0.4751485288143158
329 0.36172574758529663
330 0.4597523510456085
331 0.21938976645469666
332 0.6431593894958496
333 0.49828875064849854
334 0.8006537556648254
335 1.1814935207366943
336 0.6635036468505859
337 0.48231393098831177
338 0.9096775054931641
339 0.7263725399971008
340 0.9047656655311584
341 0.928133487701416
342 0.9898585677146912
343 1.125410795211792
344 0.936162531375885
345 0.7636176347732544
346 0.691265344619751
347 0.5375972390174866
348 0.3961401879787445
349 0.6632103323936462
350 0.38284632563591003
351 0.6918157935142517
352 0.8224856853485107
353 0.7201123237609863
354 0.6704592704772949
355 1.2034591436386108
356 1.0110780000686646
357 0.8285948038101196
358 0.44248637557029724
359 1.1441353559494019
360 1.0893278121948242
361 0.6137523055076599
362 0.7178763747215271
363 0.9098278284072876
364 0.4855937063694
365 0.772136926651001
366 0.6327950954437256
367 0.8193652629852295
368 1.395898461341858
369 1.2360401153564453
370 1.1117429733276367
371 1.1634351015090942
372 1.3320410251617432
373 1.042638897895813
374 0.9271836280822754
375 1.2201718091964722
376 1.0129261016845703
377 0.9675524830818176
378 0.5749114751815796
379 0.8133916854858398
380 0.6278420686721802
381 0.6127596497535706
382 0.5558487176895142
383 0.5620212554931641
384 0.4496143162250519
385 0.6368191838264465
386 0.9697369337081909
387 0.2627119719982147
388 0.835597574710846
389 0.6839403510093689
390 0.908428966999054
391 0.8757895827293396
392 1.1111310720443726
393 0.923749566078186
394 1.0950512886047363
395 0.8080744743347168
396 0.8416746258735657
397 0.7163210511207581
398 0.5097402930259705
399 0.671556830406189
400 0.3312656283378601
401 0.4491375982761383
402 0.5753911137580872
403 0.5679182410240173
404 0.6332426071166992
405 0.5551871061325073
406 0.34000062942504883
407 0.31177666783332825
408 0.5415459275245667
409 0.49197667837142944
410 0.41363832354545593
411 0.6069282293319702
412 0.538528561592102
413 0.6145586371421814
414 0.6953309774398804
415 0.4304940402507782
416 0.6246412396430969
417 0.6787062883377075
418 0.598831832408905
419 0.7687296867370605
420 0.33114540576934814
421 0.6341816186904907
422 0.5576188564300537
423 1.0972042083740234
424 0.3498398959636688
425 0.4836355447769165
426 0.4065977931022644
427 0.37093591690063477
428 0.5072245001792908
429 0.501537561416626
430 0.7223085761070251
431 0.78807532787323
432 0.9390448331832886
433 0.723360538482666
434 0.5215059518814087
435 0.711199939250946
436 0.3644639253616333
437 0.6202293038368225
438 1.2234115600585938
439 1.0778734683990479
440 0.8108141422271729
441 1.10366952419281
442 1.1933284997940063
443 1.2617888450622559
444 1.0593228340148926
445 0.7187188863754272
446 1.1014761924743652
447 0.7768608927726746
448 0.8931306004524231
449 1.0610144138336182
450 0.4239654541015625
451 0.9805173277854919
452 0.8489591479301453
453 1.5951869487762451
454 1.0495575666427612
455 0.5352897047996521
456 0.27768266201019287
457 0.6601451635360718
458 0.6998702883720398
459 1.3479214906692505
460 0.6861439943313599
461 0.882131814956665
462 1.0939702987670898
463 0.5783251523971558
464 0.8929725885391235
465 1.1328967809677124
466 1.2446187734603882
467 1.087506651878357
468 0.6432645916938782
469 0.8207029700279236
470 0.748441755771637
471 0.9676886200904846
472 0.9982761740684509
473 1.0653165578842163
474 1.0233345031738281
475 0.9417080879211426
476 0.8055480718612671
477 0.3892298638820648
478 0.6973814964294434
479 0.4321952760219574
480 0.299964964389801
481 0.5403683185577393
482 0.8366419672966003
483 0.6529800295829773
484 1.1408982276916504
485 0.5087329745292664
486 0.9573502540588379
487 1.7431620359420776
488 0.8708707690238953
489 1.012426733970642
490 1.1511766910552979
491 0.5469287037849426
492 0.5413964986801147
493 0.7923613786697388
494 0.6331151723861694
495 0.8124377727508545
496 0.39558079838752747
497 0.6317451596260071
498 0.7431436777114868
499 0.9498683214187622
500 0.2618604004383087
501 0.7166872024536133
502 0.9706947207450867
503 0.5570480823516846
504 0.8915632963180542
505 0.8310695886611938
506 1.1068769693374634
507 0.4240574240684509
508 0.8361077904701233
509 1.1587053537368774
510 0.9213685989379883
511 0.6729443669319153
512 0.9309737682342529
513 0.6503767371177673
514 0.5811929106712341
515 0.7344719171524048
516 0.9231249094009399
517 0.5634204745292664
518 1.0512315034866333
519 0.6066066026687622
520 0.7994596362113953
521 0.5814400315284729
522 0.8584214448928833
523 0.48562270402908325
524 0.4748011827468872
525 0.5763939619064331
526 0.6206528544425964
527 0.8593919277191162
528 0.582169234752655
529 0.43852144479751587
530 1.117301106452942
531 0.4105561673641205
532 0.6876137256622314
533 0.38070908188819885
534 0.6302284002304077
535 0.8886390924453735
536 0.6424722075462341
537 0.5919093489646912
538 0.3704977333545685
539 0.34614190459251404
540 0.925707221031189
541 0.5288794636726379
542 0.5165744423866272
543 0.33713996410369873
544 0.4464174509048462
545 1.046146273612976
546 0.4406351149082184
547 0.6463361382484436
548 0.9599736332893372
549 0.9679743051528931
550 0.9561527967453003
551 1.246733546257019
552 0.8450804352760315
553 0.7106127142906189
554 0.5570396184921265
555 0.5177323222160339
556 0.6284692883491516
557 0.8937005996704102
558 0.5042996406555176
559 0.4488075375556946
560 0.328017920255661
561 0.30564191937446594
562 0.5108062624931335
563 0.39343196153640747
564 0.4959588646888733
565 0.9106292724609375
566 0.6425293684005737
567 0.3158907890319824
568 0.30051764845848083
569 0.8145391345024109
570 0.7446789741516113
571 0.6234185695648193
572 0.43493151664733887
573 0.5164780020713806
574 0.5523512363433838
575 0.7427226305007935
576 0.8810163736343384
577 1.314797282218933
578 1.1345036029815674
579 0.762905478477478
580 0.8936780095100403
581 0.9079474210739136
582 0.7165507078170776
583 0.9829568266868591
584 0.6523404717445374
585 0.894459068775177
586 0.920935869216919
587 0.6073534488677979
588 0.6809137463569641
589 0.7831572890281677
590 0.6292858719825745
591 0.493295282125473
592 0.5439204573631287
593 0.6661819219589233
594 0.49053359031677246
595 0.7761180400848389
596 0.40730491280555725
597 0.3560914397239685
598 0.3702234923839569
599 0.8269622921943665
600 0.5121464133262634
601 0.6855557560920715
602 0.5344613790512085
603 0.26280203461647034
604 0.5332423448562622
605 0.266208291053772
606 0.7187522649765015
607 0.3927282989025116
608 0.7042455077171326
609 0.5792303681373596
610 0.789526641368866
611 0.6651970148086548
612 0.513664186000824
613 0.48558348417282104
614 0.5023348331451416
615 0.5350155830383301
616 0.3343174159526825
617 0.764611005783081
618 0.70318204164505
619 0.7876076698303223
620 0.591041624546051
621 0.31217628717422485
622 0.3769867718219757
623 0.7665237188339233
624 0.5706089735031128
625 0.5706018805503845
626 0.6837251782417297
627 0.49545902013778687
628 0.7813262939453125
629 0.46630850434303284
630 0.6403788328170776
631 0.6613104939460754
632 0.5046850442886353
633 0.21629934012889862
634 0.19916531443595886
635 0.6479575634002686
636 0.5166341662406921
637 0.5835984349250793
638 0.4210997521877289
639 0.6542435884475708
640 1.0264711380004883
641 0.570878267288208
642 0.5059745907783508
643 0.9681687951087952
644 0.6389746069908142
645 0.4404096007347107
646 0.4560307562351227
647 0.6184430122375488
648 0.8401157259941101
649 0.8095013499259949
650 1.1076312065124512
651 0.940722644329071
652 1.0873866081237793
653 0.6070075035095215
654 0.696189284324646
655 0.9413396120071411
656 0.8662289977073669
657 1.15961492061615
658 0.8829955458641052
659 0.8946318626403809
660 1.2500641345977783
661 0.9643198251724243
662 1.1233515739440918
663 0.9260469079017639
664 1.2131515741348267
665 1.0967397689819336
666 0.8377569913864136
667 0.8360126614570618
668 0.7323463559150696
669 0.6132569909095764
670 0.6396754384040833
671 0.7188329100608826
672 0.6374115943908691
673 0.4836943447589874
674 0.3861554265022278
675 0.8673844933509827
676 1.1153053045272827
677 1.52986741065979
678 1.0308314561843872
679 1.1217432022094727
680 0.7024965286254883
681 0.6813856959342957
682 0.843387246131897
683 0.9596186876296997
684 0.6062014102935791
685 1.2473751306533813
686 1.2951630353927612
687 1.2194305658340454
688 0.7619077563285828
689 0.827195942401886
690 1.2667075395584106
691 1.0068198442459106
692 1.1476496458053589
693 0.758346438407898
694 0.7194514870643616
695 0.9287007451057434
696 0.7621725797653198
697 0.8080008625984192
698 1.3703798055648804
699 1.360302448272705
700 0.8827782273292542
701 0.7715997695922852
702 0.9697868227958679
703 0.9988275170326233
704 0.6818102598190308
705 0.5926470756530762
706 1.1696497201919556
707 0.5154715776443481
708 1.006011724472046
709 0.6535716652870178
710 0.6672969460487366
711 0.6484253406524658
712 1.2180277109146118
713 0.9889640212059021
714 0.5728902816772461
715 0.3598240613937378
716 1.1432212591171265
717 0.3418098986148834
718 1.0764533281326294
719 0.5927243828773499
720 0.6713334918022156
721 0.6764638423919678
722 0.7148370742797852
723 0.820722758769989
724 0.993721604347229
725 0.9518382549285889
726 1.0551213026046753
727 0.32029423117637634
728 0.5210864543914795
729 0.613594114780426
730 0.6712460517883301
731 0.5541064143180847
732 1.0781571865081787
733 0.8316329121589661
734 0.7068578004837036
735 1.1318861246109009
736 0.882017195224762
737 0.6039339900016785
738 0.931005597114563
739 0.7330240607261658
740 0.5908451080322266
741 0.46532315015792847
742 0.912622332572937
743 0.8109444379806519
744 0.8745213150978088
745 0.6800876259803772
746 1.0046658515930176
747 0.6284856796264648
748 0.8430089950561523
749 1.095621943473816
750 1.035132884979248
751 1.1306289434432983
752 0.8591251969337463
753 1.356695532798767
754 1.4608430862426758
755 0.9493805766105652
756 1.2337051630020142
757 1.1050165891647339
758 1.0300416946411133
759 1.0154427289962769
760 1.1448720693588257
761 1.2708066701889038
762 1.1856950521469116
763 1.5523320436477661
764 1.327813744544983
765 1.6371972560882568
766 1.8458590507507324
767 1.0717136859893799
768 1.8751640319824219
769 1.7079713344573975
770 1.4074146747589111
771 1.8859379291534424
772 1.5764364004135132
773 0.6991691589355469
774 0.6975124478340149
775 1.5143812894821167
776 1.2332736253738403
777 1.2951993942260742
778 1.0734429359436035
779 0.7784880995750427
780 1.383217692375183
781 1.2383326292037964
782 0.6840512156486511
783 0.3049549460411072
784 1.0141708850860596
785 0.9194280505180359
786 1.5714747905731201
787 0.789612889289856
788 0.9529432654380798
789 0.6581101417541504
790 0.7024790048599243
791 1.3933777809143066
792 1.2523027658462524
793 0.9652894735336304
794 0.7838118076324463
795 0.8595024943351746
796 1.1509408950805664
797 1.1361119747161865
798 1.0587817430496216
799 1.2760118246078491
800 2.0379459857940674
801 1.9224919080734253
802 1.0459963083267212
803 1.732027530670166
804 0.9648069739341736
805 1.0004981756210327
806 0.8941078782081604
807 1.3371111154556274
808 1.4615082740783691
809 1.9174293279647827
810 1.4032665491104126
811 1.5726162195205688
812 1.5266358852386475
813 1.0192477703094482
814 1.642795443534851
815 1.451951503753662
816 1.2739157676696777
817 1.2697185277938843
818 1.3035441637039185
819 1.0351152420043945
820 1.1649507284164429
821 1.7213108539581299
822 1.5496753454208374
823 1.1352332830429077
824 1.3158435821533203
825 1.5336625576019287
826 1.2936651706695557
827 1.3781555891036987
828 1.178344488143921
829 1.4632552862167358
830 1.2316880226135254
831 1.0727699995040894
832 1.5190517902374268
833 1.7008298635482788
834 1.4414641857147217
835 1.5387201309204102
836 1.2287296056747437
837 1.1577024459838867
838 1.5724440813064575
839 2.0654890537261963
840 2.0867998600006104
841 1.8261802196502686
842 1.395542025566101
843 1.2271071672439575
844 1.5967637300491333
845 1.0858396291732788
846 1.3252909183502197
847 1.7892906665802002
848 1.900194764137268
849 1.8227219581604004
850 2.0609047412872314
851 1.4170581102371216
852 1.527858018875122
853 1.2526887655258179
854 1.5539101362228394
855 1.611559271812439
856 1.5146055221557617
857 1.4597337245941162
858 1.2782680988311768
859 1.3020367622375488
860 1.741897463798523
861 1.7638417482376099
862 1.038375973701477
863 1.3693009614944458
864 1.4213966131210327
865 1.4851174354553223
866 1.9639841318130493
867 1.8884685039520264
868 1.3396377563476563
869 1.8355858325958252
870 2.5090134143829346
871 1.7228045463562012
872 1.3146706819534302
873 1.2371426820755005
874 0.8615440130233765
875 1.2436577081680298
876 1.1781553030014038
877 1.0582138299942017
878 1.467301607131958
879 1.3189420700073242
880 1.0799403190612793
881 1.4398077726364136
882 1.7862553596496582
883 1.2265427112579346
884 1.344780683517456
885 1.170662522315979
886 1.1084765195846558
887 0.8588392734527588
888 1.2831330299377441
889 1.2596831321716309
890 1.7738771438598633
891 1.8936424255371094
892 1.3311150074005127
893 0.737600564956665
894 0.8908272981643677
895 0.91862553358078
896 0.8264411687850952
897 0.545125424861908
898 1.0348145961761475
899 1.5483579635620117
900 1.1544994115829468
901 1.4393411874771118
902 1.9262678623199463
903 1.5622432231903076
904 1.1037806272506714
905 1.7833880186080933
906 1.9461647272109985
907 2.261934995651245
908 1.556297779083252
909 1.796274185180664
910 1.4236782789230347
911 1.8161203861236572
912 1.5490589141845703
913 1.8926753997802734
914 1.7383809089660645
915 2.4279544353485107
916 2.9374682903289795
917 3.2021000385284424
918 3.0543887615203857
919 2.7322757244110107
920 3.2547173500061035
921 2.9091851711273193
922 2.8046445846557617
923 3.1987247467041016
924 3.9712138175964355
925 3.789179563522339
926 3.9722065925598145
927 4.1655683517456055
928 4.035580158233643
929 3.804563045501709
930 3.8852059841156006
931 3.553919792175293
932 3.900191068649292
933 3.9036076068878174
934 3.8995964527130127
935 3.8928592205047607
936 4.085400581359863
937 4.185180187225342
938 3.38398814201355
939 4.301007270812988
940 4.253249168395996
941 4.478266716003418
942 4.948398590087891
943 4.475783348083496
944 4.310196876525879
945 4.873240947723389
946 4.4207587242126465
947 4.8441667556762695
948 4.6890950202941895
949 4.6631083488464355
950 3.853114366531372
951 5.096261501312256
952 4.333840847015381
953 4.210062503814697
954 4.394775867462158
955 4.640093803405762
956 4.594821453094482
957 4.144876956939697
958 4.247696876525879
959 5.363248348236084
960 4.764648914337158
961 4.8286051750183105
962 4.076343059539795
963 3.7589104175567627
964 3.9756109714508057
965 3.266908884048462
966 3.94909930229187
967 3.988459587097168
968 4.298852443695068
969 5.076104640960693
970 4.716752529144287
971 4.649507522583008
972 4.076042652130127
973 4.712088108062744
974 4.860044956207275
975 5.279599189758301
976 4.910184860229492
977 4.7049880027771
978 4.3433685302734375
979 4.563655853271484
980 4.495210647583008
981 5.259049892425537
982 4.697309970855713
983 4.672300815582275
984 5.068110466003418
985 5.15962028503418
986 5.358386993408203
987 5.220785140991211
988 5.86559534072876
989 5.172552585601807
990 6.121471405029297
991 5.74003267288208
992 5.661815166473389
993 5.700211048126221
994 6.418184280395508
995 5.713454723358154
996 6.906503677368164
997 5.976954936981201
998 6.654174327850342
999 6.195910453796387
1000 6.084918975830078
1001 5.870248317718506
1002 6.259525775909424
1003 6.3265204429626465
1004 6.017335891723633
1005 6.122114658355713
1006 6.272006988525391
1007 6.676080703735352
1008 6.681568145751953
1009 6.430417060852051
1010 6.128134250640869
1011 5.613702774047852
1012 5.58090877532959
1013 5.798402786254883
1014 6.179821014404297
1015 6.293405055999756
1016 6.129456043243408
1017 5.949368476867676
1018 6.390755653381348
1019 6.505476951599121
1020 6.306215763092041
1021 5.955806732177734
1022 5.5115647315979
1023 5.837109565734863
1024 5.546849727630615
1025 5.689862251281738
1026 5.743529319763184
1027 6.128174781799316
1028 5.770819187164307
1029 6.471756458282471
1030 6.714948654174805
1031 6.349432945251465
1032 6.182066917419434
1033 6.269226551055908
1034 5.925513744354248
1035 6.224715232849121
1036 6.213115215301514
1037 6.08635950088501
1038 6.203326225280762
1039 6.597381114959717
1040 6.181121349334717
1041 5.910264015197754
1042 4.870344638824463
1043 5.145290851593018
1044 5.536940097808838
1045 6.0358452796936035
1046 6.165014743804932
1047 5.850701808929443
1048 6.145869255065918
1049 6.651669502258301
1050 6.483715057373047
1051 6.183768272399902
1052 6.330857753753662
1053 6.465646266937256
1054 7.126069068908691
1055 6.782892227172852
1056 6.615318775177002
1057 5.790125370025635
1058 5.820718765258789
1059 6.430854320526123
1060 5.916725158691406
1061 5.503900051116943
1062 5.219799518585205
1063 4.849194526672363
1064 5.03395938873291
1065 4.779140949249268
1066 5.022749900817871
1067 5.5358147621154785
1068 5.721972465515137
1069 6.468790054321289
1070 6.197559356689453
1071 5.9636616706848145
1072 6.119985103607178
1073 6.1739583015441895
1074 6.50750732421875
1075 6.325634002685547
1076 6.696004867553711
1077 6.3553571701049805
1078 6.719767093658447
1079 6.897662162780762
1080 6.623587608337402
1081 6.11105489730835
1082 6.791450500488281
1083 5.992683410644531
1084 5.994941234588623
1085 6.74107551574707
1086 6.1866984367370605
1087 6.591144561767578
1088 6.873772144317627
1089 6.685235977172852
1090 6.869854927062988
1091 7.109755039215088
1092 7.1880621910095215
1093 6.802131652832031
1094 6.580944061279297
1095 6.913448810577393
1096 6.914940357208252
1097 7.204596996307373
1098 7.367145538330078
1099 6.942602157592773
1100 6.8413496017456055
1101 6.202951431274414
1102 6.303122520446777
1103 6.916847229003906
1104 6.8256354331970215
1105 6.959301471710205
1106 7.30084228515625
1107 6.763259410858154
1108 6.651376247406006
1109 6.6747965812683105
1110 6.664321422576904
1111 6.557541847229004
1112 5.879028797149658
1113 6.269649505615234
1114 6.165866851806641
1115 6.170875549316406
1116 6.066493034362793
1117 5.379356384277344
1118 5.520111560821533
1119 5.401350498199463
1120 5.958882808685303
1121 6.074067115783691
1122 6.0752387046813965
1123 5.869145393371582
1124 5.46577787399292
1125 6.05226469039917
1126 6.136286735534668
1127 5.801712512969971
1128 6.025417327880859
1129 5.595090866088867
1130 5.56442403793335
1131 5.819007396697998
1132 5.259395599365234
1133 5.8461012840271
1134 5.923964500427246
1135 5.71710729598999
1136 5.294878959655762
1137 4.828303813934326
1138 5.039000511169434
1139 5.3899054527282715
1140 4.819206237792969
1141 5.0962138175964355
1142 5.005661964416504
1143 5.268344402313232
1144 5.5881218910217285
1145 4.956940174102783
1146 5.303042888641357
1147 5.217743396759033
1148 6.244604110717773
1149 5.444129943847656
1150 5.01103401184082
1151 5.42197322845459
1152 5.088537693023682
1153 5.089089870452881
1154 5.067505836486816
1155 4.82943058013916
1156 4.788824558258057
1157 4.592008113861084
1158 4.155447483062744
1159 4.739051818847656
1160 5.177947044372559
1161 4.503303527832031
1162 4.775103569030762
1163 4.7026801109313965
1164 4.441568374633789
1165 4.565535545349121
1166 4.6178669929504395
1167 5.213937282562256
1168 5.310978889465332
1169 4.8620805740356445
1170 5.216304779052734
1171 5.496625900268555
1172 5.314728260040283
1173 4.950930595397949
1174 5.088988304138184
1175 5.1584296226501465
1176 4.748641014099121
1177 5.0218706130981445
1178 4.585973739624023
1179 4.503364562988281
1180 4.905091762542725
1181 5.3116374015808105
1182 5.368167400360107
1183 5.943261623382568
1184 5.69424295425415
1185 6.448517799377441
1186 6.117524147033691
1187 6.172077655792236
1188 6.432098865509033
1189 5.904494762420654
1190 6.594051361083984
1191 6.586862564086914
1192 6.862198829650879
1193 6.6576080322265625
1194 6.690581321716309
1195 6.37255859375
1196 6.0612945556640625
1197 5.766871452331543
1198 5.777867317199707
1199 5.4280805587768555
1200 5.304333209991455
1201 5.951282024383545
1202 5.246827602386475
1203 5.606424808502197
1204 5.766578197479248
1205 5.374271392822266
1206 5.291654586791992
1207 5.928145408630371
1208 5.663533687591553
1209 5.65411901473999
1210 5.8118109703063965
1211 5.860476016998291
1212 5.995715618133545
1213 6.367862701416016
1214 5.957033157348633
1215 6.349863529205322
1216 5.809478759765625
1217 6.102348804473877
1218 5.583828449249268
1219 5.430175304412842
1220 5.810369968414307
1221 5.586827278137207
1222 5.617789268493652
1223 5.435811996459961
1224 5.1000075340271
1225 5.33680534362793
1226 5.93315315246582
1227 5.239110469818115
1228 5.040312767028809
1229 4.680992603302002
1230 5.787108898162842
1231 5.201056480407715
1232 4.701898097991943
1233 4.999319076538086
1234 5.113403797149658
1235 5.460643768310547
1236 4.598160266876221
1237 5.0353193283081055
1238 5.136229515075684
1239 4.418499946594238
1240 4.3166022300720215
1241 4.473433971405029
1242 4.327583312988281
1243 4.1819281578063965
1244 4.008774280548096
1245 4.833686828613281
1246 5.048614025115967
1247 4.692148685455322
1248 5.21928596496582
1249 4.759917259216309
1250 4.207599639892578
1251 5.557154178619385
1252 5.759479522705078
1253 4.495460033416748
1254 5.477809906005859
1255 5.285646915435791
1256 5.27691650390625
1257 4.540074825286865
1258 5.392194747924805
1259 5.082522392272949
1260 5.757429599761963
1261 5.506043434143066
1262 5.205381393432617
1263 5.4925055503845215
1264 5.308877468109131
1265 5.010000705718994
1266 5.934005260467529
1267 6.016147613525391
1268 6.276295185089111
1269 6.035599708557129
1270 5.92929220199585
1271 6.249307632446289
1272 6.405397415161133
1273 5.789140701293945
1274 6.403106212615967
1275 5.77828311920166
1276 6.058302879333496
1277 6.5775909423828125
1278 6.236493110656738
1279 6.020164966583252
1280 6.022486209869385
1281 5.936476230621338
1282 6.075571537017822
1283 6.5356831550598145
1284 6.208273887634277
1285 6.751851558685303
1286 6.614728927612305
1287 6.0374674797058105
1288 6.167286396026611
1289 6.382185935974121
1290 6.553556442260742
1291 6.4364752769470215
1292 5.945591926574707
1293 5.733458042144775
1294 6.0551910400390625
1295 6.306321620941162
1296 5.973076343536377
1297 6.418002605438232
1298 6.806435585021973
1299 6.332089424133301
1300 6.307161808013916
1301 5.594031810760498
1302 6.191267490386963
1303 6.389289855957031
1304 6.702145576477051
1305 6.858189582824707
1306 6.339515686035156
1307 6.472411632537842
1308 6.116164684295654
1309 6.215324401855469
1310 6.70417594909668
1311 6.417755126953125
1312 6.194681644439697
1313 5.3881754875183105
1314 5.306541919708252
1315 5.425485134124756
1316 5.361009120941162
1317 6.024306774139404
1318 6.409578323364258
1319 6.1629319190979
1320 5.806652069091797
1321 5.679028511047363
1322 6.637794017791748
1323 5.686485290527344
1324 6.937872409820557
1325 6.091772556304932
1326 5.9238057136535645
1327 6.162347316741943
1328 6.273777484893799
1329 6.581271171569824
1330 5.787650108337402
1331 6.167198657989502
1332 6.292550086975098
1333 5.835816860198975
1334 5.955948829650879
1335 6.105369567871094
1336 6.312352657318115
1337 5.472790241241455
1338 5.714715480804443
1339 6.0012383460998535
1340 5.667145729064941
1341 6.008113861083984
1342 6.379586696624756
1343 6.32614803314209
1344 6.028990268707275
1345 6.2175493240356445
1346 5.517222881317139
1347 5.740087032318115
1348 5.846415996551514
1349 5.804262638092041
1350 5.924431800842285
1351 6.197166919708252
1352 6.262192249298096
1353 6.435699939727783
1354 6.024717807769775
1355 4.780206203460693
1356 6.137949466705322
1357 5.9250922203063965
1358 6.106950759887695
1359 5.904135227203369
1360 6.176416873931885
1361 6.36767053604126
1362 5.9713215827941895
1363 6.177021026611328
1364 5.267475605010986
1365 4.611635684967041
1366 6.00085973739624
1367 6.071439266204834
1368 6.30971097946167
1369 5.820512294769287
1370 6.168668746948242
1371 6.795961856842041
1372 5.732179164886475
1373 6.044848918914795
1374 6.684569835662842
1375 5.759507656097412
1376 5.02421760559082
1377 4.484344482421875
1378 5.290107250213623
1379 5.064657211303711
1380 5.126020908355713
1381 4.802016735076904
1382 4.671510219573975
1383 4.512365818023682
1384 4.564060211181641
1385 4.546453952789307
1386 4.336378574371338
1387 4.592892169952393
1388 4.888247966766357
1389 4.883238315582275
1390 4.933993816375732
1391 5.1787614822387695
1392 5.628634452819824
1393 5.869291305541992
1394 5.801643371582031
1395 5.824934482574463
1396 5.74713134765625
1397 5.926177024841309
1398 5.716976642608643
1399 5.767928600311279
1400 5.581693649291992
1401 5.384341716766357
1402 5.8177103996276855
1403 6.0507378578186035
1404 6.048410892486572
1405 6.007709503173828
1406 5.6298441886901855
1407 5.687238693237305
1408 6.012811183929443
1409 6.306730270385742
1410 6.434523582458496
1411 5.8537445068359375
1412 6.132242202758789
1413 5.337986946105957
1414 4.93068265914917
1415 5.021541118621826
1416 5.03839111328125
1417 5.03956937789917
1418 5.640876770019531
1419 5.538691520690918
1420 4.579952716827393
1421 5.79425573348999
1422 5.885986328125
1423 5.995297431945801
1424 5.6448187828063965
1425 5.706056594848633
1426 6.147645473480225
1427 5.921379089355469
1428 6.2552571296691895
1429 5.783955097198486
1430 5.999514102935791
1431 6.6597442626953125
1432 6.573583126068115
1433 6.60577917098999
1434 6.931225776672363
1435 6.812406063079834
1436 7.152328014373779
1437 6.287496566772461
1438 6.61742639541626
1439 6.577945709228516
1440 6.74932336807251
1441 6.962320327758789
1442 7.462788105010986
1443 7.40945291519165
1444 7.460363388061523
1445 7.526694297790527
1446 6.953291893005371
1447 7.120975971221924
1448 6.910690784454346
1449 7.54371452331543
1450 7.04587459564209
1451 7.101056098937988
1452 6.975589752197266
1453 6.678600788116455
1454 6.417468070983887
1455 6.0322346687316895
1456 6.67191219329834
1457 7.813127040863037
1458 7.114118576049805
1459 7.102694034576416
1460 7.330316066741943
1461 6.715699195861816
1462 7.16134786605835
1463 7.528984069824219
1464 7.6176958084106445
1465 7.339906692504883
1466 7.643196105957031
1467 7.204769134521484
1468 7.336709499359131
1469 7.435886383056641
1470 7.1584391593933105
1471 6.5321044921875
1472 6.483877658843994
1473 6.554599761962891
1474 5.841269493103027
1475 6.044638633728027
1476 6.61094331741333
1477 6.4215087890625
1478 6.21157693862915
1479 5.732530117034912
1480 5.614011287689209
1481 5.88523006439209
1482 6.463349342346191
1483 6.316571235656738
1484 6.7716898918151855
1485 6.489051818847656
1486 6.428896427154541
1487 6.698111534118652
1488 6.277771472930908
1489 5.791801929473877
1490 4.745059013366699
1491 4.616064071655273
1492 4.5578999519348145
1493 5.969215393066406
1494 5.977774620056152
1495 6.163006782531738
1496 5.238714218139648
1497 4.9471611976623535
1498 5.1661577224731445
1499 5.1584062576293945
1500 5.530104637145996
1501 5.374979496002197
1502 5.880122184753418
1503 6.056581497192383
1504 6.195656776428223
1505 6.460941314697266
1506 5.722603797912598
1507 5.773266792297363
1508 5.406092166900635
1509 5.428516387939453
1510 5.534091472625732
1511 6.0741353034973145
1512 5.6949663162231445
1513 5.228874683380127
1514 5.4337158203125
1515 5.369786739349365
1516 5.347835063934326
1517 5.557157516479492
1518 5.66493034362793
1519 5.605620384216309
1520 5.306804180145264
1521 5.264194965362549
1522 5.747196197509766
1523 5.053056716918945
1524 5.361236095428467
1525 5.808879375457764
1526 5.7963457107543945
1527 6.02859354019165
1528 6.277423858642578
1529 6.114306926727295
1530 6.19474458694458
1531 5.9940505027771
1532 6.065858364105225
1533 6.068601131439209
1534 6.314640522003174
1535 6.021880149841309
1536 6.037440299987793
1537 6.242886066436768
1538 5.750588893890381
1539 5.2473320960998535
1540 5.093348979949951
1541 4.697339057922363
1542 4.039804458618164
1543 3.996328353881836
1544 4.30297327041626
1545 4.467541217803955
1546 3.584665060043335
1547 4.57020378112793
1548 4.472990036010742
1549 4.298763275146484
1550 4.840728282928467
1551 5.047708511352539
1552 4.8192362785339355
1553 4.842686176300049
1554 4.708864688873291
1555 4.60347843170166
1556 4.613044738769531
1557 4.794018745422363
1558 5.000277996063232
1559 4.708442211151123
1560 5.039041996002197
1561 6.419514179229736
1562 5.981491565704346
1563 6.213589191436768
1564 5.400589942932129
1565 4.918464183807373
1566 5.295563697814941
1567 5.559381008148193
1568 5.432433605194092
1569 5.162273406982422
1570 5.009989261627197
1571 5.216596603393555
1572 5.906312465667725
1573 5.864060401916504
1574 5.408468246459961
1575 5.427105903625488
1576 5.410302639007568
1577 5.224277019500732
1578 5.109945774078369
1579 4.79260778427124
1580 4.772036552429199
1581 5.066843509674072
1582 5.177401065826416
1583 5.118922233581543
1584 5.254940509796143
1585 5.30600643157959
1586 4.420401573181152
1587 3.5090737342834473
1588 4.029695987701416
1589 4.345689296722412
1590 5.265688896179199
1591 5.9374918937683105
1592 6.167267799377441
1593 5.940661430358887
1594 5.4923272132873535
1595 5.500717639923096
1596 6.1504621505737305
1597 5.616403102874756
1598 7.556936264038086
1599 7.527583599090576
1600 7.163142204284668
1601 6.9453043937683105
1602 7.191037178039551
1603 7.2954421043396
1604 7.029321670532227
1605 7.2198896408081055
1606 6.914779186248779
1607 6.956566333770752
1608 6.6805644035339355
1609 6.683929443359375
1610 6.648834705352783
1611 6.241043567657471
1612 6.099888324737549
1613 6.4206061363220215
1614 6.544372081756592
1615 7.088921546936035
1616 7.5317583084106445
1617 7.570244789123535
1618 7.326752662658691
1619 7.428445339202881
1620 7.408240795135498
1621 7.376452922821045
1622 6.772521495819092
1623 7.216772079467773
1624 6.386786937713623
1625 6.2158098220825195
1626 7.029696941375732
1627 7.255165100097656
1628 7.248157978057861
1629 7.5779242515563965
1630 7.799034595489502
1631 7.87823486328125
1632 7.804044723510742
1633 7.167481899261475
1634 7.499521255493164
1635 7.992392539978027
1636 7.736070156097412
1637 7.657145023345947
1638 7.544026851654053
1639 6.951426029205322
1640 7.131380558013916
1641 7.360728740692139
1642 7.549537658691406
1643 7.789426326751709
1644 7.738696575164795
1645 7.750127792358398
1646 7.700192928314209
1647 7.314990520477295
1648 6.790456771850586
1649 7.003939151763916
1650 6.890020370483398
1651 6.6252899169921875
1652 6.246154308319092
1653 6.312291622161865
1654 6.3705034255981445
1655 6.272050380706787
1656 5.715960502624512
1657 5.728148460388184
1658 5.371478080749512
1659 5.018974781036377
1660 5.712106227874756
1661 5.33459997177124
1662 5.87275505065918
1663 5.889580249786377
1664 5.715640544891357
1665 6.146384239196777
1666 5.666694641113281
1667 5.556019306182861
1668 5.802109718322754
1669 6.48900032043457
1670 5.842583179473877
1671 6.307494163513184
1672 6.00416898727417
1673 6.251886367797852
1674 6.119339942932129
1675 6.3894853591918945
1676 6.553369998931885
1677 7.199369430541992
1678 6.292984962463379
1679 5.484284400939941
1680 5.590108394622803
1681 6.310994625091553
1682 6.872031211853027
1683 7.172994613647461
1684 7.502756118774414
1685 7.248456954956055
1686 7.458591938018799
1687 7.403766632080078
1688 7.4141740798950195
1689 7.172837257385254
1690 6.635167121887207
1691 5.966647148132324
1692 6.123222827911377
1693 6.975532531738281
1694 6.514297962188721
1695 6.990570545196533
1696 5.752641677856445
1697 4.578225612640381
1698 4.661524772644043
1699 5.277373313903809
1700 4.843792915344238
1701 5.021909713745117
1702 5.411900997161865
1703 4.865972995758057
1704 5.0823163986206055
1705 5.109649181365967
1706 5.120085716247559
1707 5.5088019371032715
1708 5.848715782165527
1709 4.919053077697754
1710 4.971541881561279
1711 5.73048210144043
1712 5.1466851234436035
1713 5.048981189727783
1714 5.453447341918945
1715 5.196760177612305
1716 6.124205112457275
1717 6.227310657501221
1718 6.41700553894043
1719 6.183058261871338
1720 5.489495277404785
1721 5.307194232940674
1722 5.683443069458008
1723 6.044829845428467
1724 6.407644748687744
1725 6.4268479347229
1726 6.53734016418457
1727 6.388186931610107
1728 6.409117698669434
1729 6.24135160446167
1730 6.801723480224609
1731 6.328225135803223
1732 6.427518844604492
1733 5.989179611206055
1734 6.3784499168396
1735 6.1124420166015625
1736 6.104721546173096
1737 6.239399433135986
1738 5.736001491546631
1739 5.6042938232421875
1740 6.040160655975342
1741 5.813555717468262
1742 6.155902862548828
1743 6.1550612449646
1744 5.598239898681641
1745 6.332730770111084
1746 5.871595859527588
1747 6.565916061401367
1748 5.977491855621338
1749 6.005671501159668
1750 6.287954330444336
1751 6.028465270996094
1752 5.95664119720459
1753 6.198511600494385
1754 6.658612251281738
1755 6.145350933074951
1756 6.3779377937316895
1757 6.345544338226318
1758 5.905683994293213
1759 6.228721618652344
1760 5.999009609222412
1761 5.8277153968811035
1762 5.758894443511963
1763 5.623023986816406
1764 6.355578422546387
1765 6.094046115875244
1766 5.059175968170166
1767 4.752892971038818
1768 4.853480815887451
1769 4.908442497253418
1770 4.841989994049072
1771 4.700348854064941
1772 5.4868340492248535
1773 5.236466884613037
1774 5.155228137969971
1775 5.46289587020874
1776 4.680919647216797
1777 5.217384338378906
1778 5.350960731506348
1779 5.828247547149658
1780 5.628448009490967
1781 6.502086639404297
1782 6.8847174644470215
1783 5.641673564910889
1784 4.966034412384033
1785 5.131895542144775
1786 4.743588447570801
1787 5.420192718505859
1788 5.212116718292236
1789 4.947303771972656
1790 4.9459710121154785
1791 4.920132637023926
1792 4.950870037078857
1793 5.27557897567749
1794 4.63368034362793
1795 4.569762706756592
1796 4.762989521026611
1797 4.609623908996582
1798 5.104080677032471
1799 4.618646144866943
1800 4.428981304168701
1801 4.903018474578857
1802 5.327893257141113
1803 5.115891933441162
1804 4.561034679412842
1805 4.999916076660156
1806 4.038127422332764
1807 4.5318450927734375
1808 5.07285737991333
1809 4.90098762512207
1810 4.7500901222229
1811 4.267551898956299
1812 5.154077529907227
1813 5.819927215576172
1814 5.822376728057861
1815 5.6741862297058105
1816 5.616860866546631
1817 5.637538909912109
1818 6.584653854370117
1819 5.829215049743652
1820 6.541254997253418
1821 6.027616500854492
1822 5.781370639801025
1823 6.042164325714111
1824 6.346400737762451
1825 5.522467613220215
1826 4.878801345825195
1827 4.753364562988281
1828 4.789920330047607
1829 5.243267059326172
1830 5.101487636566162
1831 4.894781589508057
1832 3.8673152923583984
1833 4.887028694152832
1834 4.509484767913818
1835 5.191453456878662
1836 5.080635070800781
1837 4.372012615203857
1838 4.884547710418701
1839 4.515244960784912
1840 5.424716472625732
1841 5.209600448608398
1842 5.031315803527832
1843 5.905457019805908
1844 5.71917200088501
1845 5.353126525878906
1846 5.735058307647705
1847 5.833668231964111
1848 6.75856876373291
1849 6.877860069274902
1850 6.493824481964111
1851 6.497268199920654
1852 6.489877223968506
1853 6.055822849273682
1854 6.303738117218018
1855 5.2885661125183105
1856 5.504785060882568
1857 6.1429667472839355
1858 6.606997013092041
1859 6.031984329223633
1860 6.411474704742432
1861 5.957232475280762
1862 6.5427374839782715
1863 6.379864692687988
1864 5.706920623779297
1865 5.132476806640625
1866 6.0201239585876465
1867 5.611426830291748
1868 5.830342769622803
1869 6.453139305114746
1870 6.0653228759765625
1871 6.431964874267578
1872 6.217358112335205
1873 5.759314060211182
1874 6.67207145690918
1875 5.929325580596924
1876 5.76849889755249
1877 6.0401482582092285
1878 5.644748687744141
1879 6.132104396820068
1880 6.856918811798096
1881 6.6175360679626465
1882 6.894775867462158
1883 6.07253360748291
1884 6.025022983551025
1885 6.040877819061279
1886 5.856123924255371
1887 5.4737019538879395
1888 6.126760005950928
1889 6.272602081298828
1890 6.540273666381836
1891 6.521743297576904
1892 6.032320022583008
1893 6.345811367034912
1894 5.920470714569092
1895 5.405276298522949
1896 5.53819465637207
1897 5.336808681488037
1898 5.240485668182373
1899 5.0726118087768555
1900 4.256688594818115
1901 4.4489545822143555
1902 4.995584487915039
1903 5.053194522857666
1904 5.73586893081665
1905 4.488552570343018
1906 4.853694915771484
1907 4.879288196563721
1908 5.333739757537842
1909 5.578831195831299
1910 5.847879409790039
1911 5.5049872398376465
1912 5.726720809936523
1913 5.6056718826293945
1914 5.168551445007324
1915 4.785635948181152
1916 5.070998191833496
1917 5.238699913024902
1918 5.1534833908081055
1919 4.289129734039307
1920 5.032514572143555
1921 5.214824199676514
1922 5.651029109954834
1923 5.728905200958252
1924 4.955573558807373
1925 5.0667572021484375
1926 5.653341293334961
1927 5.744315147399902
1928 6.170822620391846
1929 6.194781303405762
1930 6.300848960876465
1931 5.086244583129883
1932 5.022592067718506
1933 5.225606918334961
1934 4.528299331665039
1935 4.8348708152771
1936 4.84271764755249
1937 4.956174373626709
1938 4.7870259284973145
1939 4.772973537445068
1940 5.13447904586792
1941 4.872401237487793
1942 4.842263221740723
1943 4.327444553375244
1944 4.981171607971191
1945 4.445237159729004
1946 6.054062843322754
1947 5.508145332336426
1948 5.975320339202881
1949 5.7499237060546875
1950 5.569605350494385
1951 4.912440299987793
1952 4.867353439331055
1953 4.812346458435059
1954 4.671817779541016
1955 4.998121738433838
1956 4.718118667602539
1957 5.106760025024414
1958 5.333465576171875
1959 5.344645977020264
1960 6.2322001457214355
1961 5.709384441375732
1962 5.105395317077637
1963 4.915572643280029
1964 4.936074733734131
1965 5.136350631713867
1966 4.730677604675293
1967 4.420837879180908
1968 4.06738805770874
1969 4.542239189147949
1970 4.402790069580078
1971 4.699474334716797
1972 4.964047908782959
1973 5.087480068206787
1974 5.2891411781311035
1975 5.33372688293457
1976 6.576912879943848
1977 5.804332733154297
1978 6.019911289215088
1979 5.807789325714111
1980 5.518474102020264
1981 5.287529468536377
1982 5.215368270874023
1983 5.367135524749756
1984 5.532813549041748
1985 5.018763542175293
1986 5.2515716552734375
1987 4.703121662139893
1988 5.174389839172363
1989 4.595271587371826
1990 4.5993876457214355
1991 5.889807224273682
1992 5.006481170654297
1993 5.875657081604004
1994 5.922961711883545
1995 6.5522565841674805
1996 6.35097074508667
1997 6.076797962188721
1998 6.22676420211792
1999 6.62504243850708
