0 0.0
1 0.5649415254592896
2 0.5842127799987793
3 0.9100014567375183
4 0.6642714142799377
5 1.3255497217178345
6 0.9265506267547607
7 0.6677010655403137
8 0.9446229934692383
9 0.6956866979598999
10 0.5566114187240601
11 0.7088236212730408
12 0.7150277495384216
13 0.736189067363739
14 0.4622505307197571
15 0.35004666447639465
16 0.7548192143440247
17 0.24874620139598846
18 0.6184613108634949
19 0.5084935426712036
20 0.8720946311950684
21 0.7353085279464722
22 0.6820586323738098
23 0.4091136157512665
24 0.5733471512794495
25 0.5691576600074768
26 0.6549131870269775
27 0.47022804617881775
28 0.2915705442428589
29 0.5421552658081055
30 0.6611282229423523
31 0.6911669373512268
32 0.48605629801750183
33 0.47486791014671326
34 0.37027230858802795
35 0.5871678590774536
36 0.33664438128471375
37 0.6391985416412354
38 0.6448687314987183
39 0.4161301255226135
40 0.44079944491386414
41 0.38158297538757324
42 0.4201190173625946
43 0.33039093017578125
44 0.42428427934646606
45 0.42892494797706604
46 0.4652586877346039
47 0.3075568377971649
48 0.5694421529769897
49 0.5294072031974792
50 1.0125083923339844
51 0.5083755850791931
52 0.635398805141449
53 0.22215281426906586
54 0.5300171971321106
55 0.43882983922958374
56 0.8389237523078918
57 1.1698359251022339
58 0.38185539841651917
59 0.3568706214427948
60 0.6100355386734009
61 0.8356920480728149
62 0.7354860901832581
63 0.773320198059082
64 0.5359954237937927
65 0.6047182083129883
66 0.5095100998878479
67 0.4480415880680084
68 0.3241899907588959
69 0.31930166482925415
70 0.5457109212875366
71 0.4490061104297638
72 0.27602294087409973
73 0.589531660079956
74 0.634821891784668
75 0.4533383548259735
76 0.593834400177002
77 0.6321305632591248
78 0.7553681135177612
79 1.0040676593780518
80 1.1154911518096924
81 0.43757298588752747
82 0.664048433303833
83 0.5600753426551819
84 0.665258526802063
85 0.9070470929145813
86 0.7870928645133972
87 0.8902137875556946
88 0.49654194712638855
89 0.5741695165634155
90 0.4295380711555481
91 0.5321761965751648
92 0.6179339289665222
93 0.7840320467948914
94 1.1404798030853271
95 0.5186435580253601
96 0.5410234332084656
97 0.5887448191642761
98 0.6910286545753479
99 0.3337197005748749
100 0.3535536527633667
101 0.6349809169769287
102 0.7822221517562866
103 0.6954526305198669
104 1.0299654006958008
105 0.7662567496299744
106 0.6545856595039368
107 0.6936476826667786
108 0.5772121548652649
109 0.3000609576702118
110 0.3885032534599304
111 0.4825197756290436
112 0.5191648006439209
113 0.2328963279724121
114 0.6186078190803528
115 0.6809216141700745
116 0.530646562576294
117 0.3855753540992737
118 1.0941706895828247
119 0.9570767283439636
120 0.3294254541397095
121 0.6257033348083496
122 1.0718762874603271
123 0.9055859446525574
124 0.3661841154098511
125 0.6410259008407593
126 0.7764575481414795
127 0.39614149928092957
128 0.34353452920913696
129 0.24217462539672852
130 0.5402237176895142
131 0.6140538454055786
132 0.49159005284309387
133 0.3537527620792389
134 0.7024040818214417
135 0.5828514695167542
136 0.5695832967758179
137 0.6663034558296204
138 0.49867138266563416
139 0.5528827905654907
140 0.5886605381965637
141 0.6981741189956665
142 0.43985235691070557
143 0.5494829416275024
144 0.7055040597915649
145 0.6003496050834656
146 0.7125239372253418
147 0.4486784040927887
148 0.472475528717041
149 0.3550967872142792
150 0.3260604739189148
151 0.5256925225257874
152 0.9939212799072266
153 1.0442886352539063
154 0.4504803717136383
155 0.4675542116165161
156 0.43273094296455383
157 0.6549842357635498
158 0.6171543002128601
159 0.49888283014297485
160 0.46673133969306946
161 0.7927840352058411
162 0.6581988334655762
163 0.4279756546020508
164 0.7400795817375183
165 0.6495687365531921
166 0.42571401596069336
167 0.45571523904800415
168 0.8039189577102661
169 0.7528730034828186
170 1.0980138778686523
171 0.7461110949516296
172 0.7415859699249268
173 0.528757631778717
174 0.3925023078918457
175 0.3512572944164276
176 0.2741454243659973
177 0.7629751563072205
178 0.7006727457046509
179 0.6993622183799744
180 0.6945709586143494
181 0.4806888997554779
182 0.777045488357544
183 0.5210068225860596
184 0.5265236496925354
185 0.7134979963302612
186 0.12356111407279968
187 0.5088793635368347
188 0.4800458252429962
189 0.6261866688728333
190 0.6528014540672302
191 0.5495966076850891
192 0.7481290698051453
193 0.6089028120040894
194 1.0287017822265625
195 0.6291674375534058
196 0.45502737164497375
197 0.8910694718360901
198 0.9627748727798462
199 0.9144620299339294
200 0.5693721771240234
201 0.44959551095962524
202 0.6648733615875244
203 0.4979059100151062
204 0.4410109221935272
205 0.482210636138916
206 0.8418483734130859
207 0.4970683157444
208 0.6042553186416626
209 0.4220714867115021
210 0.7706673741340637
211 0.41823282837867737
212 0.5394318699836731
213 0.6587556004524231
214 0.6161205172538757
215 0.46255019307136536
216 0.5160690546035767
217 0.7208070158958435
218 0.6613247990608215
219 0.572512686252594
220 0.4696650505065918
221 0.6786223649978638
222 0.810806930065155
223 0.6527386903762817
224 0.5462631583213806
225 0.799321174621582
226 0.43581268191337585
227 0.7714611291885376
228 0.7634130716323853
229 0.9935893416404724
230 0.8442315459251404
231 0.3759364187717438
232 0.4898431599140167
233 0.41316238045692444
234 0.8014954328536987
235 0.8551514744758606
236 0.3800511062145233
237 1.0566192865371704
238 0.4652804136276245
239 0.9416481256484985
240 0.5557352304458618
241 0.48974332213401794
242 0.4669354557991028
243 0.8302131295204163
244 0.4978143274784088
245 0.5270968675613403
246 0.7669641375541687
247 0.5713089108467102
248 0.5171730518341064
249 0.770121693611145
250 0.8079888224601746
251 0.507118821144104
252 0.970085084438324
253 0.700945258140564
254 0.5717718005180359
255 0.5307421088218689
256 0.6013666987419128
257 0.6261945962905884
258 0.7430514693260193
259 0.4900575280189514
260 0.6468192338943481
261 0.5798516869544983
262 0.6693578958511353
263 0.5166172385215759
264 0.47039350867271423
265 0.7527746558189392
266 0.5839518308639526
267 1.0092899799346924
268 0.6287664175033569
269 0.780975878238678
270 0.6851988434791565
271 0.6277406215667725
272 0.6052290201187134
273 0.8117126822471619
274 0.4507007300853729
275 0.6291857957839966
276 0.7237920761108398
277 0.5871957540512085
278 0.8244672417640686
279 0.5085735321044922
280 0.9971901774406433
281 0.6160964965820313
282 0.6823408603668213
283 0.6298401951789856
284 0.9394688010215759
285 0.877980649471283
286 0.8608834743499756
287 0.578555703163147
288 0.8226828575134277
289 0.41516318917274475
290 0.7632797360420227
291 0.8017922043800354
292 0.6689120531082153
293 0.6047642230987549
294 0.5811497569084167
295 1.092677354812622
296 0.34937363862991333
297 0.21478183567523956
298 0.7494499683380127
299 0.4793377220630646
300 0.6817097067832947
301 0.8384776711463928
302 0.6698207259178162
303 0.6561283469200134
304 0.6894182562828064
305 1.0021430253982544
306 0.7243367433547974
307 0.7452417016029358
308 0.2765556871891022
309 0.5640414953231812
310 0.997541606426239
311 0.7884924411773682
312 0.8524646162986755
313 0.8791032433509827
314 0.774957537651062
315 0.45277637243270874
316 1.2674908638000488
317 0.9683593511581421
318 0.7605442404747009
319 0.9754704236984253
320 1.1011064052581787
321 1.0777342319488525
322 0.889904797077179
323 1.1485300064086914
324 1.1609920263290405
325 1.1864755153656006
326 1.133692979812622
327 1.5487254858016968
328 0.6067743897438049
329 1.270727276802063
330 1.3285624980926514
331 0.9497469067573547
332 1.2022346258163452
333 1.0257295370101929
334 1.1562373638153076
335 0.790266215801239
336 1.0500413179397583
337 0.7953879237174988
338 0.9292382597923279
339 1.1065131425857544
340 0.5431699156761169
341 0.8970713019371033
342 1.0372552871704102
343 1.030593991279602
344 1.0150279998779297
345 0.980584979057312
346 0.7111549377441406
347 0.9199559092521667
348 1.348755955696106
349 1.1249022483825684
350 1.6724929809570313
351 0.9933129549026489
352 0.6407414078712463
353 1.037404179573059
354 0.9826825261116028
355 0.9170973896980286
356 0.8274106979370117
357 0.903502345085144
358 0.595281183719635
359 0.6719030737876892
360 0.9405850768089294
361 0.9882065653800964
362 0.940967857837677
363 0.6398446559906006
364 0.9865254163742065
365 1.1505539417266846
366 0.8263258337974548
367 0.7944706082344055
368 0.8492597341537476
369 0.6928458213806152
370 0.5749792456626892
371 0.5800420641899109
372 1.0204325914382935
373 0.5363239645957947
374 0.796342670917511
375 1.0936484336853027
376 0.8624129295349121
377 0.7198187112808228
378 0.4238332211971283
379 1.234178900718689
380 1.1081297397613525
381 0.926526665687561
382 1.2274935245513916
383 1.0369006395339966
384 1.1418349742889404
385 1.0039466619491577
386 1.3582772016525269
387 0.883778989315033
388 0.8407184481620789
389 1.2973041534423828
390 1.236584186553955
391 0.928815484046936
392 0.6400232911109924
393 0.8895083069801331
394 1.0234298706054688
395 0.3442961275577545
396 0.6971184611320496
397 0.9802724123001099
398 1.241869330406189
399 1.2836469411849976
400 0.7329803109169006
401 0.7693943977355957
402 0.7327094078063965
403 0.8448125720024109
404 0.5112459063529968
405 0.8870722055435181
406 1.1804372072219849
407 0.6825657486915588
408 0.7198036313056946
409 0.9609988331794739
410 1.0217132568359375
411 1.0535364151000977
412 1.1776766777038574
413 0.8480088710784912
414 1.0543135404586792
415 0.9156568050384521
416 1.0301072597503662
417 1.0400145053863525
418 0.9444698095321655
419 0.9434194564819336
420 0.7200402617454529
421 0.9282668828964233
422 0.9235759377479553
423 0.7514213919639587
424 0.903493344783783
425 0.897954523563385
426 1.0199661254882813
427 0.9825766086578369
428 1.0303078889846802
429 1.0378179550170898
430 0.806305468082428
431 0.9395158290863037
432 0.5366418361663818
433 0.44687896966934204
434 0.7240312695503235
435 0.9949175715446472
436 0.9111472368240356
437 0.9258344769477844
438 0.8865686655044556
439 0.5543362498283386
440 0.9832570552825928
441 0.7327613830566406
442 0.8133652210235596
443 0.7997199296951294
444 1.0134921073913574
445 0.8388087749481201
446 0.9149951338768005
447 0.5221869349479675
448 0.677552342414856
449 0.41178473830223083
450 0.6162704229354858
451 0.6515673995018005
452 0.6445801258087158
453 1.139237642288208
454 0.9641565680503845
455 0.7702187299728394
456 0.6431846618652344
457 0.5211191177368164
458 1.1542927026748657
459 0.5479877591133118
460 0.7416234612464905
461 1.0584862232208252
462 1.3796545267105103
463 1.2201663255691528
464 1.130281925201416
465 0.8787922263145447
466 0.9401271939277649
467 0.8194277882575989
468 0.7928857803344727
469 1.1389399766921997
470 0.9586021900177002
471 0.8449962139129639
472 1.2164123058319092
473 0.8297839760780334
474 0.8399498462677002
475 0.6862534284591675
476 0.5662939548492432
477 1.3299013376235962
478 1.0412172079086304
479 1.0355584621429443
480 0.7146152257919312
481 0.6712865829467773
482 1.1488686800003052
483 0.9854114651679993
484 0.28017374873161316
485 0.794245183467865
486 0.6697137355804443
487 0.7545617818832397
488 1.2984576225280762
489 0.5344635844230652
490 0.8080537915229797
491 0.6125525832176208
492 0.657080352306366
493 1.1516215801239014
494 0.46404603123664856
495 0.9327218532562256
496 1.0535253286361694
497 0.5888345837593079
498 0.9268731474876404
499 0.47197288274765015
500 0.6517564058303833
501 1.3463506698608398
502 1.1344139575958252
503 1.139967441558838
504 0.820713996887207
505 0.9760525822639465
506 0.8613628149032593
507 1.0763791799545288
508 1.0769692659378052
509 0.8835846781730652
510 0.7762397527694702
511 0.8352212309837341
512 1.1692602634429932
513 0.9253714084625244
514 1.1660572290420532
515 1.0069643259048462
516 0.8476671576499939
517 0.6499499678611755
518 0.8438078761100769
519 0.8306074142456055
520 1.0289539098739624
521 1.1745696067810059
522 0.9563102722167969
523 1.1355284452438354
524 0.721176028251648
525 0.9561070203781128
526 0.831940233707428
527 0.9224365949630737
528 0.5784059762954712
529 0.8153393864631653
530 0.8779816627502441
531 1.090617060661316
532 1.3852996826171875
533 1.0832406282424927
534 1.215585708618164
535 0.9307839870452881
536 1.8546448945999146
537 1.2246509790420532
538 0.9040782451629639
539 0.9311380386352539
540 0.7701720595359802
541 0.6646443009376526
542 0.8963821530342102
543 0.6931622624397278
544 1.1226084232330322
545 0.4303305447101593
546 0.931556224822998
547 0.7089005708694458
548 0.8741900324821472
549 0.6585001945495605
550 1.0513771772384644
551 0.5027221441268921
552 0.9060786962509155
553 0.6466152667999268
554 0.7121686339378357
555 0.8963164687156677
556 0.8815855383872986
557 0.6032839417457581
558 0.7269949913024902
559 0.6444979310035706
560 0.4078671932220459
561 1.1422579288482666
562 0.8018563985824585
563 0.7613428235054016
564 0.9976984262466431
565 1.4217751026153564
566 1.9321295022964478
567 1.5430155992507935
568 1.6450304985046387
569 1.47860848903656
570 1.2597962617874146
571 1.4230351448059082
572 0.9774214625358582
573 0.9429741501808167
574 0.973318338394165
575 1.1343109607696533
576 1.1079277992248535
577 1.0351301431655884
578 1.3414866924285889
579 0.8642418384552002
580 1.1366530656814575
581 0.9737767577171326
582 0.8375229239463806
583 0.8612428903579712
584 1.6324204206466675
585 1.3614435195922852
586 1.0045912265777588
587 1.1639035940170288
588 1.2176775932312012
589 1.0351591110229492
590 0.9185287952423096
591 1.4758719205856323
592 1.166579246520996
593 1.092597484588623
594 1.2591835260391235
595 0.7411954402923584
596 0.8628538250923157
597 1.0759552717208862
598 1.2591489553451538
599 0.8957866430282593
600 1.228383183479309
601 1.0334398746490479
602 1.8305933475494385
603 1.0179346799850464
604 1.089635968208313
605 0.45220452547073364
606 0.8858893513679504
607 1.3139108419418335
608 0.8956270217895508
609 1.0393598079681396
610 0.89872145652771
611 1.5096176862716675
612 0.9463701844215393
613 0.971430242061615
614 1.9841184616088867
615 1.6722350120544434
616 1.9573248624801636
617 1.5563089847564697
618 0.9751799702644348
619 1.2560107707977295
620 0.9342032670974731
621 1.148520827293396
622 1.0067328214645386
623 1.3256222009658813
624 1.1557698249816895
625 0.9935190081596375
626 1.5061720609664917
627 1.5804270505905151
628 1.3359709978103638
629 1.247875452041626
630 1.4712711572647095
631 1.2087640762329102
632 1.0860090255737305
633 1.108099102973938
634 1.3141536712646484
635 1.276608943939209
636 0.8334515690803528
637 1.3919597864151
638 1.049438714981079
639 1.149767518043518
640 0.9122520089149475
641 1.3104373216629028
642 1.0439496040344238
643 0.9701517820358276
644 0.9282242059707642
645 0.6127691864967346
646 0.5622561573982239
647 0.7303451299667358
648 0.45756950974464417
649 0.336772620677948
650 0.6422082185745239
651 0.6695284247398376
652 0.7873848080635071
653 0.8716613054275513
654 0.9544206261634827
655 0.7834136486053467
656 0.5947517156600952
657 1.089674949645996
658 0.8253337740898132
659 0.6172299981117249
660 0.4133118987083435
661 0.5490808486938477
662 1.170046091079712
663 0.4506383240222931
664 0.7207766175270081
665 1.0605162382125854
666 0.5152825117111206
667 0.919299840927124
668 0.6478119492530823
669 1.1063302755355835
670 0.6436041593551636
671 1.1141773462295532
672 0.48633843660354614
673 0.78129643201828
674 0.9294101595878601
675 0.9516667127609253
676 1.141080617904663
677 1.0420740842819214
678 1.1384254693984985
679 1.117440938949585
680 1.1452968120574951
681 1.1062833070755005
682 1.2823935747146606
683 1.32171630859375
684 0.9915134906768799
685 1.2613970041275024
686 1.478797435760498
687 1.144976258277893
688 1.373260736465454
689 1.1998260021209717
690 1.0096293687820435
691 1.099877953529358
692 0.7457335591316223
693 1.1439948081970215
694 0.8068030476570129
695 1.761948823928833
696 1.3661853075027466
697 0.9394851922988892
698 1.0549123287200928
699 1.2027572393417358
700 0.850820779800415
701 1.0791908502578735
702 1.4075464010238647
703 1.2758735418319702
704 1.1817220449447632
705 1.1867494583129883
706 0.9223839640617371
707 0.7559202313423157
708 1.2031261920928955
709 1.3890849351882935
710 1.3844668865203857
711 1.0950955152511597
712 1.3615589141845703
713 0.9962632656097412
714 1.2811000347137451
715 1.448621392250061
716 1.0984437465667725
717 1.5183396339416504
718 1.6894569396972656
719 1.4217920303344727
720 1.2340008020401
721 1.7111238241195679
722 1.114100456237793
723 1.7630605697631836
724 1.4352706670761108
725 1.1258821487426758
726 1.4383316040039063
727 1.5969170331954956
728 1.1665079593658447
729 2.0358102321624756
730 1.2819730043411255
731 1.4474486112594604
732 1.3389339447021484
733 1.2263437509536743
734 0.9397059679031372
735 1.2470195293426514
736 1.3237502574920654
737 1.4158871173858643
738 1.1058279275894165
739 1.102685570716858
740 1.3750710487365723
741 1.3624814748764038
742 1.0740034580230713
743 1.734979510307312
744 1.3505229949951172
745 1.402374505996704
746 1.1379262208938599
747 1.3707249164581299
748 1.317431926727295
749 1.337589144706726
750 1.3334808349609375
751 1.4018912315368652
752 1.1052321195602417
753 1.344280481338501
754 1.5109302997589111
755 1.6064099073410034
756 1.7261720895767212
757 1.2969688177108765
758 1.8374876976013184
759 1.4752708673477173
760 1.560694932937622
761 1.720146894454956
762 1.3003932237625122
763 1.249008297920227
764 2.1131985187530518
765 1.6220669746398926
766 1.4446882009506226
767 1.3685065507888794
768 1.889072299003601
769 1.0926700830459595
770 1.2747578620910645
771 1.568190574645996
772 1.2676761150360107
773 0.9987515211105347
774 1.2041065692901611
775 1.3876245021820068
776 1.2110850811004639
777 1.2715309858322144
778 1.0152859687805176
779 1.136286735534668
780 1.077446699142456
781 1.7428998947143555
782 1.6252599954605103
783 1.0936793088912964
784 1.3778482675552368
785 1.1410647630691528
786 1.1502282619476318
787 1.074631929397583
788 0.9505288004875183
789 1.1346970796585083
790 1.1427266597747803
791 1.2904776334762573
792 1.4610984325408936
793 1.271946668624878
794 0.7277483940124512
795 1.1483134031295776
796 1.117545485496521
797 1.1142513751983643
798 1.0585500001907349
799 1.0581259727478027
800 0.781115710735321
801 1.1155226230621338
802 0.7955911159515381
803 0.9662471413612366
804 1.067449688911438
805 1.0243943929672241
806 1.1001688241958618
807 0.9453514218330383
808 1.1282320022583008
809 1.4197535514831543
810 1.2832778692245483
811 0.9418192505836487
812 1.1353739500045776
813 1.036496639251709
814 1.024124026298523
815 0.7845200300216675
816 1.040280818939209
817 0.9289141893386841
818 1.1149729490280151
819 0.879737913608551
820 1.0569442510604858
821 1.2875622510910034
822 1.1541366577148438
823 1.391260027885437
824 1.1892120838165283
825 0.6821841597557068
826 1.4766250848770142
827 1.4321290254592896
828 0.990302324295044
829 0.9908660650253296
830 1.244757890701294
831 0.9306004047393799
832 1.1287943124771118
833 1.0860850811004639
834 0.7651141285896301
835 1.093080997467041
836 0.8419845104217529
837 0.7888315320014954
838 0.7805469632148743
839 0.8075333833694458
840 1.1900665760040283
841 1.2953516244888306
842 0.8041552305221558
843 1.1595628261566162
844 1.0348504781723022
845 1.0031259059906006
846 1.2872068881988525
847 1.3963762521743774
848 1.0934284925460815
849 1.2321981191635132
850 1.2907276153564453
851 1.4273295402526855
852 1.2284280061721802
853 1.3200429677963257
854 1.0870872735977173
855 0.7546699643135071
856 1.3274165391921997
857 1.217363953590393
858 1.0353840589523315
859 1.3500992059707642
860 1.1711078882217407
861 1.5729483366012573
862 1.8276094198226929
863 1.2431584596633911
864 1.016871452331543
865 0.9199553728103638
866 1.4514144659042358
867 1.395585060119629
868 0.9736613631248474
869 1.5320202112197876
870 1.3691710233688354
871 1.2419100999832153
872 1.4149202108383179
873 1.2112619876861572
874 1.2641417980194092
875 1.160122275352478
876 1.2483302354812622
877 1.128239631652832
878 1.1242401599884033
879 1.5459901094436646
880 1.6371030807495117
881 1.359766960144043
882 1.3658316135406494
883 1.5336906909942627
884 2.2305421829223633
885 1.7799566984176636
886 2.3550846576690674
887 2.261507987976074
888 2.5663511753082275
889 2.0158872604370117
890 2.148796796798706
891 2.1763620376586914
892 2.755969762802124
893 2.3007919788360596
894 2.255575180053711
895 1.8371450901031494
896 1.882371187210083
897 1.4660043716430664
898 1.6047736406326294
899 0.8750072717666626
900 1.089734435081482
901 1.531082034111023
902 1.4778717756271362
903 1.492322325706482
904 0.6219013333320618
905 0.8224194049835205
906 1.0534412860870361
907 1.1328293085098267
908 1.1525404453277588
909 1.1436679363250732
910 1.0703843832015991
911 1.1472982168197632
912 0.9950482249259949
913 0.8423184156417847
914 0.8389801979064941
915 1.0039082765579224
916 1.6725034713745117
917 1.7652020454406738
918 1.3118237257003784
919 0.9076462388038635
920 0.9729265570640564
921 1.271515965461731
922 0.8455387949943542
923 1.1336294412612915
924 0.909521758556366
925 1.2494397163391113
926 1.3304978609085083
927 1.2635606527328491
928 1.1994656324386597
929 1.196906328201294
930 1.023179292678833
931 1.086492657661438
932 0.9339561462402344
933 1.0312124490737915
934 1.1566393375396729
935 1.1430851221084595
936 1.164123296737671
937 1.0396897792816162
938 1.008927822113037
939 1.1149412393569946
940 1.6464134454727173
941 1.6270235776901245
942 1.2631306648254395
943 1.4297962188720703
944 1.115608811378479
945 1.3984631299972534
946 1.2592265605926514
947 1.518861174583435
948 1.137100338935852
949 1.4094226360321045
950 1.2774734497070313
951 0.8702903985977173
952 1.0786489248275757
953 1.0912950038909912
954 1.0650259256362915
955 1.0829458236694336
956 1.245872974395752
957 1.2875045537948608
958 1.4842811822891235
959 1.5718498229980469
960 1.576899766921997
961 1.2834477424621582
962 1.096900463104248
963 0.9650660157203674
964 0.9796772599220276
965 1.5114859342575073
966 1.743281602859497
967 1.2306504249572754
968 1.2127752304077148
969 1.1670690774917603
970 1.5126063823699951
971 1.2323155403137207
972 1.3718926906585693
973 1.416663646697998
974 1.032307505607605
975 0.7955284118652344
976 1.225400686264038
977 1.1271755695343018
978 1.390786051750183
979 0.9683058261871338
980 1.0467917919158936
981 1.102019190788269
982 1.254302740097046
983 0.8461964130401611
984 0.7183884382247925
985 1.2791788578033447
986 1.2702248096466064
987 1.079188585281372
988 1.2060166597366333
989 1.140670895576477
990 1.0812463760375977
991 1.278322458267212
992 1.0590142011642456
993 1.378252387046814
994 1.1477363109588623
995 1.1215527057647705
996 0.9988483786582947
997 1.2314618825912476
998 1.3538496494293213
999 1.1388180255889893
1000 1.1402689218521118
1001 1.217782735824585
1002 1.1543958187103271
1003 1.1074789762496948
1004 0.9883024096488953
1005 1.146535038948059
1006 1.2776081562042236
1007 1.110495686531067
1008 0.985316812992096
1009 1.1740278005599976
1010 1.2574372291564941
1011 1.1134121417999268
1012 1.109106421470642
1013 1.115797996520996
1014 1.7038928270339966
1015 1.4498116970062256
1016 1.2849552631378174
1017 1.4919499158859253
1018 1.4450569152832031
1019 1.2822437286376953
1020 1.3203212022781372
1021 1.5694385766983032
1022 1.2140939235687256
1023 1.5825374126434326
1024 1.4690147638320923
1025 1.4548618793487549
1026 1.3661656379699707
1027 1.3438388109207153
1028 1.349213719367981
1029 1.2272324562072754
1030 1.626516342163086
1031 1.6587316989898682
1032 0.965964138507843
1033 1.3943982124328613
1034 1.130783200263977
1035 1.2657630443572998
1036 1.1855465173721313
1037 1.1100736856460571
1038 1.3782260417938232
1039 1.3307551145553589
1040 1.0238299369812012
1041 1.1287306547164917
1042 1.5593637228012085
1043 1.29733145236969
1044 1.2715048789978027
1045 1.4442678689956665
1046 1.510338544845581
1047 1.2692841291427612
1048 1.3727389574050903
1049 1.3532518148422241
1050 1.2115793228149414
1051 1.5439562797546387
1052 1.616950273513794
1053 1.9244762659072876
1054 2.0498900413513184
1055 1.4955658912658691
1056 1.5452139377593994
1057 1.5263824462890625
1058 1.565243124961853
1059 2.0244767665863037
1060 1.577958345413208
1061 1.73494291305542
1062 1.465355396270752
1063 1.5489652156829834
1064 1.1686781644821167
1065 1.6756869554519653
1066 1.6217437982559204
1067 1.489169955253601
1068 1.5747160911560059
1069 1.7992810010910034
1070 1.8285510540008545
1071 1.6708956956863403
1072 1.479362964630127
1073 1.8165901899337769
1074 1.4914758205413818
1075 1.6805795431137085
1076 1.6624696254730225
1077 1.3810677528381348
1078 1.4498484134674072
1079 1.3144832849502563
1080 1.397669792175293
1081 1.7955074310302734
1082 2.014040470123291
1083 1.536862850189209
1084 1.7187570333480835
1085 1.656540036201477
1086 1.648067831993103
1087 1.766202449798584
1088 1.6897060871124268
1089 1.6337785720825195
1090 1.7874131202697754
1091 1.563844084739685
1092 1.5379160642623901
1093 1.7304067611694336
1094 1.6012821197509766
1095 1.7079780101776123
1096 1.5089311599731445
1097 1.6475722789764404
1098 1.844344139099121
1099 1.417732834815979
1100 1.71161949634552
1101 2.0940914154052734
1102 1.65164315700531
1103 1.6998600959777832
1104 1.6130242347717285
1105 1.7258039712905884
1106 0.977741003036499
1107 0.8932390213012695
1108 0.8589111566543579
1109 1.142728567123413
1110 0.8062685132026672
1111 0.6572179198265076
1112 0.9924070239067078
1113 1.0091971158981323
1114 0.6301602125167847
1115 0.8761170506477356
1116 0.9128913879394531
1117 1.3090503215789795
1118 1.0305898189544678
1119 1.026224970817566
1120 0.8083218932151794
1121 1.1802425384521484
1122 0.5121045708656311
1123 1.038941502571106
1124 0.8853148221969604
1125 0.6819209456443787
1126 0.8355859518051147
1127 0.8989920020103455
1128 0.7486861348152161
1129 1.1727830171585083
1130 1.6632413864135742
1131 0.9619861841201782
1132 1.1517763137817383
1133 0.9863429069519043
1134 1.0996441841125488
1135 0.9726932644844055
1136 0.8554700613021851
1137 0.8113300800323486
1138 1.0166711807250977
1139 0.9796240329742432
1140 1.2723990678787231
1141 1.141283631324768
1142 0.7834649682044983
1143 1.5736500024795532
1144 1.3050827980041504
1145 1.296036720275879
1146 1.6058928966522217
1147 1.4898147583007813
1148 1.5731309652328491
1149 1.901262640953064
1150 1.6060452461242676
1151 1.5826051235198975
1152 1.5435142517089844
1153 1.337011456489563
1154 1.4066821336746216
1155 1.7189680337905884
1156 1.3290824890136719
1157 1.6805336475372314
1158 1.3114073276519775
1159 1.7641966342926025
1160 1.756568431854248
1161 1.715371012687683
1162 1.9329320192337036
1163 1.5505508184432983
1164 1.5335369110107422
1165 1.6616475582122803
1166 1.6522661447525024
1167 1.6959904432296753
1168 1.5659629106521606
1169 1.9696894884109497
1170 1.8031255006790161
1171 1.807395339012146
1172 1.5627833604812622
1173 1.6972508430480957
1174 1.4462870359420776
1175 1.682952642440796
1176 1.4020925760269165
1177 1.612133264541626
1178 1.3108198642730713
1179 1.2888034582138062
1180 1.382667899131775
1181 1.2683764696121216
1182 1.3162379264831543
1183 1.4941396713256836
1184 1.3946101665496826
1185 1.22415292263031
1186 1.4714810848236084
1187 1.7331867218017578
1188 1.355567216873169
1189 1.5983567237854004
1190 1.896962285041809
1191 1.5957379341125488
1192 1.5105170011520386
1193 1.6797319650650024
1194 1.253612995147705
1195 1.6251343488693237
1196 1.6795575618743896
1197 1.7172459363937378
1198 1.5679981708526611
1199 1.4213093519210815
1200 1.5356227159500122
1201 1.485625982284546
1202 1.4827481508255005
1203 1.3661518096923828
1204 1.6715959310531616
1205 1.2284506559371948
1206 1.2502392530441284
1207 1.3253182172775269
1208 1.4772727489471436
1209 1.308805227279663
1210 0.8622705936431885
1211 1.160288691520691
1212 0.7962822318077087
1213 1.378919243812561
1214 1.4021844863891602
1215 1.0933094024658203
1216 1.1860697269439697
1217 1.2098538875579834
1218 1.0155515670776367
1219 0.9735164046287537
1220 1.0565217733383179
1221 0.9764580726623535
1222 1.574721336364746
1223 1.2973120212554932
1224 1.5457841157913208
1225 1.4077708721160889
1226 1.3211007118225098
1227 0.994987964630127
1228 1.194608449935913
1229 1.3140285015106201
1230 1.4503141641616821
1231 1.5540693998336792
1232 1.1532666683197021
1233 1.322110652923584
1234 1.6805695295333862
1235 1.1145877838134766
1236 1.140773892402649
1237 1.415977120399475
1238 0.6366919279098511
1239 0.955455482006073
1240 1.2364436388015747
1241 0.7812765836715698
1242 1.1277542114257813
1243 1.0950324535369873
1244 1.309910535812378
1245 1.735265851020813
1246 1.6034977436065674
1247 1.182849645614624
1248 1.574052095413208
1249 1.2979711294174194
1250 1.1433265209197998
1251 1.2368487119674683
1252 1.6664352416992188
1253 1.4092274904251099
1254 0.9109985828399658
1255 1.5737414360046387
1256 1.1876287460327148
1257 1.1913330554962158
1258 1.402330756187439
1259 1.8434948921203613
1260 1.676444411277771
1261 1.5169224739074707
1262 1.628017544746399
1263 1.203910231590271
1264 1.8077410459518433
1265 2.0122835636138916
1266 1.3552112579345703
1267 1.4446274042129517
1268 1.4258745908737183
1269 1.2588785886764526
1270 1.1537803411483765
1271 1.349889874458313
1272 1.2501555681228638
1273 1.1879833936691284
1274 0.6977643966674805
1275 0.6693829894065857
1276 0.4328400790691376
1277 0.8178501129150391
1278 0.9999792575836182
1279 0.8369235396385193
1280 0.5952383279800415
1281 0.9343336224555969
1282 0.5421790480613708
1283 1.1134346723556519
1284 1.1120121479034424
1285 1.2200946807861328
1286 0.8786060214042664
1287 0.9271197319030762
1288 0.9868080615997314
1289 0.9666498899459839
1290 1.0159029960632324
1291 0.7197433710098267
1292 0.9369697570800781
1293 1.1106847524642944
1294 1.370136022567749
1295 1.2792021036148071
1296 1.0383119583129883
1297 1.1763055324554443
1298 0.9965296387672424
1299 1.2417473793029785
1300 0.8562547564506531
1301 0.864039957523346
1302 0.9773624539375305
1303 0.8858919739723206
1304 1.1667118072509766
1305 1.1256786584854126
1306 1.7314995527267456
1307 1.680980920791626
1308 1.0945978164672852
1309 1.0981367826461792
1310 1.0245351791381836
1311 1.2971428632736206
1312 1.523260474205017
1313 0.9743183851242065
1314 0.7091214060783386
1315 1.4872746467590332
1316 1.0521742105484009
1317 0.8577325344085693
1318 1.3099713325500488
1319 0.8025048971176147
1320 0.7414574027061462
1321 1.284356713294983
1322 1.0236238241195679
1323 1.0865795612335205
1324 0.7544851899147034
1325 1.4031574726104736
1326 0.8458320498466492
1327 1.2508140802383423
1328 1.1645385026931763
1329 0.9375687837600708
1330 0.6353609561920166
1331 0.6222836375236511
1332 1.0947211980819702
1333 1.1934731006622314
1334 1.3219034671783447
1335 0.8889948725700378
1336 1.3605142831802368
1337 1.2852180004119873
1338 0.953919529914856
1339 0.43533116579055786
1340 0.5615569353103638
1341 0.7577705979347229
1342 0.4918724298477173
1343 0.3835618495941162
1344 0.9881176352500916
1345 0.6815394163131714
1346 0.4927021265029907
1347 0.4853649437427521
1348 0.7196075320243835
1349 0.7963526844978333
1350 0.9360613226890564
1351 0.8952603936195374
1352 0.5552542209625244
1353 1.0794775485992432
1354 1.2689099311828613
1355 1.5801892280578613
1356 1.0090497732162476
1357 1.245575189590454
1358 0.744842529296875
1359 0.9755446314811707
1360 0.6973267197608948
1361 0.8695512413978577
1362 0.898822009563446
1363 1.0138347148895264
1364 1.082877516746521
1365 0.9865299463272095
1366 0.9692385792732239
1367 1.3978803157806396
1368 0.728279709815979
1369 1.6085360050201416
1370 0.7721052765846252
1371 0.9624581336975098
1372 0.5772263407707214
1373 0.9396428465843201
1374 1.0908738374710083
1375 1.170578122138977
1376 0.703130841255188
1377 0.8671379685401917
1378 1.02402925491333
1379 1.0398374795913696
1380 1.3623794317245483
1381 1.1608061790466309
1382 0.8588976860046387
1383 0.8754733800888062
1384 0.9877119064331055
1385 1.045829176902771
1386 1.232812523841858
1387 0.9652119874954224
1388 0.9556541442871094
1389 0.9268006086349487
1390 1.1321656703948975
1391 1.3003684282302856
1392 1.057763695716858
1393 1.0842589139938354
1394 1.1146286725997925
1395 1.1249626874923706
1396 1.4041990041732788
1397 1.0500868558883667
1398 1.187911033630371
1399 1.8185887336730957
1400 1.4551854133605957
1401 1.2405730485916138
1402 1.4125183820724487
1403 1.5258733034133911
1404 1.2165844440460205
1405 1.7008615732192993
1406 1.764625072479248
1407 1.619926929473877
1408 1.4141464233398438
1409 1.0704734325408936
1410 1.219088077545166
1411 1.293166160583496
1412 1.687254548072815
1413 1.094918966293335
1414 1.0980740785598755
1415 1.2232325077056885
1416 1.3767584562301636
1417 0.954845130443573
1418 1.5671848058700562
1419 1.5146284103393555
1420 0.9703934192657471
1421 1.1288220882415771
1422 1.5860360860824585
1423 1.4921139478683472
1424 1.3667933940887451
1425 1.2890493869781494
1426 1.8326221704483032
1427 1.1251598596572876
1428 1.240836262702942
1429 1.1598148345947266
1430 1.2923452854156494
1431 1.4303292036056519
1432 1.6917539834976196
1433 1.6692771911621094
1434 1.5448030233383179
1435 2.091750144958496
1436 2.0530734062194824
1437 1.5186158418655396
1438 1.3034069538116455
1439 1.5228791236877441
1440 1.253722906112671
1441 2.0029914379119873
1442 1.5356239080429077
1443 1.8384252786636353
1444 1.987352967262268
1445 1.7278873920440674
1446 1.909311294555664
1447 1.899966835975647
1448 1.2809535264968872
1449 1.0292514562606812
1450 1.3783133029937744
1451 0.7530410885810852
1452 1.3007022142410278
1453 1.3821829557418823
1454 1.770587682723999
1455 1.0955191850662231
1456 1.7055569887161255
1457 1.0140219926834106
1458 1.3517403602600098
1459 0.988633394241333
1460 1.391266107559204
1461 1.6202937364578247
1462 1.8309435844421387
1463 1.800727128982544
1464 1.3715016841888428
1465 1.5459508895874023
1466 1.4290001392364502
1467 1.419725775718689
1468 1.353354811668396
1469 1.7878761291503906
1470 1.6736379861831665
1471 1.3966352939605713
1472 1.3106977939605713
1473 2.177485466003418
1474 1.771854043006897
1475 1.6624155044555664
1476 1.892537236213684
1477 1.6659098863601685
1478 1.8353475332260132
1479 2.1362192630767822
1480 2.3579726219177246
1481 2.9850831031799316
1482 2.5321507453918457
1483 3.067539691925049
1484 3.0188653469085693
1485 1.9932948350906372
1486 2.884507894515991
1487 2.889857769012451
1488 1.5258865356445313
1489 1.2466280460357666
1490 0.8733869194984436
1491 1.3275002241134644
1492 1.195003867149353
1493 1.5059386491775513
1494 1.3432236909866333
1495 1.2858096361160278
1496 1.4241628646850586
1497 1.2287427186965942
1498 1.5242005586624146
1499 1.8877482414245605
1500 1.616104245185852
1501 1.2147678136825562
1502 1.1698187589645386
1503 1.3119041919708252
1504 1.2714382410049438
1505 1.188124418258667
1506 0.7824057936668396
1507 0.8445888161659241
1508 0.9550457000732422
1509 0.8238859176635742
1510 1.196204423904419
1511 1.1441566944122314
1512 1.2012486457824707
1513 1.4450657367706299
1514 1.1776338815689087
1515 1.2701034545898438
1516 1.7947040796279907
1517 1.4829175472259521
1518 0.669137716293335
1519 0.858683705329895
1520 1.0416284799575806
1521 1.0958986282348633
1522 1.0723752975463867
1523 0.7446163296699524
1524 1.2936437129974365
1525 0.9733505249023438
1526 1.1634845733642578
1527 1.0612443685531616
1528 1.0976946353912354
1529 1.4217182397842407
1530 1.1010576486587524
1531 1.3507202863693237
1532 1.3249238729476929
1533 0.9842281937599182
1534 1.0063912868499756
1535 1.2125521898269653
1536 1.284617304801941
1537 1.074070692062378
1538 0.9953854084014893
1539 1.1994128227233887
1540 0.9005531072616577
1541 1.4836748838424683
1542 1.5803210735321045
1543 1.1869641542434692
1544 1.612524151802063
1545 1.5030524730682373
1546 1.5204042196273804
1547 1.4376344680786133
1548 1.7507867813110352
1549 1.9475066661834717
1550 1.6986781358718872
1551 1.552668809890747
1552 1.446425437927246
1553 1.289885401725769
1554 1.0726876258850098
1555 1.4093719720840454
1556 1.525934100151062
1557 1.229271411895752
1558 1.2698020935058594
1559 1.3746498823165894
1560 0.9803524613380432
1561 1.0975594520568848
1562 0.9401828646659851
1563 1.0583484172821045
1564 1.3326191902160645
1565 1.2976055145263672
1566 1.2500696182250977
1567 0.9272745847702026
1568 1.2979599237442017
1569 0.776867687702179
1570 0.7514373064041138
1571 1.4644927978515625
1572 1.06984543800354
1573 1.3174153566360474
1574 2.0011708736419678
1575 1.9745486974716187
1576 2.0373575687408447
1577 1.6609529256820679
1578 2.6491637229919434
1579 3.201019048690796
1580 2.6903724670410156
1581 3.0655908584594727
1582 3.353539228439331
1583 2.6471290588378906
1584 1.8709231615066528
1585 1.792350172996521
1586 2.3515217304229736
1587 2.028080940246582
1588 2.813737392425537
1589 2.9203341007232666
1590 2.6557223796844482
1591 2.822357416152954
1592 3.237264633178711
1593 2.960374593734741
1594 2.992025852203369
1595 2.760315418243408
1596 3.0119261741638184
1597 2.5740227699279785
1598 3.302842140197754
1599 2.700812816619873
1600 1.9331458806991577
1601 1.7906222343444824
1602 2.125025987625122
1603 2.3905599117279053
1604 1.8288012742996216
1605 2.268707036972046
1606 2.194171667098999
1607 2.031775951385498
1608 2.102386474609375
1609 2.4845786094665527
1610 2.1916697025299072
1611 2.6385855674743652
1612 3.093463659286499
1613 2.970316171646118
1614 3.1212382316589355
1615 2.7849793434143066
1616 1.8052451610565186
1617 2.5451817512512207
1618 2.7801761627197266
1619 2.1282596588134766
1620 2.236508846282959
1621 2.2940402030944824
1622 2.430353879928589
1623 1.6803447008132935
1624 1.525752067565918
1625 1.0478447675704956
1626 0.8983412384986877
1627 1.1840441226959229
1628 1.3833345174789429
1629 1.3893078565597534
1630 1.454502820968628
1631 1.4939733743667603
1632 1.1605467796325684
1633 1.0869345664978027
1634 0.7103200554847717
1635 1.355873703956604
1636 1.5748956203460693
1637 1.1570473909378052
1638 0.8345023989677429
1639 0.8805879950523376
1640 1.1619960069656372
1641 1.5821882486343384
1642 0.9164211750030518
1643 1.0393482446670532
1644 0.8863754868507385
1645 1.1550629138946533
1646 0.8525189161300659
1647 1.0901371240615845
1648 0.8720564246177673
1649 1.6507023572921753
1650 1.765991449356079
1651 1.3964862823486328
1652 1.2896323204040527
1653 0.9278029203414917
1654 1.1058810949325562
1655 1.3491687774658203
1656 1.1449512243270874
1657 1.1100913286209106
1658 1.8281800746917725
1659 1.4935870170593262
1660 1.479109764099121
1661 1.3846079111099243
1662 1.2835079431533813
1663 0.9155067205429077
1664 1.2184618711471558
1665 1.4317536354064941
1666 1.2604645490646362
1667 1.1937921047210693
1668 1.190051794052124
1669 1.3032722473144531
1670 0.84871506690979
1671 1.2143384218215942
1672 1.7730348110198975
1673 1.2484867572784424
1674 1.5303796529769897
1675 1.0705556869506836
1676 1.9639264345169067
1677 1.7655539512634277
1678 1.3003888130187988
1679 1.1051464080810547
1680 2.0562710762023926
1681 1.0934728384017944
1682 1.2204622030258179
1683 1.2891117334365845
1684 1.2666105031967163
1685 1.5502488613128662
1686 1.710410237312317
1687 1.2463951110839844
1688 1.1741721630096436
1689 1.796878457069397
1690 0.9628357291221619
1691 1.6920820474624634
1692 1.2534708976745605
1693 0.9392515420913696
1694 1.1904950141906738
1695 1.3540310859680176
1696 1.7195743322372437
1697 1.6684825420379639
1698 1.708506464958191
1699 1.71853506565094
1700 1.0533541440963745
1701 1.4521995782852173
1702 1.9541376829147339
1703 1.5209120512008667
1704 1.6156316995620728
1705 2.073988199234009
1706 1.578431248664856
1707 1.0906364917755127
1708 1.4822158813476563
1709 0.7757728099822998
1710 1.1378387212753296
1711 1.4896266460418701
1712 1.3110432624816895
1713 0.9877399206161499
1714 1.0981675386428833
1715 1.0897448062896729
1716 1.0987927913665771
1717 1.66966712474823
1718 1.5271716117858887
1719 1.1530226469039917
1720 1.185089349746704
1721 1.2572020292282104
1722 0.9933751821517944
1723 1.8059755563735962
1724 1.7861512899398804
1725 1.7146505117416382
1726 0.9538750052452087
1727 0.9991130828857422
1728 1.2601052522659302
1729 1.0665196180343628
1730 1.1151796579360962
1731 1.0632392168045044
1732 1.0045994520187378
1733 1.131301760673523
1734 1.3198325634002686
1735 0.8856607675552368
1736 0.892928957939148
1737 1.079541802406311
1738 0.7526514530181885
1739 0.8530029654502869
1740 1.0621392726898193
1741 0.9377161860466003
1742 1.0970176458358765
1743 0.8359280824661255
1744 1.0343221426010132
1745 1.148140549659729
1746 1.109404444694519
1747 1.4029266834259033
1748 1.210098147392273
1749 1.4833793640136719
1750 1.284098744392395
1751 0.9616379737854004
1752 1.1425540447235107
1753 0.8594058156013489
1754 0.8324048519134521
1755 1.0650714635849
1756 1.0495266914367676
1757 1.4059333801269531
1758 1.2337783575057983
1759 0.7510199546813965
1760 0.9619776010513306
1761 0.79228276014328
1762 0.9438599348068237
1763 0.44205060601234436
1764 0.8031702637672424
1765 0.6481803059577942
1766 1.095826268196106
1767 1.1909061670303345
1768 1.1760321855545044
1769 1.459151268005371
1770 1.7455817461013794
1771 1.2640588283538818
1772 0.8123950362205505
1773 0.8117403984069824
1774 1.0969358682632446
1775 1.196700930595398
1776 1.0168745517730713
1777 0.9510433077812195
1778 1.2396436929702759
1779 1.6197572946548462
1780 1.1003080606460571
1781 1.288012981414795
1782 1.3416584730148315
1783 1.4130795001983643
1784 1.0353039503097534
1785 1.4798078536987305
1786 1.3474130630493164
1787 1.1977362632751465
1788 1.1501126289367676
1789 1.056693196296692
1790 1.010645866394043
1791 1.4539457559585571
1792 1.4277063608169556
1793 1.095314860343933
1794 1.121198296546936
1795 1.0341755151748657
1796 0.9327256083488464
1797 1.0000269412994385
1798 0.8407323956489563
1799 0.6028546690940857
1800 0.8162136077880859
1801 1.853925347328186
1802 0.5797699689865112
1803 0.8216049671173096
1804 0.9489272236824036
1805 0.35890939831733704
1806 0.5976990461349487
1807 0.566520631313324
1808 1.0660412311553955
1809 0.30707940459251404
1810 0.545099139213562
1811 1.3322820663452148
1812 0.9735884070396423
1813 1.105421543121338
1814 0.9613406658172607
1815 1.0636663436889648
1816 0.5568473935127258
1817 0.6449741125106812
1818 0.7310524582862854
1819 0.8109604120254517
1820 0.9975239634513855
1821 1.3516528606414795
1822 0.8778736591339111
1823 1.0967785120010376
1824 1.1530201435089111
1825 1.206202507019043
1826 1.3446993827819824
1827 1.7351796627044678
1828 0.8937799334526062
1829 1.1988788843154907
1830 1.2097909450531006
1831 1.9459604024887085
1832 1.7608625888824463
1833 2.141777276992798
1834 1.9542709589004517
1835 2.056624174118042
1836 1.8261741399765015
1837 1.6714439392089844
1838 1.8816094398498535
1839 2.3039424419403076
1840 2.019449234008789
1841 2.5564229488372803
1842 2.1673312187194824
1843 2.034653902053833
1844 2.718419313430786
1845 2.669205904006958
1846 2.9505503177642822
1847 3.0138654708862305
1848 2.6742544174194336
1849 2.3758206367492676
1850 2.3043060302734375
1851 2.672994375228882
1852 1.9195324182510376
1853 2.1006529331207275
1854 2.361565351486206
1855 2.146691083908081
1856 1.4928561449050903
1857 2.1925103664398193
1858 2.4056174755096436
1859 1.895452618598938
1860 1.0483125448226929
1861 1.4088950157165527
1862 0.7337035536766052
1863 1.1349492073059082
1864 1.0706984996795654
1865 1.0042717456817627
1866 0.5892682075500488
1867 1.397507667541504
1868 1.0459654331207275
1869 0.7190282940864563
1870 0.5183152556419373
1871 0.4829466640949249
1872 1.5480722188949585
1873 1.3178290128707886
1874 1.1516839265823364
1875 1.3215869665145874
1876 1.4154620170593262
1877 1.0670326948165894
1878 0.9097802639007568
1879 1.2661923170089722
1880 0.9991083741188049
1881 1.2487419843673706
1882 1.293256402015686
1883 0.8892368674278259
1884 1.0630717277526855
1885 1.1776039600372314
1886 0.6328437924385071
1887 1.1610610485076904
1888 1.723588228225708
1889 0.6963611841201782
1890 0.9409055709838867
1891 0.7017686367034912
1892 0.9729175567626953
1893 1.2400723695755005
1894 1.3990329504013062
1895 0.8725206255912781
1896 1.1585350036621094
1897 0.982728898525238
1898 1.1073240041732788
1899 0.9501952528953552
1900 0.813617467880249
1901 1.068569540977478
1902 1.1092907190322876
1903 1.1824055910110474
1904 0.8455755710601807
1905 0.5715909004211426
1906 0.7929524183273315
1907 0.834385871887207
1908 1.024762511253357
1909 1.258913516998291
1910 1.6380183696746826
1911 1.0523998737335205
1912 1.7629368305206299
1913 1.251293659210205
1914 1.4571905136108398
1915 1.4285078048706055
1916 1.3525974750518799
1917 1.6936153173446655
1918 1.5800575017929077
1919 1.2019811868667603
1920 1.4667736291885376
1921 1.1344555616378784
1922 1.3480526208877563
1923 1.6258960962295532
1924 0.9626551270484924
1925 1.336182713508606
1926 1.336910367012024
1927 1.5158390998840332
1928 1.4295196533203125
1929 1.3124760389328003
1930 1.0584036111831665
1931 1.1650127172470093
1932 1.2842432260513306
1933 1.0343917608261108
1934 1.010813593864441
1935 1.2583096027374268
1936 1.2015397548675537
1937 0.8538284301757813
1938 1.184828758239746
1939 0.9365699291229248
1940 0.8140133619308472
1941 0.8662808537483215
1942 0.9463828206062317
1943 0.9792340397834778
1944 1.1052191257476807
1945 0.8160718679428101
1946 1.0524064302444458
1947 0.6745537519454956
1948 0.959481954574585
1949 1.2867445945739746
1950 0.8858581185340881
1951 0.8885698318481445
1952 0.9271058440208435
1953 0.9087185859680176
1954 0.8941095471382141
1955 1.2204176187515259
1956 1.5866395235061646
1957 1.16832435131073
1958 1.5172886848449707
1959 1.290236473083496
1960 1.4836267232894897
1961 1.1744767427444458
1962 1.0570921897888184
1963 1.5614842176437378
1964 0.7980682849884033
1965 1.1240848302841187
1966 1.337843894958496
1967 1.2410974502563477
1968 1.5399856567382813
1969 0.9352317452430725
1970 1.1261273622512817
1971 0.838965654373169
1972 0.7764713764190674
1973 0.9660332202911377
1974 1.180633544921875
1975 1.400054693222046
1976 1.1698811054229736
1977 1.02508544921875
1978 0.9366262555122375
1979 1.4195133447647095
1980 1.7503294944763184
1981 1.4871630668640137
1982 1.0492489337921143
1983 1.3790701627731323
1984 1.5407594442367554
1985 0.9957935214042664
1986 1.052698016166687
1987 1.4355517625808716
1988 0.6294423341751099
1989 1.1366982460021973
1990 1.0414855480194092
1991 0.820014476776123
1992 1.358131766319275
1993 1.408384919166565
1994 1.1645346879959106
1995 1.0443767309188843
1996 1.131644606590271
1997 0.5339367389678955
1998 1.3377387523651123
1999 0.8073373436927795
