0 0.0
1 0.6797888875007629
2 0.6599546670913696
3 0.4254288375377655
4 1.0083316564559937
5 0.7690998315811157
6 0.5536627173423767
7 0.41982701420783997
8 0.8494830131530762
9 0.6384986639022827
10 0.8029683232307434
11 0.44181159138679504
12 0.8065614700317383
13 0.7075923681259155
14 0.4046359956264496
15 0.6906376481056213
16 0.718106210231781
17 0.4017004072666168
18 0.6279036998748779
19 0.9656499624252319
20 0.8124455809593201
21 0.7388213872909546
22 1.2676234245300293
23 1.074565052986145
24 0.8001909852027893
25 0.7955465316772461
26 0.9934653639793396
27 0.8224811553955078
28 1.0641220808029175
29 0.9636850953102112
30 0.8981229066848755
31 0.931518018245697
32 0.9953745007514954
33 0.946042001247406
34 1.2115737199783325
35 0.8026880025863647
36 0.7460313439369202
37 0.7630521655082703
38 0.5731201171875
39 0.9812117218971252
40 0.7045656442642212
41 0.5776172876358032
42 0.6160503625869751
43 0.5426747798919678
44 0.8348453044891357
45 0.5276666879653931
46 0.5225297808647156
47 0.21248947083950043
48 0.29902106523513794
49 0.5567330718040466
50 0.5276758670806885
51 0.5491665005683899
52 0.9199545979499817
53 0.9428026080131531
54 0.688200831413269
55 0.6258447170257568
56 0.769049882888794
57 0.6323009133338928
58 0.40249767899513245
59 0.4956529438495636
60 0.1671830266714096
61 0.6789586544036865
62 0.8808966875076294
63 1.0500274896621704
64 0.8014121055603027
65 0.7506231069564819
66 0.5123742818832397
67 0.8937546610832214
68 0.8479588627815247
69 0.741844892501831
70 1.030167818069458
71 0.824822723865509
72 0.8191426396369934
73 0.9319857358932495
74 0.930599570274353
75 1.3789174556732178
76 0.8795943856239319
77 0.8922588229179382
78 0.6034191846847534
79 1.135648488998413
80 1.1290253400802612
81 0.786337673664093
82 1.3441272974014282
83 1.0547326803207397
84 0.5659546256065369
85 0.5097002387046814
86 1.0348639488220215
87 0.9290553331375122
88 1.1563950777053833
89 0.607567548751831
90 0.6967951655387878
91 0.4052827060222626
92 0.6163634061813354
93 0.5808126330375671
94 0.5033624172210693
95 0.7441746592521667
96 0.4193115532398224
97 0.6475738883018494
98 0.4230116307735443
99 0.5434421300888062
100 0.7618866562843323
101 0.9268355369567871
102 0.7590990662574768
103 1.1211613416671753
104 1.02497136592865
105 0.4675685167312622
106 1.212544560432434
107 0.8246457576751709
108 0.6535130739212036
109 0.8937260508537292
110 0.44587942957878113
111 0.6423389911651611
112 0.6701626777648926
113 0.6321184039115906
114 0.5891011357307434
115 0.7198067903518677
116 0.9546781778335571
117 1.3738696575164795
118 1.408064365386963
119 1.1033889055252075
120 0.9785121083259583
121 0.7257074117660522
122 0.6958009600639343
123 0.8168637752532959
124 0.8668751120567322
125 0.3946625590324402
126 0.9467971324920654
127 0.7973089814186096
128 0.5999446511268616
129 0.8248974084854126
130 0.7421532869338989
131 1.0878539085388184
132 0.616227388381958
133 0.7526604533195496
134 0.8072683215141296
135 0.6472911834716797
136 0.6445831060409546
137 0.5141478776931763
138 0.9224838018417358
139 0.7139255404472351
140 0.8534637093544006
141 1.0167125463485718
142 1.4608184099197388
143 0.7167497277259827
144 0.7490419745445251
145 0.9480401277542114
146 0.8286210298538208
147 0.9544833302497864
148 0.6584063172340393
149 1.0682684183120728
150 0.6887807250022888
151 0.47417160868644714
152 0.8618640303611755
153 0.6293572187423706
154 0.3901536762714386
155 0.4527725279331207
156 0.9506627321243286
157 0.8792457580566406
158 0.5647311210632324
159 0.6703228950500488
160 0.5196543335914612
161 0.6111382842063904
162 1.5678657293319702
163 1.3796277046203613
164 1.3990117311477661
165 0.851561427116394
166 0.6616988182067871
167 0.4077970087528229
168 0.6334224343299866
169 0.25885093212127686
170 0.34094464778900146
171 0.42297881841659546
172 0.8622370362281799
173 0.5163501501083374
174 0.8462644219398499
175 0.8222922682762146
176 0.7289143800735474
177 0.8788462281227112
178 0.8583651781082153
179 0.4628673195838928
180 0.3396841883659363
181 0.7601366639137268
182 0.4888565242290497
183 0.700850784778595
184 1.0667061805725098
185 0.749687910079956
186 0.9556877017021179
187 0.5554558038711548
188 0.9022582769393921
189 1.0956274271011353
190 1.3478800058364868
191 1.2042046785354614
192 1.277394413948059
193 0.9467648863792419
194 0.5554632544517517
195 0.5792436003684998
196 0.42158234119415283
197 0.882418155670166
198 1.4446176290512085
199 0.6746578812599182
200 0.686678409576416
201 0.9281893968582153
202 1.2261238098144531
203 0.6336878538131714
204 1.197687029838562
205 0.7962621450424194
206 1.0767722129821777
207 1.3839449882507324
208 1.0211931467056274
209 0.7541080713272095
210 0.8937817811965942
211 1.3673160076141357
212 0.9558218717575073
213 0.788278341293335
214 1.269979476928711
215 1.8035563230514526
216 1.1953060626983643
217 0.8431693911552429
218 1.1114575862884521
219 0.8507819771766663
220 0.7665787935256958
221 0.9960243105888367
222 0.8126181960105896
223 0.8969717621803284
224 1.400285005569458
225 1.0287692546844482
226 1.0270310640335083
227 0.8034572005271912
228 0.9495736956596375
229 1.247017502784729
230 0.8427118062973022
231 1.0200337171554565
232 1.2315609455108643
233 0.6594240069389343
234 0.686760663986206
235 1.297428011894226
236 1.275317907333374
237 1.1175071001052856
238 1.0418579578399658
239 0.975288450717926
240 1.0609582662582397
241 1.6211587190628052
242 0.9747005105018616
243 1.0250605344772339
244 1.1898870468139648
245 0.7267624735832214
246 1.0033011436462402
247 0.803312361240387
248 0.8193491101264954
249 0.9563252329826355
250 0.7218761444091797
251 0.8296875357627869
252 0.9121533036231995
253 0.6036597490310669
254 0.6293720602989197
255 0.6064899563789368
256 1.0298104286193848
257 1.1878482103347778
258 0.9318532347679138
259 0.6539016366004944
260 0.7434500455856323
261 0.7049540877342224
262 0.7426002025604248
263 0.9786616563796997
264 0.811225175857544
265 1.135971188545227
266 1.4201830625534058
267 1.5981221199035645
268 1.3126790523529053
269 1.3789664506912231
270 0.9883657693862915
271 0.6957657933235168
272 1.1870999336242676
273 1.3382216691970825
274 0.8536391854286194
275 1.1018455028533936
276 1.0163538455963135
277 1.1799384355545044
278 0.992982804775238
279 0.8146706819534302
280 0.8460139036178589
281 1.1833528280258179
282 1.0008355379104614
283 1.1116869449615479
284 1.164530873298645
285 0.9724210500717163
286 1.2219572067260742
287 0.6371517777442932
288 0.7491960525512695
289 0.777413547039032
290 0.9164982438087463
291 0.7888946533203125
292 1.360425353050232
293 1.1311928033828735
294 1.173353910446167
295 0.7140228152275085
296 0.5593956708908081
297 1.0368316173553467
298 0.7271350622177124
299 0.9489600658416748
300 0.8241424560546875
301 0.914140522480011
302 1.0731428861618042
303 0.7986694574356079
304 1.0842840671539307
305 0.7370056509971619
306 0.8168417811393738
307 0.9746652245521545
308 0.5381883978843689
309 0.9274637699127197
310 0.7308992147445679
311 0.9443631768226624
312 0.6256920695304871
313 0.6120453476905823
314 0.7117084860801697
315 0.8269259333610535
316 0.9554453492164612
317 0.5337010622024536
318 0.6478513479232788
319 1.3457823991775513
320 0.5858343839645386
321 0.6549356579780579
322 0.6298280358314514
323 0.3065795302391052
324 0.28606757521629333
325 0.5133936405181885
326 0.2617649435997009
327 0.5777143239974976
328 0.3473065495491028
329 0.2582307755947113
330 0.39493057131767273
331 0.30698782205581665
332 0.5635347962379456
333 0.9232856035232544
334 0.38767847418785095
335 0.5529958605766296
336 0.9961859583854675
337 0.6311340928077698
338 1.161177635192871
339 0.48128876090049744
340 0.8579365015029907
341 0.7879898548126221
342 0.585224986076355
343 0.37147238850593567
344 0.610619068145752
345 0.44026824831962585
346 0.22634553909301758
347 0.5368867516517639
348 0.5938580632209778
349 0.5245707035064697
350 1.0434693098068237
351 0.9353187084197998
352 1.0026549100875854
353 0.6273996233940125
354 0.46656370162963867
355 0.8516178727149963
356 0.8211371898651123
357 0.494402676820755
358 0.6259586215019226
359 0.8559684157371521
360 0.5238068699836731
361 0.7275311350822449
362 0.7349886298179626
363 0.9585001468658447
364 0.7301701903343201
365 0.3812697231769562
366 0.5247172713279724
367 0.6965959668159485
368 0.5920075178146362
369 0.6919415593147278
370 1.1802825927734375
371 1.3407498598098755
372 0.57841557264328
373 0.6452324986457825
374 1.0073528289794922
375 0.7059747576713562
376 0.8161162734031677
377 0.8065780401229858
378 0.8033835887908936
379 0.5445153713226318
380 0.536232054233551
381 0.5535653829574585
382 0.7947998642921448
383 0.855478823184967
384 0.40026217699050903
385 0.6715668439865112
386 0.793176531791687
387 0.6543124318122864
388 0.9566206932067871
389 1.0689611434936523
390 0.8614193797111511
391 1.0364261865615845
392 1.096373438835144
393 0.8705736994743347
394 0.734185516834259
395 0.8964870572090149
396 0.9013115763664246
397 1.2878648042678833
398 1.186995029449463
399 1.0091356039047241
400 1.4962670803070068
401 0.8508893847465515
402 0.8578879833221436
403 0.7501609325408936
404 0.9147655963897705
405 0.7491846680641174
406 0.8789922595024109
407 0.831717312335968
408 1.1513752937316895
409 0.8390838503837585
410 0.9137780070304871
411 0.6781662702560425
412 1.2193578481674194
413 0.9392123818397522
414 0.5907163023948669
415 0.9604474902153015
416 1.2085176706314087
417 0.687944233417511
418 1.011268138885498
419 0.8183227181434631
420 1.1394962072372437
421 1.143274188041687
422 0.9209716320037842
423 0.48291662335395813
424 1.1719125509262085
425 0.8706957697868347
426 0.9328429698944092
427 0.9177470207214355
428 1.0299632549285889
429 0.8238792419433594
430 1.3674265146255493
431 0.9880834221839905
432 0.7196081280708313
433 0.8417453169822693
434 0.9255483746528625
435 0.6592831015586853
436 0.47990861535072327
437 0.5819411873817444
438 0.5987231135368347
439 0.8483455181121826
440 0.7600124478340149
441 0.7314198017120361
442 0.7704757452011108
443 1.024260401725769
444 0.3800501227378845
445 0.9858371615409851
446 0.966709554195404
447 0.9159612655639648
448 0.992341935634613
449 0.6730614304542542
450 0.6598663926124573
451 1.4370908737182617
452 0.8445850014686584
453 1.1936010122299194
454 0.9054444432258606
455 1.070401906967163
456 1.2228962182998657
457 0.8516987562179565
458 0.7480235695838928
459 1.3758280277252197
460 0.8363515734672546
461 1.0426167249679565
462 1.0646599531173706
463 0.5924099087715149
464 0.6817924976348877
465 1.1671602725982666
466 0.9441956877708435
467 0.5740497708320618
468 0.8463181257247925
469 0.9873968362808228
470 0.7633469104766846
471 0.5052435398101807
472 1.0756491422653198
473 0.9203055500984192
474 0.7745316028594971
475 1.3059455156326294
476 0.9606656432151794
477 0.6089197397232056
478 0.8635058999061584
479 0.7845770716667175
480 0.3043079078197479
481 0.5277116894721985
482 0.7200513482093811
483 0.5002102255821228
484 0.7702484130859375
485 1.0069730281829834
486 1.3031491041183472
487 1.1247186660766602
488 0.9203602075576782
489 0.7130274772644043
490 1.0721607208251953
491 1.1445733308792114
492 0.7041906714439392
493 0.7089759111404419
494 0.46951502561569214
495 0.7059906125068665
496 0.7443575859069824
497 0.9337584376335144
498 1.224035382270813
499 0.810006320476532
500 0.8491340279579163
501 0.9584497213363647
502 1.094706416130066
503 0.963083803653717
504 0.8309552669525146
505 0.8210352063179016
506 0.6402224898338318
507 0.7022285461425781
508 0.7166478633880615
509 0.6368532776832581
510 0.8509114980697632
511 1.0857635736465454
512 1.1664564609527588
513 0.33185815811157227
514 0.47559472918510437
515 0.4581250250339508
516 0.6418569684028625
517 0.5270897150039673
518 0.6648774147033691
519 0.5934489369392395
520 0.9922165870666504
521 0.787042498588562
522 0.7233006954193115
523 0.8875043988227844
524 0.5401467680931091
525 1.070556640625
526 0.31725072860717773
527 0.6206693649291992
528 0.9346677660942078
529 0.46673882007598877
530 0.5173540115356445
531 0.8633711338043213
532 0.9450826048851013
533 0.9953411817550659
534 0.9605519771575928
535 0.6732147336006165
536 0.6650280356407166
537 0.7495200037956238
538 0.6206626892089844
539 0.6412249803543091
540 0.868920624256134
541 0.919198215007782
542 0.9226506352424622
543 0.9729825258255005
544 0.9395164847373962
545 0.6870184540748596
546 1.1572753190994263
547 1.3592922687530518
548 0.9862072467803955
549 0.8049944043159485
550 0.8566186428070068
551 1.2210339307785034
552 0.9251694679260254
553 0.9976287484169006
554 0.6917428374290466
555 0.9760941863059998
556 1.009853482246399
557 0.7038986682891846
558 0.48690587282180786
559 1.0205916166305542
560 0.6213544011116028
561 0.9147538542747498
562 1.3032957315444946
563 1.026037335395813
564 0.883603572845459
565 1.0033702850341797
566 0.8529948592185974
567 0.8747836351394653
568 1.2611275911331177
569 1.1079572439193726
570 1.3194218873977661
571 0.7988657355308533
572 0.8818955421447754
573 0.8413885831832886
574 0.46637603640556335
575 0.6246504783630371
576 0.7592262625694275
577 0.6555302739143372
578 0.7235954999923706
579 0.712782621383667
580 0.7930870652198792
581 1.0843173265457153
582 0.6532913446426392
583 0.4989156424999237
584 0.5501596331596375
585 1.007828712463379
586 0.998166561126709
587 0.8485713601112366
588 0.6905736923217773
589 0.5581852793693542
590 0.5760242342948914
591 0.780381977558136
592 0.5204091668128967
593 0.47267186641693115
594 0.6989719867706299
595 0.5025351047515869
596 0.38245224952697754
597 0.44802215695381165
598 0.48764121532440186
599 0.9391865134239197
600 0.8075220584869385
601 0.69845050573349
602 0.8880053162574768
603 0.6922462582588196
604 0.6610729694366455
605 0.7770941853523254
606 0.770999014377594
607 0.7058373093605042
608 0.8422514200210571
609 0.9671154618263245
610 0.4595215320587158
611 0.8289288878440857
612 0.9491861462593079
613 0.7594434022903442
614 0.8114051818847656
615 0.7301196455955505
616 0.6680836081504822
617 0.7155653238296509
618 0.7031000256538391
619 0.7559412121772766
620 0.9930949211120605
621 0.8163679838180542
622 0.4316607415676117
623 0.8013160824775696
624 0.4505547881126404
625 0.8801242709159851
626 0.6905612945556641
627 0.8815620541572571
628 0.782252311706543
629 0.7906758785247803
630 0.4183110296726227
631 0.8004868626594543
632 0.9045449495315552
633 1.0878981351852417
634 0.6397807002067566
635 1.458691954612732
636 1.200880527496338
637 1.1431435346603394
638 1.5783729553222656
639 1.117335319519043
640 0.8203732967376709
641 1.1471219062805176
642 1.2581661939620972
643 1.1097350120544434
644 0.7417673468589783
645 0.7130743265151978
646 0.7397028803825378
647 0.9334648251533508
648 1.076744794845581
649 0.8904370665550232
650 1.2264692783355713
651 1.0366936922073364
652 0.7751366496086121
653 0.5137960314750671
654 0.9517681002616882
655 0.5979831218719482
656 0.8104153871536255
657 0.8443672060966492
658 1.0936208963394165
659 0.9952263832092285
660 0.971005916595459
661 1.1920801401138306
662 0.8478013873100281
663 1.6558494567871094
664 1.1925143003463745
665 1.0669307708740234
666 1.0766642093658447
667 0.7598623633384705
668 1.0608570575714111
669 0.9766978025436401
670 0.8129894733428955
671 0.6919738054275513
672 0.8925254940986633
673 0.9235609769821167
674 0.8670411109924316
675 0.7132248282432556
676 0.8276776075363159
677 1.1100175380706787
678 1.1842797994613647
679 1.05092191696167
680 0.9573229551315308
681 0.8132211565971375
682 0.7480193972587585
683 0.6406926512718201
684 1.1589070558547974
685 0.7100851535797119
686 0.8513094186782837
687 0.6144472360610962
688 0.8995516896247864
689 0.5866714715957642
690 0.5068452954292297
691 0.5863593816757202
692 0.5800230503082275
693 0.6879637241363525
694 0.8182148337364197
695 0.7714506983757019
696 1.1409697532653809
697 0.38737767934799194
698 0.8100296854972839
699 1.0506349802017212
700 1.0552735328674316
701 1.2466034889221191
702 1.0824313163757324
703 1.3484256267547607
704 1.0382815599441528
705 0.734098494052887
706 0.9205006957054138
707 1.2171149253845215
708 1.0898716449737549
709 0.7257248163223267
710 0.7310774326324463
711 0.9684203863143921
712 1.0348217487335205
713 1.1829723119735718
714 1.0779523849487305
715 0.9113948345184326
716 0.9350752234458923
717 0.7165697813034058
718 1.1149072647094727
719 1.3049743175506592
720 0.7439717054367065
721 0.6512971520423889
722 0.7272512316703796
723 0.882056474685669
724 0.670071542263031
725 0.5988221764564514
726 0.9496989846229553
727 0.7776635885238647
728 0.7623259425163269
729 0.5279290676116943
730 0.5266537666320801
731 0.9331505298614502
732 0.5518139004707336
733 0.8279184699058533
734 1.3589037656784058
735 1.3001207113265991
736 0.8233808279037476
737 0.6554167866706848
738 0.7966687679290771
739 1.1635946035385132
740 0.7574360370635986
741 0.9331585168838501
742 0.9396593570709229
743 0.9643226861953735
744 0.5246403813362122
745 0.6589760184288025
746 0.7083165645599365
747 0.783031165599823
748 0.5222992897033691
749 1.080562710762024
750 1.0205309391021729
751 0.7391989231109619
752 0.6916218996047974
753 0.7056628465652466
754 0.8535095453262329
755 0.45398053526878357
756 0.7244316935539246
757 0.4014818072319031
758 0.6406206488609314
759 0.7409629821777344
760 0.3873440623283386
761 0.8780230283737183
762 0.7262122631072998
763 0.8189722895622253
764 0.901089072227478
765 0.6848364472389221
766 0.775211751461029
767 0.6824618577957153
768 1.0305166244506836
769 0.8750914931297302
770 0.4724067747592926
771 0.5443291664123535
772 0.794738233089447
773 0.7831812500953674
774 0.9588074684143066
775 0.7297015190124512
776 0.7965297698974609
777 0.9774152636528015
778 0.7715759873390198
779 0.8399955034255981
780 1.026969313621521
781 0.8323062062263489
782 0.686482310295105
783 0.9747357368469238
784 0.6736682057380676
785 0.6851223707199097
786 0.7459549903869629
787 0.934637725353241
788 0.7197322845458984
789 0.5174396634101868
790 0.4136202335357666
791 0.8335367441177368
792 0.9642717838287354
793 0.9718352556228638
794 1.1416406631469727
795 0.8780670166015625
796 0.9468169808387756
797 0.9832379221916199
798 0.9320311546325684
799 1.2497435808181763
800 0.7038825154304504
801 1.0404620170593262
802 0.8041766881942749
803 1.1088504791259766
804 1.3287280797958374
805 0.9200669527053833
806 0.9285743236541748
807 0.7186102271080017
808 1.1160463094711304
809 1.0724451541900635
810 0.8941265344619751
811 0.8899393677711487
812 1.08506178855896
813 1.0017104148864746
814 1.2729295492172241
815 1.3000881671905518
816 0.807617723941803
817 0.8887240290641785
818 0.8511002063751221
819 0.9708375930786133
820 0.8667181730270386
821 0.8674080967903137
822 1.0889371633529663
823 0.815341591835022
824 0.9635959267616272
825 0.895616888999939
826 1.0544475317001343
827 0.7044869065284729
828 0.9911299347877502
829 1.0765111446380615
830 0.7532081604003906
831 0.5336098670959473
832 1.33058762550354
833 1.0540735721588135
834 1.1529464721679688
835 1.315712571144104
836 1.3697205781936646
837 1.3213894367218018
838 1.543302059173584
839 1.5171958208084106
840 1.5417485237121582
841 1.0261247158050537
842 1.0255117416381836
843 1.0700267553329468
844 0.9211458563804626
845 1.0755497217178345
846 1.1312096118927002
847 1.1031419038772583
848 1.2058045864105225
849 1.2882063388824463
850 1.1385419368743896
851 0.9438964128494263
852 1.1623698472976685
853 1.2909733057022095
854 0.9312350153923035
855 1.7104264497756958
856 1.2035189867019653
857 1.2117828130722046
858 0.9161956310272217
859 1.094433069229126
860 1.2973582744598389
861 1.2475993633270264
862 1.5005306005477905
863 1.298069953918457
864 1.1901017427444458
865 1.2280735969543457
866 1.021586298942566
867 1.099708914756775
868 1.3964496850967407
869 1.2658494710922241
870 1.318651795387268
871 1.110907793045044
872 1.3262310028076172
873 1.0274436473846436
874 1.2048736810684204
875 1.5102155208587646
876 1.5881471633911133
877 1.2291760444641113
878 1.061339020729065
879 1.292140007019043
880 1.0573723316192627
881 1.834079623222351
882 1.3276478052139282
883 1.3682026863098145
884 1.5395785570144653
885 1.665630578994751
886 1.1673390865325928
887 1.5342565774917603
888 2.195626735687256
889 1.717057228088379
890 2.409905195236206
891 1.7594274282455444
892 2.293513774871826
893 2.562112331390381
894 2.6294288635253906
895 1.9575831890106201
896 2.4321188926696777
897 2.3859341144561768
898 2.477220296859741
899 2.2631022930145264
900 1.9234715700149536
901 1.8746874332427979
902 1.9550203084945679
903 2.3725199699401855
904 1.796109676361084
905 1.1903847455978394
906 1.252042531967163
907 0.7957767844200134
908 0.9152390956878662
909 0.948810338973999
910 1.3948689699172974
911 0.7168585062026978
912 1.2538243532180786
913 1.294873595237732
914 1.0972102880477905
915 1.1118049621582031
916 1.2384915351867676
917 0.7457030415534973
918 1.2396864891052246
919 1.4638385772705078
920 1.3960932493209839
921 1.8287464380264282
922 1.1515450477600098
923 1.291285753250122
924 1.4264112710952759
925 1.2374465465545654
926 1.4058494567871094
927 1.0925236940383911
928 1.4564250707626343
929 0.5093117952346802
930 1.3579524755477905
931 0.9172037243843079
932 0.9680830240249634
933 0.9249119758605957
934 1.3470855951309204
935 1.2354488372802734
936 1.0138734579086304
937 1.1856422424316406
938 1.2438403367996216
939 1.527367353439331
940 1.9077025651931763
941 2.569633960723877
942 2.7090344429016113
943 2.510096549987793
944 2.0062191486358643
945 1.9209372997283936
946 2.052156925201416
947 1.3938318490982056
948 1.9229886531829834
949 1.8882360458374023
950 2.085933208465576
951 3.383046865463257
952 2.696026086807251
953 2.6343605518341064
954 2.0970022678375244
955 2.4687163829803467
956 2.5284924507141113
957 2.6233816146850586
958 2.8562371730804443
959 3.0688552856445313
960 2.7155513763427734
961 2.2184317111968994
962 1.4514676332473755
963 1.343016266822815
964 1.3960320949554443
965 0.8527069687843323
966 1.0076217651367188
967 0.6237301230430603
968 0.8018269538879395
969 1.1181479692459106
970 1.0756157636642456
971 1.386940836906433
972 0.8557526469230652
973 1.0821396112442017
974 1.3733919858932495
975 1.73979914188385
976 1.5185399055480957
977 1.441697120666504
978 1.0830515623092651
979 1.037669062614441
980 0.6818606853485107
981 1.0780081748962402
982 0.999713659286499
983 0.7030413150787354
984 0.9410387277603149
985 1.323188304901123
986 1.1491445302963257
987 0.8444620966911316
988 0.813201367855072
989 1.050591230392456
990 1.0729981660842896
991 1.1691070795059204
992 1.2256642580032349
993 1.2393479347229004
994 1.5398274660110474
995 1.7900527715682983
996 1.4717625379562378
997 1.671891212463379
998 1.645900011062622
999 1.042472243309021
1000 1.319144368171692
1001 1.5424094200134277
1002 2.00431227684021
1003 1.4026895761489868
1004 1.7766554355621338
1005 1.828704833984375
1006 1.8049211502075195
1007 1.8303442001342773
1008 1.0508891344070435
1009 1.5645157098770142
1010 1.3931195735931396
1011 1.8183181285858154
1012 2.3030519485473633
1013 2.2644758224487305
1014 1.599518895149231
1015 1.7228964567184448
1016 1.2600401639938354
1017 1.3019529581069946
1018 1.116419792175293
1019 1.85756516456604
1020 1.7052967548370361
1021 1.2921130657196045
1022 1.863901138305664
1023 2.0748517513275146
1024 1.8457818031311035
1025 2.1685543060302734
1026 1.9440375566482544
1027 1.7164841890335083
1028 1.48890221118927
1029 1.4620023965835571
1030 1.6645451784133911
1031 1.1372061967849731
1032 2.048712968826294
1033 1.5936211347579956
1034 1.4045438766479492
1035 1.7836265563964844
1036 1.7852590084075928
1037 1.8727812767028809
1038 1.6604809761047363
1039 1.5430536270141602
1040 1.7336196899414063
1041 1.2695387601852417
1042 1.306498408317566
1043 1.361814260482788
1044 1.2015031576156616
1045 1.6793609857559204
1046 1.6726973056793213
1047 1.4737228155136108
1048 1.2248331308364868
1049 1.2087554931640625
1050 1.2716376781463623
1051 1.296952724456787
1052 1.1655160188674927
1053 1.3412553071975708
1054 1.2688671350479126
1055 1.0814595222473145
1056 1.3798165321350098
1057 1.1627167463302612
1058 1.1431022882461548
1059 1.29570472240448
1060 1.4126793146133423
1061 1.199334740638733
1062 1.3975558280944824
1063 1.2496553659439087
1064 1.4139509201049805
1065 1.2906255722045898
1066 0.8848637938499451
1067 0.8534399271011353
1068 0.89198237657547
1069 0.6631338000297546
1070 0.8387365937232971
1071 0.5522140264511108
1072 0.8549018502235413
1073 0.4873341917991638
1074 0.7119208574295044
1075 1.127720832824707
1076 1.0461424589157104
1077 1.3711298704147339
1078 1.147721529006958
1079 1.129179835319519
1080 1.1911473274230957
1081 1.1481497287750244
1082 1.0889354944229126
1083 1.091545820236206
1084 1.1486711502075195
1085 1.528725504875183
1086 1.400323748588562
1087 1.629986047744751
1088 1.3450859785079956
1089 1.8363677263259888
1090 1.436504602432251
1091 1.4436911344528198
1092 2.012378692626953
1093 1.3905625343322754
1094 1.1340229511260986
1095 1.5940625667572021
1096 1.6340924501419067
1097 1.7752002477645874
1098 1.755083441734314
1099 1.43708336353302
1100 1.6382360458374023
1101 1.4096183776855469
1102 0.7465552687644958
1103 1.419711947441101
1104 0.9509995579719543
1105 1.5711994171142578
1106 1.0361734628677368
1107 1.179939866065979
1108 0.8036148548126221
1109 1.0722556114196777
1110 1.629999041557312
1111 1.3415392637252808
1112 1.4023234844207764
1113 1.1292507648468018
1114 1.5071934461593628
1115 1.3516446352005005
1116 1.5428810119628906
1117 1.2491304874420166
1118 1.4397215843200684
1119 1.8020817041397095
1120 1.725017786026001
1121 1.3687875270843506
1122 1.8007720708847046
1123 1.3725992441177368
1124 1.5308163166046143
1125 1.3866416215896606
1126 1.240504503250122
1127 1.0816755294799805
1128 1.5845414400100708
1129 1.7746256589889526
1130 1.5235146284103394
1131 1.0124375820159912
1132 1.1508657932281494
1133 1.3070017099380493
1134 0.9418587684631348
1135 1.3133223056793213
1136 1.1455765962600708
1137 1.3225723505020142
1138 1.3841006755828857
1139 1.0343101024627686
1140 0.7794956564903259
1141 1.2265534400939941
1142 0.7498213052749634
1143 0.7170629501342773
1144 1.1027370691299438
1145 1.2571552991867065
1146 1.1389474868774414
1147 1.2302181720733643
1148 1.0810810327529907
1149 0.8898156881332397
1150 0.8308171033859253
1151 0.8077705502510071
1152 0.7006173729896545
1153 0.8561622500419617
1154 0.9151375889778137
1155 1.0622178316116333
1156 0.613461434841156
1157 0.5131299495697021
1158 0.938622236251831
1159 0.9243692755699158
1160 0.8443034291267395
1161 1.1733405590057373
1162 1.0890949964523315
1163 1.0780164003372192
1164 1.5058491230010986
1165 1.554023265838623
1166 1.307851791381836
1167 1.3033448457717896
1168 0.8271116018295288
1169 1.032480239868164
1170 0.9645130634307861
1171 1.0451053380966187
1172 1.1009587049484253
1173 0.8795133233070374
1174 0.5154352188110352
1175 0.5158858299255371
1176 0.6592337489128113
1177 0.8303534388542175
1178 0.8852142691612244
1179 0.7617347836494446
1180 0.9111912846565247
1181 1.02595853805542
1182 0.8579193949699402
1183 1.2516735792160034
1184 0.9987024068832397
1185 1.2299964427947998
1186 1.4603893756866455
1187 1.2348284721374512
1188 1.4975721836090088
1189 1.1960293054580688
1190 1.440208911895752
1191 0.7576164603233337
1192 0.4583605229854584
1193 0.7758927345275879
1194 0.6254291534423828
1195 1.1400810480117798
1196 1.0426067113876343
1197 1.117112398147583
1198 0.8514511585235596
1199 0.9283037185668945
1200 0.9628239274024963
1201 0.7246133089065552
1202 0.9291732311248779
1203 0.6561153531074524
1204 0.7182893753051758
1205 1.0318092107772827
1206 0.6698594093322754
1207 0.8365328311920166
1208 0.7451476454734802
1209 0.7726808786392212
1210 0.781657338142395
1211 1.290427803993225
1212 1.4068974256515503
1213 1.038197636604309
1214 1.6596661806106567
1215 1.243727684020996
1216 1.6359761953353882
1217 1.2139359712600708
1218 1.4487496614456177
1219 1.523552656173706
1220 1.5005855560302734
1221 1.3398144245147705
1222 1.1949641704559326
1223 1.5814437866210938
1224 0.9490492343902588
1225 1.51101553440094
1226 1.3076661825180054
1227 1.7260724306106567
1228 1.4078009128570557
1229 1.7151426076889038
1230 1.4144396781921387
1231 1.4250710010528564
1232 1.0933904647827148
1233 1.55064058303833
1234 1.475649356842041
1235 1.2210148572921753
1236 1.535856008529663
1237 1.2482974529266357
1238 1.1887609958648682
1239 1.1967689990997314
1240 1.0122519731521606
1241 1.2028051614761353
1242 1.083433985710144
1243 1.074491024017334
1244 1.4780704975128174
1245 0.8138422966003418
1246 0.9137699007987976
1247 1.1075266599655151
1248 1.1296873092651367
1249 1.0356372594833374
1250 1.0808929204940796
1251 1.3063656091690063
1252 0.992317795753479
1253 1.0232737064361572
1254 0.9737839102745056
1255 1.3506513833999634
1256 1.4838740825653076
1257 0.9527491927146912
1258 1.488783597946167
1259 1.1775504350662231
1260 0.8967289328575134
1261 0.7036077976226807
1262 0.919053316116333
1263 1.5964775085449219
1264 1.6502704620361328
1265 1.4736030101776123
1266 0.9767806529998779
1267 0.8378025889396667
1268 1.2932918071746826
1269 1.0550838708877563
1270 0.8200663924217224
1271 1.2550801038742065
1272 1.344796895980835
1273 1.0697814226150513
1274 1.3298825025558472
1275 0.967162013053894
1276 1.1388053894042969
1277 1.2150905132293701
1278 0.9834097623825073
1279 1.0626050233840942
1280 1.5926709175109863
1281 1.44328773021698
1282 0.9387218356132507
1283 1.088647484779358
1284 0.9014185070991516
1285 1.0530667304992676
1286 0.9986923933029175
1287 0.7965415120124817
1288 1.2857509851455688
1289 0.7475295066833496
1290 0.883878231048584
1291 1.5525705814361572
1292 1.170142650604248
1293 1.1153078079223633
1294 1.5596332550048828
1295 1.5972954034805298
1296 0.7889090776443481
1297 0.7554656863212585
1298 0.836820662021637
1299 0.8891363739967346
1300 0.9770358800888062
1301 0.8385820388793945
1302 0.9184260368347168
1303 1.0286965370178223
1304 1.0862070322036743
1305 1.1960740089416504
1306 0.7211929559707642
1307 0.8256396055221558
1308 1.2457081079483032
1309 1.049131989479065
1310 0.6433881521224976
1311 0.7312555909156799
1312 0.657503604888916
1313 0.8013444542884827
1314 0.9021962881088257
1315 0.8645977973937988
1316 0.6870474219322205
1317 0.7050052881240845
1318 0.4701569974422455
1319 0.7047858238220215
1320 0.48863768577575684
1321 0.8748793601989746
1322 0.6586043834686279
1323 0.2549796998500824
1324 0.9956515431404114
1325 0.5067402720451355
1326 1.1812050342559814
1327 0.9279866218566895
1328 0.7093409895896912
1329 0.7993927597999573
1330 0.5509374737739563
1331 0.7531267404556274
1332 0.6585336923599243
1333 0.6920416355133057
1334 0.7496052980422974
1335 0.5999550819396973
1336 0.4255852997303009
1337 0.6742807626724243
1338 0.8959615230560303
1339 0.6242295503616333
1340 0.7158483862876892
1341 0.4316976070404053
1342 0.6941430568695068
1343 0.8442612886428833
1344 1.1607873439788818
1345 0.8448804616928101
1346 0.8186080455780029
1347 1.0957748889923096
1348 0.8002994060516357
1349 1.1172734498977661
1350 0.9713703393936157
1351 0.5731837749481201
1352 0.6943796277046204
1353 0.3171723186969757
1354 0.9654901027679443
1355 0.768153965473175
1356 0.9377703666687012
1357 0.9775410890579224
1358 0.9935358166694641
1359 0.8933246731758118
1360 0.9021895527839661
1361 0.9237921237945557
1362 0.8722012042999268
1363 1.0239742994308472
1364 0.8036491870880127
1365 1.0366133451461792
1366 1.151419758796692
1367 0.8790297508239746
1368 0.4302937686443329
1369 1.0733104944229126
1370 1.1327829360961914
1371 0.9310905933380127
1372 0.6178200840950012
1373 0.8781700134277344
1374 0.7908040881156921
1375 0.36752933263778687
1376 0.7086384892463684
1377 1.2315030097961426
1378 0.8906763195991516
1379 1.034098744392395
1380 1.073248028755188
1381 0.47463956475257874
1382 0.5466095209121704
1383 0.414751797914505
1384 0.9104011654853821
1385 0.6998170614242554
1386 0.6029953956604004
1387 0.7179073691368103
1388 0.980431079864502
1389 0.7366987466812134
1390 0.7996029853820801
1391 0.9544105529785156
1392 1.1978256702423096
1393 1.3219282627105713
1394 0.6586934328079224
1395 0.7705943584442139
1396 0.7406966686248779
1397 0.7829984426498413
1398 0.8591317534446716
1399 1.1234105825424194
1400 1.3154802322387695
1401 0.7681764364242554
1402 1.1584450006484985
1403 0.6302095651626587
1404 0.695477306842804
1405 0.5730388760566711
1406 0.7590291500091553
1407 0.8999422192573547
1408 1.088539958000183
1409 0.8521184325218201
1410 0.6246406435966492
1411 0.7253624796867371
1412 0.5006087422370911
1413 0.7601974010467529
1414 1.2819920778274536
1415 0.9989070892333984
1416 0.7392870187759399
1417 0.7322215437889099
1418 1.0900367498397827
1419 0.946766197681427
1420 0.7910738587379456
1421 0.8856137990951538
1422 0.6475618481636047
1423 0.9288499355316162
1424 0.9159312844276428
1425 1.0498297214508057
1426 0.1696212738752365
1427 0.5345048904418945
1428 0.7185766696929932
1429 0.5520755648612976
1430 0.47380194067955017
1431 0.7179977893829346
1432 0.35220345854759216
1433 0.9885556697845459
1434 0.9803168773651123
1435 0.7526296377182007
1436 0.9118700623512268
1437 0.7438699007034302
1438 0.8770518898963928
1439 1.1272320747375488
1440 1.3523629903793335
1441 1.1765494346618652
1442 1.2264091968536377
1443 0.6415963768959045
1444 0.9709538817405701
1445 1.1028616428375244
1446 1.2565590143203735
1447 1.1353342533111572
1448 1.408309817314148
1449 1.5101523399353027
1450 0.9704111814498901
1451 1.0151151418685913
1452 1.392417073249817
1453 0.6675044298171997
1454 1.197849988937378
1455 0.9622408151626587
1456 1.252624750137329
1457 1.010855793952942
1458 1.1892085075378418
1459 0.7519198060035706
1460 0.6231351494789124
1461 0.9225925803184509
1462 1.0524067878723145
1463 1.1631141901016235
1464 1.2901843786239624
1465 1.1630524396896362
1466 1.0966137647628784
1467 0.9837527871131897
1468 0.9242822527885437
1469 0.7569042444229126
1470 1.1385325193405151
1471 0.8551313877105713
1472 1.3375468254089355
1473 1.0501765012741089
1474 1.2865797281265259
1475 1.4788358211517334
1476 1.2691519260406494
1477 0.9720744490623474
1478 1.4324337244033813
1479 1.4075779914855957
1480 1.6241942644119263
1481 1.144599199295044
1482 0.8305741548538208
1483 0.7309134006500244
1484 0.6806188225746155
1485 1.0306121110916138
1486 1.3589777946472168
1487 0.9357833862304688
1488 1.1073719263076782
1489 0.6337581276893616
1490 1.3066848516464233
1491 0.34252628684043884
1492 0.5069999694824219
1493 0.5717946290969849
1494 0.6868432760238647
1495 0.8274880051612854
1496 0.6655970811843872
1497 0.8409389853477478
1498 0.6727326512336731
1499 0.7224222421646118
1500 0.4486498534679413
1501 0.991075873374939
1502 0.8520657420158386
1503 0.7913001179695129
1504 1.2539942264556885
1505 0.9231570363044739
1506 1.239147424697876
1507 0.7669476270675659
1508 1.283591389656067
1509 1.2791684865951538
1510 0.7928766012191772
1511 1.2170072793960571
1512 1.4270524978637695
1513 1.171367883682251
1514 1.4806572198867798
1515 0.9916021227836609
1516 1.0408984422683716
1517 1.0198040008544922
1518 1.1595128774642944
1519 1.052525281906128
1520 0.699461042881012
1521 1.1383596658706665
1522 1.1268125772476196
1523 1.086386799812317
1524 0.4828265905380249
1525 1.1044341325759888
1526 1.170372724533081
1527 0.9016687870025635
1528 1.1305913925170898
1529 0.9396311640739441
1530 0.47343966364860535
1531 1.211822748184204
1532 1.0075609683990479
1533 0.6684576869010925
1534 0.438778281211853
1535 0.3587786853313446
1536 0.9075081944465637
1537 0.49518194794654846
1538 0.9255056381225586
1539 0.7572490572929382
1540 0.9765481352806091
1541 1.1260558366775513
1542 1.1669892072677612
1543 0.6325159072875977
1544 1.070256233215332
1545 1.1869794130325317
1546 0.8969796299934387
1547 1.4824461936950684
1548 1.1320490837097168
1549 1.253968358039856
1550 1.3649821281433105
1551 1.1194345951080322
1552 1.2801837921142578
1553 1.6183120012283325
1554 1.888257622718811
1555 1.6931324005126953
1556 1.110573410987854
1557 0.9934203624725342
1558 1.2752739191055298
1559 1.342416763305664
1560 0.5609279274940491
1561 1.080321192741394
1562 1.2645277976989746
1563 0.7572694420814514
1564 1.2615519762039185
1565 0.9951122999191284
1566 0.849932849407196
1567 1.2258882522583008
1568 0.9815910458564758
1569 1.1474305391311646
1570 1.5522605180740356
1571 0.9862589240074158
1572 0.9062784314155579
1573 1.0329673290252686
1574 1.1705708503723145
1575 1.3753013610839844
1576 0.732369601726532
1577 1.3631165027618408
1578 1.218394160270691
1579 1.739315390586853
1580 1.320578932762146
1581 1.154761552810669
1582 0.9925866723060608
1583 1.3143227100372314
1584 1.0059607028961182
1585 1.7061705589294434
1586 1.6588226556777954
1587 1.4472371339797974
1588 1.3771154880523682
1589 1.673159122467041
1590 1.4193342924118042
1591 1.4623392820358276
1592 1.2463626861572266
1593 1.7941938638687134
1594 1.8888936042785645
1595 1.582629919052124
1596 1.4747750759124756
1597 0.8397431969642639
1598 1.6737550497055054
1599 1.364256739616394
1600 0.9484567642211914
1601 0.9404279589653015
1602 0.679428219795227
1603 0.6783146262168884
1604 1.1116780042648315
1605 1.563069462776184
1606 0.6152524948120117
1607 1.4308226108551025
1608 1.2448999881744385
1609 1.4366391897201538
1610 1.3234820365905762
1611 1.2349920272827148
1612 1.2047640085220337
1613 1.1956230401992798
1614 0.9041775465011597
1615 1.179752230644226
1616 1.260994553565979
1617 1.2932769060134888
1618 1.3925210237503052
1619 1.2299035787582397
1620 0.9275501370429993
1621 1.169330358505249
1622 1.1454519033432007
1623 1.1604480743408203
1624 1.364241123199463
1625 1.400028109550476
1626 0.9364458322525024
1627 0.8867726922035217
1628 0.7925305962562561
1629 1.2339555025100708
1630 1.329573392868042
1631 1.2462780475616455
1632 1.0467545986175537
1633 0.7670009732246399
1634 1.230359435081482
1635 1.5268176794052124
1636 1.0284250974655151
1637 0.9860920310020447
1638 1.347420573234558
1639 1.0707024335861206
1640 1.3407588005065918
1641 1.0013105869293213
1642 0.6050231456756592
1643 0.9077809453010559
1644 0.7066456079483032
1645 1.4567607641220093
1646 0.7994984984397888
1647 0.568838357925415
1648 0.520569384098053
1649 0.8818033337593079
1650 0.4903377890586853
1651 0.8700878620147705
1652 0.8745828866958618
1653 0.6604592800140381
1654 0.9869590997695923
1655 1.1126514673233032
1656 0.7685468792915344
1657 0.9328401684761047
1658 0.2931884825229645
1659 0.6289955377578735
1660 1.1310378313064575
1661 1.2106343507766724
1662 1.3398302793502808
1663 1.2067513465881348
1664 1.4867651462554932
1665 0.7911202311515808
1666 1.5547672510147095
1667 1.335452914237976
1668 0.6742192506790161
1669 0.7795247435569763
1670 0.9851477742195129
1671 0.8643010258674622
1672 0.5096263289451599
1673 0.7186056971549988
1674 0.6884591579437256
1675 0.8843933939933777
1676 0.9188999533653259
1677 1.137060284614563
1678 1.6707533597946167
1679 1.148037075996399
1680 0.5580080151557922
1681 1.2002071142196655
1682 0.7924327850341797
1683 1.512515664100647
1684 1.4176888465881348
1685 1.1612071990966797
1686 1.666269302368164
1687 0.7309430241584778
1688 0.9316039681434631
1689 0.48932313919067383
1690 0.8525804281234741
1691 0.8403438925743103
1692 1.1952219009399414
1693 1.1588252782821655
1694 0.5114012360572815
1695 0.45143142342567444
1696 1.0152149200439453
1697 1.1661627292633057
1698 0.7243391275405884
1699 0.9527809619903564
1700 1.316536784172058
1701 1.2245465517044067
1702 1.1818134784698486
1703 0.840080976486206
1704 0.9493318796157837
1705 0.817521870136261
1706 0.8999608159065247
1707 0.7520432472229004
1708 0.8150269389152527
1709 0.9705304503440857
1710 1.0963263511657715
1711 1.3228129148483276
1712 1.022898554801941
1713 1.1647361516952515
1714 1.2904877662658691
1715 1.1039830446243286
1716 1.2636690139770508
1717 1.11466646194458
1718 1.0817633867263794
1719 0.9706864356994629
1720 0.9516834616661072
1721 1.0843788385391235
1722 0.5889756083488464
1723 0.8515692353248596
1724 0.9735996127128601
1725 0.6610972881317139
1726 0.933259904384613
1727 0.9826390147209167
1728 0.6676815152168274
1729 0.959589421749115
1730 1.2824032306671143
1731 0.8946787118911743
1732 0.9533748626708984
1733 0.9048251509666443
1734 1.8039623498916626
1735 1.1141982078552246
1736 0.8729961514472961
1737 1.3587218523025513
1738 1.2451368570327759
1739 1.676535725593567
1740 0.7752166986465454
1741 1.0637953281402588
1742 1.200371503829956
1743 1.3619431257247925
1744 1.368605375289917
1745 1.1351616382598877
1746 1.0575251579284668
1747 1.4561967849731445
1748 1.0612878799438477
1749 1.2600946426391602
1750 1.0223870277404785
1751 1.1539769172668457
1752 1.0628738403320313
1753 1.316731333732605
1754 0.9878174662590027
1755 1.0011835098266602
1756 0.7623665928840637
1757 0.656753420829773
1758 0.7759246826171875
1759 1.1180665493011475
1760 1.176137924194336
1761 0.9074125289916992
1762 1.0646576881408691
1763 1.4223462343215942
1764 0.8458824157714844
1765 0.6303531527519226
1766 1.1723848581314087
1767 1.046562910079956
1768 1.1844379901885986
1769 0.9843554496765137
1770 1.172847867012024
1771 0.6594922542572021
1772 0.8652622103691101
1773 1.2030614614486694
1774 0.7757550477981567
1775 1.147971510887146
1776 1.0155041217803955
1777 0.7236997485160828
1778 1.212113618850708
1779 0.8694890141487122
1780 0.7499346137046814
1781 0.833133339881897
1782 0.6046456098556519
1783 1.1583702564239502
1784 0.9413161873817444
1785 1.0570309162139893
1786 1.2405383586883545
1787 1.224501132965088
1788 1.2682143449783325
1789 0.9963938593864441
1790 1.043670415878296
1791 0.9437137842178345
1792 1.0894242525100708
1793 0.610956072807312
1794 0.8544217348098755
1795 0.5626375675201416
1796 0.9092025756835938
1797 1.219178557395935
1798 0.651069700717926
1799 0.8120948672294617
1800 0.7982536554336548
1801 0.9163933992385864
1802 1.0239123106002808
1803 1.0450174808502197
1804 0.8043763637542725
1805 0.8212567567825317
1806 0.557151198387146
1807 0.7321085333824158
1808 1.1830986738204956
1809 0.7647395133972168
1810 0.641794741153717
1811 0.7263340950012207
1812 0.9032444953918457
1813 1.1476397514343262
1814 1.0140585899353027
1815 1.2682435512542725
1816 1.3517621755599976
1817 0.8902729153633118
1818 0.9413283467292786
1819 1.2042783498764038
1820 0.6292722821235657
1821 0.9904816746711731
1822 1.5966535806655884
1823 1.1933687925338745
1824 1.5420310497283936
1825 1.4227241277694702
1826 1.1063271760940552
1827 1.0234339237213135
1828 0.7803417444229126
1829 1.1217623949050903
1830 1.0256471633911133
1831 0.937379777431488
1832 1.0136605501174927
1833 0.6416265368461609
1834 0.8997090458869934
1835 1.580753207206726
1836 0.712645947933197
1837 0.952976405620575
1838 0.8987843990325928
1839 1.2748689651489258
1840 0.9583860039710999
1841 0.9892517924308777
1842 1.3955107927322388
1843 0.6549662351608276
1844 1.2001179456710815
1845 1.1703909635543823
1846 1.279217004776001
1847 1.3298557996749878
1848 0.9058411717414856
1849 1.125024437904358
1850 0.8872213363647461
1851 0.7660928964614868
1852 0.8819029331207275
1853 1.0876481533050537
1854 0.6378313899040222
1855 1.2570559978485107
1856 0.8850541114807129
1857 1.0148577690124512
1858 1.2161083221435547
1859 1.2906062602996826
1860 0.8879426717758179
1861 1.1334493160247803
1862 1.254194736480713
1863 0.9730885624885559
1864 1.3838582038879395
1865 0.8267792463302612
1866 0.9331666827201843
1867 0.6561157703399658
1868 1.0666470527648926
1869 0.8469805717468262
1870 0.9182454347610474
1871 0.7768899202346802
1872 0.6508045196533203
1873 0.978935718536377
1874 0.6675676703453064
1875 0.7831427454948425
1876 1.0970700979232788
1877 0.7207605838775635
1878 0.8787805438041687
1879 1.0121443271636963
1880 0.7775951623916626
1881 0.8731310963630676
1882 0.7064093947410583
1883 0.8894922733306885
1884 0.653147280216217
1885 0.8260934948921204
1886 0.9373841881752014
1887 0.9458827376365662
1888 1.1345895528793335
1889 0.5998088121414185
1890 0.6368649005889893
1891 1.1373646259307861
1892 0.8414232134819031
1893 0.8405451774597168
1894 1.1580944061279297
1895 0.9341302514076233
1896 0.6578254699707031
1897 1.5074034929275513
1898 0.9985317587852478
1899 0.942405104637146
1900 0.8231000304222107
1901 1.0511391162872314
1902 0.7673115134239197
1903 0.6222760081291199
1904 0.7891903519630432
1905 0.9615023136138916
1906 0.789624810218811
1907 0.9482433199882507
1908 0.9644038677215576
1909 1.2120072841644287
1910 0.9974515438079834
1911 0.9600263833999634
1912 0.8137952089309692
1913 1.0846956968307495
1914 0.9621281027793884
1915 1.135164737701416
1916 0.9686935544013977
1917 1.1657390594482422
1918 1.0808727741241455
1919 0.9580544233322144
1920 0.9630754590034485
1921 0.8053714632987976
1922 1.0816714763641357
1923 1.4342806339263916
1924 1.0329872369766235
1925 1.2815276384353638
1926 1.202859878540039
1927 1.4965201616287231
1928 0.7892621159553528
1929 1.194441795349121
1930 0.9191360473632813
1931 0.9815760850906372
1932 0.8562524914741516
1933 0.5653886198997498
1934 0.7818021178245544
1935 0.9127918481826782
1936 0.8992114663124084
1937 0.8390581607818604
1938 0.7710699439048767
1939 0.8982664346694946
1940 0.986366331577301
1941 0.905069887638092
1942 0.7507607340812683
1943 0.5190929770469666
1944 1.003196358680725
1945 0.8978819847106934
1946 1.082202434539795
1947 0.6084471940994263
1948 0.6432008147239685
1949 0.5830979347229004
1950 0.7050639390945435
1951 1.0663546323776245
1952 0.6381335258483887
1953 0.8274926543235779
1954 0.839905858039856
1955 0.933012068271637
1956 0.5087544918060303
1957 0.7263486981391907
1958 0.433115690946579
1959 1.0075340270996094
1960 0.7173624634742737
1961 0.8611621856689453
1962 0.48487141728401184
1963 0.5875021815299988
1964 0.6781772375106812
1965 0.9644372463226318
1966 1.1691348552703857
1967 0.8638790845870972
1968 0.6757423281669617
1969 0.7459336519241333
1970 0.6460207104682922
1971 0.7728197574615479
1972 1.007517695426941
1973 0.9077407121658325
1974 0.7904103398323059
1975 0.41981038451194763
1976 0.7991040945053101
1977 0.7587885856628418
1978 0.8315890431404114
1979 0.8340789675712585
1980 1.1712762117385864
1981 1.1400562524795532
1982 0.9084649085998535
1983 0.7130169868469238
1984 0.642846405506134
1985 0.6109411716461182
1986 0.7842335104942322
1987 0.6709717512130737
1988 1.0366129875183105
1989 1.1440448760986328
1990 1.246787428855896
1991 0.8337559700012207
1992 0.9093540906906128
1993 0.817913293838501
1994 0.7108433842658997
1995 0.785212516784668
1996 0.8376087546348572
1997 0.6280186772346497
1998 1.2462977170944214
1999 0.5947014093399048
