0 0.0
1 0.5897337794303894
2 0.4449784755706787
3 0.748304009437561
4 0.35207822918891907
5 0.459087073802948
6 0.6354166865348816
7 0.6916128396987915
8 0.505040168762207
9 0.31517577171325684
10 0.8510931134223938
11 0.3527830243110657
12 0.5700392723083496
13 0.516655683517456
14 0.5236614346504211
15 0.2887875437736511
16 0.6597905158996582
17 0.5572172403335571
18 0.648451030254364
19 0.6149712204933167
20 0.41030916571617126
21 0.30397549271583557
22 0.5866056084632874
23 0.274115651845932
24 0.3636006712913513
25 0.3962041437625885
26 0.6575829982757568
27 0.4300396740436554
28 0.779144287109375
29 0.8760321140289307
30 0.3793799579143524
31 0.813995897769928
32 0.5715129375457764
33 0.3465856909751892
34 0.8071839213371277
35 0.5004464387893677
36 0.7035984992980957
37 0.6027981042861938
38 0.5935271978378296
39 0.8778590559959412
40 0.5678882598876953
41 0.6468273401260376
42 0.7706746459007263
43 0.9087546467781067
44 0.4424474835395813
45 0.5482998490333557
46 0.32307305932044983
47 0.32423925399780273
48 0.8796195983886719
49 0.9374657273292542
50 0.7289355397224426
51 0.8736632466316223
52 0.8312599062919617
53 0.6678493022918701
54 1.0712621212005615
55 0.45199042558670044
56 0.9636727571487427
57 0.7159308195114136
58 0.6133644580841064
59 0.773209273815155
60 0.625393271446228
61 0.26910218596458435
62 0.29365426301956177
63 0.6052846312522888
64 0.9014931917190552
65 0.7189012169837952
66 1.1756693124771118
67 0.8746407628059387
68 0.7197315096855164
69 0.5514593720436096
70 1.1001696586608887
71 1.0320854187011719
72 0.7353621125221252
73 0.9389491081237793
74 0.608895480632782
75 0.8251872658729553
76 0.6920980215072632
77 1.009385585784912
78 0.8164768218994141
79 0.4563964009284973
80 1.5797141790390015
81 0.6455017328262329
82 0.7553411722183228
83 0.9980424046516418
84 0.51712566614151
85 0.7806367874145508
86 0.3674713671207428
87 0.7460376620292664
88 0.6955567002296448
89 1.0642999410629272
90 1.0404139757156372
91 0.6972160339355469
92 0.4633971154689789
93 0.5585291385650635
94 0.5333904027938843
95 0.5245285630226135
96 0.6730828285217285
97 0.5451107025146484
98 0.4003886282444
99 0.566965639591217
100 0.9814991354942322
101 0.5098626613616943
102 0.738181471824646
103 1.0662117004394531
104 0.8883453011512756
105 0.9792420864105225
106 1.1028926372528076
107 0.8139200806617737
108 1.1145520210266113
109 1.2750567197799683
110 1.2202361822128296
111 0.7137295603752136
112 1.2178537845611572
113 1.2598050832748413
114 0.9782388806343079
115 1.0402847528457642
116 1.0754567384719849
117 0.44335174560546875
118 0.29373377561569214
119 0.4131719768047333
120 0.6966444849967957
121 0.49507907032966614
122 0.8268718719482422
123 0.8485793471336365
124 1.1791744232177734
125 1.2914750576019287
126 0.5679827928543091
127 0.3992450535297394
128 0.5365234017372131
129 0.5952118039131165
130 0.9079786539077759
131 0.9350529313087463
132 0.9135387539863586
133 1.0979794263839722
134 1.4446903467178345
135 0.6435309648513794
136 0.7859067320823669
137 0.7444425225257874
138 0.5158722400665283
139 0.6868741512298584
140 0.3460191786289215
141 0.6893364787101746
142 0.7477078437805176
143 0.7507603168487549
144 0.6949939727783203
145 0.7909157276153564
146 0.6099256277084351
147 0.8175710439682007
148 0.551859974861145
149 0.5087773203849792
150 0.5647557973861694
151 0.5903331637382507
152 0.48530182242393494
153 0.49285802245140076
154 0.7269536852836609
155 0.3972349762916565
156 0.5010902881622314
157 0.643515944480896
158 0.879133403301239
159 0.6462838649749756
160 0.6772514581680298
161 0.8009238243103027
162 0.4053407907485962
163 0.5405305624008179
164 0.33434271812438965
165 0.5196335315704346
166 0.49377012252807617
167 0.8195379376411438
168 0.4798201322555542
169 0.4841867685317993
170 0.7144266963005066
171 0.8742750883102417
172 0.8131573796272278
173 0.46350324153900146
174 0.41731584072113037
175 0.6521766781806946
176 0.9647320508956909
177 0.832150936126709
178 0.4716414213180542
179 0.5254637002944946
180 0.9732099175453186
181 0.7681949734687805
182 0.7238481640815735
183 0.7825962901115417
184 1.077779769897461
185 0.47258880734443665
186 0.9621885418891907
187 0.4964929223060608
188 0.6373966336250305
189 0.35408294200897217
190 0.6463190317153931
191 0.6719330549240112
192 0.5120041966438293
193 0.4395456612110138
194 0.7712052464485168
195 0.7129645943641663
196 0.6071425676345825
197 0.4492838680744171
198 0.5485031008720398
199 0.4853913486003876
200 0.5966932773590088
201 0.6250211596488953
202 0.470486044883728
203 0.7342684268951416
204 0.4012770354747772
205 0.5614190101623535
206 0.6490765810012817
207 0.6694121956825256
208 0.9204474687576294
209 0.6420005559921265
210 0.4257337749004364
211 0.8601741790771484
212 0.46966463327407837
213 0.6929927468299866
214 0.47014597058296204
215 0.4090864956378937
216 0.5537110567092896
217 0.5324317216873169
218 0.7777696847915649
219 0.7346742749214172
220 0.5463721752166748
221 0.7476083636283875
222 1.058573842048645
223 0.7956647276878357
224 0.4828505516052246
225 0.40996071696281433
226 0.41674932837486267
227 0.7032462954521179
228 0.7555612325668335
229 0.7810736894607544
230 0.6164546012878418
231 0.7062792181968689
232 0.7228203415870667
233 0.4423913061618805
234 0.35533007979393005
235 0.4450441598892212
236 0.808013379573822
237 0.5812696218490601
238 1.1226489543914795
239 1.2066575288772583
240 0.3833329379558563
241 0.6093857884407043
242 0.7696015238761902
243 0.6304039359092712
244 0.7622208595275879
245 1.1357159614562988
246 0.8385891318321228
247 0.4912523925304413
248 0.6930714249610901
249 0.5911316275596619
250 0.6152175664901733
251 0.5538851618766785
252 0.8031077980995178
253 0.43328556418418884
254 0.6200547814369202
255 0.7390363216400146
256 0.3390464782714844
257 0.5168825387954712
258 0.3589579164981842
259 0.5576522350311279
260 0.859086275100708
261 0.6483799815177917
262 0.291169673204422
263 0.5906638503074646
264 0.6440832018852234
265 0.5017398595809937
266 0.47440800070762634
267 1.0201677083969116
268 0.29108986258506775
269 0.6143434643745422
270 1.2847890853881836
271 1.459169626235962
272 1.5181113481521606
273 0.9244598150253296
274 0.6741148829460144
275 1.1485774517059326
276 0.5306761264801025
277 0.8351805806159973
278 0.44061607122421265
279 0.8082037568092346
280 0.6257606148719788
281 0.93332439661026
282 0.424718976020813
283 0.8316594958305359
284 0.33594220876693726
285 0.4935767948627472
286 0.8648488521575928
287 0.6136806011199951
288 0.6772562265396118
289 0.5273767113685608
290 0.6938698887825012
291 0.4096236526966095
292 0.6589267253875732
293 0.5755004286766052
294 0.45378604531288147
295 0.5843383073806763
296 0.4255629777908325
297 0.43508654832839966
298 0.684223473072052
299 0.8220809698104858
300 0.6837741136550903
301 0.688370943069458
302 0.6152057647705078
303 0.9404018521308899
304 0.7361225485801697
305 1.0343176126480103
306 1.0430171489715576
307 0.7928993105888367
308 0.7114905714988708
309 0.5856966972351074
310 0.49769189953804016
311 0.8990276455879211
312 0.4568268358707428
313 0.49460527300834656
314 1.06611168384552
315 1.0905959606170654
316 0.5932415723800659
317 0.8430099487304688
318 0.7687828540802002
319 0.9315776824951172
320 0.6767574548721313
321 0.6974730491638184
322 0.6269093751907349
323 1.4184775352478027
324 0.6479489803314209
325 0.4855714440345764
326 0.8761765956878662
327 0.7361522316932678
328 0.5053053498268127
329 0.7838554978370667
330 0.3934030532836914
331 0.705970287322998
332 1.107534408569336
333 0.9188817739486694
334 0.6023858785629272
335 0.3879590332508087
336 0.805932879447937
337 0.5469586253166199
338 0.3821011483669281
339 0.37775173783302307
340 0.2952357232570648
341 0.7348721027374268
342 0.7062863707542419
343 0.7588591575622559
344 0.5253089070320129
345 0.47005024552345276
346 0.632453203201294
347 0.5972291231155396
348 0.8749876618385315
349 0.6230154633522034
350 0.6623067259788513
351 0.5275679230690002
352 0.4106670618057251
353 0.39763304591178894
354 0.3068777620792389
355 0.46609094738960266
356 0.609426736831665
357 0.576214611530304
358 0.6843900084495544
359 0.5772793292999268
360 0.33167192339897156
361 0.3065885007381439
362 0.39092257618904114
363 0.5102116465568542
364 0.7353297472000122
365 0.5929497480392456
366 0.6989783048629761
367 0.35304325819015503
368 0.5641089677810669
369 0.3972586989402771
370 0.5355414152145386
371 0.48345503211021423
372 0.5505120158195496
373 0.3911641538143158
374 0.5691209435462952
375 0.6227839589118958
376 0.369820237159729
377 0.5456827282905579
378 0.3862314224243164
379 0.44896310567855835
380 0.3772668242454529
381 0.7005244493484497
382 0.4359934329986572
383 0.37507396936416626
384 0.4624096155166626
385 0.7674674987792969
386 0.7947546243667603
387 0.5518932342529297
388 0.8400165438652039
389 0.49974337220191956
390 0.6424691677093506
391 0.6692096590995789
392 0.6231179237365723
393 0.6360401511192322
394 0.5366899967193604
395 0.3496168851852417
396 0.8364446759223938
397 0.5339812636375427
398 0.50312739610672
399 0.46630582213401794
400 0.4793739318847656
401 0.5744622349739075
402 0.6411141753196716
403 0.3835235834121704
404 0.6300482153892517
405 0.36643221974372864
406 0.7923113107681274
407 0.5670497417449951
408 0.6635661721229553
409 0.9835014939308167
410 0.547901451587677
411 0.5536525845527649
412 0.8594749569892883
413 0.41084641218185425
414 0.6571870446205139
415 0.6045485734939575
416 0.5545139908790588
417 0.8448057174682617
418 0.5097730755805969
419 0.38804009556770325
420 0.42040812969207764
421 0.6641227006912231
422 0.4524214565753937
423 0.5488941073417664
424 0.5764528512954712
425 0.5296149253845215
426 0.7760767936706543
427 0.6062300205230713
428 0.7027825117111206
429 0.5532308220863342
430 0.6721282601356506
431 0.7105050086975098
432 0.3447863459587097
433 0.4822409451007843
434 0.6734873652458191
435 0.6152070760726929
436 0.5433516502380371
437 0.8679692149162292
438 0.9616490602493286
439 0.9485350847244263
440 0.8332926630973816
441 0.6419616341590881
442 0.8299786448478699
443 0.9945380687713623
444 0.8808900117874146
445 0.32574379444122314
446 0.4909421503543854
447 0.42014873027801514
448 0.3750130236148834
449 0.5527447462081909
450 0.7439213395118713
451 0.8064130544662476
452 0.7620809078216553
453 0.3433091938495636
454 0.5258573889732361
455 0.5078709721565247
456 0.44880038499832153
457 0.5229717493057251
458 0.41546154022216797
459 0.5792341232299805
460 0.5982528924942017
461 0.91363126039505
462 0.4758639633655548
463 0.29802533984184265
464 0.6004131436347961
465 0.6042793393135071
466 0.6260934472084045
467 0.5562340021133423
468 0.468703955411911
469 0.3124643862247467
470 0.28614914417266846
471 0.4096791446208954
472 0.31772658228874207
473 0.5855918526649475
474 0.5138760805130005
475 0.5600295066833496
476 0.5285473465919495
477 0.6704407334327698
478 0.6194317936897278
479 0.5553614497184753
480 0.38481685519218445
481 0.5445037484169006
482 0.7985141277313232
483 0.5933533906936646
484 0.47675061225891113
485 0.7404301762580872
486 0.4069516360759735
487 0.7830801606178284
488 0.7860407829284668
489 0.6562286019325256
490 0.9380404949188232
491 0.7511865496635437
492 0.49152395129203796
493 0.43756577372550964
494 0.34937214851379395
495 0.5043500065803528
496 0.6799056529998779
497 0.8794417977333069
498 0.7066217064857483
499 0.5951624512672424
500 0.590786337852478
501 0.6749399900436401
502 0.7251824140548706
503 0.43367302417755127
504 0.4422745108604431
505 0.4701005220413208
506 0.37798550724983215
507 0.644646167755127
508 0.7069292664527893
509 0.6842871308326721
510 0.32963812351226807
511 0.45929041504859924
512 0.6575719714164734
513 0.5600748658180237
514 0.358215868473053
515 0.3486431837081909
516 0.48292914032936096
517 0.5444501042366028
518 0.649005115032196
519 0.6303533911705017
520 0.6390263438224792
521 0.7762240171432495
522 0.6356640458106995
523 0.5217569470405579
524 0.3697654902935028
525 0.41812363266944885
526 0.46687832474708557
527 0.3144339919090271
528 0.6301150918006897
529 0.607628345489502
530 0.6450257301330566
531 0.669506847858429
532 0.514407753944397
533 0.38186874985694885
534 0.7381865382194519
535 0.35228589177131653
536 0.5768735408782959
537 0.43178099393844604
538 0.760308027267456
539 0.5217936038970947
540 0.8047391772270203
541 0.6131061911582947
542 0.8419177532196045
543 0.7005655169487
544 0.5587490797042847
545 0.6845611929893494
546 0.716745913028717
547 0.8018494844436646
548 0.5992180109024048
549 0.5697268843650818
550 0.580557644367218
551 0.5317375659942627
552 0.8005322813987732
553 0.47961747646331787
554 0.5559089183807373
555 0.7775803208351135
556 0.47642362117767334
557 0.4247201085090637
558 0.5884270071983337
559 0.5386422872543335
560 0.7878650426864624
561 0.8099737167358398
562 0.4559282660484314
563 1.1075752973556519
564 0.7900792956352234
565 0.632713794708252
566 0.36192572116851807
567 0.3744790554046631
568 0.9228808283805847
569 0.5780132412910461
570 0.8674536347389221
571 0.5707151889801025
572 0.9406516551971436
573 0.5318588018417358
574 0.5621611475944519
575 0.5535168051719666
576 0.8721996545791626
577 0.4241974353790283
578 0.7058337926864624
579 0.4879131317138672
580 0.6245089769363403
581 0.614626944065094
582 0.42740824818611145
583 0.3355471193790436
584 0.6910881400108337
585 0.750801682472229
586 0.7463083863258362
587 0.6166015863418579
588 0.6027006506919861
589 0.38930365443229675
590 0.5377277731895447
591 0.33435437083244324
592 0.5425434708595276
593 0.919281542301178
594 0.7244008183479309
595 0.4274374544620514
596 0.7004683017730713
597 0.28550222516059875
598 0.7509030699729919
599 0.7970099449157715
600 0.7002227306365967
601 0.7754222750663757
602 0.6852400302886963
603 0.6681669354438782
604 0.7705715298652649
605 0.4274449944496155
606 0.8976244926452637
607 0.6462899446487427
608 0.9040771126747131
609 0.5216513276100159
610 0.5258015990257263
611 0.8303061723709106
612 0.9289156198501587
613 0.5453465580940247
614 0.7088704705238342
615 0.6697705388069153
616 0.7898560762405396
617 0.9025149941444397
618 0.8065553307533264
619 1.2702302932739258
620 0.6003292798995972
621 0.6134819388389587
622 0.793927788734436
623 0.9641283750534058
624 0.48197755217552185
625 0.9152877330780029
626 1.9448047876358032
627 0.708920955657959
628 0.6639286875724792
629 1.1266206502914429
630 1.5155030488967896
631 1.2342966794967651
632 1.0759438276290894
633 1.323639988899231
634 1.3785871267318726
635 1.2496997117996216
636 1.0998634099960327
637 1.169130563735962
638 0.7759696841239929
639 0.9376888871192932
640 1.0029155015945435
641 1.7246909141540527
642 1.4139257669448853
643 1.041567087173462
644 1.271134614944458
645 0.8497530221939087
646 1.3477760553359985
647 0.9381963014602661
648 0.7089701890945435
649 0.5877439379692078
650 0.7658619284629822
651 0.8879606127738953
652 0.8695036172866821
653 1.056848168373108
654 1.334810495376587
655 0.8986437320709229
656 1.2477900981903076
657 0.8561161160469055
658 0.7903848886489868
659 1.2334810495376587
660 1.0107905864715576
661 0.863635241985321
662 0.7081016898155212
663 0.5777198076248169
664 0.9143362641334534
665 0.7516885995864868
666 0.5762842893600464
667 1.1906991004943848
668 0.5939092636108398
669 0.8122906684875488
670 0.8792830109596252
671 0.6280698180198669
672 0.5384385585784912
673 0.5346434712409973
674 0.551123857498169
675 1.1453315019607544
676 0.7879452705383301
677 1.3960453271865845
678 1.4645447731018066
679 1.488355040550232
680 0.8128289580345154
681 0.7003380060195923
682 0.8376749753952026
683 1.3551812171936035
684 1.5052013397216797
685 1.0814018249511719
686 1.1324883699417114
687 1.133524775505066
688 1.0479652881622314
689 0.7502776980400085
690 0.6850265264511108
691 0.8167225122451782
692 0.7250072360038757
693 1.320083737373352
694 0.5184581279754639
695 1.0161378383636475
696 1.0518808364868164
697 0.727562665939331
698 0.825697660446167
699 0.962133526802063
700 0.8720079064369202
701 0.8047158122062683
702 0.8948039412498474
703 0.5810547471046448
704 0.9340550303459167
705 0.777185320854187
706 0.9053802490234375
707 0.9652956128120422
708 0.7835049629211426
709 0.8234075307846069
710 0.7554742693901062
711 1.0327006578445435
712 0.9694710373878479
713 0.8042071461677551
714 0.6754675507545471
715 1.0235874652862549
716 0.8766101598739624
717 0.656215488910675
718 1.2134191989898682
719 0.7633154988288879
720 0.9461860656738281
721 0.666496992111206
722 1.0030207633972168
723 0.881449282169342
724 1.1000653505325317
725 0.7368311285972595
726 0.8595242500305176
727 0.759948194026947
728 0.6174575090408325
729 0.7528776526451111
730 0.9061737060546875
731 1.297020673751831
732 0.9481495022773743
733 0.8294174671173096
734 0.8995340466499329
735 0.4301066994667053
736 1.6116881370544434
737 0.8040316104888916
738 0.5203583240509033
739 0.5217401385307312
740 0.5002585053443909
741 0.5506497621536255
742 0.9699084758758545
743 0.7203866839408875
744 0.8990280032157898
745 0.7934272289276123
746 0.5119822025299072
747 0.8502249121665955
748 0.5551170706748962
749 0.8933365345001221
750 0.6044999361038208
751 0.7549996376037598
752 0.6811403036117554
753 0.6164953708648682
754 1.3570247888565063
755 0.8933101892471313
756 0.8414767980575562
757 0.5523130297660828
758 0.7519636750221252
759 0.7864705324172974
760 1.0475530624389648
761 0.9400004148483276
762 0.8280057907104492
763 0.5617162585258484
764 0.8152965903282166
765 0.8043251037597656
766 0.8905866742134094
767 0.798294186592102
768 0.7380152344703674
769 0.969830334186554
770 0.7522284984588623
771 0.8012565970420837
772 0.7956011891365051
773 1.092583417892456
774 1.0085289478302002
775 1.0127756595611572
776 0.6632881760597229
777 1.4688435792922974
778 0.7243486046791077
779 1.3041516542434692
780 1.0671963691711426
781 1.208902359008789
782 1.3017771244049072
783 1.2125754356384277
784 1.0208379030227661
785 1.6705818176269531
786 1.7849702835083008
787 2.062756061553955
788 1.9975464344024658
789 1.7350624799728394
790 1.809737205505371
791 2.130289316177368
792 1.057421088218689
793 1.3895809650421143
794 0.8743445873260498
795 0.9104196429252625
796 0.8366530537605286
797 1.2273844480514526
798 1.1893118619918823
799 1.254116177558899
800 1.17122220993042
801 1.259520173072815
802 1.646108865737915
803 1.3340281248092651
804 1.4303221702575684
805 1.1228814125061035
806 1.394662857055664
807 1.0445488691329956
808 1.047378420829773
809 1.607772946357727
810 2.3019614219665527
811 1.9226149320602417
812 1.904883861541748
813 1.8419426679611206
814 1.9105111360549927
815 2.158629894256592
816 2.446211576461792
817 1.893617868423462
818 2.3669369220733643
819 2.0594754219055176
820 2.243943691253662
821 1.7774066925048828
822 1.940210223197937
823 1.6422373056411743
824 1.9592149257659912
825 2.262561321258545
826 1.8814271688461304
827 1.9309592247009277
828 1.8129892349243164
829 1.8622784614562988
830 1.7441234588623047
831 2.394216299057007
832 2.161123514175415
833 2.2692437171936035
834 2.2327773571014404
835 2.519792318344116
836 2.125091075897217
837 2.222525119781494
838 2.1198084354400635
839 1.9076756238937378
840 2.0064709186553955
841 2.1710667610168457
842 2.0897977352142334
843 2.5947225093841553
844 1.8807661533355713
845 2.1475915908813477
846 2.0378997325897217
847 2.347588062286377
848 2.8829526901245117
849 2.076596260070801
850 1.8780419826507568
851 2.444887399673462
852 2.6164896488189697
853 2.263035297393799
854 2.5706262588500977
855 2.135890483856201
856 2.7398176193237305
857 2.387716770172119
858 2.793867588043213
859 2.5896708965301514
860 3.1193981170654297
861 1.505272626876831
862 1.5435525178909302
863 2.148425579071045
864 1.949942946434021
865 1.3727374076843262
866 2.060004949569702
867 1.5706987380981445
868 2.1078288555145264
869 1.9349654912948608
870 1.7403546571731567
871 2.020681619644165
872 2.1722919940948486
873 2.066441774368286
874 2.6490485668182373
875 2.243025064468384
876 2.4642863273620605
877 2.4950389862060547
878 1.9171870946884155
879 2.305691719055176
880 2.310642957687378
881 1.4363296031951904
882 1.7094643115997314
883 1.83461594581604
884 1.5395277738571167
885 1.7316023111343384
886 1.7917650938034058
887 1.849794864654541
888 1.9886075258255005
889 2.207667827606201
890 2.8749806880950928
891 1.941219687461853
892 1.8860325813293457
893 1.7181302309036255
894 1.508886694908142
895 1.8079882860183716
896 2.1138901710510254
897 2.1572134494781494
898 2.1712849140167236
899 1.5582877397537231
900 2.0903360843658447
901 1.945775032043457
902 1.5969152450561523
903 2.5949819087982178
904 2.532916784286499
905 1.662387490272522
906 2.0540056228637695
907 2.2081377506256104
908 2.085038185119629
909 1.9814248085021973
910 1.994856834411621
911 2.1650826930999756
912 2.2379584312438965
913 2.2024290561676025
914 2.294733762741089
915 1.8702112436294556
916 2.329219341278076
917 1.7156333923339844
918 1.806490421295166
919 1.6266332864761353
920 2.35896372795105
921 2.2074761390686035
922 2.0960819721221924
923 2.514836072921753
924 2.690284013748169
925 3.271146535873413
926 2.6343867778778076
927 2.27191424369812
928 2.896379232406616
929 2.5352156162261963
930 1.8783928155899048
931 1.8657289743423462
932 3.0760109424591064
933 2.8907456398010254
934 3.040947198867798
935 2.562934398651123
936 2.1801438331604004
937 2.6455254554748535
938 2.907045841217041
939 3.047112464904785
940 3.0009377002716064
941 3.1361398696899414
942 2.4670186042785645
943 2.616875171661377
944 2.6845080852508545
945 2.840070962905884
946 2.9899227619171143
947 2.498716115951538
948 2.5765328407287598
949 3.5213963985443115
950 3.1532225608825684
951 2.155269145965576
952 2.132032871246338
953 2.553596258163452
954 2.488381862640381
955 2.8328089714050293
956 2.952755928039551
957 2.682543992996216
958 2.467036247253418
959 3.792354106903076
960 3.89694881439209
961 2.4390621185302734
962 2.9383604526519775
963 2.9543046951293945
964 2.294370651245117
965 3.224229335784912
966 2.921180248260498
967 2.9580564498901367
968 3.396392822265625
969 2.8184072971343994
970 3.0396952629089355
971 3.133575916290283
972 3.8293941020965576
973 2.8393545150756836
974 2.847191572189331
975 3.583338975906372
976 2.900651454925537
977 3.4917521476745605
978 3.7424941062927246
979 3.65222430229187
980 4.029048919677734
981 4.415809631347656
982 4.11579704284668
983 3.6290948390960693
984 4.238495349884033
985 3.857848882675171
986 3.7832186222076416
987 4.295255184173584
988 4.643392562866211
989 4.494447231292725
990 3.9835762977600098
991 4.461548805236816
992 4.2076826095581055
993 3.9413866996765137
994 4.0878214836120605
995 3.745828628540039
996 3.9417569637298584
997 4.7628583908081055
998 4.219369888305664
999 4.562342166900635
1000 4.128069877624512
1001 4.539011001586914
1002 3.970115900039673
1003 3.7872707843780518
1004 3.867448568344116
1005 4.358684062957764
1006 4.444401741027832
1007 4.094007968902588
1008 5.027184963226318
1009 4.358890056610107
1010 4.645895481109619
1011 5.5042290687561035
1012 5.439767837524414
1013 4.815433502197266
1014 4.972553253173828
1015 5.177136421203613
1016 5.650678634643555
1017 5.305814743041992
1018 5.446341514587402
1019 5.7506794929504395
1020 5.978700637817383
1021 6.024059295654297
1022 5.2690324783325195
1023 5.621068477630615
1024 5.596564769744873
1025 5.225555419921875
1026 5.492086410522461
1027 5.764199733734131
1028 5.765689373016357
1029 6.399450778961182
1030 6.1211113929748535
1031 5.651014804840088
1032 5.6346211433410645
1033 5.753838539123535
1034 6.05477237701416
1035 5.351733207702637
1036 5.546618938446045
1037 5.504643440246582
1038 6.225582599639893
1039 6.199191570281982
1040 6.380021572113037
1041 6.186598777770996
1042 5.532984256744385
1043 6.185744285583496
1044 5.087675094604492
1045 5.320156574249268
1046 5.17489767074585
1047 5.621510982513428
1048 5.461855888366699
1049 5.509003639221191
1050 5.184579372406006
1051 5.060611248016357
1052 5.119245529174805
1053 5.424283504486084
1054 5.471665382385254
1055 5.608583927154541
1056 5.157377243041992
1057 5.916487216949463
1058 5.307314872741699
1059 5.354171276092529
1060 5.619563102722168
1061 5.482972145080566
1062 4.952306270599365
1063 4.9367547035217285
1064 6.065979957580566
1065 6.695760726928711
1066 5.7043657302856445
1067 5.9001359939575195
1068 5.9318108558654785
1069 6.0494585037231445
1070 4.441451549530029
1071 5.56643533706665
1072 5.030379772186279
1073 5.352027893066406
1074 5.335000514984131
1075 5.199970722198486
1076 5.564980506896973
1077 5.280996322631836
1078 5.412110805511475
1079 5.368819236755371
1080 5.057122230529785
1081 5.59662389755249
1082 5.4972100257873535
1083 5.711643695831299
1084 5.456207752227783
1085 5.3496222496032715
1086 5.2450079917907715
1087 5.929527282714844
1088 5.405450344085693
1089 5.430299758911133
1090 5.528784275054932
1091 5.568545818328857
1092 5.75343132019043
1093 5.520627021789551
1094 5.358157157897949
1095 5.859421730041504
1096 5.569118499755859
1097 5.749188423156738
1098 5.410762310028076
1099 5.629571437835693
1100 5.7290191650390625
1101 6.345073699951172
1102 5.857950210571289
1103 5.418302059173584
1104 5.422755241394043
1105 5.5757293701171875
1106 5.400575160980225
1107 5.579592227935791
1108 5.846210479736328
1109 6.021687984466553
1110 6.118800640106201
1111 5.675534248352051
1112 5.531548023223877
1113 5.765502452850342
1114 5.453795433044434
1115 5.771103858947754
1116 5.522346019744873
1117 6.003608703613281
1118 6.07509183883667
1119 5.949124813079834
1120 5.401012420654297
1121 5.626013278961182
1122 5.3926897048950195
1123 5.494113445281982
1124 5.399967670440674
1125 5.4992852210998535
1126 5.453310489654541
1127 5.696462631225586
1128 5.638152122497559
1129 5.602640151977539
1130 5.341116905212402
1131 5.437012672424316
1132 5.429111957550049
1133 4.960710048675537
1134 4.871626853942871
1135 5.646390914916992
1136 5.801519870758057
1137 5.419180870056152
1138 5.599873065948486
1139 5.111635208129883
1140 5.1496405601501465
1141 4.907630443572998
1142 5.4476494789123535
1143 5.547647476196289
1144 5.277775287628174
1145 5.611843585968018
1146 5.359557151794434
1147 5.711094379425049
1148 5.242186069488525
1149 5.061407089233398
1150 5.248097896575928
1151 5.1158318519592285
1152 5.560389041900635
1153 5.354997634887695
1154 5.213716506958008
1155 5.536721229553223
1156 5.834424018859863
1157 5.1314897537231445
1158 5.55472469329834
1159 5.467153072357178
1160 5.527682781219482
1161 5.573802471160889
1162 5.594115734100342
1163 5.497982025146484
1164 5.9184160232543945
1165 5.520333766937256
1166 5.862308502197266
1167 5.981985092163086
1168 6.208074569702148
1169 6.16520357131958
1170 5.905008316040039
1171 6.110888957977295
1172 6.1512250900268555
1173 6.719714164733887
1174 6.20073127746582
1175 6.368196964263916
1176 6.160149097442627
1177 6.209353446960449
1178 6.009504795074463
1179 6.134238243103027
1180 5.988460063934326
1181 6.058208465576172
1182 6.529778480529785
1183 6.8815155029296875
1184 6.933804988861084
1185 6.766058921813965
1186 6.8141374588012695
1187 6.4281768798828125
1188 5.747471332550049
1189 5.6559977531433105
1190 6.187666893005371
1191 5.958620548248291
1192 6.069993019104004
1193 5.768739700317383
1194 6.26663064956665
1195 6.301427841186523
1196 5.836453914642334
1197 6.316226482391357
1198 6.434792995452881
1199 6.0181193351745605
1200 6.253332614898682
1201 6.563867092132568
1202 6.674192428588867
1203 6.923602104187012
1204 6.575718879699707
1205 6.296140193939209
1206 6.973276138305664
1207 6.637984275817871
1208 6.675983905792236
1209 6.532631874084473
1210 6.429361343383789
1211 6.431827545166016
1212 6.6669697761535645
1213 6.493673324584961
1214 6.563104629516602
1215 6.669797897338867
1216 6.8625288009643555
1217 6.261919021606445
1218 6.502128601074219
1219 6.968981742858887
1220 6.697373390197754
1221 6.494597434997559
1222 7.072490692138672
1223 6.652669906616211
1224 7.175564289093018
1225 6.449778079986572
1226 6.689008712768555
1227 6.362277030944824
1228 6.5685834884643555
1229 6.550963401794434
1230 6.732651710510254
1231 6.780631065368652
1232 6.68468713760376
1233 6.858557224273682
1234 6.939480781555176
1235 7.042491912841797
1236 7.319671154022217
1237 7.156938076019287
1238 7.371256351470947
1239 6.542092323303223
1240 6.832721710205078
1241 7.567541122436523
1242 7.016617298126221
1243 6.930659294128418
1244 6.944430351257324
1245 7.420570373535156
1246 6.977462291717529
1247 7.057034492492676
1248 7.127287864685059
1249 6.632536888122559
1250 6.727508544921875
1251 6.594732284545898
1252 6.679092884063721
1253 6.419670581817627
1254 6.419963359832764
1255 7.238404273986816
1256 7.401094436645508
1257 6.78041410446167
1258 7.437472343444824
1259 7.051000595092773
1260 7.178670406341553
1261 6.819395065307617
1262 6.300604343414307
1263 6.824277400970459
1264 6.845242500305176
1265 7.244439125061035
1266 6.896594047546387
1267 6.412621974945068
1268 6.670732021331787
1269 6.725588798522949
1270 6.136443138122559
1271 6.2829909324646
1272 6.85178804397583
1273 6.692146301269531
1274 7.124892234802246
1275 6.942806720733643
1276 6.34075927734375
1277 6.916097164154053
1278 6.199654579162598
1279 6.47316837310791
1280 6.1635613441467285
1281 6.582504749298096
1282 6.394802570343018
1283 6.228304862976074
1284 6.143995761871338
1285 6.58453369140625
1286 6.916815280914307
1287 7.411403656005859
1288 7.205516338348389
1289 7.358981132507324
1290 6.368783473968506
1291 6.087047576904297
1292 6.231745719909668
1293 6.945094108581543
1294 6.576230049133301
1295 6.365190505981445
1296 6.872328281402588
1297 6.424267768859863
1298 6.543701171875
1299 6.271998405456543
1300 6.412242889404297
1301 6.571084022521973
1302 6.662403106689453
1303 6.271659851074219
1304 6.582723140716553
1305 6.552485942840576
1306 6.8853654861450195
1307 6.715823173522949
1308 6.862927436828613
1309 6.615988731384277
1310 7.2870941162109375
1311 6.876895904541016
1312 7.309889316558838
1313 6.538260459899902
1314 6.975405216217041
1315 6.867244243621826
1316 6.496244430541992
1317 7.137505054473877
1318 7.070249557495117
1319 7.239426136016846
1320 6.841392517089844
1321 6.722094535827637
1322 6.9990668296813965
1323 6.111965179443359
1324 6.445459365844727
1325 6.556494235992432
1326 6.590855121612549
1327 6.461649417877197
1328 6.857238292694092
1329 6.975865364074707
1330 6.856583118438721
1331 7.240725517272949
1332 7.017883777618408
1333 6.625955104827881
1334 6.86556339263916
1335 7.286818027496338
1336 6.968576908111572
1337 7.681790351867676
1338 6.888036251068115
1339 6.096938133239746
1340 6.627920627593994
1341 6.813092231750488
1342 6.075087070465088
1343 6.485471248626709
1344 6.964023113250732
1345 7.010013103485107
1346 7.188501834869385
1347 6.996493339538574
1348 7.771431922912598
1349 7.017195701599121
1350 6.816862106323242
1351 6.518880367279053
1352 7.092432975769043
1353 6.711782932281494
1354 7.205425262451172
1355 6.8211445808410645
1356 7.312809944152832
1357 6.826849937438965
1358 6.765708923339844
1359 6.613414764404297
1360 7.1436076164245605
1361 6.855917453765869
1362 6.19714879989624
1363 6.241361618041992
1364 7.300588607788086
1365 7.132166385650635
1366 6.887589454650879
1367 7.117395401000977
1368 7.5895209312438965
1369 7.283404350280762
1370 7.175924301147461
1371 6.940657615661621
1372 7.256651401519775
1373 6.794436931610107
1374 7.089548587799072
1375 7.223250389099121
1376 7.589324474334717
1377 7.311654090881348
1378 7.009328842163086
1379 6.91050386428833
1380 6.66587495803833
1381 7.195215702056885
1382 7.278084754943848
1383 6.8184309005737305
1384 7.238970756530762
1385 7.325592994689941
1386 6.999159336090088
1387 7.352199554443359
1388 6.623475551605225
1389 7.027359485626221
1390 6.919826030731201
1391 7.162932395935059
1392 7.145421981811523
1393 6.690817356109619
1394 6.811996936798096
1395 7.275938034057617
1396 6.993693828582764
1397 6.967824459075928
1398 6.871471405029297
1399 7.609015464782715
1400 7.6448073387146
1401 7.501433849334717
1402 7.239924907684326
1403 7.526372909545898
1404 7.003488063812256
1405 7.052236557006836
1406 7.331708908081055
1407 7.206640243530273
1408 6.734126091003418
1409 6.900100231170654
1410 7.17677640914917
1411 7.2995076179504395
1412 6.922595977783203
1413 6.787638187408447
1414 6.642024040222168
1415 6.975576400756836
1416 6.75748348236084
1417 6.669193267822266
1418 6.594021797180176
1419 6.647833347320557
1420 6.631774425506592
1421 6.902453899383545
1422 7.771731853485107
1423 7.192490577697754
1424 8.582586288452148
1425 7.70473051071167
1426 7.321293830871582
1427 6.632914066314697
1428 6.758969783782959
1429 6.980311393737793
1430 6.911489486694336
1431 6.735705375671387
1432 6.635646820068359
1433 6.882442951202393
1434 6.545609474182129
1435 6.761270999908447
1436 6.5796284675598145
1437 6.6495208740234375
1438 7.09765100479126
1439 7.036925792694092
1440 6.07090425491333
1441 6.519952297210693
1442 5.845997333526611
1443 6.044984817504883
1444 6.378636360168457
1445 6.595999717712402
1446 6.762405872344971
1447 6.6476054191589355
1448 6.697558879852295
1449 7.042470455169678
1450 7.511849880218506
1451 7.953301429748535
1452 7.15048360824585
1453 7.358575344085693
1454 7.868870735168457
1455 7.188677787780762
1456 7.234195232391357
1457 7.115230083465576
1458 6.61582612991333
1459 6.312271595001221
1460 6.413223743438721
1461 6.476808071136475
1462 6.749878883361816
1463 6.6962890625
1464 6.9446330070495605
1465 6.406735897064209
1466 6.637903213500977
1467 6.337971210479736
1468 6.51353120803833
1469 6.626434803009033
1470 6.537491321563721
1471 6.092822074890137
1472 6.802951812744141
1473 6.671383857727051
1474 6.800098419189453
1475 6.9461259841918945
1476 6.386811256408691
1477 6.690421104431152
1478 6.535184383392334
1479 6.387258529663086
1480 6.453699588775635
1481 6.302712917327881
1482 6.048666954040527
1483 5.5479230880737305
1484 5.28082799911499
1485 5.283688545227051
1486 6.109633922576904
1487 5.902283191680908
1488 5.285416126251221
1489 5.962582111358643
1490 6.095738410949707
1491 6.145840644836426
1492 6.214605808258057
1493 6.353892803192139
1494 6.011803150177002
1495 5.441092014312744
1496 6.039443492889404
1497 5.167118072509766
1498 5.362534046173096
1499 5.3736796379089355
1500 5.833350658416748
1501 6.101778030395508
1502 6.3137383460998535
1503 6.411231994628906
1504 6.405299186706543
1505 6.1710710525512695
1506 6.233954429626465
1507 6.656506538391113
1508 6.848494529724121
1509 5.32319974899292
1510 6.225060939788818
1511 5.72346830368042
1512 5.273705005645752
1513 5.9612345695495605
1514 5.789806842803955
1515 5.57344388961792
1516 5.466106414794922
1517 5.91131591796875
1518 5.647285461425781
1519 5.907787322998047
1520 5.794973850250244
1521 5.697543621063232
1522 5.600900173187256
1523 5.1101508140563965
1524 4.617414951324463
1525 5.12880802154541
1526 4.835977554321289
1527 5.312602519989014
1528 4.794492244720459
1529 5.706582069396973
1530 5.16928768157959
1531 5.3717145919799805
1532 6.131546974182129
1533 5.159073352813721
1534 6.362049579620361
1535 6.3179450035095215
1536 6.213482856750488
1537 6.454232215881348
1538 6.183901786804199
1539 5.442012310028076
1540 5.62360143661499
1541 6.028563976287842
1542 5.809713363647461
1543 6.307584285736084
1544 5.874199867248535
1545 5.435142993927002
1546 5.273829936981201
1547 5.773324012756348
1548 5.487751007080078
1549 6.161006450653076
1550 6.066694736480713
1551 6.020220756530762
1552 6.176931858062744
1553 5.852789878845215
1554 6.256671905517578
1555 6.297850131988525
1556 6.939672946929932
1557 7.000956058502197
1558 6.346249580383301
1559 6.499716281890869
1560 5.99152135848999
1561 6.427570819854736
1562 6.1822733879089355
1563 6.514957904815674
1564 5.73870325088501
1565 5.839274883270264
1566 5.898361682891846
1567 5.366042613983154
1568 5.437443256378174
1569 5.830140590667725
1570 5.332082748413086
1571 5.62858772277832
1572 5.829275608062744
1573 5.673652172088623
1574 5.9095964431762695
1575 5.581078052520752
1576 6.242774486541748
1577 6.226200580596924
1578 6.1888885498046875
1579 5.813161373138428
1580 6.318469047546387
1581 6.158543109893799
1582 5.8185529708862305
1583 5.9656758308410645
1584 6.304708480834961
1585 6.199068546295166
1586 6.494653224945068
1587 6.708200931549072
1588 6.812942028045654
1589 6.390729904174805
1590 5.9896979331970215
1591 5.6286725997924805
1592 6.595928192138672
1593 6.306124210357666
1594 6.468005180358887
1595 5.921971321105957
1596 6.180967807769775
1597 6.0387959480285645
1598 6.26584529876709
1599 4.95668888092041
1600 4.923427104949951
1601 4.9240827560424805
1602 4.8673415184021
1603 5.362183570861816
1604 4.87935209274292
1605 5.476543426513672
1606 4.969926834106445
1607 5.711272716522217
1608 5.25762414932251
1609 5.4254150390625
1610 5.239985942840576
1611 5.321838855743408
1612 5.452409267425537
1613 5.7527546882629395
1614 5.640274524688721
1615 5.23838996887207
1616 5.208585739135742
1617 5.944971561431885
1618 4.868134498596191
1619 5.9106340408325195
1620 5.75322151184082
1621 6.345343112945557
1622 6.696117401123047
1623 5.915536880493164
1624 5.812487602233887
1625 6.20371150970459
1626 5.776491165161133
1627 5.7245635986328125
1628 5.441408157348633
1629 5.4295573234558105
1630 5.726200580596924
1631 5.455372333526611
1632 5.600839138031006
1633 6.10415506362915
1634 5.702365875244141
1635 5.586508274078369
1636 5.277514934539795
1637 5.607863426208496
1638 5.398197650909424
1639 5.650789260864258
1640 5.355122089385986
1641 5.240088939666748
1642 5.797728061676025
1643 5.228850841522217
1644 6.053940773010254
1645 5.405735015869141
1646 5.732641696929932
1647 5.418907642364502
1648 5.283331871032715
1649 5.3019256591796875
1650 5.9392876625061035
1651 5.212653636932373
1652 5.586306571960449
1653 4.938592910766602
1654 5.038334369659424
1655 4.677493572235107
1656 5.502371311187744
1657 5.249797821044922
1658 4.919354438781738
1659 5.939212322235107
1660 5.819764137268066
1661 6.581047534942627
1662 5.214745998382568
1663 5.196822166442871
1664 6.22172212600708
1665 5.348395824432373
1666 5.092800140380859
1667 5.318860054016113
1668 5.3507537841796875
1669 5.385747909545898
1670 5.809991836547852
1671 5.952818870544434
1672 5.455982208251953
1673 4.789190292358398
1674 4.9195237159729
1675 4.58957052230835
1676 4.453693866729736
1677 4.856554985046387
1678 4.391817569732666
1679 4.485501289367676
1680 5.121833801269531
1681 5.195870876312256
1682 5.323326110839844
1683 5.110936641693115
1684 4.827175140380859
1685 4.691286563873291
1686 4.503237247467041
1687 4.176608562469482
1688 4.992788314819336
1689 4.818686485290527
1690 5.698886394500732
1691 5.269874572753906
1692 5.01953649520874
1693 5.244483947753906
1694 5.5749311447143555
1695 5.005978584289551
1696 4.974031448364258
1697 4.9662251472473145
1698 5.2477264404296875
1699 4.944094181060791
1700 4.450089931488037
1701 5.067167282104492
1702 5.6763505935668945
1703 5.706116199493408
1704 5.748505115509033
1705 5.769928455352783
1706 5.368838310241699
1707 4.832151889801025
1708 5.51894474029541
1709 4.874640464782715
1710 5.517434597015381
1711 5.303564071655273
1712 5.2406535148620605
1713 5.956996440887451
1714 5.831735134124756
1715 5.324324607849121
1716 5.683981418609619
1717 5.907235622406006
1718 5.128349304199219
1719 5.047845840454102
1720 5.011587619781494
1721 5.470495223999023
1722 5.350811004638672
1723 5.075214862823486
1724 4.816791534423828
1725 5.071044921875
1726 4.854013919830322
1727 4.310696601867676
1728 5.513117790222168
1729 5.850967884063721
1730 5.742514133453369
1731 4.701303482055664
1732 5.557102680206299
1733 5.079266548156738
1734 5.805415153503418
1735 5.435555934906006
1736 5.82116174697876
1737 5.924729824066162
1738 5.946470737457275
1739 6.124380588531494
1740 6.134642601013184
1741 5.329470157623291
1742 5.835636615753174
1743 5.420275688171387
1744 4.752715587615967
1745 5.233211040496826
1746 5.2547926902771
1747 5.770970344543457
1748 5.627370834350586
1749 5.060891628265381
1750 5.100469589233398
1751 4.85932731628418
1752 4.827466011047363
1753 4.811029434204102
1754 5.137134552001953
1755 4.927530765533447
1756 5.372786998748779
1757 5.1708221435546875
1758 5.132102012634277
1759 4.878464221954346
1760 4.787632465362549
1761 4.844063758850098
1762 4.550538063049316
1763 4.406608581542969
1764 4.7973713874816895
1765 5.212674140930176
1766 5.294912338256836
1767 5.235563278198242
1768 4.838642597198486
1769 4.768439292907715
1770 4.865187168121338
1771 5.3722100257873535
1772 5.437273979187012
1773 5.102829933166504
1774 4.814978122711182
1775 5.5951642990112305
1776 5.435854911804199
1777 6.285172462463379
1778 5.533113479614258
1779 6.164287567138672
1780 5.990501403808594
1781 5.903375625610352
1782 5.405467987060547
1783 4.843703269958496
1784 5.491824150085449
1785 6.393642902374268
1786 5.02905797958374
1787 5.049893856048584
1788 5.652446746826172
1789 5.750251293182373
1790 5.5244951248168945
1791 5.387202739715576
1792 4.610260486602783
1793 4.643149375915527
1794 5.053571701049805
1795 5.358247756958008
1796 5.125574111938477
1797 5.272182464599609
1798 6.141653537750244
1799 4.983109474182129
1800 5.9036335945129395
1801 5.461383819580078
1802 6.157261371612549
1803 6.058446884155273
1804 6.1272993087768555
1805 6.496397495269775
1806 6.029749870300293
1807 6.202735900878906
1808 6.126597881317139
1809 5.454005241394043
1810 5.769587993621826
1811 5.759170055389404
1812 5.606144428253174
1813 5.456298828125
1814 5.922188758850098
1815 5.41715145111084
1816 5.951080799102783
1817 6.289738655090332
1818 6.9686198234558105
1819 6.485488414764404
1820 6.784748077392578
1821 6.233972549438477
1822 6.47727632522583
1823 6.073706150054932
1824 6.133224010467529
1825 5.728975296020508
1826 6.258565425872803
1827 6.174896717071533
1828 5.313406944274902
1829 4.850168704986572
1830 5.622427463531494
1831 4.99672269821167
1832 5.487641334533691
1833 5.890885353088379
1834 6.069220066070557
1835 5.681929111480713
1836 5.939497470855713
1837 6.004788875579834
1838 6.1419782638549805
1839 5.358301639556885
1840 5.643871784210205
1841 5.775950908660889
1842 6.124057769775391
1843 5.774410247802734
1844 5.761203765869141
1845 5.303803443908691
1846 5.270539283752441
1847 5.420853137969971
1848 4.766002178192139
1849 4.724731922149658
1850 4.254026412963867
1851 4.3126912117004395
1852 4.369818687438965
1853 4.958705425262451
1854 4.190130233764648
1855 3.7711520195007324
1856 4.082942008972168
1857 3.8177237510681152
1858 3.681382179260254
1859 3.3511061668395996
1860 3.726461410522461
1861 3.8799991607666016
1862 3.912372350692749
1863 4.1219282150268555
1864 4.19577693939209
1865 3.304433584213257
1866 3.366891860961914
1867 4.082883358001709
1868 4.19390869140625
1869 4.5968122482299805
1870 4.366927146911621
1871 3.877476692199707
1872 3.5557172298431396
1873 3.0070629119873047
1874 3.438325881958008
1875 3.6810739040374756
1876 3.724074125289917
1877 3.7959797382354736
1878 3.6546876430511475
1879 3.9736502170562744
1880 3.872183322906494
1881 3.9134175777435303
1882 3.980759859085083
1883 3.4205102920532227
1884 3.803539991378784
1885 3.6314806938171387
1886 4.059021472930908
1887 3.5058679580688477
1888 4.012615203857422
1889 3.5308926105499268
1890 2.7921574115753174
1891 3.55314302444458
1892 3.479856252670288
1893 3.9842593669891357
1894 3.4480319023132324
1895 3.5217957496643066
1896 3.4585704803466797
1897 4.0793681144714355
1898 3.6167945861816406
1899 3.172306776046753
1900 3.5501186847686768
1901 3.5309343338012695
1902 3.590782403945923
1903 3.609907865524292
1904 3.2745251655578613
1905 3.121753454208374
1906 3.3639979362487793
1907 3.1057698726654053
1908 3.7387468814849854
1909 3.0427632331848145
1910 3.2058544158935547
1911 3.7487664222717285
1912 3.6716361045837402
1913 3.7768638134002686
1914 3.912014961242676
1915 3.540309190750122
1916 3.2592086791992188
1917 3.5244295597076416
1918 3.7674520015716553
1919 3.447030544281006
1920 3.6684954166412354
1921 3.3802762031555176
1922 3.694303035736084
1923 3.7747697830200195
1924 3.7924907207489014
1925 3.6746792793273926
1926 3.92008638381958
1927 3.4587814807891846
1928 3.4653961658477783
1929 3.609738826751709
1930 3.4944450855255127
1931 3.720628499984741
1932 3.547930955886841
1933 3.816314935684204
1934 3.7847414016723633
1935 3.9713680744171143
1936 3.6143438816070557
1937 3.7473092079162598
1938 3.9562554359436035
1939 3.914633274078369
1940 3.5426175594329834
1941 4.127060413360596
1942 3.5336990356445313
1943 4.258421421051025
1944 3.9680871963500977
1945 3.5517523288726807
1946 3.3530540466308594
1947 4.17986536026001
1948 3.8183493614196777
1949 3.6737444400787354
1950 4.270926475524902
1951 4.021511077880859
1952 4.264669418334961
1953 4.284691333770752
1954 3.6229748725891113
1955 3.867619037628174
1956 3.5680253505706787
1957 3.7696759700775146
1958 4.238624095916748
1959 3.877446413040161
1960 3.988393783569336
1961 5.175790309906006
1962 4.74613618850708
1963 4.4729719161987305
1964 3.6223483085632324
1965 3.012963056564331
1966 3.226598024368286
1967 2.755141496658325
1968 3.404951333999634
1969 3.114915132522583
1970 3.3339266777038574
1971 4.0022969245910645
1972 4.926596164703369
1973 4.411696434020996
1974 4.369100570678711
1975 4.920396327972412
1976 5.068720817565918
1977 4.923476696014404
1978 5.699374675750732
1979 5.2152934074401855
1980 5.225083827972412
1981 5.644164085388184
1982 5.547433853149414
1983 5.525827407836914
1984 6.179358005523682
1985 5.332972049713135
1986 5.3644561767578125
1987 5.686332702636719
1988 4.994747161865234
1989 5.127453804016113
1990 5.3434624671936035
1991 5.387420177459717
1992 5.290932655334473
1993 6.226130962371826
1994 5.656796455383301
1995 5.89437198638916
1996 6.557404041290283
1997 6.492980480194092
1998 6.599618911743164
1999 6.764195442199707
