0 0.0
1 0.6968597769737244
2 0.2623259425163269
3 0.3371058702468872
4 0.4235737919807434
5 0.3535621166229248
6 1.0615270137786865
7 1.1037964820861816
8 0.7280173301696777
9 0.6894891262054443
10 0.6804305911064148
11 0.5065257549285889
12 0.2762889564037323
13 0.5957902073860168
14 0.8631941676139832
15 1.0277087688446045
16 0.847823441028595
17 1.134156584739685
18 0.8403705358505249
19 0.6679483652114868
20 0.7003671526908875
21 0.46388888359069824
22 0.5442367792129517
23 0.5290938019752502
24 1.0005638599395752
25 1.0644450187683105
26 1.5727782249450684
27 0.662519633769989
28 0.8860599994659424
29 0.5071383118629456
30 0.5418481230735779
31 0.4486352205276489
32 0.6670222878456116
33 0.8965386152267456
34 0.9658570885658264
35 0.5815242528915405
36 0.9114733934402466
37 1.244407296180725
38 0.5399987101554871
39 0.7523886561393738
40 0.6630306243896484
41 0.7527568936347961
42 0.9258815050125122
43 0.6548659801483154
44 0.8728421330451965
45 1.0619908571243286
46 0.8697806596755981
47 0.8296318054199219
48 0.6709517240524292
49 1.0509318113327026
50 0.7141028642654419
51 0.9184063076972961
52 0.8888477087020874
53 1.1722248792648315
54 1.2774957418441772
55 0.78195720911026
56 0.9516605138778687
57 0.7755013704299927
58 1.0155109167099
59 0.560124397277832
60 1.1533230543136597
61 0.7000797986984253
62 0.8562952280044556
63 1.0183407068252563
64 0.9337661862373352
65 1.2778222560882568
66 1.2230374813079834
67 1.5203641653060913
68 1.0396325588226318
69 0.4465526342391968
70 0.8872224688529968
71 0.979927659034729
72 0.6535866260528564
73 0.999896764755249
74 0.7595739364624023
75 0.8765054941177368
76 1.140447735786438
77 1.1092407703399658
78 0.2738831043243408
79 0.6178533434867859
80 1.382921814918518
81 0.6112993359565735
82 0.6271082162857056
83 0.4996911287307739
84 0.34507274627685547
85 0.8182312250137329
86 0.7413076162338257
87 0.3347357511520386
88 0.46114736795425415
89 1.029525876045227
90 0.9451464414596558
91 0.49255868792533875
92 0.6929243206977844
93 0.496192991733551
94 0.7016909122467041
95 0.5682078003883362
96 1.3915382623672485
97 0.8397336602210999
98 0.5629062652587891
99 0.6275321245193481
100 0.48967432975769043
101 0.4231182932853699
102 0.6316354870796204
103 1.690932035446167
104 1.4424619674682617
105 1.7282739877700806
106 1.2427712678909302
107 0.5181772112846375
108 0.81405109167099
109 1.198862910270691
110 0.9885716438293457
111 0.6555876135826111
112 0.8891730904579163
113 1.200505256652832
114 0.9331609606742859
115 0.9042263627052307
116 1.0485198497772217
117 1.0044130086898804
118 0.5535227060317993
119 0.7647892236709595
120 0.49404653906822205
121 0.6940768361091614
122 0.7176632881164551
123 0.40413472056388855
124 0.890867292881012
125 0.7773354053497314
126 0.43376773595809937
127 0.8615385890007019
128 0.7588127255439758
129 0.8457382917404175
130 0.7131125330924988
131 0.8992318511009216
132 0.8493441343307495
133 1.1467390060424805
134 1.1472177505493164
135 1.2502537965774536
136 0.8735201358795166
137 0.9553820490837097
138 0.8424618244171143
139 1.0253510475158691
140 0.7203655242919922
141 0.718891978263855
142 0.6066778302192688
143 0.9379172325134277
144 0.49563896656036377
145 0.3136352300643921
146 0.44632285833358765
147 0.43748635053634644
148 0.5941473245620728
149 0.6285269856452942
150 0.6724109053611755
151 0.8184074759483337
152 0.7121058702468872
153 0.7011553645133972
154 0.6395962238311768
155 0.6670729517936707
156 0.8213768601417542
157 0.5132260322570801
158 0.48496249318122864
159 0.32326072454452515
160 0.32116660475730896
161 0.5279704928398132
162 0.408040314912796
163 0.6217772364616394
164 0.4076594114303589
165 0.979863166809082
166 0.7275215983390808
167 0.7415757775306702
168 0.9758452773094177
169 0.8476991653442383
170 0.6182695627212524
171 0.41901159286499023
172 0.615907609462738
173 0.37426045536994934
174 0.4059048593044281
175 0.7702605128288269
176 0.8782873153686523
177 0.7390860319137573
178 0.4247388541698456
179 0.6650753021240234
180 1.1476519107818604
181 0.7174053192138672
182 0.7986971735954285
183 1.065581202507019
184 0.6622486114501953
185 0.9167338013648987
186 0.622239887714386
187 0.5686842799186707
188 0.6612594723701477
189 0.7388290762901306
190 0.602147102355957
191 0.4450690746307373
192 0.631678581237793
193 0.6423258185386658
194 0.8021529912948608
195 0.7529313564300537
196 1.0424317121505737
197 0.8887367844581604
198 0.4842113256454468
199 0.9185419678688049
200 0.647280752658844
201 0.9762143492698669
202 1.1708590984344482
203 0.8515504002571106
204 0.9954801797866821
205 1.2134743928909302
206 1.0338208675384521
207 1.1511510610580444
208 1.056584358215332
209 0.7091904878616333
210 0.9624019861221313
211 0.9571423530578613
212 1.0501059293746948
213 0.6961662173271179
214 0.8774943947792053
215 0.4270493984222412
216 0.9310949444770813
217 0.7700833082199097
218 0.6428132057189941
219 1.0412421226501465
220 1.1107031106948853
221 1.1717586517333984
222 1.367110252380371
223 0.8876513838768005
224 1.0308048725128174
225 0.840675950050354
226 0.6068423986434937
227 0.819870114326477
228 1.244644284248352
229 1.1057474613189697
230 1.174262523651123
231 0.9364368319511414
232 1.2120131254196167
233 1.145338535308838
234 0.5805585980415344
235 0.5308291912078857
236 0.7239624857902527
237 0.6610948443412781
238 0.8041737675666809
239 1.010743260383606
240 0.8072391748428345
241 0.4954988360404968
242 0.7196685075759888
243 0.6423305869102478
244 0.5329450964927673
245 0.9433566927909851
246 1.0371661186218262
247 0.8229315876960754
248 0.6273353695869446
249 0.22443102300167084
250 0.7097328901290894
251 0.8238237500190735
252 0.7785246968269348
253 0.906330943107605
254 0.6006886959075928
255 0.5489208698272705
256 0.8287346959114075
257 0.3606853187084198
258 0.5350099205970764
259 0.5273354053497314
260 0.628595232963562
261 0.4958706200122833
262 0.36332967877388
263 0.908800482749939
264 0.8404149413108826
265 0.9707480072975159
266 0.9752688407897949
267 1.088273286819458
268 1.1487596035003662
269 1.00653076171875
270 1.495592713356018
271 1.1640825271606445
272 0.8839611411094666
273 1.4985125064849854
274 1.3383923768997192
275 1.3856382369995117
276 1.3860015869140625
277 1.1793545484542847
278 0.8825896382331848
279 1.0146795511245728
280 1.143839955329895
281 1.322401523590088
282 0.7941620349884033
283 0.9725455641746521
284 0.7384740114212036
285 0.5915390849113464
286 0.8606147170066833
287 0.4458644390106201
288 0.6423107981681824
289 0.8646407127380371
290 1.6219007968902588
291 0.9811803102493286
292 0.7593279480934143
293 1.1782808303833008
294 0.47973209619522095
295 0.6036445498466492
296 0.8485024571418762
297 0.7054876089096069
298 0.348025381565094
299 0.3809087574481964
300 0.834991455078125
301 1.2983238697052002
302 0.7964856624603271
303 0.7147822976112366
304 0.8793681263923645
305 1.1290388107299805
306 1.093492031097412
307 0.3791762590408325
308 1.1308361291885376
309 0.7399857044219971
310 0.8792881965637207
311 0.4758942425251007
312 0.6543635725975037
313 0.6891139149665833
314 0.6318717002868652
315 0.5204360485076904
316 0.545771062374115
317 0.9308238625526428
318 0.6531522274017334
319 0.7084164619445801
320 0.4006411135196686
321 0.6478849649429321
322 0.7336246371269226
323 0.7766253352165222
324 0.8431096076965332
325 0.5464780330657959
326 1.0558795928955078
327 0.6361462473869324
328 0.9329277873039246
329 0.8497140407562256
330 0.8578826189041138
331 0.9927682876586914
332 1.2532849311828613
333 0.7336114645004272
334 0.8861271142959595
335 0.7338486909866333
336 1.0608502626419067
337 0.5290053486824036
338 0.6933202147483826
339 1.3904157876968384
340 0.7714054584503174
341 0.8457010984420776
342 0.7828475832939148
343 0.8020621538162231
344 0.7629920840263367
345 0.7480476498603821
346 1.0518208742141724
347 0.4896087348461151
348 0.6247208118438721
349 0.8831740021705627
350 0.5263633131980896
351 0.5696634650230408
352 0.8677703142166138
353 1.0875575542449951
354 0.8676525950431824
355 0.9423357248306274
356 0.7517248392105103
357 0.7855752110481262
358 0.9255266785621643
359 0.5537779927253723
360 0.5421862006187439
361 0.6703600883483887
362 0.9706019163131714
363 1.0848771333694458
364 0.9208651185035706
365 1.0104445219039917
366 0.6368178129196167
367 1.2739951610565186
368 1.152422547340393
369 0.7360448837280273
370 0.596880316734314
371 0.598760187625885
372 1.0654724836349487
373 0.452594131231308
374 0.41798561811447144
375 0.774229884147644
376 0.8826805353164673
377 0.7130025029182434
378 0.6676296591758728
379 0.96465665102005
380 0.8704617023468018
381 0.8699524998664856
382 1.0335009098052979
383 1.117872714996338
384 1.191462755203247
385 1.6934387683868408
386 0.5130462050437927
387 0.5313946008682251
388 0.596246063709259
389 0.36230021715164185
390 0.726393461227417
391 0.6565698981285095
392 0.9939906001091003
393 0.7758643627166748
394 0.8931087255477905
395 1.033316731452942
396 1.3729392290115356
397 0.7877697348594666
398 0.7337263226509094
399 1.1102594137191772
400 0.7276615500450134
401 0.461029976606369
402 1.1275629997253418
403 1.0721014738082886
404 0.8693279027938843
405 0.7477958798408508
406 0.8852763772010803
407 0.5533502697944641
408 0.6295726895332336
409 0.5313209295272827
410 0.4104934632778168
411 0.47857481241226196
412 0.6688339710235596
413 0.6071035265922546
414 0.6422541737556458
415 0.8316963911056519
416 1.0077489614486694
417 0.7930593490600586
418 1.0022064447402954
419 0.780748724937439
420 0.928759753704071
421 0.6266958713531494
422 0.8225246071815491
423 1.1727936267852783
424 0.86216801404953
425 0.509143054485321
426 1.0178799629211426
427 0.8020989298820496
428 0.9177215099334717
429 0.6105070114135742
430 0.7344292402267456
431 0.8068106174468994
432 0.7537587881088257
433 0.8067479729652405
434 1.1851587295532227
435 0.6923888921737671
436 0.7102130055427551
437 0.5596045255661011
438 1.0399816036224365
439 0.9903962016105652
440 0.6304029226303101
441 0.7927228212356567
442 1.112895131111145
443 0.850406289100647
444 0.666632354259491
445 0.5564589500427246
446 0.7127338647842407
447 0.7640775442123413
448 0.5445075631141663
449 0.35465744137763977
450 0.8853432536125183
451 0.8430229425430298
452 0.7428700923919678
453 0.8293765187263489
454 0.6733971834182739
455 0.40710556507110596
456 0.49120208621025085
457 0.4246821999549866
458 0.7442425489425659
459 0.8840850591659546
460 0.5670813322067261
461 0.3674365282058716
462 0.3770581781864166
463 0.47278720140457153
464 0.5303930044174194
465 0.7188935279846191
466 0.4889155924320221
467 0.6047812700271606
468 0.5471831560134888
469 0.7612388730049133
470 0.6523656845092773
471 1.0051522254943848
472 0.8432660102844238
473 0.7307106256484985
474 0.707406759262085
475 0.7253648638725281
476 1.1768314838409424
477 0.8649951219558716
478 0.5653152465820313
479 0.6837718486785889
480 0.31271857023239136
481 0.3970882296562195
482 0.914663553237915
483 0.4998208284378052
484 0.526188313961029
485 0.7070260643959045
486 0.8519653081893921
487 0.7426441311836243
488 0.7116802930831909
489 0.8461628556251526
490 0.8840578198432922
491 0.9661526679992676
492 0.9533382058143616
493 0.5021408200263977
494 0.6263121962547302
495 0.7230923771858215
496 0.6635132431983948
497 0.5944294929504395
498 0.4399479627609253
499 0.9255384802818298
500 0.7610996961593628
501 0.5585750937461853
502 0.7694582343101501
503 0.6551020741462708
504 0.6734625101089478
505 0.7352525591850281
506 0.7440581917762756
507 0.7018996477127075
508 1.026533842086792
509 0.47733357548713684
510 0.8492915630340576
511 0.774995744228363
512 0.6724917888641357
513 0.606684148311615
514 0.7764228582382202
515 0.4382576644420624
516 0.9076575040817261
517 0.6077194809913635
518 0.43760013580322266
519 0.5595068335533142
520 0.42527055740356445
521 0.6179986596107483
522 0.6033018827438354
523 0.5656481981277466
524 0.5450369715690613
525 0.7654566168785095
526 0.5612387657165527
527 0.5844419598579407
528 0.7240904569625854
529 0.8083548545837402
530 0.5728508830070496
531 0.7454226016998291
532 0.6157970428466797
533 0.9115965366363525
534 1.0835292339324951
535 0.5222958326339722
536 0.8324531316757202
537 0.9425316452980042
538 0.8097127676010132
539 0.7268069982528687
540 0.8377835154533386
541 1.1645065546035767
542 0.8446958661079407
543 0.9246785640716553
544 1.0541725158691406
545 1.0686471462249756
546 0.6829676628112793
547 0.7323155403137207
548 0.5191296339035034
549 1.1488138437271118
550 1.0427064895629883
551 0.7983173727989197
552 1.1666333675384521
553 1.0695446729660034
554 0.7806910872459412
555 0.8896737098693848
556 0.6029120087623596
557 0.8312922716140747
558 0.6127204298973083
559 0.6567965745925903
560 1.091415524482727
561 0.8657102584838867
562 0.685448169708252
563 0.5994940996170044
564 0.7352679371833801
565 1.090401530265808
566 1.3132315874099731
567 0.6522752046585083
568 0.6138838529586792
569 0.7601251602172852
570 0.7442743182182312
571 0.7160337567329407
572 0.607563853263855
573 0.4646765887737274
574 0.6815085411071777
575 0.8239279389381409
576 0.7370722889900208
577 0.6001783609390259
578 0.9459565281867981
579 0.9113686680793762
580 0.9628635048866272
581 0.8320034742355347
582 0.7968858480453491
583 0.5023577213287354
584 0.7272451519966125
585 0.43121233582496643
586 0.6097363829612732
587 0.5413069128990173
588 1.0639985799789429
589 0.817120373249054
590 0.6560494303703308
591 0.6259757280349731
592 0.5616618394851685
593 0.7823606133460999
594 1.0064668655395508
595 0.6273142099380493
596 0.8792930841445923
597 1.0161596536636353
598 1.0865651369094849
599 0.97824627161026
600 0.7751129865646362
601 0.5499743223190308
602 0.5401861667633057
603 0.9199653267860413
604 0.655093789100647
605 0.7464632391929626
606 0.7744362950325012
607 0.6092972159385681
608 0.251386433839798
609 0.43758395314216614
610 1.0038491487503052
611 0.8863005638122559
612 1.073998212814331
613 0.7023255228996277
614 0.7656019330024719
615 0.573289692401886
616 0.6237626075744629
617 0.3958877921104431
618 0.8373637795448303
619 0.7908232808113098
620 1.0240297317504883
621 0.6437821984291077
622 0.6821792721748352
623 0.4643253684043884
624 1.1101020574569702
625 0.6800045967102051
626 0.5345029234886169
627 0.6478427052497864
628 0.9578791260719299
629 0.7290703058242798
630 0.7989262342453003
631 0.9689326286315918
632 1.477251648902893
633 1.0875704288482666
634 1.0480343103408813
635 1.1607632637023926
636 1.4728162288665771
637 0.8065117597579956
638 0.8415400385856628
639 1.1513421535491943
640 1.1642028093338013
641 0.8404922485351563
642 0.8984737992286682
643 1.1916693449020386
644 0.9130174517631531
645 0.5720197558403015
646 0.7871474027633667
647 1.127265453338623
648 1.0071320533752441
649 1.1432428359985352
650 1.1073904037475586
651 0.5708458423614502
652 1.0444519519805908
653 0.6916142702102661
654 1.1557170152664185
655 1.0752089023590088
656 1.0226880311965942
657 1.6459795236587524
658 1.2977889776229858
659 1.334350347518921
660 1.2590336799621582
661 1.6909605264663696
662 1.677112340927124
663 2.009404182434082
664 1.730202555656433
665 1.2961206436157227
666 1.1845186948776245
667 0.5516313910484314
668 0.5121192336082458
669 0.3691350817680359
670 0.5085210800170898
671 0.5172452926635742
672 0.3541094660758972
673 0.6075299978256226
674 0.2220434695482254
675 1.48930823802948
676 1.6919095516204834
677 1.4517931938171387
678 1.1405357122421265
679 1.0542213916778564
680 1.1241483688354492
681 0.6094054579734802
682 1.2463895082473755
683 1.4475116729736328
684 1.4637444019317627
685 1.948024034500122
686 1.8769065141677856
687 2.1382243633270264
688 2.379328727722168
689 2.2547409534454346
690 2.2704200744628906
691 2.2939627170562744
692 2.1940317153930664
693 1.8972715139389038
694 2.2168142795562744
695 2.0688424110412598
696 1.8384499549865723
697 1.5575613975524902
698 1.68226158618927
699 1.6600830554962158
700 1.7187420129776
701 1.8282026052474976
702 1.6160979270935059
703 1.8126903772354126
704 1.5597907304763794
705 1.606175422668457
706 1.6306220293045044
707 1.6088582277297974
708 1.8280678987503052
709 1.744519829750061
710 2.0130362510681152
711 1.9161856174468994
712 1.9023687839508057
713 1.6927474737167358
714 2.2131264209747314
715 1.8803248405456543
716 1.9077101945877075
717 1.2280149459838867
718 0.9031119346618652
719 1.0745398998260498
720 0.832746684551239
721 0.8631477355957031
722 0.6811772584915161
723 0.8671074509620667
724 0.8962146043777466
725 1.039665699005127
726 0.49578189849853516
727 0.6778637170791626
728 0.8261609077453613
729 0.7759325504302979
730 1.1091363430023193
731 1.0394657850265503
732 1.6264419555664063
733 1.32164466381073
734 1.184005856513977
735 1.2856241464614868
736 1.0640760660171509
737 1.8422460556030273
738 1.536666989326477
739 0.9662542939186096
740 1.718680500984192
741 0.7850682735443115
742 1.233351707458496
743 0.9127364158630371
744 1.2304003238677979
745 1.4704152345657349
746 1.299263596534729
747 1.2832856178283691
748 1.4587465524673462
749 1.145642876625061
750 1.2158766984939575
751 1.247778058052063
752 1.7867757081985474
753 1.6405655145645142
754 1.0764167308807373
755 1.4032551050186157
756 1.6675999164581299
757 1.7918845415115356
758 1.6219909191131592
759 1.7386060953140259
760 1.5067520141601563
761 1.3867131471633911
762 1.2193644046783447
763 1.8074157238006592
764 1.8599108457565308
765 1.6299766302108765
766 1.8652695417404175
767 2.0197837352752686
768 1.8037768602371216
769 1.7049124240875244
770 1.5917596817016602
771 1.5581575632095337
772 1.7042858600616455
773 1.4729299545288086
774 1.8699711561203003
775 1.460114598274231
776 1.5543798208236694
777 1.3599146604537964
778 1.696032166481018
779 1.4753226041793823
780 1.3914278745651245
781 2.093137264251709
782 1.8171201944351196
783 1.4890402555465698
784 1.3440734148025513
785 2.045475482940674
786 1.7971450090408325
787 1.6833600997924805
788 1.4511384963989258
789 1.4987657070159912
790 1.7359317541122437
791 1.492792010307312
792 1.0925121307373047
793 0.9938779473304749
794 1.3261812925338745
795 1.4605183601379395
796 1.879170298576355
797 1.3653465509414673
798 1.0045384168624878
799 1.3924793004989624
800 1.6068732738494873
801 1.9155125617980957
802 1.437607765197754
803 1.5751374959945679
804 1.5212403535842896
805 1.555325984954834
806 1.3173784017562866
807 1.4162743091583252
808 1.1945053339004517
809 1.7156964540481567
810 0.906851589679718
811 1.1421321630477905
812 1.470709204673767
813 0.9295337200164795
814 1.3957417011260986
815 1.0214773416519165
816 1.3619496822357178
817 1.274046540260315
818 1.342121958732605
819 1.2938289642333984
820 1.2586616277694702
821 1.4014513492584229
822 1.4967700242996216
823 1.5569969415664673
824 1.1492432355880737
825 1.4620680809020996
826 1.2450774908065796
827 1.359184741973877
828 1.4879289865493774
829 1.886085033416748
830 2.667074680328369
831 2.310593366622925
832 2.1934733390808105
833 1.7526034116744995
834 1.3606895208358765
835 1.432100534439087
836 1.430086374282837
837 1.1330400705337524
838 1.2942314147949219
839 1.5351104736328125
840 1.3570750951766968
841 1.1376551389694214
842 1.5140342712402344
843 1.6112644672393799
844 1.4310970306396484
845 1.5942413806915283
846 1.5687305927276611
847 1.0711783170700073
848 1.0531456470489502
849 1.5590764284133911
850 1.4502521753311157
851 1.709299087524414
852 1.399230718612671
853 1.7012829780578613
854 1.8634123802185059
855 1.4634578227996826
856 1.5506011247634888
857 0.9450446367263794
858 1.1742465496063232
859 1.76558256149292
860 0.9976440072059631
861 1.686169981956482
862 1.4972423315048218
863 1.4259307384490967
864 0.6211987137794495
865 1.1720468997955322
866 1.9941558837890625
867 1.1917600631713867
868 1.053844690322876
869 1.177214503288269
870 1.241410255432129
871 0.9966899752616882
872 1.400450587272644
873 1.2923945188522339
874 1.103506088256836
875 1.6249037981033325
876 0.862819254398346
877 0.706950843334198
878 1.6378768682479858
879 1.4100871086120605
880 1.4086366891860962
881 1.6705243587493896
882 1.956299901008606
883 1.545762062072754
884 1.6442594528198242
885 1.482088327407837
886 1.6534184217453003
887 1.646722435951233
888 1.4906197786331177
889 1.1954089403152466
890 1.7639515399932861
891 1.5865757465362549
892 1.6035146713256836
893 1.5076608657836914
894 1.8110798597335815
895 1.5395302772521973
896 1.9881476163864136
897 1.8776553869247437
898 1.5358281135559082
899 1.5167536735534668
900 1.5215730667114258
901 1.9989148378372192
902 1.7044154405593872
903 1.977799654006958
904 1.9186533689498901
905 1.871490716934204
906 1.9891479015350342
907 1.8162747621536255
908 1.8225346803665161
909 1.8873969316482544
910 1.8164732456207275
911 1.8184646368026733
912 2.0759923458099365
913 1.8923451900482178
914 1.1095064878463745
915 2.0339202880859375
916 0.8580653071403503
917 1.5389387607574463
918 2.143218755722046
919 1.4508073329925537
920 1.2456344366073608
921 1.2545994520187378
922 1.1886696815490723
923 1.0203616619110107
924 1.1204105615615845
925 1.306899070739746
926 1.7908670902252197
927 1.044582486152649
928 0.857577383518219
929 1.3403924703598022
930 1.8506379127502441
931 1.4783047437667847
932 1.976051926612854
933 1.2102681398391724
934 1.4146137237548828
935 1.5911861658096313
936 1.6278666257858276
937 1.4785999059677124
938 0.9644860029220581
939 1.059267520904541
940 1.0715802907943726
941 1.411583423614502
942 1.5559632778167725
943 1.6168264150619507
944 1.273462176322937
945 1.4413820505142212
946 1.022323489189148
947 1.2875678539276123
948 1.249011754989624
949 1.2398521900177002
950 1.1803596019744873
951 1.3723350763320923
952 0.7810380458831787
953 1.5734765529632568
954 1.3961998224258423
955 1.494962453842163
956 1.097459077835083
957 0.7917781472206116
958 1.5012757778167725
959 1.6390196084976196
960 1.4537055492401123
961 1.4954354763031006
962 1.0618842840194702
963 0.8812170624732971
964 1.167480707168579
965 1.3863182067871094
966 1.441713809967041
967 0.8565948009490967
968 1.1292389631271362
969 1.2403334379196167
970 0.8282772898674011
971 1.4639924764633179
972 1.3055421113967896
973 2.098506450653076
974 2.0399487018585205
975 1.9600660800933838
976 1.334672451019287
977 1.403308629989624
978 0.9549789428710938
979 0.7624828815460205
980 1.3606359958648682
981 0.7832309603691101
982 1.5585554838180542
983 1.547635793685913
984 0.8200905323028564
985 0.9184101223945618
986 1.0028131008148193
987 1.2350162267684937
988 1.2429254055023193
989 0.7901684641838074
990 1.1123721599578857
991 0.5932386517524719
992 1.0654257535934448
993 1.1393855810165405
994 0.9538519382476807
995 1.1544091701507568
996 0.9841291308403015
997 0.9244580864906311
998 1.1418379545211792
999 0.516818106174469
1000 1.025941014289856
1001 1.0718839168548584
1002 1.047836422920227
1003 0.9470776319503784
1004 0.7248765230178833
1005 1.0029709339141846
1006 1.04764723777771
1007 1.0872609615325928
1008 0.36539289355278015
1009 0.7753095030784607
1010 0.9879950284957886
1011 0.9155270457267761
1012 0.7368617653846741
1013 0.7249760031700134
1014 0.7521048188209534
1015 1.1786223649978638
1016 0.9736781716346741
1017 1.1612313985824585
1018 1.1124584674835205
1019 0.8008198142051697
1020 0.8642827868461609
1021 0.8307772278785706
1022 0.6887239217758179
1023 0.7679736018180847
1024 0.7669198513031006
1025 0.40195831656455994
1026 0.8441967368125916
1027 0.6669919490814209
1028 0.7413225173950195
1029 0.70406174659729
1030 0.6024531126022339
1031 0.8199189901351929
1032 0.6478080749511719
1033 0.6453201174736023
1034 1.0347176790237427
1035 0.6550129055976868
1036 0.4080331325531006
1037 1.0284475088119507
1038 0.5248352289199829
1039 0.5613528490066528
1040 1.0010571479797363
1041 0.8977169394493103
1042 1.0254744291305542
1043 0.9215348958969116
1044 1.0339568853378296
1045 1.479154348373413
1046 0.8631029725074768
1047 0.5773825645446777
1048 1.1903992891311646
1049 0.8679677248001099
1050 0.8947741389274597
1051 1.246951699256897
1052 0.8248493075370789
1053 1.300898551940918
1054 0.9663751721382141
1055 0.9533846974372864
1056 1.0301263332366943
1057 1.1475669145584106
1058 1.2054027318954468
1059 1.6343042850494385
1060 1.6456105709075928
1061 1.485688328742981
1062 1.4297516345977783
1063 1.987312912940979
1064 1.6886900663375854
1065 1.5462861061096191
1066 1.5447778701782227
1067 1.78309965133667
1068 1.921576738357544
1069 1.8262094259262085
1070 1.718147873878479
1071 1.8241838216781616
1072 1.8978607654571533
1073 1.5796656608581543
1074 1.5731861591339111
1075 1.6581560373306274
1076 1.7002460956573486
1077 1.6031479835510254
1078 1.5509412288665771
1079 1.6745895147323608
1080 1.8955543041229248
1081 1.8346904516220093
1082 1.7409676313400269
1083 1.5442790985107422
1084 1.9554988145828247
1085 1.5173615217208862
1086 1.8827147483825684
1087 1.6442017555236816
1088 1.8172552585601807
1089 2.088651418685913
1090 1.6280863285064697
1091 1.6236677169799805
1092 1.7620511054992676
1093 1.6610323190689087
1094 1.626761555671692
1095 1.6395972967147827
1096 1.577919363975525
1097 1.5604281425476074
1098 1.8148695230484009
1099 1.649857997894287
1100 1.6212687492370605
1101 1.6547644138336182
1102 1.859938383102417
1103 1.62350332736969
1104 1.5646284818649292
1105 1.5471525192260742
1106 1.7014427185058594
1107 1.5936906337738037
1108 1.6492937803268433
1109 1.7235503196716309
1110 1.6477960348129272
1111 1.6568256616592407
1112 1.6112812757492065
1113 1.592586874961853
1114 1.6380739212036133
1115 1.5670363903045654
1116 1.7913501262664795
1117 1.819960117340088
1118 1.623809576034546
1119 1.7014862298965454
1120 1.9280503988265991
1121 1.7712472677230835
1122 1.7905373573303223
1123 1.6294385194778442
1124 1.6233543157577515
1125 1.6383663415908813
1126 1.73582124710083
1127 1.8831754922866821
1128 1.576195240020752
1129 1.7377619743347168
1130 1.5618222951889038
1131 1.7571429014205933
1132 1.9473978281021118
1133 1.8302772045135498
1134 1.7161022424697876
1135 1.6998718976974487
1136 1.9503586292266846
1137 1.7562211751937866
1138 1.7598598003387451
1139 2.0162172317504883
1140 1.8817601203918457
1141 1.6786640882492065
1142 2.0648856163024902
1143 1.7900166511535645
1144 1.7118265628814697
1145 1.6886731386184692
1146 1.766983151435852
1147 2.006734609603882
1148 1.8959866762161255
1149 1.5105233192443848
1150 1.5666471719741821
1151 1.6326923370361328
1152 1.501903772354126
1153 1.5252232551574707
1154 1.6280510425567627
1155 1.9593054056167603
1156 1.6081161499023438
1157 1.6981431245803833
1158 1.5432970523834229
1159 1.612007737159729
1160 1.7104532718658447
1161 1.6745975017547607
1162 1.5976430177688599
1163 1.6280490159988403
1164 1.570242166519165
1165 1.662334680557251
1166 1.7512043714523315
1167 1.7634166479110718
1168 1.7532858848571777
1169 1.6401137113571167
1170 1.6474357843399048
1171 1.7053343057632446
1172 1.6072701215744019
1173 1.6181389093399048
1174 1.6040736436843872
1175 1.5498329401016235
1176 1.6132439374923706
1177 1.6568900346755981
1178 1.7621608972549438
1179 1.8292548656463623
1180 1.4939881563186646
1181 1.5159130096435547
1182 1.5923540592193604
1183 1.670478105545044
1184 1.5889780521392822
1185 1.8470892906188965
1186 1.5836066007614136
1187 1.5460731983184814
1188 1.5468577146530151
1189 1.5661702156066895
1190 1.5559885501861572
1191 1.852977991104126
1192 1.934232473373413
1193 1.6560003757476807
1194 1.7002731561660767
1195 1.7772433757781982
1196 1.592355489730835
1197 1.8463963270187378
1198 1.6828190088272095
1199 1.6132959127426147
1200 1.8871443271636963
1201 1.8289318084716797
1202 1.450543761253357
1203 1.5726182460784912
1204 1.6759238243103027
1205 1.7208360433578491
1206 1.6853716373443604
1207 1.7030109167099
1208 1.7106789350509644
1209 1.7012778520584106
1210 1.7153836488723755
1211 1.5159626007080078
1212 1.8001439571380615
1213 1.4859532117843628
1214 1.6926038265228271
1215 1.5160388946533203
1216 1.6854792833328247
1217 1.79542875289917
1218 1.6911275386810303
1219 1.542564034461975
1220 1.8357899188995361
1221 1.8718827962875366
1222 1.4477018117904663
1223 1.7878944873809814
1224 1.9151901006698608
1225 1.8570995330810547
1226 1.6451504230499268
1227 1.66822350025177
1228 2.012343168258667
1229 1.7444669008255005
1230 1.111633539199829
1231 1.0515153408050537
1232 0.9243671298027039
1233 1.1231019496917725
1234 0.5805739760398865
1235 1.0291748046875
1236 0.5942893624305725
1237 0.9645668268203735
1238 0.8184625506401062
1239 0.6301787495613098
1240 0.9901076555252075
1241 0.6052842736244202
1242 0.5969787240028381
1243 0.46601492166519165
1244 0.7708339095115662
1245 1.0347661972045898
1246 1.4685684442520142
1247 0.7482956051826477
1248 0.8634266257286072
1249 0.8486319184303284
1250 0.9794729948043823
1251 1.4390370845794678
1252 1.8536403179168701
1253 1.5611779689788818
1254 1.9708224534988403
1255 1.9158858060836792
1256 1.8655165433883667
1257 1.9000991582870483
1258 2.1660239696502686
1259 2.2305288314819336
1260 2.1494786739349365
1261 1.7848317623138428
1262 0.8875700235366821
1263 1.566277027130127
1264 0.8805769681930542
1265 0.9220280051231384
1266 0.910907506942749
1267 0.9553930759429932
1268 0.7753093838691711
1269 0.5629715919494629
1270 0.8627374768257141
1271 1.0478206872940063
1272 1.6680006980895996
1273 1.7876691818237305
1274 1.7303526401519775
1275 1.660670518875122
1276 1.6402331590652466
1277 1.665555477142334
1278 1.6516064405441284
1279 1.5247600078582764
1280 1.3135666847229004
1281 0.6360562443733215
1282 1.483089804649353
1283 0.8489691615104675
1284 1.2172297239303589
1285 0.6799262166023254
1286 1.028964638710022
1287 0.9464698433876038
1288 0.8700533509254456
1289 1.1282371282577515
1290 1.0225889682769775
1291 1.106954574584961
1292 0.8283998370170593
1293 1.348455786705017
1294 1.0259308815002441
1295 1.339576005935669
1296 1.2414915561676025
1297 1.4599629640579224
1298 1.5010223388671875
1299 1.623496651649475
1300 1.5330368280410767
1301 1.2828975915908813
1302 1.4226617813110352
1303 1.8022030591964722
1304 1.5023432970046997
1305 1.7634611129760742
1306 1.3595006465911865
1307 0.9741700291633606
1308 0.44093057513237
1309 0.7272135019302368
1310 0.9295026659965515
1311 1.3336551189422607
1312 0.8704402446746826
1313 1.236594319343567
1314 1.1597542762756348
1315 1.2680870294570923
1316 1.033373236656189
1317 1.0192865133285522
1318 1.2233693599700928
1319 1.2834372520446777
1320 0.8023109436035156
1321 1.0169625282287598
1322 0.9699243307113647
1323 1.1958311796188354
1324 1.072461485862732
1325 0.6012325286865234
1326 1.1338456869125366
1327 0.2780981659889221
1328 0.6634396314620972
1329 0.7326745986938477
1330 0.6763858795166016
1331 0.9102146625518799
1332 0.7650921940803528
1333 1.0974326133728027
1334 1.1395238637924194
1335 0.7668258547782898
1336 1.4034478664398193
1337 0.9052253365516663
1338 1.1087244749069214
1339 1.0062737464904785
1340 1.2510377168655396
1341 1.1179176568984985
1342 1.0454797744750977
1343 0.8477995991706848
1344 0.759287416934967
1345 0.8511634469032288
1346 1.000114917755127
1347 1.10834801197052
1348 0.9752283692359924
1349 0.5837938785552979
1350 0.9434428215026855
1351 0.9480152726173401
1352 1.0877124071121216
1353 1.5778154134750366
1354 1.4630292654037476
1355 1.1217416524887085
1356 1.0858739614486694
1357 0.9745391607284546
1358 0.8409910202026367
1359 0.7668614983558655
1360 0.8058174848556519
1361 0.9447150826454163
1362 1.2718636989593506
1363 0.7704660892486572
1364 1.1874802112579346
1365 0.652174711227417
1366 1.1399844884872437
1367 0.923007071018219
1368 1.2197753190994263
1369 1.3298894166946411
1370 0.6061597466468811
1371 0.6275840997695923
1372 0.9023256301879883
1373 1.105852484703064
1374 0.6500586867332458
1375 0.8088971376419067
1376 0.5781247615814209
1377 0.7429693341255188
1378 0.8906419277191162
1379 0.9794991612434387
1380 0.8763760328292847
1381 0.9671699404716492
1382 1.1719512939453125
1383 0.9217584133148193
1384 1.141021728515625
1385 1.0199978351593018
1386 1.0432207584381104
1387 1.0303009748458862
1388 1.3288826942443848
1389 1.6562448740005493
1390 0.8794564008712769
1391 1.1267833709716797
1392 1.0347281694412231
1393 1.1053462028503418
1394 1.2921521663665771
1395 0.9558303952217102
1396 1.222527265548706
1397 0.37419623136520386
1398 0.8459944128990173
1399 0.5432695150375366
1400 0.6729578375816345
1401 0.6616659760475159
1402 1.0836477279663086
1403 0.786024808883667
1404 0.630420446395874
1405 0.8807064294815063
1406 0.7977293133735657
1407 0.8904421925544739
1408 0.9340642094612122
1409 1.0963726043701172
1410 1.0196702480316162
1411 0.9407942891120911
1412 0.5766808986663818
1413 1.288375735282898
1414 0.9705079197883606
1415 0.6835711598396301
1416 1.1467373371124268
1417 1.1652905941009521
1418 1.4569586515426636
1419 0.6653712391853333
1420 0.70344477891922
1421 0.5220506191253662
1422 1.027933120727539
1423 1.4413918256759644
1424 0.8534038662910461
1425 0.8032914400100708
1426 0.6945714354515076
1427 1.6467530727386475
1428 1.2507209777832031
1429 0.8545793294906616
1430 1.072405219078064
1431 0.9748781323432922
1432 1.5122402906417847
1433 1.0452991724014282
1434 1.4008554220199585
1435 2.0028369426727295
1436 1.9136276245117188
1437 2.215625047683716
1438 1.6389319896697998
1439 1.7525883913040161
1440 2.132385492324829
1441 2.215773344039917
1442 2.22446608543396
1443 1.9197810888290405
1444 1.8926522731781006
1445 1.7629382610321045
1446 1.9226876497268677
1447 2.1023309230804443
1448 1.9185256958007813
1449 2.033195972442627
1450 1.9233986139297485
1451 2.13529109954834
1452 1.9517208337783813
1453 2.057995080947876
1454 1.737130045890808
1455 1.7598516941070557
1456 1.8087061643600464
1457 2.0036394596099854
1458 2.1555075645446777
1459 1.9468398094177246
1460 2.1364734172821045
1461 2.064772844314575
1462 1.9359318017959595
1463 2.015200614929199
1464 1.7717851400375366
1465 1.4394525289535522
1466 1.0680941343307495
1467 1.1161768436431885
1468 1.643333911895752
1469 1.1198068857192993
1470 1.2996761798858643
1471 1.035629153251648
1472 1.0414296388626099
1473 0.7201893925666809
1474 1.305841088294983
1475 2.0181455612182617
1476 1.5693490505218506
1477 0.8283013105392456
1478 1.5032179355621338
1479 1.5270662307739258
1480 1.303909182548523
1481 2.0460851192474365
1482 1.571009874343872
1483 1.5439449548721313
1484 1.1378532648086548
1485 1.0740940570831299
1486 1.4584852457046509
1487 1.51578950881958
1488 1.2488679885864258
1489 1.6216944456100464
1490 1.292796015739441
1491 1.2864038944244385
1492 1.2506060600280762
1493 1.5168153047561646
1494 1.9344608783721924
1495 2.038410186767578
1496 0.8410127758979797
1497 1.0395617485046387
1498 1.1149097681045532
1499 0.851352870464325
1500 1.1101683378219604
1501 0.7347607016563416
1502 0.8772022724151611
1503 1.1424323320388794
1504 1.1806005239486694
1505 1.0293681621551514
1506 1.0608489513397217
1507 1.319449782371521
1508 0.7598379254341125
1509 1.220245122909546
1510 0.9153960943222046
1511 1.2177194356918335
1512 0.9625616669654846
1513 1.1915643215179443
1514 1.254488229751587
1515 1.49951171875
1516 1.2698003053665161
1517 1.242464542388916
1518 1.1582121849060059
1519 1.3189557790756226
1520 1.749536156654358
1521 1.5869994163513184
1522 1.6146905422210693
1523 1.6358437538146973
1524 1.5912551879882813
1525 1.667736291885376
1526 1.5607562065124512
1527 1.592470645904541
1528 1.7011444568634033
1529 1.7892569303512573
1530 1.770527720451355
1531 1.7329870462417603
1532 1.6763088703155518
1533 1.897019386291504
1534 1.9045096635818481
1535 1.7857364416122437
1536 1.4900453090667725
1537 1.610975742340088
1538 1.5449174642562866
1539 1.7149869203567505
1540 1.7819979190826416
1541 1.6924362182617188
1542 1.574028491973877
1543 1.7824721336364746
1544 1.6896485090255737
1545 1.5361981391906738
1546 1.4733630418777466
1547 1.7285332679748535
1548 1.582924246788025
1549 1.7644027471542358
1550 1.5165374279022217
1551 1.6541450023651123
1552 1.5534794330596924
1553 1.4419642686843872
1554 1.4756401777267456
1555 1.3700722455978394
1556 1.642448902130127
1557 1.5475918054580688
1558 1.4861620664596558
1559 1.6193172931671143
1560 1.7986321449279785
1561 1.5805268287658691
1562 1.64452064037323
1563 1.5448813438415527
1564 1.7792305946350098
1565 1.6639670133590698
1566 1.6529651880264282
1567 1.8996238708496094
1568 1.8872349262237549
1569 1.7406892776489258
1570 1.534314751625061
1571 1.5390762090682983
1572 1.838126301765442
1573 1.6146821975708008
1574 1.9826232194900513
1575 1.5184664726257324
1576 1.5270302295684814
1577 1.7731366157531738
1578 1.860047698020935
1579 1.5777604579925537
1580 1.5700713396072388
1581 1.5852177143096924
1582 1.6142313480377197
1583 1.6699551343917847
1584 1.6584025621414185
1585 1.3514580726623535
1586 1.6048955917358398
1587 1.547012209892273
1588 1.5574088096618652
1589 1.5991660356521606
1590 1.5484834909439087
1591 1.8659825325012207
1592 1.738470196723938
1593 1.5596036911010742
1594 1.4688359498977661
1595 1.6057562828063965
1596 1.4680469036102295
1597 1.7391661405563354
1598 1.5372591018676758
1599 1.5540106296539307
1600 1.4416636228561401
1601 1.5645064115524292
1602 1.8367315530776978
1603 1.6500600576400757
1604 1.8570133447647095
1605 2.0024425983428955
1606 1.669039011001587
1607 1.4558627605438232
1608 1.9201982021331787
1609 1.5604941844940186
1610 1.6050395965576172
1611 1.8829535245895386
1612 1.5321979522705078
1613 1.4417366981506348
1614 1.6106433868408203
1615 1.6735268831253052
1616 2.0691826343536377
1617 1.6867096424102783
1618 1.885353446006775
1619 2.066272497177124
1620 1.7577358484268188
1621 1.759963035583496
1622 1.572300910949707
1623 1.331827998161316
1624 1.4396793842315674
1625 1.4982659816741943
1626 1.0423450469970703
1627 1.458124041557312
1628 1.7897934913635254
1629 1.8436487913131714
1630 1.2715386152267456
1631 1.2429333925247192
1632 1.2542532682418823
1633 1.5668199062347412
1634 1.4500985145568848
1635 1.7004796266555786
1636 1.2604777812957764
1637 1.220163106918335
1638 1.2640775442123413
1639 1.428318977355957
1640 1.588172197341919
1641 1.2995866537094116
1642 1.6622117757797241
1643 1.334942102432251
1644 1.4909520149230957
1645 1.1638292074203491
1646 1.2487105131149292
1647 1.0501154661178589
1648 0.9190313220024109
1649 0.8377388119697571
1650 1.3376187086105347
1651 0.8239008784294128
1652 1.31064772605896
1653 1.9119222164154053
1654 1.6609529256820679
1655 1.6425566673278809
1656 1.4908432960510254
1657 1.393090844154358
1658 1.4793792963027954
1659 1.4590400457382202
1660 1.139258861541748
1661 1.1800963878631592
1662 1.0873332023620605
1663 1.5447882413864136
1664 1.2668919563293457
1665 1.2002092599868774
1666 1.0387336015701294
1667 0.6707589030265808
1668 0.9935649037361145
1669 1.538230299949646
1670 1.0542218685150146
1671 1.2575337886810303
1672 0.9999287128448486
1673 0.8499677777290344
1674 1.0271950960159302
1675 0.9135006070137024
1676 0.9194098114967346
1677 1.0176664590835571
1678 1.5026576519012451
1679 1.3093225955963135
1680 1.0558608770370483
1681 1.5656766891479492
1682 1.2309943437576294
1683 1.264563798904419
1684 1.5934832096099854
1685 1.03360116481781
1686 1.3423267602920532
1687 0.9464752078056335
1688 1.091841697692871
1689 1.1883891820907593
1690 1.058017611503601
1691 1.2113220691680908
1692 1.6285234689712524
1693 2.0089333057403564
1694 1.8763923645019531
1695 1.5705820322036743
1696 1.3974580764770508
1697 1.3930693864822388
1698 1.3360631465911865
1699 1.0409352779388428
1700 1.2443346977233887
1701 1.1216505765914917
1702 1.4745173454284668
1703 1.1674928665161133
1704 1.7761577367782593
1705 1.3649252653121948
1706 1.173021674156189
1707 2.0835657119750977
1708 1.526089072227478
1709 1.4173929691314697
1710 1.683653473854065
1711 1.5890239477157593
1712 1.0279954671859741
1713 1.1032145023345947
1714 1.2853060960769653
1715 1.4793825149536133
1716 1.319367527961731
1717 1.3793213367462158
1718 1.1649678945541382
1719 0.8076817393302917
1720 1.1672987937927246
1721 0.8991628885269165
1722 1.4081124067306519
1723 0.8171204924583435
1724 0.9717363715171814
1725 1.2240512371063232
1726 1.59934401512146
1727 1.4703415632247925
1728 1.4553346633911133
1729 1.346132755279541
1730 1.66123366355896
1731 1.702201247215271
1732 0.8716460466384888
1733 1.1483635902404785
1734 1.3527193069458008
1735 1.0857627391815186
1736 1.4962577819824219
1737 1.5258450508117676
1738 1.5257302522659302
1739 1.3873417377471924
1740 0.915912926197052
1741 1.1941568851470947
1742 1.104793667793274
1743 1.404191017150879
1744 1.241965413093567
1745 1.265650749206543
1746 0.8225954174995422
1747 1.063358187675476
1748 1.0106735229492188
1749 1.5710675716400146
1750 1.0961207151412964
1751 1.2798213958740234
1752 0.7048742175102234
1753 1.2844494581222534
1754 1.272937297821045
1755 1.4798219203948975
1756 0.9425544142723083
1757 1.2493165731430054
1758 1.3226444721221924
1759 0.8220294117927551
1760 1.2938382625579834
1761 0.8523399829864502
1762 1.426906943321228
1763 1.2509983777999878
1764 1.1632879972457886
1765 0.9126548171043396
1766 0.8604910969734192
1767 1.4921526908874512
1768 1.2554668188095093
1769 1.3731311559677124
1770 1.499600887298584
1771 1.7414836883544922
1772 1.7645913362503052
1773 1.7202985286712646
1774 1.8246995210647583
1775 1.2470300197601318
1776 1.416861653327942
1777 1.6089723110198975
1778 1.1557973623275757
1779 1.3608336448669434
1780 1.0202935934066772
1781 1.1992887258529663
1782 1.4313113689422607
1783 1.3323218822479248
1784 1.2882336378097534
1785 1.050540566444397
1786 1.8053146600723267
1787 1.1660879850387573
1788 1.4242987632751465
1789 1.5273160934448242
1790 1.155454158782959
1791 1.4000974893569946
1792 0.9799290299415588
1793 1.3573650121688843
1794 1.9360800981521606
1795 1.5660812854766846
1796 1.607521653175354
1797 1.4503167867660522
1798 1.4669344425201416
1799 1.8889212608337402
1800 1.3871973752975464
1801 1.581457495689392
1802 1.7293752431869507
1803 1.880875825881958
1804 1.670872449874878
1805 1.4379055500030518
1806 2.1342082023620605
1807 1.718687653541565
1808 1.6963863372802734
1809 2.084782123565674
1810 1.6719368696212769
1811 1.7971751689910889
1812 1.6756352186203003
1813 1.8195101022720337
1814 1.695961594581604
1815 1.7886182069778442
1816 1.7450414896011353
1817 1.6370834112167358
1818 1.1997274160385132
1819 1.3949991464614868
1820 1.6720077991485596
1821 1.229405403137207
1822 1.8588379621505737
1823 2.0058212280273438
1824 1.5151476860046387
1825 1.6985530853271484
1826 1.2372640371322632
1827 0.9463611841201782
1828 0.9350880980491638
1829 1.2404112815856934
1830 1.0232495069503784
1831 1.4355478286743164
1832 1.570885419845581
1833 1.748326301574707
1834 1.8146159648895264
1835 2.2534658908843994
1836 2.3196942806243896
1837 2.228710174560547
1838 2.0418570041656494
1839 2.036900758743286
1840 1.9863911867141724
1841 1.9353405237197876
1842 1.9581178426742554
1843 1.7051975727081299
1844 1.7315289974212646
1845 1.3865176439285278
1846 1.2813270092010498
1847 1.2053807973861694
1848 1.2573288679122925
1849 1.9127483367919922
1850 1.719949722290039
1851 2.0695409774780273
1852 2.1715924739837646
1853 1.787726879119873
1854 1.743452787399292
1855 1.7338323593139648
1856 1.7228670120239258
1857 1.9038023948669434
1858 1.9779545068740845
1859 2.0989160537719727
1860 2.0751559734344482
1861 2.1564505100250244
1862 2.170253276824951
1863 1.6223632097244263
1864 1.9332621097564697
1865 1.858365774154663
1866 1.6545946598052979
1867 1.7914073467254639
1868 1.8650295734405518
1869 1.9131187200546265
1870 1.9925163984298706
1871 1.5858336687088013
1872 1.8714492321014404
1873 1.9247654676437378
1874 1.7714117765426636
1875 1.785507321357727
1876 1.7669693231582642
1877 1.718570351600647
1878 2.3268697261810303
1879 2.115032911300659
1880 1.8627684116363525
1881 1.954863429069519
1882 2.0968966484069824
1883 1.934245228767395
1884 1.859559178352356
1885 1.8136476278305054
1886 1.868796706199646
1887 1.7856565713882446
1888 2.0188093185424805
1889 2.204758405685425
1890 2.3898186683654785
1891 1.950510859489441
1892 1.889027714729309
1893 2.038769483566284
1894 2.1515190601348877
1895 2.2207980155944824
1896 2.7284910678863525
1897 2.4647364616394043
1898 1.3553236722946167
1899 1.555259346961975
1900 1.9685518741607666
1901 1.6928882598876953
1902 1.6834421157836914
1903 1.05519700050354
1904 1.338621735572815
1905 1.5635812282562256
1906 1.7957465648651123
1907 1.459299921989441
1908 2.377251386642456
1909 1.277307391166687
1910 1.9309096336364746
1911 1.2900433540344238
1912 1.1795564889907837
1913 1.142667293548584
1914 1.385441541671753
1915 1.0656092166900635
1916 1.269879937171936
1917 1.1386839151382446
1918 1.7186404466629028
1919 1.3873285055160522
1920 1.7419341802597046
1921 1.7451881170272827
1922 1.8499385118484497
1923 1.637378215789795
1924 1.6526949405670166
1925 1.469802975654602
1926 1.6561779975891113
1927 1.773094892501831
1928 1.9867703914642334
1929 1.6473783254623413
1930 1.6767674684524536
1931 1.8052654266357422
1932 1.9202557802200317
1933 1.781387209892273
1934 1.6746677160263062
1935 1.4498116970062256
1936 1.8059216737747192
1937 1.7316641807556152
1938 1.9254704713821411
1939 2.023169994354248
1940 2.088655948638916
1941 1.9919034242630005
1942 2.0762088298797607
1943 1.8741556406021118
1944 1.8886027336120605
1945 1.8197855949401855
1946 1.7029451131820679
1947 1.9905773401260376
1948 2.071577787399292
1949 1.5575602054595947
1950 1.6646820306777954
1951 1.7187976837158203
1952 1.6335387229919434
1953 1.6636383533477783
1954 1.5679187774658203
1955 1.5555636882781982
1956 1.4931614398956299
1957 1.7034858465194702
1958 1.4424595832824707
1959 1.529084324836731
1960 1.478581428527832
1961 1.4658032655715942
1962 1.672416090965271
1963 1.2363979816436768
1964 1.026064157485962
1965 1.0870661735534668
1966 1.0017060041427612
1967 1.2500288486480713
1968 1.8488417863845825
1969 1.683350682258606
1970 1.8096964359283447
1971 2.2323429584503174
1972 1.778930902481079
1973 1.9405804872512817
1974 1.6428632736206055
1975 1.1061840057373047
1976 1.1160401105880737
1977 1.299440860748291
1978 1.0490294694900513
1979 1.2986646890640259
1980 1.0189292430877686
1981 1.3084588050842285
1982 1.0472180843353271
1983 1.295731544494629
1984 1.1020618677139282
1985 1.3484981060028076
1986 1.2192561626434326
1987 1.373201608657837
1988 1.2865197658538818
1989 1.6478321552276611
1990 1.2804523706436157
1991 1.6755201816558838
1992 1.5353162288665771
1993 1.60161554813385
1994 1.7345430850982666
1995 1.753893494606018
1996 1.6474995613098145
1997 1.7036234140396118
1998 1.6944124698638916
1999 1.3912887573242188
