0 0.0
1 0.8734248280525208
2 0.6314723491668701
3 0.7823372483253479
4 0.7887325286865234
5 0.5852301716804504
6 0.6123907566070557
7 0.841539740562439
8 0.8452128767967224
9 0.583714485168457
10 0.7692609429359436
11 0.7136725187301636
12 0.3429732322692871
13 0.41903114318847656
14 0.5880508422851563
15 0.706409752368927
16 0.43199560046195984
17 0.923838198184967
18 0.6906986236572266
19 0.8826327919960022
20 0.43327805399894714
21 0.6634157299995422
22 0.6939855813980103
23 0.26800739765167236
24 0.7635641098022461
25 0.5802292227745056
26 0.44313743710517883
27 0.33933407068252563
28 1.0360106229782104
29 0.41320502758026123
30 0.8586074113845825
31 0.41497835516929626
32 0.38558608293533325
33 0.21762463450431824
34 0.5652022361755371
35 0.4420585334300995
36 0.6815241575241089
37 0.500401496887207
38 0.7902872562408447
39 0.2874760925769806
40 0.5095335841178894
41 0.5017653703689575
42 1.0398975610733032
43 0.7912270426750183
44 0.4888480603694916
45 0.4814663827419281
46 0.7385647892951965
47 0.5342616438865662
48 0.4027020037174225
49 0.6879011392593384
50 0.44854336977005005
51 0.5428369641304016
52 1.5011440515518188
53 1.7754250764846802
54 1.3091286420822144
55 1.4993823766708374
56 1.6654741764068604
57 1.8251237869262695
58 2.0667898654937744
59 1.977510929107666
60 1.5454703569412231
61 1.8634614944458008
62 1.6476975679397583
63 2.1538853645324707
64 1.5549237728118896
65 1.9132007360458374
66 1.817975640296936
67 1.8409775495529175
68 2.2576231956481934
69 1.7343456745147705
70 2.0151889324188232
71 1.8659578561782837
72 2.056760787963867
73 1.9700262546539307
74 2.180574417114258
75 2.4405357837677
76 2.051257610321045
77 2.0026912689208984
78 1.7408888339996338
79 1.7145732641220093
80 2.0835349559783936
81 1.8948010206222534
82 2.052424669265747
83 2.2528042793273926
84 2.1171813011169434
85 1.8641979694366455
86 1.7227953672409058
87 1.4666398763656616
88 1.6444673538208008
89 1.7090452909469604
90 1.809218406677246
91 2.184894323348999
92 1.8246313333511353
93 2.0087316036224365
94 1.7370651960372925
95 1.9924381971359253
96 1.4808825254440308
97 0.8437225222587585
98 1.0031700134277344
99 1.1983253955841064
100 1.4492377042770386
101 1.512033462524414
102 1.4205806255340576
103 1.368126392364502
104 1.0477631092071533
105 1.236258625984192
106 1.6014641523361206
107 1.2833281755447388
108 1.9556728601455688
109 1.3238701820373535
110 1.9443634748458862
111 2.0400447845458984
112 1.7442554235458374
113 1.6697255373001099
114 1.30715811252594
115 1.1730408668518066
116 1.187178373336792
117 1.1662007570266724
118 0.9738584756851196
119 1.2028131484985352
120 0.7169849276542664
121 1.0439256429672241
122 0.8768093585968018
123 0.8096587061882019
124 0.8769947290420532
125 1.3465163707733154
126 0.6839511394500732
127 1.3754969835281372
128 0.9151532649993896
129 0.96980881690979
130 1.0615676641464233
131 1.1591445207595825
132 0.8478757739067078
133 1.3325639963150024
134 1.8030084371566772
135 1.103234887123108
136 1.4550025463104248
137 1.3493224382400513
138 2.0395660400390625
139 1.4228507280349731
140 1.5396648645401
141 1.699211835861206
142 1.5696946382522583
143 1.7443022727966309
144 1.8892723321914673
145 1.5073148012161255
146 1.7049460411071777
147 1.551164984703064
148 1.7757253646850586
149 1.755806803703308
150 2.2275214195251465
151 1.4494577646255493
152 1.799707055091858
153 1.7030149698257446
154 1.8356268405914307
155 1.7681738138198853
156 1.8202041387557983
157 1.6438243389129639
158 1.8607467412948608
159 1.555845022201538
160 1.4728906154632568
161 1.709556221961975
162 1.6314897537231445
163 1.8690457344055176
164 1.4284569025039673
165 1.4602935314178467
166 1.4273567199707031
167 2.366257667541504
168 1.7964541912078857
169 1.748305320739746
170 1.9888142347335815
171 2.324739694595337
172 2.3346874713897705
173 2.165600538253784
174 2.371267557144165
175 2.2908451557159424
176 1.5364385843276978
177 2.171628475189209
178 1.7078227996826172
179 2.0457444190979004
180 1.9697542190551758
181 2.171283006668091
182 2.052168846130371
183 2.226698160171509
184 1.8434734344482422
185 2.5534002780914307
186 1.963157057762146
187 1.4634180068969727
188 1.4578496217727661
189 2.095919132232666
190 2.1287600994110107
191 1.2673176527023315
192 2.473963737487793
193 2.3105087280273438
194 1.907944679260254
195 2.207214593887329
196 2.027043104171753
197 2.197249174118042
198 2.048449993133545
199 2.123850107192993
200 1.8631744384765625
201 2.0790083408355713
202 2.1838419437408447
203 2.0116047859191895
204 1.6418191194534302
205 2.1883044242858887
206 1.8312773704528809
207 2.3902969360351563
208 1.9399288892745972
209 1.2528542280197144
210 1.67267644405365
211 1.8580561876296997
212 1.583788514137268
213 2.0422255992889404
214 1.7668614387512207
215 2.0727121829986572
216 1.9919689893722534
217 1.878295660018921
218 2.388127088546753
219 1.9809000492095947
220 2.4442217350006104
221 2.289836883544922
222 2.304356336593628
223 1.8079726696014404
224 1.937917947769165
225 1.7312486171722412
226 1.7551004886627197
227 2.106703042984009
228 2.267317295074463
229 2.110447883605957
230 2.0854392051696777
231 1.696535587310791
232 2.233091115951538
233 1.7265762090682983
234 1.3666799068450928
235 1.9055275917053223
236 2.160074234008789
237 2.0820748805999756
238 1.728430151939392
239 1.7924978733062744
240 1.210977554321289
241 1.7754316329956055
242 1.7418835163116455
243 2.2072925567626953
244 2.0003433227539063
245 1.978211760520935
246 1.7760605812072754
247 2.0295097827911377
248 2.1027379035949707
249 2.250434398651123
250 1.8652182817459106
251 1.8686566352844238
252 1.9814432859420776
253 2.0353007316589355
254 2.419811964035034
255 1.812757968902588
256 1.9764989614486694
257 2.323174238204956
258 1.6191819906234741
259 1.737379789352417
260 1.972651720046997
261 2.0459043979644775
262 1.6835578680038452
263 1.6540179252624512
264 1.7640461921691895
265 1.1497540473937988
266 1.0834407806396484
267 1.1889740228652954
268 1.4793113470077515
269 1.4384346008300781
270 1.2755401134490967
271 1.5123112201690674
272 2.2839951515197754
273 1.6762678623199463
274 1.8611174821853638
275 2.0642082691192627
276 1.336389422416687
277 1.5047705173492432
278 1.8723353147506714
279 1.897395133972168
280 2.2492852210998535
281 1.5678671598434448
282 1.9890047311782837
283 1.9907423257827759
284 2.0036303997039795
285 1.892311692237854
286 2.079097032546997
287 2.473142147064209
288 1.9259647130966187
289 2.058706521987915
290 2.621445417404175
291 1.4868857860565186
292 1.8396438360214233
293 2.174980640411377
294 1.7722480297088623
295 1.7748045921325684
296 1.457202434539795
297 1.3665297031402588
298 1.435560941696167
299 1.5539274215698242
300 1.9872095584869385
301 1.6888620853424072
302 1.4280561208724976
303 2.015407085418701
304 1.6697633266448975
305 1.6438523530960083
306 2.125337600708008
307 1.9185705184936523
308 1.8311991691589355
309 1.8125848770141602
310 2.2141525745391846
311 1.5251140594482422
312 1.2930216789245605
313 1.404455304145813
314 1.3846534490585327
315 1.3520317077636719
316 0.29869043827056885
317 0.4050227403640747
318 0.5662429332733154
319 0.3806065022945404
320 0.4583390951156616
321 0.7109795212745667
322 0.548212468624115
323 0.7761337757110596
324 0.6838323473930359
325 0.5536391735076904
326 0.5265915393829346
327 0.6094832420349121
328 0.6400613188743591
329 0.6440083384513855
330 0.6696818470954895
331 0.5393068790435791
332 0.4039478600025177
333 0.5084047913551331
334 0.261875182390213
335 0.7302711606025696
336 0.5447279214859009
337 0.5429081320762634
338 0.4794655442237854
339 0.6727573871612549
340 0.5634746551513672
341 0.6457489728927612
342 0.900472104549408
343 0.6118510365486145
344 0.4986717104911804
345 0.6468138098716736
346 0.5208245515823364
347 0.5293277502059937
348 1.006042718887329
349 0.5430347919464111
350 0.35475704073905945
351 0.30468040704727173
352 0.7176802754402161
353 0.3758736252784729
354 0.3713482916355133
355 0.76092129945755
356 0.6353121995925903
357 0.7137507200241089
358 0.7067553997039795
359 0.7222087383270264
360 0.816063404083252
361 0.7892043590545654
362 0.6803960800170898
363 0.4201379120349884
364 0.8112987279891968
365 0.6732117533683777
366 0.6049767732620239
367 0.5779415965080261
368 0.5746762752532959
369 0.7463021278381348
370 0.46487563848495483
371 0.811944842338562
372 0.37503987550735474
373 0.5130274891853333
374 0.729217529296875
375 0.8807422518730164
376 0.6656467318534851
377 0.6758314967155457
378 0.6372023820877075
379 0.5948431491851807
380 0.5728572607040405
381 0.5207266807556152
382 0.6710568070411682
383 0.5659597516059875
384 0.4117000699043274
385 0.41788679361343384
386 1.641282558441162
387 1.6973741054534912
388 1.66173255443573
389 1.1557115316390991
390 1.6513464450836182
391 1.2697826623916626
392 0.8841409683227539
393 1.1551936864852905
394 1.5381708145141602
395 1.2299293279647827
396 1.3400572538375854
397 0.8698930740356445
398 1.4064112901687622
399 1.2970350980758667
400 1.4356884956359863
401 0.8002854585647583
402 1.114446759223938
403 0.9978240132331848
404 1.4888932704925537
405 1.2718007564544678
406 0.7686601281166077
407 0.625629186630249
408 0.7882307767868042
409 0.685638427734375
410 1.3653439283370972
411 0.9047117233276367
412 0.9531504511833191
413 0.6183286905288696
414 1.1723836660385132
415 0.8519374132156372
416 0.7152483463287354
417 0.8068587183952332
418 1.163280725479126
419 1.6150771379470825
420 1.7062454223632813
421 1.5477931499481201
422 1.1657696962356567
423 1.5400983095169067
424 1.3515657186508179
425 1.3877772092819214
426 1.064843773841858
427 1.2450424432754517
428 1.5389095544815063
429 1.3681286573410034
430 1.161810040473938
431 1.6022533178329468
432 1.7064749002456665
433 1.4426037073135376
434 1.5985496044158936
435 1.745660424232483
436 1.8948355913162231
437 1.5741825103759766
438 1.5236045122146606
439 1.7426964044570923
440 1.5040037631988525
441 1.1469868421554565
442 1.1803553104400635
443 1.2548083066940308
444 1.4475345611572266
445 1.4298393726348877
446 1.52409827709198
447 1.588566541671753
448 1.4718666076660156
449 1.8902709484100342
450 1.6877540349960327
451 1.4263554811477661
452 1.6063278913497925
453 1.5604655742645264
454 1.5054607391357422
455 0.9035877585411072
456 1.1638315916061401
457 1.6752543449401855
458 1.1014012098312378
459 0.6850122809410095
460 0.7079376578330994
461 0.7109857201576233
462 0.772832989692688
463 0.7578458786010742
464 0.876526951789856
465 0.84023118019104
466 0.6787608861923218
467 1.2610702514648438
468 0.7530574798583984
469 0.789547860622406
470 0.8196214437484741
471 0.9441441297531128
472 1.3919241428375244
473 0.8351191282272339
474 2.0545156002044678
475 2.0138580799102783
476 1.4209486246109009
477 1.7371442317962646
478 1.8794965744018555
479 1.6442034244537354
480 1.6160874366760254
481 1.076551914215088
482 1.0476502180099487
483 1.7424795627593994
484 1.4659947156906128
485 1.7266325950622559
486 1.559831142425537
487 1.8206489086151123
488 1.7283380031585693
489 1.6032031774520874
490 1.6876628398895264
491 1.4917914867401123
492 1.850472092628479
493 1.9662914276123047
494 1.590485692024231
495 1.6445564031600952
496 1.4688907861709595
497 2.035623073577881
498 1.8539762496948242
499 1.8289413452148438
500 2.0631229877471924
501 1.8211225271224976
502 1.0746243000030518
503 1.82769775390625
504 2.0306780338287354
505 1.882097840309143
506 1.759830117225647
507 1.7935519218444824
508 1.6051650047302246
509 2.0470833778381348
510 1.8106707334518433
511 2.0153701305389404
512 1.706993579864502
513 1.4850795269012451
514 1.356593132019043
515 1.8599166870117188
516 1.8777135610580444
517 1.420253038406372
518 2.0173940658569336
519 1.9072569608688354
520 1.808119773864746
521 1.8162380456924438
522 2.2814223766326904
523 1.5432636737823486
524 1.9503659009933472
525 1.6593738794326782
526 1.969421625137329
527 2.0894155502319336
528 2.00645112991333
529 2.0052316188812256
530 1.8534671068191528
531 1.5823335647583008
532 1.8410505056381226
533 1.5721838474273682
534 2.0393381118774414
535 1.7346681356430054
536 2.2846405506134033
537 2.182957649230957
538 1.867318034172058
539 1.9219189882278442
540 2.1048641204833984
541 1.6795213222503662
542 1.780063271522522
543 1.8181407451629639
544 1.760972261428833
545 1.7576062679290771
546 1.7101616859436035
547 2.0307741165161133
548 1.7887314558029175
549 2.1402974128723145
550 2.1540517807006836
551 2.052856206893921
552 2.4854562282562256
553 2.1839852333068848
554 2.308565378189087
555 1.8794702291488647
556 1.6562349796295166
557 1.7816965579986572
558 2.0552303791046143
559 1.9644315242767334
560 2.096433401107788
561 1.8306734561920166
562 2.515913724899292
563 2.059476852416992
564 1.9067662954330444
565 2.3196117877960205
566 1.7185105085372925
567 1.6864596605300903
568 1.9748157262802124
569 1.8558140993118286
570 1.441473364830017
571 1.8198812007904053
572 1.6409668922424316
573 1.8341165781021118
574 2.247966766357422
575 1.565848469734192
576 1.774921178817749
577 2.0348949432373047
578 1.1424123048782349
579 0.9487720727920532
580 0.7910287976264954
581 0.8193215727806091
582 0.6798616647720337
583 0.8192725777626038
584 0.9434776306152344
585 0.42373359203338623
586 0.5594897866249084
587 0.7475059032440186
588 0.653567373752594
589 0.655915379524231
590 0.5404821634292603
591 0.7204671502113342
592 0.8670861721038818
593 0.6644395589828491
594 2.2601048946380615
595 1.7384569644927979
596 1.83956778049469
597 1.8323255777359009
598 1.9050716161727905
599 1.829781413078308
600 1.635483741760254
601 1.7364739179611206
602 2.0131380558013916
603 2.0982108116149902
604 2.1769678592681885
605 2.355794668197632
606 2.0989818572998047
607 2.093773126602173
608 1.9787342548370361
609 1.5682491064071655
610 1.5269871950149536
611 1.7485812902450562
612 1.78908371925354
613 1.9588755369186401
614 2.0615079402923584
615 1.644900918006897
616 1.6891839504241943
617 1.8746402263641357
618 2.2586231231689453
619 2.0545454025268555
620 1.437351107597351
621 1.733764410018921
622 1.9312480688095093
623 1.8006802797317505
624 2.251932382583618
625 1.62075674533844
626 1.6606471538543701
627 1.154703974723816
628 1.3934078216552734
629 1.5849941968917847
630 1.724291205406189
631 1.6765086650848389
632 1.738128423690796
633 1.2433726787567139
634 0.666088342666626
635 0.9350852966308594
636 0.8369799256324768
637 1.7906913757324219
638 1.7302395105361938
639 1.8553483486175537
640 1.1278355121612549
641 0.8304448127746582
642 0.6895885467529297
643 1.2787450551986694
644 0.47529131174087524
645 1.0922877788543701
646 1.003219485282898
647 1.1406052112579346
648 0.8934873938560486
649 1.0084155797958374
650 0.7718794345855713
651 0.9315884113311768
652 1.0012483596801758
653 0.9881351590156555
654 0.9467456936836243
655 0.9722238183021545
656 0.7986072897911072
657 0.7215040326118469
658 0.9125407934188843
659 0.9125422239303589
660 1.0431867837905884
661 0.6710867285728455
662 0.7121994495391846
663 0.8342761993408203
664 1.2347015142440796
665 1.1538074016571045
666 1.2025052309036255
667 1.2143694162368774
668 1.0394881963729858
669 1.0333956480026245
670 1.1096431016921997
671 1.1719474792480469
672 1.4510133266448975
673 1.3899222612380981
674 1.0928112268447876
675 1.1468669176101685
676 1.9779083728790283
677 1.4665101766586304
678 1.9016886949539185
679 1.4093801975250244
680 1.1392788887023926
681 1.2292872667312622
682 1.7025039196014404
683 1.5207828283309937
684 1.3146660327911377
685 0.8117075562477112
686 1.4033057689666748
687 1.5902427434921265
688 1.9290329217910767
689 1.4169037342071533
690 1.136600375175476
691 0.880679726600647
692 0.9503148198127747
693 1.0158976316452026
694 1.460890531539917
695 1.5391383171081543
696 1.26065993309021
697 0.6427745223045349
698 1.024199366569519
699 1.070090889930725
700 0.8516790270805359
701 0.9246932864189148
702 1.1155619621276855
703 1.0113065242767334
704 0.9585584402084351
705 0.8380557298660278
706 1.1508325338363647
707 1.389399766921997
708 1.2656632661819458
709 1.0624550580978394
710 1.252424955368042
711 1.066097617149353
712 0.7753629684448242
713 0.5496112704277039
714 0.7909715175628662
715 0.999039351940155
716 1.2417088747024536
717 1.412680745124817
718 0.7944459319114685
719 1.2845559120178223
720 0.9490028023719788
721 0.9150072336196899
722 0.8825823068618774
723 1.3569645881652832
724 0.9341306686401367
725 1.1100056171417236
726 1.1504963636398315
727 1.0925551652908325
728 1.2493616342544556
729 1.4320473670959473
730 1.2167243957519531
731 1.1215910911560059
732 0.9614924788475037
733 1.0742690563201904
734 1.2418678998947144
735 1.8129322528839111
736 1.595518946647644
737 1.6542162895202637
738 1.9531326293945313
739 1.7990849018096924
740 1.873156189918518
741 1.643113613128662
742 2.146869421005249
743 2.1589348316192627
744 1.9520574808120728
745 1.949680209159851
746 2.0266685485839844
747 1.868652582168579
748 1.6494383811950684
749 1.7880796194076538
750 1.7307335138320923
751 1.7369710206985474
752 2.0253655910491943
753 1.9324724674224854
754 2.3010497093200684
755 1.9501807689666748
756 1.5756328105926514
757 1.5279558897018433
758 1.8380528688430786
759 1.8591489791870117
760 1.9794793128967285
761 2.0131239891052246
762 2.256575345993042
763 2.0489730834960938
764 2.200265645980835
765 1.5038529634475708
766 2.030752420425415
767 1.9485670328140259
768 1.9490233659744263
769 1.968529224395752
770 1.9799230098724365
771 1.8911352157592773
772 1.8383852243423462
773 1.6113026142120361
774 1.7891963720321655
775 2.204475164413452
776 1.8946980237960815
777 2.118645668029785
778 1.822792649269104
779 2.1681408882141113
780 2.044837236404419
781 1.84950590133667
782 1.9203879833221436
783 1.9409222602844238
784 1.4764872789382935
785 1.8427660465240479
786 1.9172999858856201
787 1.37838613986969
788 1.7220433950424194
789 1.7335596084594727
790 1.7356327772140503
791 1.3858559131622314
792 1.74881112575531
793 1.8153103590011597
794 1.2406396865844727
795 1.9930351972579956
796 2.0444750785827637
797 1.9106426239013672
798 2.084092378616333
799 1.0649570226669312
800 1.5303983688354492
801 2.004971981048584
802 1.8318202495574951
803 1.9964687824249268
804 1.972954511642456
805 2.111377000808716
806 2.024401903152466
807 1.6840131282806396
808 1.8297964334487915
809 1.8088945150375366
810 1.6974400281906128
811 1.6955697536468506
812 1.7903209924697876
813 1.3819622993469238
814 1.9268397092819214
815 1.3770853281021118
816 1.6106908321380615
817 1.3881736993789673
818 1.6444116830825806
819 1.673730731010437
820 1.9829167127609253
821 1.3277958631515503
822 2.004122018814087
823 2.1318981647491455
824 1.8000084161758423
825 2.1198787689208984
826 1.389387845993042
827 1.6039472818374634
828 1.6781545877456665
829 1.732753872871399
830 1.7022242546081543
831 1.65310800075531
832 1.4404560327529907
833 1.6563704013824463
834 1.9396336078643799
835 1.8778033256530762
836 1.9224731922149658
837 1.8506516218185425
838 2.2078888416290283
839 1.99294912815094
840 2.1564111709594727
841 1.7400448322296143
842 1.9809644222259521
843 2.004504442214966
844 2.0185678005218506
845 1.763330340385437
846 2.0192081928253174
847 1.8251153230667114
848 1.4448477029800415
849 1.7190322875976563
850 1.7131662368774414
851 1.8396227359771729
852 1.9529410600662231
853 1.8663040399551392
854 1.2166264057159424
855 1.2076114416122437
856 1.1347516775131226
857 1.3422768115997314
858 1.5018562078475952
859 1.9647752046585083
860 1.7224740982055664
861 1.4628667831420898
862 1.618248462677002
863 1.7932722568511963
864 1.78752601146698
865 1.8256186246871948
866 2.286388397216797
867 1.8282445669174194
868 1.7732229232788086
869 1.7882736921310425
870 1.820278286933899
871 1.5141867399215698
872 1.7104676961898804
873 1.6679974794387817
874 2.0178709030151367
875 1.6666083335876465
876 1.8628183603286743
877 1.9671964645385742
878 2.2646021842956543
879 2.0222949981689453
880 1.928247094154358
881 1.7511065006256104
882 1.8603979349136353
883 2.033668279647827
884 1.8552743196487427
885 1.9307594299316406
886 2.1002681255340576
887 2.2422983646392822
888 1.991996169090271
889 2.2385377883911133
890 1.9056262969970703
891 2.1833300590515137
892 1.802072286605835
893 1.8676061630249023
894 2.0178868770599365
895 2.0301318168640137
896 1.9845319986343384
897 1.8788901567459106
898 1.4704543352127075
899 1.951170563697815
900 2.1955196857452393
901 2.112949848175049
902 2.1807475090026855
903 2.1461451053619385
904 2.289762496948242
905 2.107311964035034
906 1.9834085702896118
907 2.1417641639709473
908 2.080413341522217
909 1.9404789209365845
910 1.8669644594192505
911 2.159144163131714
912 2.257199764251709
913 2.084637403488159
914 1.748596429824829
915 2.037080764770508
916 2.085559606552124
917 2.0904886722564697
918 1.758907437324524
919 1.8264150619506836
920 1.9941452741622925
921 1.726952075958252
922 1.9098018407821655
923 2.0339035987854004
924 2.0247879028320313
925 2.2874677181243896
926 2.0203030109405518
927 2.097234010696411
928 2.07354474067688
929 2.031045436859131
930 1.9103238582611084
931 2.1912150382995605
932 2.19071626663208
933 2.1797285079956055
934 2.008697509765625
935 2.4009382724761963
936 2.3207387924194336
937 2.102642297744751
938 2.1242189407348633
939 2.164278030395508
940 1.9978328943252563
941 2.4471704959869385
942 2.0751523971557617
943 2.0670742988586426
944 2.203770160675049
945 2.4767608642578125
946 2.4895639419555664
947 2.3370554447174072
948 2.6072096824645996
949 2.3915250301361084
950 2.252805233001709
951 2.0941481590270996
952 1.813976764678955
953 1.6809070110321045
954 1.8999395370483398
955 2.1961681842803955
956 2.278731346130371
957 2.111271381378174
958 1.9843831062316895
959 1.7977933883666992
960 2.4286646842956543
961 1.8252311944961548
962 1.7669943571090698
963 2.5146780014038086
964 2.132101535797119
965 2.191279649734497
966 2.020604372024536
967 2.2385623455047607
968 1.9560850858688354
969 1.9694892168045044
970 2.0134761333465576
971 2.2058846950531006
972 1.8909648656845093
973 2.0782480239868164
974 1.7756317853927612
975 1.8648418188095093
976 2.080078125
977 2.0552685260772705
978 1.9653488397598267
979 2.0463879108428955
980 1.8180217742919922
981 2.0141613483428955
982 2.1840744018554688
983 1.812307596206665
984 2.065847396850586
985 1.942431926727295
986 1.8526045083999634
987 1.8672821521759033
988 1.960970163345337
989 2.061185359954834
990 2.099776268005371
991 2.2972371578216553
992 1.9806134700775146
993 2.2258787155151367
994 2.0347115993499756
995 1.8727545738220215
996 2.0685653686523438
997 1.783454418182373
998 1.8591423034667969
999 2.0199029445648193
1000 1.8570959568023682
1001 1.8746798038482666
1002 1.9927722215652466
1003 2.0736849308013916
1004 1.6893961429595947
1005 1.4815677404403687
1006 1.740681529045105
1007 1.996891736984253
1008 1.93185555934906
1009 2.0550358295440674
1010 1.8751087188720703
1011 1.84108567237854
1012 2.005621910095215
1013 1.7876213788986206
1014 2.0905866622924805
1015 1.639779806137085
1016 1.8606817722320557
1017 2.2091803550720215
1018 2.1998379230499268
1019 2.3636868000030518
1020 1.932520866394043
1021 2.3763980865478516
1022 2.3359169960021973
1023 1.9337544441223145
1024 2.101977825164795
1025 2.28641939163208
1026 1.787134051322937
1027 2.403669595718384
1028 1.4221079349517822
1029 1.9057700634002686
1030 1.7524477243423462
1031 1.6725730895996094
1032 1.600474238395691
1033 2.0674750804901123
1034 2.210317373275757
1035 2.510540008544922
1036 2.266195297241211
1037 2.2784876823425293
1038 1.6554988622665405
1039 1.8673784732818604
1040 2.1364200115203857
1041 1.7831226587295532
1042 1.7761317491531372
1043 2.125096082687378
1044 2.156460762023926
1045 1.7458592653274536
1046 1.9970232248306274
1047 1.8504799604415894
1048 1.7499676942825317
1049 1.979477047920227
1050 2.067783832550049
1051 2.0557851791381836
1052 1.9590505361557007
1053 1.6730238199234009
1054 2.089336633682251
1055 1.8390299081802368
1056 1.6982362270355225
1057 1.980514407157898
1058 1.6639600992202759
1059 1.927193522453308
1060 2.207075357437134
1061 1.9145433902740479
1062 1.8255919218063354
1063 2.356041669845581
1064 2.3373334407806396
1065 2.3566441535949707
1066 2.1687798500061035
1067 2.208588123321533
1068 1.964888572692871
1069 2.188613176345825
1070 1.7838027477264404
1071 1.9005051851272583
1072 2.161383628845215
1073 1.9335559606552124
1074 2.2530243396759033
1075 1.977217674255371
1076 1.8972182273864746
1077 2.0506603717803955
1078 1.8834853172302246
1079 2.019838333129883
1080 2.021564245223999
1081 1.8204599618911743
1082 1.601885437965393
1083 2.025550365447998
1084 1.7135510444641113
1085 2.1834027767181396
1086 1.9880427122116089
1087 2.0683326721191406
1088 1.9941816329956055
1089 1.527653455734253
1090 1.9209295511245728
1091 2.2171132564544678
1092 2.2787177562713623
1093 2.1728837490081787
1094 2.106257915496826
1095 1.5710904598236084
1096 1.3643587827682495
1097 1.9717868566513062
1098 1.7443959712982178
1099 1.820723295211792
1100 1.9997305870056152
1101 1.79764986038208
1102 2.320810317993164
1103 1.9620089530944824
1104 1.7568647861480713
1105 2.019139289855957
1106 2.028676748275757
1107 1.4309720993041992
1108 1.8916324377059937
1109 1.8086844682693481
1110 1.720444917678833
1111 2.0269570350646973
1112 2.2743098735809326
1113 2.151867628097534
1114 2.1711955070495605
1115 2.1897847652435303
1116 2.035781145095825
1117 2.3724019527435303
1118 2.33115816116333
1119 2.144597291946411
1120 2.3552746772766113
1121 1.7743792533874512
1122 1.9823968410491943
1123 2.0616559982299805
1124 2.1714394092559814
1125 2.1062231063842773
1126 2.295016050338745
1127 2.179673194885254
1128 1.8318783044815063
1129 2.1085164546966553
1130 1.7063064575195313
1131 2.3266706466674805
1132 2.0367188453674316
1133 1.9335582256317139
1134 1.9644031524658203
1135 1.8193174600601196
1136 1.767950177192688
1137 1.913225769996643
1138 2.116140127182007
1139 1.6561613082885742
1140 1.8514060974121094
1141 1.8526593446731567
1142 2.000574827194214
1143 2.118004560470581
1144 1.7166547775268555
1145 2.0729610919952393
1146 2.1223349571228027
1147 1.638167381286621
1148 1.8433599472045898
1149 2.0760834217071533
1150 2.1325721740722656
1151 1.7036155462265015
1152 2.18918514251709
1153 1.5919547080993652
1154 1.8189375400543213
1155 2.119243860244751
1156 1.7340917587280273
1157 1.8448253870010376
1158 1.9993921518325806
1159 1.8250411748886108
1160 2.0236949920654297
1161 2.0245978832244873
1162 2.0880844593048096
1163 1.8591492176055908
1164 1.6947667598724365
1165 1.684647798538208
1166 1.5307886600494385
1167 2.0249812602996826
1168 2.059514284133911
1169 2.03088116645813
1170 2.1308045387268066
1171 2.2634620666503906
1172 2.1355748176574707
1173 1.7749518156051636
1174 2.068011999130249
1175 1.9703484773635864
1176 2.0700843334198
1177 2.05735445022583
1178 1.8920636177062988
1179 1.744170069694519
1180 2.0145456790924072
1181 1.820485234260559
1182 1.6673020124435425
1183 2.1645970344543457
1184 1.9190552234649658
1185 1.882554292678833
1186 2.1369543075561523
1187 2.3264107704162598
1188 2.171719551086426
1189 2.008375883102417
1190 1.964934229850769
1191 2.078819751739502
1192 2.1672799587249756
1193 2.316649913787842
1194 1.8093587160110474
1195 1.7941234111785889
1196 1.9730228185653687
1197 2.1138811111450195
1198 1.9425208568572998
1199 1.7771072387695313
1200 1.787373423576355
1201 2.0074045658111572
1202 1.8656446933746338
1203 2.4579951763153076
1204 1.9382009506225586
1205 2.1667842864990234
1206 2.2055141925811768
1207 2.1911017894744873
1208 2.272590160369873
1209 1.9637030363082886
1210 2.0605545043945313
1211 2.4015402793884277
1212 2.3946802616119385
1213 2.4030845165252686
1214 2.0756287574768066
1215 1.9131678342819214
1216 2.3472516536712646
1217 2.091911792755127
1218 2.2622530460357666
1219 2.232754945755005
1220 2.2564501762390137
1221 2.2044410705566406
1222 2.3361194133758545
1223 2.4507806301116943
1224 2.5840272903442383
1225 2.392557144165039
1226 2.2829580307006836
1227 2.156228542327881
1228 2.315842390060425
1229 2.347862720489502
1230 2.181256055831909
1231 2.3087985515594482
1232 1.9402315616607666
1233 1.869055151939392
1234 2.057711362838745
1235 1.712893009185791
1236 2.022048234939575
1237 2.273887872695923
1238 1.763649582862854
1239 1.9042398929595947
1240 2.1656155586242676
1241 1.8254879713058472
1242 2.01554012298584
1243 2.2264163494110107
1244 2.292092800140381
1245 2.3257827758789063
1246 1.6784859895706177
1247 2.097566843032837
1248 2.0043623447418213
1249 1.9106724262237549
1250 2.038228988647461
1251 2.391533374786377
1252 2.1358299255371094
1253 2.3086061477661133
1254 2.1629531383514404
1255 2.187380790710449
1256 2.2373931407928467
1257 1.803113579750061
1258 1.8551889657974243
1259 1.875549554824829
1260 1.7827138900756836
1261 2.2183735370635986
1262 2.202697277069092
1263 2.0460262298583984
1264 1.938754677772522
1265 1.7052744626998901
1266 1.7796982526779175
1267 2.0309112071990967
1268 1.8006056547164917
1269 1.6624547243118286
1270 1.6561721563339233
1271 1.9513715505599976
1272 1.7424886226654053
1273 1.7636798620224
1274 1.842535138130188
1275 1.6014715433120728
1276 1.9719361066818237
1277 2.0541818141937256
1278 1.75564444065094
1279 1.8102476596832275
1280 1.7046489715576172
1281 1.9901187419891357
1282 2.123124837875366
1283 1.7561191320419312
1284 1.9236149787902832
1285 1.9955005645751953
1286 1.9046870470046997
1287 1.804121732711792
1288 1.8272976875305176
1289 2.150672674179077
1290 2.036214590072632
1291 1.772645354270935
1292 1.7920730113983154
1293 1.7973930835723877
1294 1.6332234144210815
1295 1.7981877326965332
1296 1.5082237720489502
1297 1.7224544286727905
1298 2.074885606765747
1299 1.9881702661514282
1300 2.056583881378174
1301 1.4411636590957642
1302 2.0948474407196045
1303 2.010082244873047
1304 1.8583978414535522
1305 2.177023410797119
1306 1.6680916547775269
1307 2.1990652084350586
1308 1.4175838232040405
1309 1.9021061658859253
1310 1.998740553855896
1311 1.803188443183899
1312 1.5168311595916748
1313 1.5407363176345825
1314 1.9327070713043213
1315 1.9187631607055664
1316 1.9201622009277344
1317 1.9597026109695435
1318 2.1987359523773193
1319 2.3317787647247314
1320 2.0604043006896973
1321 2.0697720050811768
1322 1.6939246654510498
1323 1.4342093467712402
1324 1.839212417602539
1325 1.9955692291259766
1326 1.667495608329773
1327 2.0878639221191406
1328 1.9779753684997559
1329 1.777747392654419
1330 2.2104923725128174
1331 2.006641149520874
1332 2.3440489768981934
1333 2.369633674621582
1334 2.2240259647369385
1335 2.4764487743377686
1336 1.97118079662323
1337 2.2570483684539795
1338 2.0434670448303223
1339 2.374859571456909
1340 1.9889187812805176
1341 1.9788408279418945
1342 1.6364444494247437
1343 1.9615448713302612
1344 1.9675325155258179
1345 1.9454134702682495
1346 1.9745725393295288
1347 1.5627145767211914
1348 1.6192564964294434
1349 2.123302698135376
1350 2.0596022605895996
1351 2.355443000793457
1352 2.2065560817718506
1353 1.976392388343811
1354 1.1787747144699097
1355 1.7565733194351196
1356 1.8126051425933838
1357 1.9706875085830688
1358 1.821136474609375
1359 1.6575747728347778
1360 1.9767106771469116
1361 1.8482728004455566
1362 2.0793533325195313
1363 1.887940764427185
1364 1.7405474185943604
1365 2.2385642528533936
1366 1.5683667659759521
1367 1.2440707683563232
1368 1.1148207187652588
1369 1.2961616516113281
1370 1.4420032501220703
1371 1.2244839668273926
1372 1.6020228862762451
1373 1.5540236234664917
1374 1.3865026235580444
1375 1.5424455404281616
1376 1.6218355894088745
1377 1.2551634311676025
1378 1.3430657386779785
1379 1.1177066564559937
1380 1.2877174615859985
1381 1.1166746616363525
1382 1.3474713563919067
1383 0.9857549667358398
1384 1.065427303314209
1385 1.3838577270507813
1386 1.3693238496780396
1387 1.5975325107574463
1388 1.5015488862991333
1389 1.1761071681976318
1390 1.0238724946975708
1391 1.3762449026107788
1392 1.222890853881836
1393 1.1623804569244385
1394 1.5156450271606445
1395 1.5543489456176758
1396 1.254084825515747
1397 1.051465630531311
1398 1.227074146270752
1399 1.158601999282837
1400 1.130505919456482
1401 0.9231479167938232
1402 1.7039772272109985
1403 1.2743147611618042
1404 0.9090535044670105
1405 0.8494179844856262
1406 1.0123834609985352
1407 1.1995333433151245
1408 1.1799840927124023
1409 1.0466139316558838
1410 1.4115798473358154
1411 1.1272016763687134
1412 1.2228717803955078
1413 1.467998743057251
1414 1.6248213052749634
1415 1.6472641229629517
1416 1.6411333084106445
1417 1.4958504438400269
1418 1.5425084829330444
1419 1.2289257049560547
1420 1.4167933464050293
1421 1.7652320861816406
1422 1.0505146980285645
1423 1.0732738971710205
1424 1.277616024017334
1425 1.3732719421386719
1426 1.2802717685699463
1427 1.320757508277893
1428 1.132460355758667
1429 1.146438479423523
1430 1.2667794227600098
1431 1.0189390182495117
1432 1.2766448259353638
1433 1.7187936305999756
1434 1.4403491020202637
1435 1.21830415725708
1436 1.3085578680038452
1437 1.7846060991287231
1438 1.9715352058410645
1439 2.0294883251190186
1440 2.025653123855591
1441 2.0383951663970947
1442 1.8258250951766968
1443 1.8083114624023438
1444 2.0449130535125732
1445 2.164278745651245
1446 1.9647804498672485
1447 1.975512146949768
1448 2.010436773300171
1449 2.1955041885375977
1450 1.723746418952942
1451 1.9211372137069702
1452 1.905573844909668
1453 1.7652994394302368
1454 2.0819153785705566
1455 1.820600986480713
1456 1.9479448795318604
1457 2.1844000816345215
1458 2.045164108276367
1459 1.9494738578796387
1460 1.8032938241958618
1461 1.85653555393219
1462 2.0411059856414795
1463 1.7511857748031616
1464 1.816537857055664
1465 1.8863911628723145
1466 1.6537561416625977
1467 1.7377686500549316
1468 1.9503215551376343
1469 2.3670318126678467
1470 2.0293281078338623
1471 1.929160714149475
1472 2.057569742202759
1473 2.196068286895752
1474 1.8962838649749756
1475 1.9352269172668457
1476 2.026221990585327
1477 1.937212347984314
1478 1.9384417533874512
1479 1.6190775632858276
1480 1.9975464344024658
1481 2.288425922393799
1482 1.9398088455200195
1483 1.8081337213516235
1484 1.6059309244155884
1485 1.9916651248931885
1486 2.294198513031006
1487 1.8895573616027832
1488 1.8855080604553223
1489 1.6473822593688965
1490 2.122180938720703
1491 2.0638771057128906
1492 1.9247452020645142
1493 1.9638996124267578
1494 2.192897081375122
1495 2.0235190391540527
1496 1.8880354166030884
1497 1.557161569595337
1498 1.789747714996338
1499 1.876719355583191
1500 2.133124828338623
1501 1.8509645462036133
1502 1.9553834199905396
1503 2.0393459796905518
1504 1.65766179561615
1505 1.9722744226455688
1506 1.81379234790802
1507 2.009114980697632
1508 2.0333001613616943
1509 1.8729512691497803
1510 2.2081429958343506
1511 1.910042643547058
1512 1.8198585510253906
1513 2.1669790744781494
1514 2.4575717449188232
1515 2.282531261444092
1516 1.8667594194412231
1517 2.134186267852783
1518 1.8610527515411377
1519 1.9311567544937134
1520 1.9755250215530396
1521 1.7223469018936157
1522 1.9708366394042969
1523 1.9229785203933716
1524 1.8977662324905396
1525 1.959121823310852
1526 1.8570905923843384
1527 1.8261191844940186
1528 1.905806064605713
1529 2.3973217010498047
1530 1.9574538469314575
1531 1.8405965566635132
1532 2.270103931427002
1533 2.011711835861206
1534 1.8418474197387695
1535 1.4865906238555908
1536 1.7668488025665283
1537 2.130645751953125
1538 2.0751895904541016
1539 1.9906443357467651
1540 1.9277782440185547
1541 1.9969888925552368
1542 2.4163084030151367
1543 2.008695602416992
1544 1.570583462715149
1545 1.786481261253357
1546 1.979451298713684
1547 1.6249045133590698
1548 1.718613624572754
1549 2.1084136962890625
1550 1.919023036956787
1551 2.001356363296509
1552 2.082150936126709
1553 2.229717493057251
1554 1.728888988494873
1555 1.7110881805419922
1556 1.5677871704101563
1557 1.8489123582839966
1558 1.7786707878112793
1559 1.7230398654937744
1560 1.7048808336257935
1561 2.0256845951080322
1562 2.064378261566162
1563 1.613897442817688
1564 1.5880340337753296
1565 1.9137859344482422
1566 1.7018496990203857
1567 1.7617509365081787
1568 1.9720851182937622
1569 1.6416329145431519
1570 1.8099265098571777
1571 1.7197009325027466
1572 1.8200178146362305
1573 1.4159117937088013
1574 1.612699270248413
1575 1.938806176185608
1576 1.9566047191619873
1577 2.322209596633911
1578 1.8015985488891602
1579 1.9050475358963013
1580 1.7569597959518433
1581 1.5112614631652832
1582 1.5846014022827148
1583 1.6009706258773804
1584 1.8712313175201416
1585 1.8922353982925415
1586 1.595349669456482
1587 1.4886255264282227
1588 1.6322662830352783
1589 1.8456062078475952
1590 2.0242881774902344
1591 1.7630535364151
1592 2.3250653743743896
1593 2.159067153930664
1594 1.9292484521865845
1595 1.697911262512207
1596 1.6956249475479126
1597 1.8799494504928589
1598 1.8506125211715698
1599 2.344050884246826
1600 1.6800661087036133
1601 1.7768847942352295
1602 2.0689923763275146
1603 2.084298610687256
1604 1.8127460479736328
1605 1.8191035985946655
1606 1.7492470741271973
1607 1.8845412731170654
1608 1.8729450702667236
1609 1.9658910036087036
1610 1.8189576864242554
1611 1.6337523460388184
1612 1.8611702919006348
1613 2.0029263496398926
1614 1.809048056602478
1615 1.8050415515899658
1616 2.0143160820007324
1617 1.906631350517273
1618 2.3728771209716797
1619 2.216257333755493
1620 2.101426601409912
1621 2.0282254219055176
1622 1.810213565826416
1623 1.9344441890716553
1624 1.5775278806686401
1625 2.136867046356201
1626 2.050158739089966
1627 2.2525851726531982
1628 2.0443687438964844
1629 1.99656343460083
1630 2.062469720840454
1631 2.5486114025115967
1632 1.9925153255462646
1633 2.0635781288146973
1634 2.2768123149871826
1635 2.0983245372772217
1636 2.205031394958496
1637 2.3047120571136475
1638 2.2304484844207764
1639 2.2010624408721924
1640 2.187631607055664
1641 2.0075724124908447
1642 2.0515952110290527
1643 2.237003803253174
1644 2.332070827484131
1645 2.269268274307251
1646 1.9072476625442505
1647 2.244192600250244
1648 2.317599296569824
1649 2.3208353519439697
1650 2.0591609477996826
1651 2.355559825897217
1652 2.170203685760498
1653 1.9083138704299927
1654 2.0362634658813477
1655 2.4102859497070313
1656 2.00407338142395
1657 2.125194787979126
1658 2.0765979290008545
1659 1.9985958337783813
1660 2.2758255004882813
1661 2.1570138931274414
1662 2.203428268432617
1663 2.2042222023010254
1664 2.164524555206299
1665 2.248929023742676
1666 2.373582601547241
1667 2.0681350231170654
1668 2.418513298034668
1669 2.0413818359375
1670 2.213986396789551
1671 1.945743441581726
1672 2.16505765914917
1673 2.6170287132263184
1674 2.0071640014648438
1675 2.408996105194092
1676 2.540309190750122
1677 2.5652315616607666
1678 2.102163314819336
1679 2.1728742122650146
1680 2.1968069076538086
1681 2.0009210109710693
1682 2.2667903900146484
1683 2.5179944038391113
1684 2.2057125568389893
1685 2.315763235092163
1686 2.1640453338623047
1687 2.0800063610076904
1688 2.3663318157196045
1689 2.3468263149261475
1690 2.0287187099456787
1691 2.014557361602783
1692 2.2633068561553955
1693 1.9298442602157593
1694 2.436605215072632
1695 2.1318225860595703
1696 2.209707498550415
1697 2.216209888458252
1698 2.3394014835357666
1699 2.290609836578369
1700 2.5959932804107666
1701 2.186565637588501
1702 2.122947931289673
1703 2.058971881866455
1704 1.733811378479004
1705 1.8203448057174683
1706 1.7254114151000977
1707 1.8869677782058716
1708 2.1114017963409424
1709 2.2266769409179688
1710 2.121800661087036
1711 1.908707857131958
1712 1.992430329322815
1713 2.0411858558654785
1714 2.071169137954712
1715 1.8817408084869385
1716 2.0622034072875977
1717 2.039682388305664
1718 1.889764428138733
1719 1.647477149963379
1720 1.999389410018921
1721 2.25708270072937
1722 2.10880446434021
1723 2.008009910583496
1724 2.0850164890289307
1725 1.712559700012207
1726 1.8911473751068115
1727 1.7747588157653809
1728 1.6515690088272095
1729 2.1683967113494873
1730 2.122586965560913
1731 1.9408035278320313
1732 1.9008747339248657
1733 2.2290565967559814
1734 2.3879733085632324
1735 2.0388071537017822
1736 1.959960699081421
1737 1.4025800228118896
1738 1.6441682577133179
1739 1.8449039459228516
1740 2.1508634090423584
1741 1.9123575687408447
1742 2.036114454269409
1743 1.943424105644226
1744 1.8985803127288818
1745 1.7452670335769653
1746 2.04258394241333
1747 1.4449487924575806
1748 1.851081132888794
1749 1.8469829559326172
1750 2.0593655109405518
1751 2.166376829147339
1752 2.157484769821167
1753 1.9572153091430664
1754 1.6233415603637695
1755 2.245469808578491
1756 1.91360342502594
1757 2.2243001461029053
1758 2.1182029247283936
1759 1.9561607837677002
1760 1.8984942436218262
1761 2.091460704803467
1762 2.1814351081848145
1763 2.1007490158081055
1764 2.2035152912139893
1765 2.100050687789917
1766 1.8877328634262085
1767 1.6541346311569214
1768 1.724106788635254
1769 1.3841180801391602
1770 1.2761468887329102
1771 1.2911157608032227
1772 1.103806972503662
1773 1.0022239685058594
1774 1.6146742105484009
1775 2.0645391941070557
1776 1.8609832525253296
1777 2.152127504348755
1778 1.8064136505126953
1779 1.8346375226974487
1780 1.8892167806625366
1781 1.9262988567352295
1782 2.3866400718688965
1783 1.618548035621643
1784 2.113983392715454
1785 2.236736297607422
1786 2.5314464569091797
1787 2.169585943222046
1788 2.316096305847168
1789 2.487060546875
1790 2.0347259044647217
1791 1.891945481300354
1792 1.6414786577224731
1793 2.2843470573425293
1794 1.741302490234375
1795 1.8036242723464966
1796 1.7486143112182617
1797 1.772544026374817
1798 2.0784859657287598
1799 1.7206648588180542
1800 1.8635004758834839
1801 2.075129508972168
1802 1.9108387231826782
1803 1.8904650211334229
1804 2.22853946685791
1805 2.049180507659912
1806 2.0143797397613525
1807 2.0255627632141113
1808 1.552786111831665
1809 1.9198148250579834
1810 2.209620237350464
1811 1.9254963397979736
1812 2.320350170135498
1813 2.0581090450286865
1814 2.506517171859741
1815 2.0893819332122803
1816 2.0231568813323975
1817 1.94071364402771
1818 1.9031492471694946
1819 2.1040589809417725
1820 2.3139145374298096
1821 1.9027800559997559
1822 2.0802817344665527
1823 2.0145323276519775
1824 1.8565176725387573
1825 1.5212388038635254
1826 1.9155926704406738
1827 1.723902940750122
1828 1.612223744392395
1829 1.8500646352767944
1830 1.5959038734436035
1831 2.021740674972534
1832 2.0937888622283936
1833 1.900821566581726
1834 2.2838053703308105
1835 2.1944034099578857
1836 1.966896891593933
1837 2.201573371887207
1838 2.1061060428619385
1839 1.978715181350708
1840 2.131916046142578
1841 2.4343974590301514
1842 1.771828055381775
1843 1.8934344053268433
1844 2.0173165798187256
1845 2.4976613521575928
1846 2.3361823558807373
1847 2.2874972820281982
1848 2.38331937789917
1849 2.1167263984680176
1850 1.876457929611206
1851 1.9327164888381958
1852 1.943678617477417
1853 1.7757878303527832
1854 1.7106046676635742
1855 1.4258215427398682
1856 1.9288262128829956
1857 2.015254020690918
1858 2.1767163276672363
1859 2.087553024291992
1860 2.0090012550354004
1861 1.61981999874115
1862 1.6765496730804443
1863 1.5999308824539185
1864 1.9747469425201416
1865 1.4997177124023438
1866 1.812094807624817
1867 2.062059164047241
1868 2.070958375930786
1869 2.0840916633605957
1870 2.0292446613311768
1871 2.3923635482788086
1872 2.0936279296875
1873 2.3313984870910645
1874 2.1825122833251953
1875 2.0399956703186035
1876 2.266418218612671
1877 1.740501880645752
1878 1.6525729894638062
1879 2.052597999572754
1880 1.7600010633468628
1881 2.0857698917388916
1882 1.8724713325500488
1883 2.0990653038024902
1884 2.0436816215515137
1885 2.2767350673675537
1886 1.9897037744522095
1887 2.235435724258423
1888 1.8581714630126953
1889 1.9936916828155518
1890 2.178389072418213
1891 2.1596007347106934
1892 1.9299283027648926
1893 2.000166654586792
1894 2.0861072540283203
1895 2.5320749282836914
1896 1.9922409057617188
1897 1.894869089126587
1898 1.826115608215332
1899 2.0195250511169434
1900 2.2004268169403076
1901 1.9344676733016968
1902 2.0843939781188965
1903 1.9234600067138672
1904 1.7132271528244019
1905 2.0216779708862305
1906 2.5348198413848877
1907 2.171997308731079
1908 2.3829140663146973
1909 1.8522686958312988
1910 1.8834344148635864
1911 2.213336229324341
1912 2.0556085109710693
1913 1.9357945919036865
1914 1.9421583414077759
1915 2.089111328125
1916 1.9643474817276
1917 1.7878090143203735
1918 2.0333328247070313
1919 2.3291008472442627
1920 2.3072683811187744
1921 2.1754579544067383
1922 2.3090016841888428
1923 2.0854170322418213
1924 1.8263044357299805
1925 2.063739061355591
1926 1.794449806213379
1927 1.7123960256576538
1928 1.9325064420700073
1929 1.7102017402648926
1930 2.086453437805176
1931 1.6507726907730103
1932 1.4375993013381958
1933 1.790063738822937
1934 2.201083183288574
1935 2.0256528854370117
1936 1.9701513051986694
1937 2.082427501678467
1938 2.030766248703003
1939 2.485126256942749
1940 2.336432456970215
1941 2.051969051361084
1942 2.0415635108947754
1943 1.7011860609054565
1944 1.915493130683899
1945 1.776505470275879
1946 1.7892704010009766
1947 1.9361860752105713
1948 1.9538605213165283
1949 1.9728044271469116
1950 1.869130253791809
1951 2.1125245094299316
1952 2.1511361598968506
1953 1.7060869932174683
1954 2.243088960647583
1955 2.0634539127349854
1956 2.644716262817383
1957 2.6220364570617676
1958 2.308868646621704
1959 2.2879579067230225
1960 2.244103193283081
1961 2.1788344383239746
1962 1.8926560878753662
1963 2.2180004119873047
1964 2.3052902221679688
1965 2.1743195056915283
1966 2.1839823722839355
1967 2.184793710708618
1968 1.7932188510894775
1969 1.74513578414917
1970 1.8974169492721558
1971 2.2003297805786133
1972 2.302489757537842
1973 2.1449599266052246
1974 1.7740378379821777
1975 2.0685839653015137
1976 1.6982594728469849
1977 1.9824191331863403
1978 2.0896499156951904
1979 1.9246926307678223
1980 2.1471972465515137
1981 1.964983344078064
1982 1.7897080183029175
1983 2.225949287414551
1984 1.625383973121643
1985 1.8330817222595215
1986 1.9481561183929443
1987 1.8698943853378296
1988 2.0132415294647217
1989 2.0862016677856445
1990 1.8863552808761597
1991 2.27817702293396
1992 2.020573616027832
1993 2.213127374649048
1994 2.2824292182922363
1995 1.964439034461975
1996 2.286895751953125
1997 2.5846872329711914
1998 2.1832706928253174
1999 2.1425087451934814
