0 0.0
1 0.7527449727058411
2 0.7866904735565186
3 0.47649112343788147
4 0.6574286818504333
5 0.6751253008842468
6 0.524042546749115
7 0.677828848361969
8 0.9514085650444031
9 0.697087287902832
10 0.2570909261703491
11 0.832449734210968
12 0.5751110315322876
13 0.7296776175498962
14 0.3572642207145691
15 0.29993736743927
16 0.2854869067668915
17 0.34053438901901245
18 0.496891051530838
19 0.3900335431098938
20 0.2714938521385193
21 0.2722488343715668
22 0.2437581866979599
23 0.9014077186584473
24 0.7788613438606262
25 0.5111715197563171
26 0.8723128437995911
27 0.42558160424232483
28 0.8793286085128784
29 0.5188487768173218
30 0.6887670755386353
31 0.447217732667923
32 1.0311510562896729
33 0.9058907628059387
34 1.044539451599121
35 1.0158171653747559
36 1.1024388074874878
37 1.2869547605514526
38 0.9848486185073853
39 0.4151376187801361
40 0.614893913269043
41 0.15045607089996338
42 0.5930538177490234
43 0.4258035719394684
44 0.5574096441268921
45 0.6473881006240845
46 0.5338071584701538
47 0.6286559700965881
48 0.2990877628326416
49 0.6636430025100708
50 0.21008306741714478
51 0.5084284543991089
52 0.7015687227249146
53 0.3423439860343933
54 0.8681889772415161
55 0.6008870601654053
56 0.41761741042137146
57 0.708361804485321
58 1.1918524503707886
59 0.7689450979232788
60 0.7918016910552979
61 0.2722229063510895
62 0.7404312491416931
63 0.6695640683174133
64 0.7724745869636536
65 0.5930290818214417
66 0.49838173389434814
67 0.5194503664970398
68 0.6231825947761536
69 0.29457974433898926
70 0.7777305841445923
71 0.3573339879512787
72 0.682303249835968
73 0.4376686215400696
74 0.5493661165237427
75 0.4563671946525574
76 0.9329726696014404
77 0.5552350878715515
78 0.63763427734375
79 0.7286258339881897
80 0.5496458411216736
81 0.9772334098815918
82 1.0834908485412598
83 0.5844472050666809
84 0.45183807611465454
85 0.7179736495018005
86 1.0512332916259766
87 0.6306299567222595
88 0.36440667510032654
89 0.5596477389335632
90 0.27413034439086914
91 0.5265661478042603
92 0.6584489345550537
93 0.3064628541469574
94 0.2891325354576111
95 0.27961066365242004
96 0.4963502287864685
97 0.6162364482879639
98 0.6759322285652161
99 0.2676769495010376
100 1.240424633026123
101 0.4084184169769287
102 0.7212915420532227
103 0.6308959722518921
104 0.5946922302246094
105 0.41882431507110596
106 0.7354711294174194
107 0.4306143820285797
108 0.8128776550292969
109 0.9140748381614685
110 1.142397165298462
111 1.0580222606658936
112 0.5829073190689087
113 0.5843511819839478
114 0.41522347927093506
115 0.4651183784008026
116 0.5744556784629822
117 0.4279414117336273
118 0.4785776436328888
119 0.5342849493026733
120 0.7410908341407776
121 0.32561439275741577
122 0.44007381796836853
123 0.7879291772842407
124 0.562784731388092
125 0.7018597722053528
126 0.4763038456439972
127 0.6698468327522278
128 0.5820097923278809
129 0.3410196006298065
130 0.5431295037269592
131 0.5203420519828796
132 0.6527534127235413
133 0.5030314326286316
134 0.6289775371551514
135 0.35191139578819275
136 0.6748993992805481
137 0.5942569375038147
138 0.3910599946975708
139 0.25798848271369934
140 0.5870189070701599
141 1.0476388931274414
142 0.2911210358142853
143 0.77610844373703
144 0.5143292546272278
145 0.49887970089912415
146 0.5265752673149109
147 0.3262542486190796
148 0.5543214082717896
149 0.8454678058624268
150 0.604199230670929
151 0.7613216042518616
152 0.6098097562789917
153 1.1097524166107178
154 0.7478142976760864
155 0.6898414492607117
156 0.9508723616600037
157 0.4153406023979187
158 0.6251437664031982
159 0.4598657190799713
160 0.7150194048881531
161 0.769925057888031
162 0.949021577835083
163 0.6879532933235168
164 1.0316394567489624
165 0.46438682079315186
166 0.5068820118904114
167 0.4932992160320282
168 0.8484842777252197
169 0.34494051337242126
170 0.9463913440704346
171 0.6664863228797913
172 0.48784971237182617
173 0.4168122410774231
174 0.6987706422805786
175 0.641986608505249
176 0.5776200294494629
177 0.4396648108959198
178 0.4517099857330322
179 0.9678545594215393
180 1.0070210695266724
181 1.1347386837005615
182 0.6904232501983643
183 0.7175911664962769
184 1.1923719644546509
185 1.0953702926635742
186 0.5630898475646973
187 1.100956678390503
188 0.8565782904624939
189 0.5408844351768494
190 0.4992149770259857
191 0.5729549527168274
192 0.4911481440067291
193 0.5173497796058655
194 0.659939169883728
195 0.8293340802192688
196 0.3878137171268463
197 0.4990445077419281
198 0.15450610220432281
199 0.18096527457237244
200 0.5504270195960999
201 0.5787712335586548
202 0.3613108992576599
203 0.6334396600723267
204 0.5838529467582703
205 0.6964028477668762
206 0.679050087928772
207 0.8659891486167908
208 0.9395381212234497
209 0.8657826781272888
210 0.8635168075561523
211 0.9046986103057861
212 0.2896776497364044
213 0.40774405002593994
214 0.43117955327033997
215 0.4992232024669647
216 0.28873908519744873
217 0.724046528339386
218 0.8968436121940613
219 0.40223199129104614
220 0.6261072754859924
221 0.7343143820762634
222 1.07184636592865
223 0.621953010559082
224 0.5748608708381653
225 0.7949341535568237
226 0.6907428503036499
227 0.6290417909622192
228 0.8933705687522888
229 0.5597946643829346
230 0.9801062941551208
231 0.24679052829742432
232 0.9767048954963684
233 0.41237199306488037
234 0.6666020750999451
235 0.7205896377563477
236 0.6057365536689758
237 0.5550040006637573
238 0.26347362995147705
239 0.6801804900169373
240 0.9321379065513611
241 0.4893488883972168
242 0.6660423874855042
243 0.5394420027732849
244 0.25459372997283936
245 0.2807048559188843
246 0.6375656127929688
247 0.5805343985557556
248 0.5100806355476379
249 0.51872318983078
250 0.7159304022789001
251 0.6327134370803833
252 0.6234611868858337
253 0.523306131362915
254 0.25803667306900024
255 0.4944953918457031
256 0.37655481696128845
257 0.8620153069496155
258 0.6067774295806885
259 0.9359971284866333
260 0.8767349123954773
261 1.058440923690796
262 1.1340848207473755
263 0.8984513878822327
264 0.8328936696052551
265 1.3069729804992676
266 1.3250823020935059
267 0.6621178984642029
268 1.2728930711746216
269 0.9549680948257446
270 1.4710556268692017
271 1.0654292106628418
272 1.0806468725204468
273 1.2645615339279175
274 1.4505380392074585
275 1.1349753141403198
276 1.12650728225708
277 0.9798054695129395
278 1.352700114250183
279 1.3318051099777222
280 0.8735520839691162
281 0.9553205370903015
282 1.178726077079773
283 1.0157151222229004
284 1.226570725440979
285 1.1511036157608032
286 1.5865565538406372
287 1.4859718084335327
288 1.3331845998764038
289 1.2303305864334106
290 1.3595389127731323
291 1.3061740398406982
292 1.5138949155807495
293 1.2090216875076294
294 0.9286283850669861
295 1.0079929828643799
296 1.3865394592285156
297 1.4540555477142334
298 1.2540510892868042
299 1.6225979328155518
300 0.6606784462928772
301 1.0624606609344482
302 0.6854751706123352
303 0.9691556096076965
304 0.6860345005989075
305 0.5748702883720398
306 1.2423930168151855
307 0.7766054272651672
308 0.5672749876976013
309 1.1944783926010132
310 0.9369399547576904
311 0.8740389943122864
312 1.1525973081588745
313 0.9721387624740601
314 0.9711465239524841
315 1.1478006839752197
316 0.9196540713310242
317 1.2680515050888062
318 0.8028953671455383
319 0.8272895812988281
320 0.9854769706726074
321 1.0683646202087402
322 1.108612060546875
323 1.0909799337387085
324 1.4514933824539185
325 1.3222137689590454
326 1.055899739265442
327 1.3136645555496216
328 1.241804599761963
329 1.0092171430587769
330 1.069846510887146
331 1.2878402471542358
332 0.7961286902427673
333 1.4020434617996216
334 1.699486255645752
335 1.1981381177902222
336 1.364432692527771
337 1.3684262037277222
338 1.1415952444076538
339 1.1768501996994019
340 1.4271992444992065
341 1.1505106687545776
342 0.9993283152580261
343 0.922662079334259
344 0.9691846966743469
345 1.1319329738616943
346 1.3078234195709229
347 1.3967132568359375
348 1.2616636753082275
349 1.5345536470413208
350 1.304974913597107
351 1.5948543548583984
352 1.5407203435897827
353 1.4586535692214966
354 0.7546380162239075
355 1.2541022300720215
356 0.6749447584152222
357 1.3484134674072266
358 1.074297308921814
359 1.5364887714385986
360 1.4432507753372192
361 1.460221290588379
362 1.832737684249878
363 1.3333725929260254
364 1.2385811805725098
365 1.372046947479248
366 1.2034419775009155
367 1.288103461265564
368 1.026938557624817
369 1.1644562482833862
370 1.5174063444137573
371 1.409609317779541
372 1.3033521175384521
373 1.523436427116394
374 1.269637107849121
375 1.5111675262451172
376 1.5097615718841553
377 1.750870943069458
378 1.3894600868225098
379 1.2989009618759155
380 1.175121784210205
381 1.6472437381744385
382 1.5152602195739746
383 1.3603938817977905
384 1.4566786289215088
385 1.2894459962844849
386 0.9818543195724487
387 1.1696040630340576
388 1.1498215198516846
389 1.0632580518722534
390 1.2619545459747314
391 1.148415446281433
392 1.2387282848358154
393 1.6945931911468506
394 1.1680299043655396
395 0.9969015121459961
396 1.0837424993515015
397 1.1374948024749756
398 1.0654914379119873
399 1.2962539196014404
400 1.2216774225234985
401 1.7500957250595093
402 1.4673479795455933
403 0.930302619934082
404 1.7803326845169067
405 2.9257006645202637
406 2.0982139110565186
407 2.451458692550659
408 1.8487238883972168
409 1.8669418096542358
410 2.2137672901153564
411 2.2145581245422363
412 2.6712727546691895
413 2.065305709838867
414 2.1623387336730957
415 1.8989607095718384
416 1.7446990013122559
417 1.8518896102905273
418 1.9562969207763672
419 2.0146052837371826
420 2.240610122680664
421 2.527735471725464
422 2.3794519901275635
423 2.2250757217407227
424 2.1370811462402344
425 2.300894021987915
426 2.4405479431152344
427 2.276001214981079
428 2.6609718799591064
429 2.6709883213043213
430 2.721738576889038
431 2.4884214401245117
432 1.9256513118743896
433 2.145484447479248
434 1.9776365756988525
435 2.3564138412475586
436 2.4117650985717773
437 2.1805193424224854
438 2.6479740142822266
439 2.8812966346740723
440 2.391345500946045
441 2.7065093517303467
442 2.9419283866882324
443 2.3942506313323975
444 2.407679796218872
445 2.084928512573242
446 2.5644726753234863
447 2.7508625984191895
448 2.2431187629699707
449 2.301452875137329
450 2.5293126106262207
451 2.5156748294830322
452 2.189444065093994
453 2.216935634613037
454 2.179720163345337
455 2.6516854763031006
456 2.525333881378174
457 2.524343490600586
458 2.5401816368103027
459 2.417217969894409
460 2.4041590690612793
461 1.9061414003372192
462 1.8578770160675049
463 2.2233381271362305
464 2.2087578773498535
465 2.0165634155273438
466 2.4603705406188965
467 2.2959587574005127
468 2.0837643146514893
469 1.9140434265136719
470 1.975608468055725
471 2.1425106525421143
472 2.502732038497925
473 1.5333274602890015
474 1.9786943197250366
475 2.0246429443359375
476 2.588890790939331
477 2.287928819656372
478 2.479309320449829
479 2.406465768814087
480 2.512895345687866
481 2.2305545806884766
482 2.654071569442749
483 2.539952039718628
484 2.543137788772583
485 2.4229514598846436
486 2.2413556575775146
487 2.467430353164673
488 2.453749895095825
489 2.171119451522827
490 2.423879384994507
491 2.5909547805786133
492 2.207240104675293
493 2.4705464839935303
494 2.313387393951416
495 2.47273850440979
496 2.448166847229004
497 2.864287853240967
498 2.619114637374878
499 2.6014928817749023
500 2.5788040161132813
501 2.0022830963134766
502 2.068312406539917
503 2.0161263942718506
504 2.8818166255950928
505 2.781174421310425
506 2.388291358947754
507 3.08439564704895
508 2.664381742477417
509 2.644775390625
510 2.515042304992676
511 2.68123722076416
512 3.1310150623321533
513 2.364081382751465
514 1.9044355154037476
515 2.1649205684661865
516 1.5181474685668945
517 2.1023213863372803
518 2.3083720207214355
519 1.9675391912460327
520 2.0956597328186035
521 2.3099279403686523
522 2.00897216796875
523 2.3034250736236572
524 2.4300084114074707
525 1.897255539894104
526 2.151620626449585
527 1.8782610893249512
528 2.3151166439056396
529 1.775292158126831
530 2.0718841552734375
531 1.7790740728378296
532 1.822189450263977
533 2.4200756549835205
534 2.4465420246124268
535 2.2223293781280518
536 1.9038945436477661
537 1.8130531311035156
538 2.2245161533355713
539 1.8949801921844482
540 1.784745216369629
541 1.6503738164901733
542 1.9748655557632446
543 2.527493715286255
544 2.1873319149017334
545 2.111388683319092
546 2.105501890182495
547 1.823460340499878
548 1.986956000328064
549 2.423551321029663
550 2.130162239074707
551 2.125842809677124
552 2.1533374786376953
553 2.143770456314087
554 2.2681398391723633
555 1.823521375656128
556 2.811633348464966
557 2.438091278076172
558 2.3110649585723877
559 2.1617844104766846
560 2.2835757732391357
561 2.351612091064453
562 1.8757097721099854
563 2.177959680557251
564 1.8885672092437744
565 2.1508638858795166
566 2.8841867446899414
567 2.0806565284729004
568 2.2773399353027344
569 2.3617894649505615
570 2.4468278884887695
571 2.5194976329803467
572 2.075714111328125
573 1.863734483718872
574 2.094655752182007
575 2.1038646697998047
576 2.0913424491882324
577 2.3169076442718506
578 2.3416695594787598
579 2.163187265396118
580 2.0193495750427246
581 2.5511679649353027
582 2.1511356830596924
583 2.1433091163635254
584 1.8558976650238037
585 2.086967945098877
586 2.7575843334198
587 2.0536766052246094
588 2.5532257556915283
589 2.1273581981658936
590 3.0547780990600586
591 2.272552728652954
592 2.271254539489746
593 3.044619560241699
594 2.5067498683929443
595 2.24775767326355
596 2.2136635780334473
597 2.1518781185150146
598 2.0439109802246094
599 1.8936368227005005
600 2.0582776069641113
601 2.2637338638305664
602 2.8286232948303223
603 2.7992913722991943
604 2.5775399208068848
605 2.173635244369507
606 2.285656690597534
607 2.2150115966796875
608 2.136965274810791
609 2.8200225830078125
610 2.125941276550293
611 2.4060516357421875
612 2.6520702838897705
613 1.9934158325195313
614 1.9193412065505981
615 3.0030126571655273
616 2.4624671936035156
617 2.512964963912964
618 2.9057517051696777
619 2.822683095932007
620 2.156484603881836
621 2.3531785011291504
622 2.348388910293579
623 2.2391769886016846
624 2.4546127319335938
625 1.7764830589294434
626 1.7344231605529785
627 2.1364431381225586
628 2.2717888355255127
629 1.9737271070480347
630 1.8154902458190918
631 2.0486276149749756
632 2.1600637435913086
633 2.8406925201416016
634 2.6320955753326416
635 2.372685670852661
636 2.1744372844696045
637 2.54533314704895
638 2.4530904293060303
639 2.915487289428711
640 2.6650686264038086
641 3.083841562271118
642 2.7152154445648193
643 2.606424570083618
644 3.2596404552459717
645 2.494101047515869
646 2.20151424407959
647 1.8359507322311401
648 2.072751998901367
649 2.222332000732422
650 1.9716635942459106
651 1.8197007179260254
652 2.1636745929718018
653 2.1799116134643555
654 2.047527313232422
655 2.441873550415039
656 2.294879198074341
657 2.2072906494140625
658 2.3431315422058105
659 1.976978063583374
660 1.911505937576294
661 1.6726810932159424
662 1.7230348587036133
663 1.617349624633789
664 1.6593079566955566
665 1.7397089004516602
666 1.623120903968811
667 2.107797145843506
668 1.979853868484497
669 1.7083343267440796
670 1.9536893367767334
671 2.230755090713501
672 1.8846453428268433
673 2.4829559326171875
674 2.0217392444610596
675 2.4212913513183594
676 2.4131903648376465
677 2.112863540649414
678 1.8997445106506348
679 1.6631478071212769
680 2.3163063526153564
681 1.4972902536392212
682 2.0400326251983643
683 1.7605750560760498
684 1.7452150583267212
685 1.5018450021743774
686 1.8898261785507202
687 1.9113763570785522
688 1.544425368309021
689 1.5595139265060425
690 1.9609744548797607
691 1.610654354095459
692 1.9930788278579712
693 1.7731742858886719
694 1.7594146728515625
695 2.3179562091827393
696 2.111712694168091
697 1.503300428390503
698 1.6106112003326416
699 1.5782822370529175
700 1.2575938701629639
701 2.061465263366699
702 1.803338646888733
703 1.6265387535095215
704 1.426092267036438
705 1.9095633029937744
706 1.702359914779663
707 1.598325490951538
708 1.9687108993530273
709 2.1788628101348877
710 2.305560827255249
711 2.486722707748413
712 2.292611598968506
713 2.688615322113037
714 2.173417568206787
715 2.457087278366089
716 1.5846854448318481
717 1.877663254737854
718 1.9514175653457642
719 1.9415724277496338
720 2.107121706008911
721 2.066467761993408
722 2.3092668056488037
723 2.1592142581939697
724 2.6775248050689697
725 2.7642829418182373
726 2.905693292617798
727 2.7369821071624756
728 3.0604846477508545
729 2.864743232727051
730 2.9072442054748535
731 2.830918788909912
732 2.5871737003326416
733 2.3018884658813477
734 2.428417205810547
735 2.44087290763855
736 2.684192657470703
737 3.244563341140747
738 2.305288314819336
739 2.1673150062561035
740 1.8988072872161865
741 2.200195074081421
742 2.227800130844116
743 2.536447525024414
744 2.2634570598602295
745 2.572788715362549
746 2.1355371475219727
747 2.160869836807251
748 2.5116798877716064
749 2.081446886062622
750 2.226189136505127
751 2.083282947540283
752 1.6718246936798096
753 2.3217830657958984
754 1.7135127782821655
755 1.6341614723205566
756 1.865674376487732
757 1.5034319162368774
758 1.7704654932022095
759 1.5044670104980469
760 1.620886206626892
761 1.690144658088684
762 2.1371877193450928
763 1.7393286228179932
764 1.3553109169006348
765 1.6194496154785156
766 1.60634183883667
767 1.5383167266845703
768 1.9368951320648193
769 1.7767014503479004
770 1.7674256563186646
771 2.113027334213257
772 1.5504295825958252
773 1.8070576190948486
774 2.0535645484924316
775 2.1236355304718018
776 2.3054604530334473
777 2.0633456707000732
778 2.115838050842285
779 2.0746476650238037
780 2.5873172283172607
781 2.5092101097106934
782 2.529980182647705
783 2.148573637008667
784 2.083010673522949
785 1.8954066038131714
786 2.049132823944092
787 2.3940887451171875
788 2.5041821002960205
789 2.1866719722747803
790 1.980240821838379
791 1.853737711906433
792 2.024233102798462
793 2.0507395267486572
794 1.9277423620224
795 1.9717903137207031
796 2.688089609146118
797 2.466071844100952
798 2.2509143352508545
799 2.3324952125549316
800 2.879328966140747
801 1.9078441858291626
802 2.1818594932556152
803 2.2375309467315674
804 2.063361167907715
805 2.4844541549682617
806 1.962239384651184
807 2.1505775451660156
808 2.28694748878479
809 2.5725767612457275
810 2.1971535682678223
811 2.0273356437683105
812 1.9224907159805298
813 2.1349663734436035
814 2.025564193725586
815 1.8658435344696045
816 2.1952428817749023
817 1.739640474319458
818 1.4890828132629395
819 1.998893141746521
820 2.032926082611084
821 2.1880180835723877
822 1.4416216611862183
823 1.8813945055007935
824 2.293414354324341
825 2.448345899581909
826 2.3301825523376465
827 2.3128104209899902
828 2.0761802196502686
829 2.541586399078369
830 2.0222434997558594
831 1.6551376581192017
832 1.8163808584213257
833 2.2098472118377686
834 1.647447943687439
835 1.8468207120895386
836 1.6466392278671265
837 1.3216540813446045
838 1.821109652519226
839 2.261005163192749
840 1.2372589111328125
841 1.512699842453003
842 2.1229753494262695
843 2.1192421913146973
844 1.6479805707931519
845 1.8081190586090088
846 2.163893461227417
847 2.4500069618225098
848 1.991369366645813
849 1.8873634338378906
850 1.9282727241516113
851 2.4663639068603516
852 1.5599515438079834
853 1.9975439310073853
854 1.6515331268310547
855 1.7261905670166016
856 1.770551323890686
857 1.8898355960845947
858 1.729324221611023
859 1.9099336862564087
860 1.4118221998214722
861 1.7420238256454468
862 1.7142459154129028
863 2.0560524463653564
864 2.0223963260650635
865 1.9909321069717407
866 1.9380099773406982
867 1.6664098501205444
868 2.550833225250244
869 1.9261773824691772
870 1.8794671297073364
871 1.9430662393569946
872 2.0242185592651367
873 2.490122079849243
874 2.1923820972442627
875 2.6100351810455322
876 2.278552770614624
877 1.8376821279525757
878 2.4050681591033936
879 2.319119691848755
880 2.1428821086883545
881 2.0645692348480225
882 2.2458646297454834
883 2.5322558879852295
884 2.4066786766052246
885 1.8754932880401611
886 1.9510291814804077
887 1.9022741317749023
888 1.4294638633728027
889 1.7270904779434204
890 1.7916460037231445
891 2.2254648208618164
892 2.2108206748962402
893 2.0013201236724854
894 2.237091541290283
895 1.331611156463623
896 2.464078187942505
897 2.0002076625823975
898 2.8389735221862793
899 2.2147443294525146
900 3.3099474906921387
901 3.2805800437927246
902 3.133363962173462
903 2.9778552055358887
904 2.5482614040374756
905 2.473093271255493
906 2.6516366004943848
907 2.7069694995880127
908 2.544250726699829
909 2.9129531383514404
910 3.094770908355713
911 2.961280584335327
912 3.3339710235595703
913 3.214470863342285
914 2.5879945755004883
915 2.6232962608337402
916 2.6384665966033936
917 2.1425724029541016
918 2.138373613357544
919 1.922429084777832
920 2.068570852279663
921 2.1102757453918457
922 1.8233120441436768
923 1.821705937385559
924 2.090855121612549
925 1.7665807008743286
926 2.0368754863739014
927 1.995948076248169
928 1.833287000656128
929 1.255018949508667
930 1.4753799438476563
931 1.9379678964614868
932 1.480219841003418
933 1.6140085458755493
934 1.879361629486084
935 2.138727903366089
936 1.4919003248214722
937 1.5204366445541382
938 1.9664180278778076
939 1.6433037519454956
940 1.8290777206420898
941 1.9781361818313599
942 2.549452543258667
943 2.591580867767334
944 1.7735894918441772
945 1.913999319076538
946 2.595327854156494
947 1.9385440349578857
948 2.049314498901367
949 1.8490715026855469
950 1.897723913192749
951 2.740445375442505
952 2.399301528930664
953 2.0512351989746094
954 2.349213123321533
955 2.0883848667144775
956 1.643814206123352
957 1.9540119171142578
958 1.4814934730529785
959 1.8795000314712524
960 2.0245652198791504
961 1.9324498176574707
962 2.0147476196289063
963 1.5843523740768433
964 2.1386821269989014
965 1.6752201318740845
966 2.011662006378174
967 1.822366714477539
968 1.7097471952438354
969 1.8783049583435059
970 1.8047921657562256
971 2.0254530906677246
972 1.9243892431259155
973 1.9188579320907593
974 2.1881566047668457
975 2.0296332836151123
976 2.4727516174316406
977 2.7692012786865234
978 2.567089080810547
979 2.2592525482177734
980 2.397066593170166
981 2.691500663757324
982 1.7497587203979492
983 2.233851194381714
984 2.0443263053894043
985 2.571338653564453
986 2.020996332168579
987 2.4494075775146484
988 2.5237863063812256
989 2.0557749271392822
990 2.4981603622436523
991 2.5363962650299072
992 2.522538423538208
993 2.226672887802124
994 2.484435796737671
995 2.2948224544525146
996 1.901311993598938
997 2.4240660667419434
998 2.1307532787323
999 2.315091371536255
1000 2.265059232711792
1001 2.2652814388275146
1002 2.2219529151916504
1003 2.698185682296753
1004 2.361166000366211
1005 2.6214075088500977
1006 2.9074225425720215
1007 2.270204544067383
1008 2.3812718391418457
1009 2.3688178062438965
1010 2.6114962100982666
1011 1.9604477882385254
1012 2.3572797775268555
1013 2.615577459335327
1014 2.5627224445343018
1015 2.4768500328063965
1016 2.5718793869018555
1017 2.2500112056732178
1018 2.49668025970459
1019 2.7637360095977783
1020 2.772825002670288
1021 2.740496873855591
1022 2.425198793411255
1023 2.737541675567627
1024 3.0639681816101074
1025 3.117400884628296
1026 3.2640535831451416
1027 2.512644052505493
1028 3.380148410797119
1029 2.815338373184204
1030 2.4669435024261475
1031 2.930630922317505
1032 2.9373984336853027
1033 2.8457601070404053
1034 2.989384412765503
1035 2.5604677200317383
1036 3.016648292541504
1037 2.7005128860473633
1038 2.5043396949768066
1039 3.0979034900665283
1040 2.9248616695404053
1041 2.7272887229919434
1042 3.384664297103882
1043 3.1452882289886475
1044 3.366562843322754
1045 3.118971347808838
1046 2.4266788959503174
1047 2.681863307952881
1048 2.487236738204956
1049 2.6462552547454834
1050 2.472135066986084
1051 3.0320262908935547
1052 2.9337141513824463
1053 3.3608875274658203
1054 2.802039623260498
1055 3.154841899871826
1056 2.5308122634887695
1057 2.697190046310425
1058 3.1429147720336914
1059 2.713046073913574
1060 2.252108335494995
1061 2.1680140495300293
1062 2.3691763877868652
1063 2.500084400177002
1064 2.845982313156128
1065 2.486419677734375
1066 2.9237887859344482
1067 2.787808418273926
1068 3.0531370639801025
1069 2.8231887817382813
1070 2.3307766914367676
1071 2.2982330322265625
1072 2.252105474472046
1073 2.432877779006958
1074 2.340055465698242
1075 3.091552257537842
1076 2.7604689598083496
1077 2.628551959991455
1078 2.508186101913452
1079 2.666930913925171
1080 2.6951708793640137
1081 2.5675723552703857
1082 2.3664510250091553
1083 2.830564260482788
1084 2.715325117111206
1085 2.3498857021331787
1086 2.9386796951293945
1087 2.496145725250244
1088 2.6052567958831787
1089 2.637031078338623
1090 2.7840566635131836
1091 2.1413230895996094
1092 2.7269628047943115
1093 2.7792348861694336
1094 2.312727928161621
1095 2.1790242195129395
1096 2.2804384231567383
1097 2.580209255218506
1098 2.424710750579834
1099 2.4103846549987793
1100 2.3006865978240967
1101 2.5983657836914063
1102 2.602261543273926
1103 3.020580530166626
1104 2.6194143295288086
1105 2.865692615509033
1106 3.409641981124878
1107 3.442826271057129
1108 3.8501803874969482
1109 3.61151385307312
1110 3.2847983837127686
1111 3.015761375427246
1112 3.5626626014709473
1113 3.130308151245117
1114 3.972032308578491
1115 3.256965398788452
1116 3.332275629043579
1117 3.3218729496002197
1118 3.29325795173645
1119 3.3846030235290527
1120 3.469337224960327
1121 3.546846628189087
1122 3.557443380355835
1123 3.4633171558380127
1124 3.3869104385375977
1125 3.269707202911377
1126 3.2917797565460205
1127 3.185215950012207
1128 3.037384033203125
1129 3.481372356414795
1130 3.3854455947875977
1131 3.7180275917053223
1132 2.6413862705230713
1133 3.467780351638794
1134 3.1417243480682373
1135 3.0210368633270264
1136 2.792268753051758
1137 2.8954269886016846
1138 3.0524396896362305
1139 3.6557505130767822
1140 3.467289686203003
1141 3.370992660522461
1142 3.1428704261779785
1143 2.886096715927124
1144 3.1697802543640137
1145 3.40044903755188
1146 3.279686450958252
1147 3.2397923469543457
1148 3.6755261421203613
1149 3.5000734329223633
1150 4.025775909423828
1151 4.054533958435059
1152 4.233520030975342
1153 4.040074348449707
1154 4.040489673614502
1155 3.9827022552490234
1156 3.950286388397217
1157 3.71244478225708
1158 3.6866281032562256
1159 4.143313884735107
1160 4.255330562591553
1161 4.284231662750244
1162 4.320801258087158
1163 3.9646835327148438
1164 4.18034029006958
1165 4.625767707824707
1166 4.344531536102295
1167 4.503167629241943
1168 4.667117595672607
1169 4.2442755699157715
1170 4.349433898925781
1171 4.209468364715576
1172 4.222968578338623
1173 4.806534767150879
1174 4.9477081298828125
1175 4.853718280792236
1176 5.4302802085876465
1177 5.168185234069824
1178 4.705089092254639
1179 5.05804443359375
1180 5.22157096862793
1181 5.125406742095947
1182 5.018155097961426
1183 5.022615432739258
1184 4.397225379943848
1185 4.541651725769043
1186 4.735488414764404
1187 5.310001850128174
1188 5.441385269165039
1189 5.157680511474609
1190 5.212149143218994
1191 4.96479606628418
1192 5.177889823913574
1193 5.035124778747559
1194 5.187380790710449
1195 5.102605819702148
1196 5.528869152069092
1197 5.495696067810059
1198 4.942589282989502
1199 5.375523090362549
1200 5.191183090209961
1201 6.110002517700195
1202 6.253893852233887
1203 6.540168285369873
1204 5.715731620788574
1205 5.298590660095215
1206 5.74181604385376
1207 5.373617172241211
1208 5.468125343322754
1209 5.592302322387695
1210 5.575802803039551
1211 5.167423248291016
1212 4.516892433166504
1213 5.422883033752441
1214 5.29215669631958
1215 5.236266136169434
1216 5.1946868896484375
1217 4.770230293273926
1218 5.079704761505127
1219 4.987125396728516
1220 5.314738750457764
1221 5.002889633178711
1222 5.018178462982178
1223 4.847606658935547
1224 5.253655910491943
1225 4.965213298797607
1226 4.581491947174072
1227 4.881556510925293
1228 5.214499473571777
1229 4.67085599899292
1230 4.4150543212890625
1231 4.824976921081543
1232 4.906668186187744
1233 4.640742301940918
1234 4.915337562561035
1235 5.511910438537598
1236 4.881930351257324
1237 4.852728366851807
1238 5.039461612701416
1239 5.374136447906494
1240 5.46006965637207
1241 5.152291774749756
1242 5.129756450653076
1243 5.1184844970703125
1244 5.42568826675415
1245 4.733977794647217
1246 4.836047649383545
1247 5.118289947509766
1248 4.8713274002075195
1249 5.116954326629639
1250 5.401205539703369
1251 5.077486515045166
1252 4.991463661193848
1253 4.7535247802734375
1254 4.806335926055908
1255 4.930559158325195
1256 5.267251968383789
1257 4.9872918128967285
1258 5.250555038452148
1259 5.196197509765625
1260 5.086668968200684
1261 5.40859842300415
1262 5.076354503631592
1263 4.8016276359558105
1264 5.298273086547852
1265 5.762073516845703
1266 6.0416131019592285
1267 5.831910133361816
1268 5.885396957397461
1269 5.698831558227539
1270 5.778797626495361
1271 5.460079669952393
1272 5.258916854858398
1273 5.347954273223877
1274 4.845113277435303
1275 5.485391616821289
1276 4.983035087585449
1277 5.254309177398682
1278 5.624330997467041
1279 5.676083564758301
1280 5.530750274658203
1281 5.840189456939697
1282 5.334429740905762
1283 5.831397533416748
1284 5.220480918884277
1285 5.5473809242248535
1286 5.0404276847839355
1287 4.988288879394531
1288 5.165431499481201
1289 5.179514408111572
1290 5.072619438171387
1291 4.763472080230713
1292 5.1644697189331055
1293 4.9750285148620605
1294 4.692273139953613
1295 5.472452163696289
1296 5.097753047943115
1297 5.172006130218506
1298 5.314655303955078
1299 5.430931091308594
1300 5.680203437805176
1301 4.906465530395508
1302 5.356544017791748
1303 5.616604804992676
1304 5.422300338745117
1305 5.1694016456604
1306 5.09568452835083
1307 5.323347568511963
1308 5.289638042449951
1309 5.327848434448242
1310 4.828367233276367
1311 4.705257892608643
1312 5.449314594268799
1313 5.243589401245117
1314 5.155313491821289
1315 5.168322563171387
1316 5.312715530395508
1317 4.826211929321289
1318 5.00151252746582
1319 4.653572082519531
1320 4.765969753265381
1321 4.872544288635254
1322 4.718721389770508
1323 4.761059284210205
1324 4.869582176208496
1325 4.8497114181518555
1326 4.983794689178467
1327 4.554568767547607
1328 4.804749488830566
1329 4.642261981964111
1330 4.825231075286865
1331 4.420539379119873
1332 4.73073673248291
1333 4.835019588470459
1334 4.991539001464844
1335 5.267973899841309
1336 5.015589237213135
1337 4.785096645355225
1338 4.914247035980225
1339 5.091221809387207
1340 5.145723819732666
1341 4.396485805511475
1342 4.892695903778076
1343 4.862520217895508
1344 5.2228193283081055
1345 5.439113140106201
1346 4.994205474853516
1347 5.0249247550964355
1348 4.782728672027588
1349 4.948721885681152
1350 5.086531639099121
1351 4.972218036651611
1352 4.7660298347473145
1353 4.855184078216553
1354 4.829482555389404
1355 4.888239860534668
1356 4.545636177062988
1357 5.042518138885498
1358 4.674727916717529
1359 4.942720890045166
1360 4.76348876953125
1361 5.220951557159424
1362 5.294071674346924
1363 5.4431257247924805
1364 5.252885818481445
1365 4.968605995178223
1366 5.057321548461914
1367 4.592260837554932
1368 5.040809631347656
1369 5.407737731933594
1370 4.9881062507629395
1371 4.936522006988525
1372 4.583682537078857
1373 5.192172527313232
1374 4.48582649230957
1375 4.411866664886475
1376 5.023214340209961
1377 4.584964752197266
1378 4.670095443725586
1379 4.430532932281494
1380 5.037724494934082
1381 4.890415191650391
1382 5.06555700302124
1383 5.259775638580322
1384 5.596358776092529
1385 5.034611225128174
1386 5.237207412719727
1387 4.89268684387207
1388 4.910398483276367
1389 4.7162065505981445
1390 4.557883262634277
1391 4.679643154144287
1392 4.722173690795898
1393 4.73447322845459
1394 5.071808338165283
1395 4.496091842651367
1396 4.817236423492432
1397 4.952103614807129
1398 4.725741386413574
1399 5.45188570022583
1400 5.172860145568848
1401 5.00406551361084
1402 5.151374340057373
1403 5.404466152191162
1404 4.975451469421387
1405 4.801126003265381
1406 4.912024974822998
1407 4.72309684753418
1408 4.581508636474609
1409 4.948913097381592
1410 5.122064113616943
1411 5.117002964019775
1412 5.23900032043457
1413 4.7020158767700195
1414 5.258265018463135
1415 4.971351146697998
1416 5.365912437438965
1417 5.165506839752197
1418 5.430904865264893
1419 4.734889030456543
1420 5.502965927124023
1421 4.982722759246826
1422 5.259901523590088
1423 5.08343505859375
1424 5.10598611831665
1425 5.058831691741943
1426 5.304411888122559
1427 5.322533130645752
1428 4.85040283203125
1429 5.407228469848633
1430 5.143949508666992
1431 5.344786167144775
1432 5.104913711547852
1433 5.2314300537109375
1434 4.924767017364502
1435 4.992696762084961
1436 4.895869255065918
1437 5.333445072174072
1438 5.006900310516357
1439 4.829019546508789
1440 4.828576564788818
1441 5.567141532897949
1442 5.807931900024414
1443 5.646194934844971
1444 5.20637321472168
1445 5.441939830780029
1446 5.656910419464111
1447 5.388504505157471
1448 5.252096176147461
1449 5.225712776184082
1450 4.671453952789307
1451 4.503213882446289
1452 4.950542449951172
1453 4.893105983734131
1454 4.974226474761963
1455 5.207390308380127
1456 4.882813930511475
1457 4.977449893951416
1458 5.209890365600586
1459 5.759214401245117
1460 5.156584739685059
1461 5.061539173126221
1462 5.003878593444824
1463 4.997749328613281
1464 5.05483865737915
1465 5.277860164642334
1466 4.990395545959473
1467 4.732898235321045
1468 4.849612712860107
1469 5.066873550415039
1470 5.048198699951172
1471 5.19215202331543
1472 5.177030086517334
1473 5.078307628631592
1474 5.000346660614014
1475 5.16718864440918
1476 5.505960464477539
1477 4.893261432647705
1478 5.049500942230225
1479 4.984292030334473
1480 5.103332042694092
1481 5.074087142944336
1482 5.071108818054199
1483 4.791513442993164
1484 4.8732008934021
1485 4.68866491317749
1486 5.434844493865967
1487 5.110682487487793
1488 5.314898490905762
1489 5.18389892578125
1490 4.998255252838135
1491 5.3029022216796875
1492 4.9591383934021
1493 4.886987209320068
1494 4.893207550048828
1495 4.97046422958374
1496 5.0341267585754395
1497 5.469674110412598
1498 4.9076619148254395
1499 4.930847644805908
1500 5.019747257232666
1501 5.056415557861328
1502 5.102505683898926
1503 4.983534812927246
1504 5.228213787078857
1505 5.10999870300293
1506 4.883606910705566
1507 4.811313152313232
1508 4.651844024658203
1509 4.59522819519043
1510 4.423078536987305
1511 4.373446464538574
1512 4.558263778686523
1513 5.054486274719238
1514 4.91444206237793
1515 4.807058334350586
1516 5.2806477546691895
1517 4.949947357177734
1518 5.451140403747559
1519 5.295342445373535
1520 5.144474506378174
1521 5.098356246948242
1522 5.03921365737915
1523 4.969138145446777
1524 4.701590061187744
1525 5.0100016593933105
1526 5.061688423156738
1527 5.007416248321533
1528 4.7655863761901855
1529 4.6635942459106445
1530 5.053024768829346
1531 5.312496185302734
1532 5.787313938140869
1533 5.130214691162109
1534 4.746146202087402
1535 5.235752582550049
1536 5.328769207000732
1537 4.852632522583008
1538 4.848873615264893
1539 4.7532830238342285
1540 5.020949840545654
1541 5.3338189125061035
1542 5.1100945472717285
1543 5.233556747436523
1544 5.170043468475342
1545 5.059475421905518
1546 5.458619117736816
1547 5.438990592956543
1548 5.248189926147461
1549 4.948245048522949
1550 4.928086757659912
1551 5.171750545501709
1552 5.163695335388184
1553 5.061729431152344
1554 4.889533996582031
1555 4.926611423492432
1556 4.8101677894592285
1557 4.462049961090088
1558 4.399194240570068
1559 4.57129430770874
1560 4.268700122833252
1561 4.441235065460205
1562 4.741749286651611
1563 5.024097919464111
1564 5.179025650024414
1565 4.838926792144775
1566 4.7670416831970215
1567 4.758033275604248
1568 4.44971227645874
1569 4.736080169677734
1570 4.350351810455322
1571 4.677980422973633
1572 4.722493648529053
1573 4.818790435791016
1574 5.143213272094727
1575 4.829468727111816
1576 4.725966453552246
1577 4.650225639343262
1578 4.711734771728516
1579 4.619980812072754
1580 4.644514560699463
1581 4.4717583656311035
1582 5.107202053070068
1583 5.32859992980957
1584 5.0178375244140625
1585 5.2528181076049805
1586 4.936432361602783
1587 4.7234206199646
1588 5.229450225830078
1589 4.717416763305664
1590 4.6157755851745605
1591 4.800320148468018
1592 4.627763271331787
1593 4.655694007873535
1594 4.387914657592773
1595 4.872042655944824
1596 4.347788333892822
1597 4.392619609832764
1598 4.969543933868408
1599 4.944973945617676
1600 4.923985958099365
1601 4.849274635314941
1602 5.203450679779053
1603 5.379626750946045
1604 5.818314552307129
1605 5.972183704376221
1606 5.5451273918151855
1607 5.70082426071167
1608 5.558748245239258
1609 5.466065883636475
1610 5.844506740570068
1611 5.604189395904541
1612 5.571174621582031
1613 5.408561706542969
1614 5.278946876525879
1615 5.171914100646973
1616 5.241931915283203
1617 4.982166290283203
1618 5.328040599822998
1619 4.7002854347229
1620 5.603733539581299
1621 5.241866588592529
1622 5.323796272277832
1623 4.924161434173584
1624 5.88150691986084
1625 5.714191436767578
1626 5.790555477142334
1627 5.58618688583374
1628 5.799708366394043
1629 5.417806148529053
1630 5.422670841217041
1631 5.854239463806152
1632 5.970065116882324
1633 5.746104717254639
1634 5.408764839172363
1635 5.43781042098999
1636 5.558757305145264
1637 5.620936393737793
1638 5.914342880249023
1639 5.60242223739624
1640 5.496237277984619
1641 5.794091701507568
1642 5.480238437652588
1643 5.6001811027526855
1644 5.54074764251709
1645 5.729055881500244
1646 5.725829601287842
1647 5.840048313140869
1648 5.4865827560424805
1649 5.519978046417236
1650 6.178955554962158
1651 5.752635955810547
1652 5.345865249633789
1653 5.844282150268555
1654 5.897361755371094
1655 6.03386116027832
1656 5.987354278564453
1657 5.891756057739258
1658 5.706355571746826
1659 5.15630578994751
1660 5.5097174644470215
1661 5.876657009124756
1662 5.616542816162109
1663 5.443196773529053
1664 5.949607849121094
1665 5.666677951812744
1666 5.270196437835693
1667 5.287782192230225
1668 5.066529273986816
1669 5.39646053314209
1670 5.109153747558594
1671 5.747837543487549
1672 6.0144829750061035
1673 5.828705310821533
1674 5.92285680770874
1675 5.592687129974365
1676 5.6135382652282715
1677 5.645634651184082
1678 5.5220818519592285
1679 5.653095245361328
1680 5.736930847167969
1681 5.792335510253906
1682 6.42815637588501
1683 6.23506498336792
1684 6.2303385734558105
1685 6.202108860015869
1686 6.62378454208374
1687 6.193180561065674
1688 6.064132213592529
1689 5.901782512664795
1690 5.449232578277588
1691 5.518896102905273
1692 5.341550827026367
1693 5.42690896987915
1694 5.44685173034668
1695 5.441360950469971
1696 5.141225814819336
1697 5.682060241699219
1698 5.638094425201416
1699 5.762716293334961
1700 5.068965435028076
1701 5.722675800323486
1702 5.703177452087402
1703 5.677837371826172
1704 5.229128360748291
1705 5.878699779510498
1706 5.599253177642822
1707 5.726321220397949
1708 6.071666717529297
1709 5.44197940826416
1710 5.847348213195801
1711 6.081638813018799
1712 5.873619556427002
1713 6.069502353668213
1714 6.26076602935791
1715 5.733097076416016
1716 6.0621562004089355
1717 6.123371601104736
1718 6.0544281005859375
1719 6.252976417541504
1720 5.789031505584717
1721 5.825394630432129
1722 6.190423965454102
1723 6.296788215637207
1724 6.033199787139893
1725 6.191239356994629
1726 5.938447952270508
1727 6.34027624130249
1728 6.472055435180664
1729 6.557326316833496
1730 6.178144454956055
1731 6.095747470855713
1732 6.247016906738281
1733 6.055309295654297
1734 6.190699577331543
1735 6.256455898284912
1736 6.234714984893799
1737 6.573005199432373
1738 6.589172840118408
1739 6.1479949951171875
1740 6.478941440582275
1741 6.9636993408203125
1742 6.25123929977417
1743 6.914323329925537
1744 6.720308303833008
1745 7.120036602020264
1746 6.461911678314209
1747 6.348359107971191
1748 6.530252456665039
1749 6.803402900695801
1750 6.812973499298096
1751 6.539348125457764
1752 6.452579021453857
1753 6.8460469245910645
1754 6.515585899353027
1755 6.826174736022949
1756 6.571072578430176
1757 7.035513877868652
1758 6.836023807525635
1759 6.500920295715332
1760 6.414802551269531
1761 6.380910396575928
1762 6.417049884796143
1763 6.082050800323486
1764 6.174241065979004
1765 6.096294403076172
1766 5.973714351654053
1767 6.223258018493652
1768 6.38054895401001
1769 5.905097007751465
1770 6.477530002593994
1771 6.76975679397583
1772 6.666813373565674
1773 6.626262187957764
1774 6.266533374786377
1775 6.424762725830078
1776 6.4235382080078125
1777 6.480494022369385
1778 6.4275970458984375
1779 6.294470310211182
1780 6.315835952758789
1781 6.702446460723877
1782 6.968794822692871
1783 6.162450790405273
1784 6.134279251098633
1785 6.120767593383789
1786 6.865166187286377
1787 7.039977550506592
1788 6.433582305908203
1789 6.475480556488037
1790 6.71234130859375
1791 6.422229766845703
1792 6.577792644500732
1793 6.36871337890625
1794 6.704219818115234
1795 6.861422061920166
1796 6.98145055770874
1797 6.499156475067139
1798 6.1609392166137695
1799 6.0388102531433105
1800 6.014736652374268
1801 6.469823360443115
1802 6.033966064453125
1803 5.5577006340026855
1804 5.676222324371338
1805 5.50534725189209
1806 5.985076904296875
1807 5.647875785827637
1808 5.409579753875732
1809 5.425207138061523
1810 5.772441387176514
1811 5.690613746643066
1812 5.965015888214111
1813 5.754761219024658
1814 5.8342976570129395
1815 6.179970741271973
1816 5.4933085441589355
1817 5.853200912475586
1818 5.761049747467041
1819 5.584704875946045
1820 5.574741840362549
1821 6.181265830993652
1822 5.974605560302734
1823 5.843316078186035
1824 5.57954740524292
1825 5.49604606628418
1826 5.428021430969238
1827 5.522918224334717
1828 5.174500465393066
1829 5.4243645668029785
1830 5.523512363433838
1831 5.668869972229004
1832 5.382053375244141
1833 5.401339530944824
1834 5.806875705718994
1835 5.605656147003174
1836 5.811260223388672
1837 5.3288068771362305
1838 5.801814556121826
1839 5.663997650146484
1840 5.291163921356201
1841 5.436812877655029
1842 5.613434314727783
1843 5.863368988037109
1844 5.6862874031066895
1845 5.727299690246582
1846 5.770792484283447
1847 5.841510772705078
1848 5.409366607666016
1849 5.172511100769043
1850 5.404806613922119
1851 5.243988037109375
1852 5.5586628913879395
1853 5.564677715301514
1854 5.478450298309326
1855 5.516226291656494
1856 5.41583776473999
1857 5.334006309509277
1858 5.086541175842285
1859 5.263894557952881
1860 4.570548057556152
1861 5.286877632141113
1862 5.496301651000977
1863 5.259880065917969
1864 5.656820297241211
1865 5.275205612182617
1866 5.200932025909424
1867 5.525040149688721
1868 5.295595169067383
1869 5.473179340362549
1870 5.542934417724609
1871 5.672059059143066
1872 5.514088153839111
1873 5.58952522277832
1874 5.783289432525635
1875 5.783947467803955
1876 5.341803073883057
1877 5.570125102996826
1878 5.0752434730529785
1879 5.499691009521484
1880 5.723443984985352
1881 5.550579071044922
1882 5.864149570465088
1883 5.672743320465088
1884 5.9485273361206055
1885 5.926578998565674
1886 5.622722625732422
1887 6.0597100257873535
1888 5.667831897735596
1889 5.957168102264404
1890 5.630105018615723
1891 5.675762176513672
1892 5.853533744812012
1893 6.247496604919434
1894 6.209131717681885
1895 5.703942775726318
1896 5.643831253051758
1897 5.166172504425049
1898 5.292688846588135
1899 5.094776630401611
1900 5.521018028259277
1901 5.8152971267700195
1902 5.791138648986816
1903 6.085347652435303
1904 5.863234996795654
1905 5.6452250480651855
1906 5.758822917938232
1907 5.776421070098877
1908 5.790080547332764
1909 6.035458564758301
1910 5.793228626251221
1911 6.130948543548584
1912 6.694966793060303
1913 6.302846431732178
1914 6.262199401855469
1915 5.921315670013428
1916 5.935685157775879
1917 6.092564105987549
1918 5.707122325897217
1919 5.806940078735352
1920 5.8794355392456055
1921 5.707712650299072
1922 5.627377033233643
1923 6.05288028717041
1924 6.079564571380615
1925 6.0672831535339355
1926 6.0155792236328125
1927 6.0297651290893555
1928 6.012911796569824
1929 5.789550304412842
1930 5.7427144050598145
1931 5.786093711853027
1932 6.491875171661377
1933 5.529333591461182
1934 5.622988700866699
1935 5.622625350952148
1936 6.0881028175354
1937 5.524894714355469
1938 5.732105255126953
1939 5.822419166564941
1940 5.546417236328125
1941 5.545922756195068
1942 5.641596794128418
1943 5.916061878204346
1944 6.021425247192383
1945 6.043230056762695
1946 5.688933372497559
1947 5.980030536651611
1948 5.847261428833008
1949 5.653268814086914
1950 5.414616107940674
1951 5.615935802459717
1952 5.574532508850098
1953 5.407649517059326
1954 5.270206451416016
1955 5.6177167892456055
1956 5.554020404815674
1957 5.528597354888916
1958 5.817427158355713
1959 5.4655890464782715
1960 5.679105281829834
1961 5.666380405426025
1962 5.832326412200928
1963 6.008564472198486
1964 5.953545570373535
1965 5.611355781555176
1966 5.896782398223877
1967 5.655716896057129
1968 5.768867492675781
1969 6.010204315185547
1970 5.972719669342041
1971 5.879350662231445
1972 5.4825825691223145
1973 5.800435543060303
1974 5.914153575897217
1975 6.020406246185303
1976 5.517138957977295
1977 5.606842517852783
1978 5.969688892364502
1979 5.7671027183532715
1980 5.8063483238220215
1981 5.881237983703613
1982 5.927977085113525
1983 5.665424823760986
1984 6.209985733032227
1985 6.562190055847168
1986 5.9402079582214355
1987 5.8319993019104
1988 5.419905185699463
1989 5.7900919914245605
1990 6.008081912994385
1991 5.687549114227295
1992 6.408745288848877
1993 6.087837219238281
1994 5.88691520690918
1995 5.827913761138916
1996 5.839247226715088
1997 5.96829891204834
1998 6.079495906829834
1999 5.856356620788574
