0 0.0
1 0.3897293210029602
2 0.31768131256103516
3 0.4983653128147125
4 0.3848308324813843
5 0.7228208780288696
6 0.4612843096256256
7 0.3275081217288971
8 0.5597355365753174
9 0.5663062930107117
10 0.7292067408561707
11 0.4743383526802063
12 0.4863431751728058
13 0.691175103187561
14 0.29427817463874817
15 0.3783126473426819
16 0.5343997478485107
17 0.2727723717689514
18 0.4524916410446167
19 0.5791652202606201
20 0.5351155996322632
21 0.4397432804107666
22 0.38938701152801514
23 0.6687999367713928
24 0.8699365854263306
25 0.7062360644340515
26 0.5528784990310669
27 0.5686101317405701
28 0.42972368001937866
29 0.2711186408996582
30 0.8289509415626526
31 0.8321520686149597
32 0.4680712819099426
33 0.5241034626960754
34 0.6855888962745667
35 0.44462692737579346
36 0.7134048342704773
37 0.44716954231262207
38 0.29594311118125916
39 0.31215181946754456
40 0.8347166776657104
41 0.32102087140083313
42 0.3212433457374573
43 0.34306007623672485
44 0.4676688313484192
45 0.5774825215339661
46 0.6775177717208862
47 0.42808666825294495
48 0.4214479327201843
49 0.5461206436157227
50 0.3180754780769348
51 0.5792747735977173
52 0.660844087600708
53 0.34118229150772095
54 0.32705891132354736
55 0.5255985856056213
56 0.9753158688545227
57 0.28258976340293884
58 0.5642076730728149
59 0.6713578701019287
60 0.5449196100234985
61 0.538366973400116
62 0.4620168209075928
63 0.4323694407939911
64 0.5106936693191528
65 0.6782950758934021
66 0.5850660800933838
67 1.2054625749588013
68 0.34900417923927307
69 0.730606734752655
70 0.8521844744682312
71 0.3887142241001129
72 0.34483805298805237
73 0.36652812361717224
74 0.38259074091911316
75 0.39822274446487427
76 0.5413461923599243
77 0.5384650230407715
78 0.5281416177749634
79 0.33904901146888733
80 0.44430750608444214
81 0.4155571162700653
82 0.3850577175617218
83 0.5889420509338379
84 0.7512581944465637
85 0.758570671081543
86 0.9549599289894104
87 0.23793074488639832
88 0.5192882418632507
89 0.5993545055389404
90 0.6862526535987854
91 0.7450457215309143
92 0.5391929745674133
93 0.6225793957710266
94 0.20223850011825562
95 0.22387056052684784
96 0.33339744806289673
97 0.484860897064209
98 0.4915784001350403
99 0.3915059566497803
100 0.45811134576797485
101 0.8439855575561523
102 0.8091211915016174
103 0.417931467294693
104 0.5435783267021179
105 0.37280774116516113
106 0.767256498336792
107 0.3918986916542053
108 0.7324612140655518
109 0.4770766794681549
110 0.4136405885219574
111 0.3723471760749817
112 0.32406219840049744
113 0.40963315963745117
114 0.541194498538971
115 0.734796941280365
116 0.3405326306819916
117 0.29811596870422363
118 0.3793489336967468
119 0.387383371591568
120 0.4880645275115967
121 0.5028898119926453
122 0.493938684463501
123 0.449785053730011
124 0.36876070499420166
125 0.47233983874320984
126 0.6166332364082336
127 0.3426138758659363
128 0.43799924850463867
129 0.29184550046920776
130 0.4108147621154785
131 0.49082621932029724
132 0.4315336048603058
133 0.5022375583648682
134 0.2402275949716568
135 0.32666638493537903
136 0.5142065286636353
137 0.5762417912483215
138 0.734946072101593
139 0.4665266275405884
140 0.5695357322692871
141 0.8297074437141418
142 0.5344859957695007
143 0.6730007529258728
144 0.682018518447876
145 0.38375288248062134
146 0.32984328269958496
147 0.7633452415466309
148 0.7290374040603638
149 0.38359421491622925
150 0.6367441415786743
151 0.4305693507194519
152 0.37435296177864075
153 0.7411090731620789
154 0.4713398814201355
155 0.7137830853462219
156 0.8004308342933655
157 0.8312433362007141
158 0.5904948711395264
159 0.6122875809669495
160 0.5445782542228699
161 0.2948007583618164
162 0.6909747123718262
163 0.38693806529045105
164 0.5764912366867065
165 0.5794380307197571
166 0.6682159304618835
167 0.5747811198234558
168 0.39727503061294556
169 0.7185562252998352
170 0.5174487233161926
171 0.7335298657417297
172 0.6862900853157043
173 0.4479023218154907
174 0.4406530559062958
175 0.31300750374794006
176 0.42532578110694885
177 0.45621928572654724
178 0.48019635677337646
179 0.6146348118782043
180 0.42849552631378174
181 0.28444352746009827
182 0.5831067562103271
183 0.542549192905426
184 0.3878699541091919
185 0.25969934463500977
186 0.6908048391342163
187 0.2818732261657715
188 0.44284337759017944
189 0.39763447642326355
190 0.22690027952194214
191 0.4274194836616516
192 0.6573997735977173
193 0.7037233114242554
194 0.30161839723587036
195 0.6608502268791199
196 0.7933911681175232
197 0.5991901159286499
198 0.6359634399414063
199 0.4953458309173584
200 0.6676381230354309
201 0.5861065983772278
202 0.6068634986877441
203 0.40601328015327454
204 0.34682226181030273
205 0.3413854241371155
206 0.6283069849014282
207 0.3846051096916199
208 0.30426114797592163
209 0.463278591632843
210 0.8876714706420898
211 0.7202838063240051
212 0.44556477665901184
213 0.7115411758422852
214 0.5569607019424438
215 0.37278491258621216
216 0.4472845196723938
217 0.579666256904602
218 0.5592620372772217
219 0.7805847525596619
220 0.5261558890342712
221 0.7980099320411682
222 0.966886579990387
223 0.5741713643074036
224 0.9489325284957886
225 0.6562692523002625
226 1.0865168571472168
227 0.766314685344696
228 0.5876057147979736
229 0.802599310874939
230 0.534462034702301
231 0.6485084891319275
232 0.8444759249687195
233 0.7094662189483643
234 0.4798263609409332
235 0.5141998529434204
236 0.7047895789146423
237 0.593259871006012
238 0.47673937678337097
239 0.5778313875198364
240 0.5683274865150452
241 0.4490714371204376
242 0.6440114974975586
243 0.44263210892677307
244 0.27071067690849304
245 0.5349686145782471
246 0.6510679721832275
247 0.4424850046634674
248 0.4575567841529846
249 0.5093712210655212
250 0.5509398579597473
251 0.6419505476951599
252 0.4389195144176483
253 0.4943265914916992
254 0.6832260489463806
255 0.5266123414039612
256 0.5565993189811707
257 0.6372467279434204
258 0.4276670813560486
259 0.46106112003326416
260 0.4403827488422394
261 0.4889600872993469
262 0.5002872943878174
263 0.7342911958694458
264 0.5867544412612915
265 0.613788902759552
266 0.5054245591163635
267 0.5429534912109375
268 0.508786678314209
269 0.5230892300605774
270 0.653580367565155
271 0.3866742253303528
272 0.2375631332397461
273 0.36564764380455017
274 0.6664329171180725
275 0.34186476469039917
276 0.4347018003463745
277 0.41462209820747375
278 0.7297964692115784
279 0.9571993350982666
280 0.553022027015686
281 0.5218253135681152
282 0.6694756150245667
283 0.6277220249176025
284 0.6647239923477173
285 0.5333142876625061
286 0.5901161432266235
287 0.5639105439186096
288 0.6012986898422241
289 0.847649335861206
290 0.6913074851036072
291 0.5944563150405884
292 0.6400172114372253
293 0.7872331142425537
294 0.3199368715286255
295 0.397257924079895
296 0.6067625880241394
297 0.3379090130329132
298 0.49754849076271057
299 0.5919926762580872
300 0.9060352444648743
301 0.984313428401947
302 0.7682486772537231
303 0.34359920024871826
304 0.5275938510894775
305 0.7003655433654785
306 0.2979655861854553
307 0.5308131575584412
308 0.8700778484344482
309 0.35140758752822876
310 0.5035175681114197
311 0.4725705087184906
312 0.3661622703075409
313 0.4753933250904083
314 0.7621657848358154
315 0.4300370514392853
316 0.41312745213508606
317 0.6671129465103149
318 0.2730308175086975
319 0.6157307624816895
320 0.33613520860671997
321 0.4298346936702728
322 0.4701139032840729
323 0.4782467484474182
324 0.44368329644203186
325 0.7355607151985168
326 0.409496545791626
327 0.6145604252815247
328 0.466227263212204
329 0.5548725128173828
330 0.3274382948875427
331 0.5789976716041565
332 0.4181106388568878
333 0.4944130480289459
334 0.4932810366153717
335 0.5092738270759583
336 0.6470043063163757
337 0.5660410523414612
338 0.15691013634204865
339 0.7447199821472168
340 0.6775657534599304
341 0.4800679683685303
342 0.4778269827365875
343 0.2560633718967438
344 0.5608376264572144
345 0.4839315712451935
346 0.5779012441635132
347 0.5327461957931519
348 0.45841366052627563
349 0.30839014053344727
350 0.5880937576293945
351 0.42123255133628845
352 0.5317595601081848
353 0.4499783515930176
354 0.3755097985267639
355 0.5003995895385742
356 0.5164904594421387
357 0.5546057224273682
358 0.36959871649742126
359 0.8018640279769897
360 0.4872189164161682
361 0.5264019966125488
362 0.568901777267456
363 0.811726987361908
364 0.4834485352039337
365 0.7536598443984985
366 0.5944786667823792
367 0.7341154217720032
368 0.5010035037994385
369 0.424542635679245
370 0.554823100566864
371 0.27429431676864624
372 0.3837859630584717
373 0.5127107501029968
374 0.8416928648948669
375 0.48471391201019287
376 0.3114195466041565
377 0.5710025429725647
378 0.3782091438770294
379 0.5148146152496338
380 0.4326761066913605
381 0.47646090388298035
382 0.4362814128398895
383 0.30632272362709045
384 0.5343334674835205
385 0.4564298987388611
386 0.5718919634819031
387 0.31220877170562744
388 0.4601794481277466
389 0.6109912395477295
390 0.6397492289543152
391 0.4423571825027466
392 0.24923177063465118
393 0.8081267476081848
394 0.5848073363304138
395 0.41402390599250793
396 0.42432060837745667
397 0.38251885771751404
398 0.38820210099220276
399 0.6487873196601868
400 0.4803185760974884
401 0.609978199005127
402 0.5569881796836853
403 0.29151031374931335
404 0.4010699391365051
405 0.35089150071144104
406 0.5572484135627747
407 0.7685175538063049
408 0.4482198655605316
409 0.8069396615028381
410 0.3648076057434082
411 0.4363349676132202
412 0.7664453983306885
413 0.45475658774375916
414 0.607166051864624
415 0.5490461587905884
416 0.8918361067771912
417 0.3979661464691162
418 0.4168367087841034
419 0.47986695170402527
420 0.32320958375930786
421 0.4726748466491699
422 0.8679834604263306
423 0.3885294198989868
424 0.4613393247127533
425 0.39159148931503296
426 0.42352476716041565
427 0.5846087336540222
428 0.3438471853733063
429 0.5325059294700623
430 0.6142199039459229
431 0.48053333163261414
432 0.45220866799354553
433 0.5611017942428589
434 0.5934745073318481
435 0.45402300357818604
436 0.4922678470611572
437 0.6298589706420898
438 0.5904743075370789
439 0.8833833336830139
440 0.6404772996902466
441 0.5497195720672607
442 0.5643640160560608
443 0.5800008177757263
444 0.6834836006164551
445 0.7681677341461182
446 0.7836974263191223
447 0.536503255367279
448 0.8852844834327698
449 0.4792734980583191
450 0.4956464171409607
451 0.47593432664871216
452 0.49085190892219543
453 0.7901778221130371
454 0.2926578223705292
455 0.44788122177124023
456 0.8376635909080505
457 0.5478505492210388
458 0.5366007089614868
459 0.6710759401321411
460 0.3715156018733978
461 0.7315098643302917
462 0.4107460379600525
463 0.562787652015686
464 0.7330120205879211
465 0.9192033410072327
466 0.7257758975028992
467 0.7109084725379944
468 0.5606790781021118
469 0.7182557582855225
470 0.3892390727996826
471 0.4575892388820648
472 0.4675079584121704
473 0.45586442947387695
474 0.6147526502609253
475 0.43714961409568787
476 0.5496528744697571
477 0.650378942489624
478 0.39381885528564453
479 0.3695172667503357
480 0.5874987244606018
481 0.48500582575798035
482 0.48513859510421753
483 0.2824203073978424
484 0.6907153725624084
485 0.45959562063217163
486 0.711866021156311
487 0.8693499565124512
488 0.53094482421875
489 0.6847883462905884
490 0.8877756595611572
491 0.875994861125946
492 0.655432939529419
493 0.7125241756439209
494 0.45401716232299805
495 0.637161374092102
496 0.6080638766288757
497 0.6323508620262146
498 0.6385921835899353
499 0.43016260862350464
500 0.33676472306251526
501 0.4926983118057251
502 0.6147969365119934
503 0.36335447430610657
504 0.6263613104820251
505 0.3005194365978241
506 0.5124768614768982
507 0.5419744253158569
508 0.5909489989280701
509 0.6494587063789368
510 0.29632216691970825
511 0.4784468710422516
512 0.5425543785095215
513 0.7406142950057983
514 0.6105353236198425
515 0.6369460225105286
516 1.1967933177947998
517 0.5205745697021484
518 0.5755465030670166
519 0.46448424458503723
520 0.9254215955734253
521 0.8438101410865784
522 0.4966658353805542
523 0.7240892648696899
524 0.6156674027442932
525 0.33759450912475586
526 0.4467450678348541
527 0.3366849720478058
528 0.6872760057449341
529 0.4973940849304199
530 0.7549223899841309
531 0.5170111060142517
532 0.9074221253395081
533 0.4497731626033783
534 0.4624721109867096
535 0.38204360008239746
536 0.6398760080337524
537 0.3349888026714325
538 0.968804121017456
539 0.6190292835235596
540 0.6263225078582764
541 0.5112146139144897
542 0.604501485824585
543 0.6255519986152649
544 0.6113554239273071
545 0.5913553833961487
546 0.5277795791625977
547 0.5055621862411499
548 0.5560684204101563
549 0.6318881511688232
550 0.5995537042617798
551 0.7988630533218384
552 0.6733835339546204
553 0.5876473784446716
554 0.5122836828231812
555 0.6621111631393433
556 0.5310314297676086
557 0.8027400374412537
558 0.4646492004394531
559 0.3897388279438019
560 0.5883156657218933
561 0.7516530156135559
562 0.8179863691329956
563 0.7141324877738953
564 0.7787774801254272
565 0.7143690586090088
566 0.6245874762535095
567 0.8098725080490112
568 0.7789121866226196
569 0.7198824286460876
570 0.5659390687942505
571 0.42702198028564453
572 0.4826725721359253
573 0.5161172747612
574 0.2923632264137268
575 0.6283252835273743
576 0.8824499845504761
577 0.8785915970802307
578 0.7046543955802917
579 0.6187018156051636
580 0.8586040735244751
581 1.1406499147415161
582 0.668108344078064
583 1.0138604640960693
584 0.531227171421051
585 0.6054786443710327
586 0.5850030183792114
587 0.48677071928977966
588 0.645716667175293
589 0.4754759967327118
590 0.6181539297103882
591 0.4769248068332672
592 0.5299655795097351
593 0.6291902661323547
594 0.5394301414489746
595 0.5244512557983398
596 0.5793997645378113
597 0.518568217754364
598 0.8245396018028259
599 0.3574414849281311
600 0.9702136516571045
601 0.788779616355896
602 0.8199627995491028
603 0.6321594715118408
604 0.7777913212776184
605 0.8795607686042786
606 0.5335258841514587
607 0.9331439137458801
608 0.7532913684844971
609 0.8220932483673096
610 0.7655737400054932
611 0.9383622407913208
612 0.6775716543197632
613 0.8527395725250244
614 0.795738935470581
615 0.9955331087112427
616 0.6935064792633057
617 0.6304396390914917
618 0.8232719898223877
619 0.7225903272628784
620 1.0078821182250977
621 0.6651168465614319
622 1.044487714767456
623 0.7515590786933899
624 0.43485522270202637
625 0.8577077388763428
626 1.220226526260376
627 0.9008839726448059
628 0.7914698123931885
629 0.5913390517234802
630 0.6358724236488342
631 0.7326253652572632
632 0.790170431137085
633 0.7849940061569214
634 0.7557504773139954
635 0.6044087409973145
636 0.8666396737098694
637 0.48509877920150757
638 0.6476452946662903
639 0.6203606128692627
640 0.852389395236969
641 0.4727719724178314
642 0.5602572560310364
643 0.5611090660095215
644 0.6025351285934448
645 0.5880586504936218
646 0.6570308208465576
647 1.044804573059082
648 1.120399832725525
649 1.043463110923767
650 0.5808876156806946
651 0.6581310033798218
652 0.8237987160682678
653 0.9752834439277649
654 0.833583652973175
655 0.9523622393608093
656 0.9898249506950378
657 0.8020089864730835
658 0.6969069838523865
659 0.8133728504180908
660 0.9067232012748718
661 0.8837249279022217
662 0.9612579941749573
663 0.962470531463623
664 0.6631287336349487
665 0.7530961036682129
666 0.6859086751937866
667 0.7811416387557983
668 0.5354726910591125
669 0.7034404277801514
670 0.7589958906173706
671 0.8287642002105713
672 0.8245508074760437
673 1.155231237411499
674 1.0874518156051636
675 0.44237422943115234
676 0.4833800196647644
677 0.4605330228805542
678 0.8998757600784302
679 0.630169153213501
680 0.6665862202644348
681 1.02720046043396
682 1.312072992324829
683 0.707459032535553
684 0.7968146204948425
685 0.6808003187179565
686 0.67051762342453
687 0.8036066889762878
688 0.5845419764518738
689 0.555845320224762
690 0.7513329386711121
691 0.8742115497589111
692 1.0384035110473633
693 0.8726847767829895
694 0.905263364315033
695 0.9633430242538452
696 0.8342482447624207
697 0.6856483817100525
698 1.5145869255065918
699 1.0879216194152832
700 1.0422980785369873
701 1.18522047996521
702 1.5358060598373413
703 1.3954538106918335
704 0.8848698139190674
705 0.7638763785362244
706 1.1175949573516846
707 1.076269268989563
708 0.9937804341316223
709 1.0748008489608765
710 0.7122367024421692
711 0.5561881065368652
712 0.7083957195281982
713 0.8699968457221985
714 0.8341847658157349
715 0.404655784368515
716 0.744133472442627
717 0.7781283259391785
718 0.8258090615272522
719 0.4575124680995941
720 0.526530385017395
721 0.8904213309288025
722 0.6344010233879089
723 0.6913727521896362
724 0.4287967383861542
725 0.7523762583732605
726 0.5032025575637817
727 0.8182979822158813
728 0.8219318389892578
729 0.5187151432037354
730 0.6845779418945313
731 0.29894599318504333
732 0.5304306745529175
733 0.7909428477287292
734 0.3986142873764038
735 0.6630644202232361
736 0.3508366346359253
737 0.5915526747703552
738 0.4203401505947113
739 0.5343914031982422
740 0.46773451566696167
741 0.7086487412452698
742 0.5159471035003662
743 0.5128247141838074
744 0.6779321432113647
745 0.9390155673027039
746 0.7976028323173523
747 0.8261582255363464
748 0.9742817878723145
749 0.8814435005187988
750 0.6431998610496521
751 1.0728428363800049
752 1.1377978324890137
753 0.7152659296989441
754 0.8245934247970581
755 0.9354117512702942
756 0.7010247707366943
757 0.7422716021537781
758 0.5325430035591125
759 0.7394283413887024
760 0.5056301951408386
761 0.7087358236312866
762 0.41963890194892883
763 0.7080680727958679
764 0.6640477180480957
765 0.5602206587791443
766 0.4392097592353821
767 0.9343597292900085
768 1.082755208015442
769 0.4575808644294739
770 1.0218523740768433
771 0.6584818959236145
772 0.6796645522117615
773 0.3485090136528015
774 1.0819976329803467
775 0.6740983128547668
776 0.5888408422470093
777 0.9174210429191589
778 1.1080985069274902
779 0.6428385376930237
780 0.9789918661117554
781 0.3848494589328766
782 0.5206108689308167
783 0.9538546800613403
784 0.8532457947731018
785 0.8177626729011536
786 0.8717518448829651
787 0.684872031211853
788 1.2091840505599976
789 1.0635215044021606
790 0.7983032464981079
791 0.6847081780433655
792 0.5020708441734314
793 0.605863630771637
794 0.5584424138069153
795 0.7795959711074829
796 0.4287950396537781
797 0.8794704675674438
798 0.4487811326980591
799 0.6584076285362244
800 0.5682876110076904
801 0.676889181137085
802 0.8281775116920471
803 1.0240174531936646
804 0.5379284620285034
805 0.36116084456443787
806 1.0245089530944824
807 0.4395332634449005
808 0.9813907146453857
809 0.5122685432434082
810 0.6847150325775146
811 0.7777729034423828
812 0.8264994025230408
813 0.6517999768257141
814 1.0803879499435425
815 0.46316906809806824
816 0.7835829854011536
817 0.9436028003692627
818 1.0247238874435425
819 0.8446486592292786
820 1.4505469799041748
821 1.2384941577911377
822 0.8177914619445801
823 0.9391334652900696
824 1.0833244323730469
825 0.9482452273368835
826 0.6186979413032532
827 0.6394034624099731
828 0.9595530033111572
829 0.5829787254333496
830 0.45856642723083496
831 1.5173423290252686
832 1.036429762840271
833 1.3016420602798462
834 0.7919139862060547
835 1.0830610990524292
836 1.135939359664917
837 0.8421197533607483
838 0.8102951049804688
839 0.6510998606681824
840 0.505916953086853
841 0.5570974946022034
842 0.7892569303512573
843 0.9526974558830261
844 0.7636384963989258
845 0.498203307390213
846 0.751495361328125
847 1.2312402725219727
848 1.0547322034835815
849 0.9977098107337952
850 0.8635975122451782
851 0.8038554787635803
852 1.2119776010513306
853 0.8391004800796509
854 0.5904780626296997
855 0.7743381857872009
856 0.9753024578094482
857 1.1833263635635376
858 0.7326917052268982
859 0.7355398535728455
860 1.1548223495483398
861 1.0468502044677734
862 0.6835977435112
863 1.2476023435592651
864 1.1620666980743408
865 0.8184286952018738
866 0.9472463130950928
867 1.016188144683838
868 0.8966447114944458
869 0.8618674874305725
870 0.8617168664932251
871 0.9016849994659424
872 0.6291669607162476
873 0.5884407162666321
874 0.9460067749023438
875 0.4677194356918335
876 0.7889741063117981
877 0.6848615407943726
878 0.6645219326019287
879 0.6259927153587341
880 0.8194019794464111
881 0.7305814027786255
882 0.4708266258239746
883 0.698273241519928
884 0.6566035747528076
885 0.8618757724761963
886 0.4626465439796448
887 0.6989891529083252
888 0.8666789531707764
889 0.6758080124855042
890 0.6330277919769287
891 0.5105886459350586
892 0.742112934589386
893 0.7183206081390381
894 0.6996263861656189
895 1.0298357009887695
896 0.7098133563995361
897 0.3937128782272339
898 0.7421548366546631
899 0.6610440015792847
900 0.8691563010215759
901 0.7884184718132019
902 0.5149561762809753
903 0.8687875270843506
904 0.6043034791946411
905 0.7393202781677246
906 0.6756681799888611
907 0.8369088768959045
908 0.9200304746627808
909 0.6943116784095764
910 0.6153417229652405
911 0.6556208729743958
912 0.87077397108078
913 0.7197299599647522
914 0.7923567295074463
915 0.7071248888969421
916 0.583433985710144
917 0.4420325756072998
918 0.8941993117332458
919 0.5804526805877686
920 0.5883311033248901
921 0.4591790735721588
922 0.582459568977356
923 0.6193183660507202
924 0.8006718754768372
925 0.685320258140564
926 0.5770971179008484
927 0.7150255441665649
928 0.5317440032958984
929 0.5967584252357483
930 0.40700119733810425
931 0.6314034461975098
932 0.3317453861236572
933 0.6849775314331055
934 0.4962238371372223
935 0.3390246629714966
936 0.39312639832496643
937 0.7244867086410522
938 0.5928331613540649
939 0.5349520444869995
940 0.7115773558616638
941 0.4973854124546051
942 0.597441554069519
943 0.40453264117240906
944 0.4004146456718445
945 0.4352269172668457
946 0.6612312197685242
947 0.5357100963592529
948 0.45765072107315063
949 0.6386597752571106
950 0.40966373682022095
951 0.43345484137535095
952 0.23595526814460754
953 0.8116961121559143
954 0.7277753949165344
955 0.4190501868724823
956 0.5831667184829712
957 0.6211843490600586
958 0.502293586730957
959 0.49306410551071167
960 0.602071225643158
961 0.5594845414161682
962 0.45648887753486633
963 0.6486829519271851
964 0.5486798882484436
965 0.5709685683250427
966 0.650619387626648
967 0.557935893535614
968 0.6552211046218872
969 0.5658650994300842
970 0.7542753219604492
971 0.886199951171875
972 0.46389201283454895
973 0.57939612865448
974 0.43836522102355957
975 0.3658944070339203
976 1.4335284233093262
977 0.7324621081352234
978 1.1091252565383911
979 1.1439963579177856
980 0.8236948251724243
981 0.7162321209907532
982 0.6727932691574097
983 0.4052346348762512
984 0.2781006097793579
985 0.4714827537536621
986 0.3508746922016144
987 0.7526789903640747
988 0.5241203308105469
989 0.7046720385551453
990 0.534361720085144
991 0.6592146158218384
992 0.4832611680030823
993 0.6208012700080872
994 0.8136377930641174
995 0.8002797961235046
996 0.6353833675384521
997 0.49151262640953064
998 0.6861664652824402
999 0.9730694890022278
1000 1.1406834125518799
1001 0.5583008527755737
1002 0.668143630027771
1003 0.8875521421432495
1004 0.35695183277130127
1005 1.0973832607269287
1006 0.6644495725631714
1007 0.6823829412460327
1008 0.42720380425453186
1009 0.5240683555603027
1010 0.5201336741447449
1011 0.6656875014305115
1012 0.5026116967201233
1013 0.9613398313522339
1014 0.569570779800415
1015 0.585957407951355
1016 0.6414523124694824
1017 0.5572302937507629
1018 0.8617761731147766
1019 1.002277135848999
1020 0.7373342514038086
1021 0.7832393646240234
1022 0.8632417321205139
1023 0.5512478947639465
1024 0.8009835481643677
1025 0.9031904935836792
1026 0.82060307264328
1027 0.6705044507980347
1028 0.6971848607063293
1029 0.8553450107574463
1030 0.8200406432151794
1031 0.8402892351150513
1032 0.9740992188453674
1033 0.8271834850311279
1034 0.7657122611999512
1035 0.6923757791519165
1036 0.5320582985877991
1037 0.573462963104248
1038 0.9722845554351807
1039 0.49097850918769836
1040 0.6920953989028931
1041 0.9766309857368469
1042 0.6819413900375366
1043 0.5737138986587524
1044 0.49865812063217163
1045 0.852400004863739
1046 0.5131711363792419
1047 0.7868141531944275
1048 0.9337709546089172
1049 0.7639474272727966
1050 0.780709981918335
1051 0.6831043362617493
1052 0.8908358216285706
1053 0.8611550331115723
1054 0.5900737643241882
1055 0.773582935333252
1056 0.898310124874115
1057 0.7695116996765137
1058 0.5653719305992126
1059 0.7257131934165955
1060 0.7619081735610962
1061 0.8514608144760132
1062 0.6557773947715759
1063 1.0415008068084717
1064 0.8989619016647339
1065 0.6969531774520874
1066 0.9500216245651245
1067 0.8762388229370117
1068 1.0578557252883911
1069 0.823876142501831
1070 1.0616265535354614
1071 0.8144279718399048
1072 0.7456018328666687
1073 0.724096417427063
1074 0.7852491140365601
1075 0.6352230906486511
1076 0.6856033802032471
1077 0.9476503729820251
1078 0.6880869269371033
1079 0.8540473580360413
1080 0.8079642653465271
1081 0.8224693536758423
1082 0.8393745422363281
1083 0.6450444459915161
1084 0.7809404730796814
1085 0.9773080348968506
1086 0.7554598450660706
1087 0.7688862085342407
1088 0.8028765320777893
1089 0.5881673693656921
1090 0.49726879596710205
1091 0.6174372434616089
1092 0.6611860394477844
1093 0.5172722935676575
1094 0.6544057726860046
1095 1.0276696681976318
1096 0.7957633137702942
1097 0.7016769051551819
1098 0.7233074903488159
1099 0.5708031058311462
1100 1.0368279218673706
1101 0.8601801991462708
1102 0.8402512669563293
1103 0.7164581418037415
1104 1.0343133211135864
1105 1.3082759380340576
1106 0.9498658776283264
1107 0.8978568315505981
1108 1.0959314107894897
1109 0.7523212432861328
1110 0.3380545377731323
1111 0.938160240650177
1112 0.9909546375274658
1113 0.5628275871276855
1114 0.8330215811729431
1115 0.7996799349784851
1116 0.7428210973739624
1117 0.651506781578064
1118 0.8634287714958191
1119 0.5997952222824097
1120 0.7696161270141602
1121 0.5398383140563965
1122 0.46235448122024536
1123 0.5105355978012085
1124 0.5437799692153931
1125 0.5853639245033264
1126 0.5017646551132202
1127 0.7228690385818481
1128 0.7222684621810913
1129 0.6186197996139526
1130 0.5541877150535583
1131 0.5362444519996643
1132 0.4780217707157135
1133 0.6762115955352783
1134 0.7394767999649048
1135 0.4602748453617096
1136 0.6267123222351074
1137 0.5016096234321594
1138 0.4554857015609741
1139 0.6006746888160706
1140 0.5473504066467285
1141 0.5368578433990479
1142 0.5834674835205078
1143 0.5427088737487793
1144 0.8026812672615051
1145 0.5556585788726807
1146 0.522942304611206
1147 0.8073682188987732
1148 0.6019513010978699
1149 0.8752535581588745
1150 0.7634480595588684
1151 0.767910361289978
1152 0.6622335910797119
1153 0.9310026168823242
1154 0.9944272041320801
1155 1.1746348142623901
1156 0.911827027797699
1157 0.778652548789978
1158 0.7829592227935791
1159 0.7288764119148254
1160 0.5303134918212891
1161 0.5246023535728455
1162 0.7796488404273987
1163 0.6221343278884888
1164 0.6161770820617676
1165 0.47670698165893555
1166 0.8035511374473572
1167 0.5794485211372375
1168 0.7914666533470154
1169 0.6856590509414673
1170 0.8207067847251892
1171 0.44652485847473145
1172 0.6400220990180969
1173 0.8176438212394714
1174 1.016178846359253
1175 0.5535379648208618
1176 0.5161566734313965
1177 0.7831799387931824
1178 0.6543931365013123
1179 0.9362547993659973
1180 0.9156233072280884
1181 0.637330174446106
1182 0.5671793222427368
1183 0.6458662152290344
1184 0.6812403798103333
1185 0.47077593207359314
1186 0.46309491991996765
1187 0.5861693620681763
1188 0.6122612953186035
1189 0.6686055660247803
1190 0.7434327602386475
1191 0.8385879993438721
1192 0.5882312059402466
1193 0.8619202971458435
1194 1.1324979066848755
1195 0.5679474472999573
1196 0.6913922429084778
1197 0.7778140902519226
1198 0.8088646531105042
1199 0.8849174976348877
1200 0.7252927422523499
1201 0.6261157989501953
1202 0.5241946578025818
1203 0.7448787689208984
1204 0.9193833470344543
1205 0.5074134469032288
1206 0.6854103207588196
1207 0.7694897055625916
1208 0.702298641204834
1209 0.6877977848052979
1210 0.7575247883796692
1211 0.5111774206161499
1212 0.7547534108161926
1213 0.5895795226097107
1214 0.7668328285217285
1215 0.5011465549468994
1216 0.4255512058734894
1217 0.6516705751419067
1218 0.5797825455665588
1219 0.5107567310333252
1220 0.679975688457489
1221 0.7800740599632263
1222 0.6641328930854797
1223 0.48759394884109497
1224 0.5498142242431641
1225 0.5394971370697021
1226 0.3489927649497986
1227 0.3334891200065613
1228 0.5656531453132629
1229 0.8760611414909363
1230 0.4346259534358978
1231 0.6415430307388306
1232 0.7052342891693115
1233 0.9034155011177063
1234 0.8475462794303894
1235 0.591499924659729
1236 0.659076452255249
1237 0.7045424580574036
1238 0.7022436261177063
1239 1.0954610109329224
1240 1.0345656871795654
1241 0.9281246066093445
1242 0.7737851142883301
1243 0.36351895332336426
1244 0.3898831307888031
1245 0.6170729994773865
1246 0.6242210268974304
1247 0.4630059003829956
1248 0.4487341642379761
1249 0.671096682548523
1250 0.7153397798538208
1251 0.6839754581451416
1252 0.43294844031333923
1253 0.48913586139678955
1254 0.7091507315635681
1255 0.7747876644134521
1256 0.9769482612609863
1257 0.7851889729499817
1258 0.6328044533729553
1259 1.1035995483398438
1260 0.8737456798553467
1261 0.6897603869438171
1262 0.6808171272277832
1263 0.7773311138153076
1264 0.8631002306938171
1265 0.7763352990150452
1266 0.7617278099060059
1267 0.4235864579677582
1268 0.470825731754303
1269 0.8833829760551453
1270 0.5166638493537903
1271 0.5027465224266052
1272 0.7630527019500732
1273 0.6324384808540344
1274 0.7090479135513306
1275 0.7412278056144714
1276 0.608203113079071
1277 0.8654546737670898
1278 0.8893206715583801
1279 0.690485954284668
1280 0.8893457055091858
1281 0.5578144788742065
1282 0.7691577672958374
1283 0.7171499729156494
1284 0.6453574895858765
1285 0.3644888401031494
1286 0.6115562319755554
1287 0.8115875720977783
1288 1.2413675785064697
1289 0.5995875000953674
1290 0.2781667709350586
1291 0.5144678950309753
1292 0.4800570011138916
1293 0.946810781955719
1294 0.6761005520820618
1295 0.5492925047874451
1296 0.7203567028045654
1297 0.702260434627533
1298 0.3728257119655609
1299 0.47314950823783875
1300 0.48349645733833313
1301 0.615844190120697
1302 0.8680051565170288
1303 0.42280420660972595
1304 0.5418752431869507
1305 0.4188697934150696
1306 0.5910016894340515
1307 0.43814679980278015
1308 0.6418223977088928
1309 0.7132269740104675
1310 0.5757875442504883
1311 0.6452733874320984
1312 0.6068592667579651
1313 0.3283577263355255
1314 0.410249799489975
1315 0.7477760910987854
1316 0.6790193915367126
1317 0.6018046736717224
1318 0.6641610860824585
1319 0.6398496627807617
1320 0.7413928508758545
1321 0.5745177268981934
1322 0.30061769485473633
1323 0.5101171135902405
1324 0.6656169891357422
1325 0.359497994184494
1326 0.4636811912059784
1327 0.56551194190979
1328 0.5472849011421204
1329 0.24460095167160034
1330 0.5672382712364197
1331 0.6535848379135132
1332 0.22648291289806366
1333 0.789070725440979
1334 0.5760449767112732
1335 0.319664865732193
1336 0.7217103838920593
1337 0.45303645730018616
1338 0.3002322316169739
1339 0.3905860483646393
1340 0.26493415236473083
1341 0.5775629878044128
1342 0.5302831530570984
1343 0.7817344665527344
1344 0.5406417846679688
1345 0.4156767725944519
1346 0.3820977210998535
1347 0.5343381762504578
1348 0.6129704713821411
1349 0.4444294273853302
1350 0.5871671438217163
1351 0.28367817401885986
1352 0.44678547978401184
1353 1.0485649108886719
1354 0.6633598804473877
1355 0.7345845699310303
1356 0.506234347820282
1357 0.6807129383087158
1358 0.7278119325637817
1359 0.6381749510765076
1360 0.4462093710899353
1361 0.6878863573074341
1362 0.8318307995796204
1363 0.6726382374763489
1364 0.600269615650177
1365 0.618722140789032
1366 0.400150865316391
1367 0.3640502095222473
1368 0.9145909547805786
1369 0.8278661370277405
1370 0.9526932835578918
1371 0.5508574843406677
1372 0.5248288512229919
1373 0.6782877445220947
1374 0.3562528192996979
1375 0.6303468346595764
1376 0.35395535826683044
1377 0.8575297594070435
1378 0.26129966974258423
1379 0.6348884701728821
1380 0.6147873997688293
1381 0.36804765462875366
1382 0.5318778157234192
1383 0.427206814289093
1384 0.6468730568885803
1385 0.38489997386932373
1386 0.5396318435668945
1387 0.6507896184921265
1388 0.5351599454879761
1389 0.41439133882522583
1390 0.5879448652267456
1391 0.5259642601013184
1392 0.49338555335998535
1393 0.6849215030670166
1394 0.45052996277809143
1395 0.36958369612693787
1396 0.7134179472923279
1397 1.0015102624893188
1398 0.9207150340080261
1399 0.9013213515281677
1400 0.5203273892402649
1401 0.5649095773696899
1402 0.5180468559265137
1403 0.3874870836734772
1404 0.5492693185806274
1405 0.5157461166381836
1406 0.620400071144104
1407 0.5819458961486816
1408 0.5788946151733398
1409 0.49457797408103943
1410 0.6722549200057983
1411 0.38178569078445435
1412 0.6511242985725403
1413 0.6162281632423401
1414 0.5863901972770691
1415 0.6360707879066467
1416 0.5734286308288574
1417 0.3401952385902405
1418 0.7034051418304443
1419 0.5866309404373169
1420 0.7454103231430054
1421 0.7290520071983337
1422 0.5198414325714111
1423 0.6552210450172424
1424 0.4590003192424774
1425 0.5137162208557129
1426 0.5846413969993591
1427 0.4110483229160309
1428 0.4943627715110779
1429 0.5255649089813232
1430 1.0252882242202759
1431 0.4520159363746643
1432 0.4562649130821228
1433 0.8673514127731323
1434 0.5845238566398621
1435 0.9709829092025757
1436 0.7994906902313232
1437 0.7735247611999512
1438 0.7046866416931152
1439 0.6837506890296936
1440 0.4537799656391144
1441 0.6053145527839661
1442 0.47501495480537415
1443 0.5417405962944031
1444 0.35272225737571716
1445 0.40878647565841675
1446 0.6168636083602905
1447 0.768178403377533
1448 0.6330360174179077
1449 0.62584388256073
1450 0.8400588631629944
1451 0.6999601721763611
1452 1.0030826330184937
1453 0.49292272329330444
1454 0.5407639741897583
1455 0.6121009588241577
1456 0.9012342095375061
1457 0.4519083797931671
1458 0.5517135858535767
1459 0.5472614169120789
1460 0.6790478825569153
1461 0.531166136264801
1462 0.7183024883270264
1463 0.5667074918746948
1464 0.4412112236022949
1465 0.3788875639438629
1466 0.4158601760864258
1467 0.5744034647941589
1468 0.6526439785957336
1469 0.4199220836162567
1470 0.7594994306564331
1471 0.33302995562553406
1472 0.5154955983161926
1473 0.39974769949913025
1474 0.346453458070755
1475 0.5313838720321655
1476 0.7027069330215454
1477 0.5646006464958191
1478 0.49598777294158936
1479 0.9934640526771545
1480 0.5353249907493591
1481 0.5702715516090393
1482 0.5310121178627014
1483 0.8436229228973389
1484 0.7484104633331299
1485 0.44796234369277954
1486 0.8649945855140686
1487 0.5030584335327148
1488 0.6510626673698425
1489 0.48867854475975037
1490 0.5961432456970215
1491 0.6377924680709839
1492 0.5911794304847717
1493 0.5022717714309692
1494 0.33265286684036255
1495 0.5824783444404602
1496 0.5285360813140869
1497 0.4772087037563324
1498 0.6320173144340515
1499 0.4698249101638794
1500 0.5553914308547974
1501 0.6969106197357178
1502 0.3153911232948303
1503 0.6536247730255127
1504 0.6511049270629883
1505 0.7844640016555786
1506 0.8124272227287292
1507 0.8423087000846863
1508 0.9346592426300049
1509 1.055914044380188
1510 0.794510006904602
1511 0.7570464015007019
1512 0.9053084850311279
1513 0.6549641489982605
1514 0.40350231528282166
1515 0.4952276349067688
1516 0.45416826009750366
1517 0.7081859111785889
1518 0.6618373394012451
1519 0.709649920463562
1520 0.6579990983009338
1521 0.718938946723938
1522 1.148205280303955
1523 0.6196929216384888
1524 0.604834258556366
1525 0.6924430727958679
1526 0.6170185804367065
1527 0.6868706345558167
1528 1.003637433052063
1529 0.8621552586555481
1530 0.6224837899208069
1531 0.7256438732147217
1532 0.7422759532928467
1533 0.3260023891925812
1534 0.6377341747283936
1535 0.3571264445781708
1536 0.8639247417449951
1537 0.7382010817527771
1538 0.9499212503433228
1539 0.6312575936317444
1540 0.7765008807182312
1541 0.8867374658584595
1542 0.9177754521369934
1543 0.7471739053726196
1544 0.7862153053283691
1545 0.7876237034797668
1546 0.8761293292045593
1547 0.9990027546882629
1548 0.5773221850395203
1549 0.8008331656455994
1550 0.3527826964855194
1551 0.9054960608482361
1552 0.9139471650123596
1553 0.632810115814209
1554 0.6188139319419861
1555 0.433091402053833
1556 0.5150759220123291
1557 0.6188138127326965
1558 0.7763973474502563
1559 0.33390599489212036
1560 0.6173215508460999
1561 0.7205514311790466
1562 0.394870787858963
1563 0.5398628115653992
1564 0.3226982653141022
1565 0.46738389134407043
1566 0.336515337228775
1567 0.8309808373451233
1568 0.6555657386779785
1569 0.7600317001342773
1570 0.735609769821167
1571 0.5257707834243774
1572 0.5309615731239319
1573 0.9025943875312805
1574 1.0283156633377075
1575 0.685653805732727
1576 0.7126495838165283
1577 1.1149863004684448
1578 1.1537829637527466
1579 0.5492703914642334
1580 0.4794604182243347
1581 0.9003522992134094
1582 0.8985400795936584
1583 0.9129629731178284
1584 0.3988075256347656
1585 0.6007018685340881
1586 0.7322571873664856
1587 0.49014225602149963
1588 0.6787636280059814
1589 0.47394824028015137
1590 0.7829409837722778
1591 0.7514151930809021
1592 0.8141898512840271
1593 0.7061684727668762
1594 0.5086358785629272
1595 0.8457813262939453
1596 0.9762914776802063
1597 0.7599523067474365
1598 0.5740625858306885
1599 0.621677577495575
1600 0.3836701810359955
1601 0.7145912647247314
1602 0.6601848006248474
1603 0.7603328824043274
1604 0.6724353432655334
1605 0.7749949097633362
1606 0.6145208477973938
1607 0.9625416398048401
1608 0.7173314094543457
1609 0.5609788298606873
1610 0.982950747013092
1611 0.6565352082252502
1612 0.8210318684577942
1613 0.7331446409225464
1614 0.6612305045127869
1615 0.4540635943412781
1616 0.6258773803710938
1617 0.4386700689792633
1618 0.5486916899681091
1619 0.7780542373657227
1620 0.5638974905014038
1621 0.8949616551399231
1622 0.5647449493408203
1623 0.7075940370559692
1624 0.5935289859771729
1625 0.7717727422714233
1626 0.8693980574607849
1627 1.051882266998291
1628 0.6357300281524658
1629 0.7658849358558655
1630 0.5917785167694092
1631 0.8724567890167236
1632 0.5602269172668457
1633 0.6573633551597595
1634 0.4229363799095154
1635 0.8185600638389587
1636 0.5539280772209167
1637 0.7140704989433289
1638 1.0097956657409668
1639 0.7388261556625366
1640 0.4375372529029846
1641 0.5380393266677856
1642 0.7534328103065491
1643 0.8916200399398804
1644 0.5357621312141418
1645 0.6877506971359253
1646 0.5203713178634644
1647 0.5685882568359375
1648 0.6821541786193848
1649 0.6707857847213745
1650 0.41334518790245056
1651 0.3237217366695404
1652 0.920205295085907
1653 0.590294599533081
1654 0.5042383670806885
1655 0.6474204063415527
1656 0.5148374438285828
1657 0.5159714818000793
1658 1.030788540840149
1659 0.5544258952140808
1660 0.5910683870315552
1661 0.33350858092308044
1662 0.6383084058761597
1663 0.8316507339477539
1664 0.3621048033237457
1665 0.5955491065979004
1666 0.41753894090652466
1667 0.6122291684150696
1668 0.5127222537994385
1669 0.6242755651473999
1670 0.6699482798576355
1671 0.7957042455673218
1672 0.5714112520217896
1673 0.5467594265937805
1674 0.632960319519043
1675 1.2148637771606445
1676 0.6124403476715088
1677 0.903014063835144
1678 0.7564843893051147
1679 0.5869918465614319
1680 0.7333906888961792
1681 0.5556983351707458
1682 0.5539997816085815
1683 0.40348681807518005
1684 0.6166853308677673
1685 0.9308827519416809
1686 0.6527805924415588
1687 0.38426071405410767
1688 0.7430005073547363
1689 0.45872369408607483
1690 0.5030345320701599
1691 0.6191811561584473
1692 0.5253177285194397
1693 0.5796152949333191
1694 0.5666824579238892
1695 0.7108637094497681
1696 0.4144333600997925
1697 0.4487465023994446
1698 0.560677170753479
1699 0.6748108863830566
1700 0.5453476309776306
1701 0.33181583881378174
1702 0.34908097982406616
1703 0.8123642206192017
1704 0.660247802734375
1705 0.6512221693992615
1706 0.7436050772666931
1707 0.3838401138782501
1708 0.43752357363700867
1709 0.5001062750816345
1710 0.6580067276954651
1711 0.37335455417633057
1712 0.41536861658096313
1713 0.5890187621116638
1714 0.5813860297203064
1715 0.6098392605781555
1716 0.5403100848197937
1717 0.5872289538383484
1718 0.4884934425354004
1719 0.5186706185340881
1720 0.32948362827301025
1721 0.5282003283500671
1722 0.6046624183654785
1723 0.7408651113510132
1724 0.8457619547843933
1725 1.1072463989257813
1726 0.6184383630752563
1727 0.8886479735374451
1728 0.9169186949729919
1729 0.4415770471096039
1730 0.5311214327812195
1731 0.6757655739784241
1732 0.9768154621124268
1733 0.511140763759613
1734 0.5935056805610657
1735 0.8622398972511292
1736 0.4599078893661499
1737 0.3505713939666748
1738 0.4458824098110199
1739 0.7272868752479553
1740 0.523644745349884
1741 0.5175110697746277
1742 0.7772265672683716
1743 0.5963501930236816
1744 0.5555505156517029
1745 0.6669290661811829
1746 0.34839585423469543
1747 0.32875773310661316
1748 0.4021376669406891
1749 0.4879823923110962
1750 0.5624209642410278
1751 0.42945513129234314
1752 0.3979463279247284
1753 0.2648705542087555
1754 0.5420456528663635
1755 0.4980319142341614
1756 0.7164820432662964
1757 0.48513558506965637
1758 0.6867400407791138
1759 0.2415728121995926
1760 0.2773032486438751
1761 0.6317495107650757
1762 0.6216576099395752
1763 0.48137781023979187
1764 0.5617445111274719
1765 0.633212685585022
1766 0.5001512169837952
1767 0.6372117400169373
1768 0.4575357139110565
1769 0.37959539890289307
1770 0.45569345355033875
1771 0.34544044733047485
1772 0.35769280791282654
1773 0.5448653697967529
1774 0.3684828579425812
1775 0.22509260475635529
1776 0.4985218346118927
1777 0.5321311950683594
1778 0.28010764718055725
1779 0.26945751905441284
1780 0.4828697144985199
1781 0.37164822220802307
1782 0.30257150530815125
1783 0.46824926137924194
1784 0.5424892902374268
1785 0.48383888602256775
1786 0.3299025595188141
1787 0.6723533272743225
1788 0.8685163259506226
1789 0.3986780047416687
1790 0.45726892352104187
1791 0.6272711753845215
1792 0.5519410371780396
1793 0.47379690408706665
1794 0.47843629121780396
1795 0.7012273669242859
1796 0.8142411112785339
1797 0.6345173120498657
1798 0.49978774785995483
1799 0.7857627272605896
1800 0.5997485518455505
1801 0.6008480191230774
1802 0.6942098140716553
1803 0.5823273658752441
1804 0.6387696266174316
1805 0.6973081827163696
1806 0.5506031513214111
1807 0.6180652976036072
1808 0.7201403379440308
1809 0.8394625186920166
1810 0.4937998950481415
1811 0.6246338486671448
1812 0.6103618144989014
1813 0.6001306772232056
1814 0.7558277249336243
1815 0.5799667239189148
1816 0.7252808809280396
1817 0.6994584202766418
1818 0.6722015142440796
1819 0.5331446528434753
1820 0.3427475392818451
1821 0.4674416482448578
1822 0.6397936344146729
1823 0.6365519762039185
1824 0.6303245425224304
1825 0.8800594806671143
1826 0.6684897541999817
1827 0.5684457421302795
1828 0.654971718788147
1829 0.5677987337112427
1830 0.8314979672431946
1831 1.0054686069488525
1832 0.8616387248039246
1833 0.6634984612464905
1834 0.5459731817245483
1835 1.156589388847351
1836 0.5917593240737915
1837 0.43432125449180603
1838 0.7829181551933289
1839 0.8441232442855835
1840 0.9741610288619995
1841 1.6072807312011719
1842 1.36957848072052
1843 1.71317458152771
1844 1.7159786224365234
1845 1.5564972162246704
1846 1.6551823616027832
1847 1.4102191925048828
1848 1.6072237491607666
1849 1.774863839149475
1850 1.2308322191238403
1851 1.0458588600158691
1852 1.0649821758270264
1853 1.3024498224258423
1854 1.7108516693115234
1855 1.6433957815170288
1856 1.685369610786438
1857 1.6405057907104492
1858 1.7417621612548828
1859 1.3808677196502686
1860 1.3317397832870483
1861 1.5747370719909668
1862 1.6117521524429321
1863 1.57877516746521
1864 1.8384199142456055
1865 1.775914192199707
1866 1.6519720554351807
1867 1.786581039428711
1868 1.5936033725738525
1869 1.442097544670105
1870 1.6469978094100952
1871 1.5880802869796753
1872 1.869834065437317
1873 1.6481847763061523
1874 1.7042135000228882
1875 1.8230812549591064
1876 1.7837646007537842
1877 1.6245393753051758
1878 1.6250709295272827
1879 1.738509178161621
1880 1.7914478778839111
1881 1.5892223119735718
1882 1.5554684400558472
1883 1.8500945568084717
1884 1.6142629384994507
1885 1.669960379600525
1886 1.803971529006958
1887 1.3681834936141968
1888 1.583667278289795
1889 1.7555252313613892
1890 1.7469093799591064
1891 1.4307727813720703
1892 1.746241569519043
1893 1.5478003025054932
1894 1.5984086990356445
1895 1.630645990371704
1896 1.6083251237869263
1897 1.6795673370361328
1898 1.857014775276184
1899 1.638561487197876
1900 1.8268338441848755
1901 1.8002501726150513
1902 1.7093558311462402
1903 1.2272247076034546
1904 1.2427542209625244
1905 1.5436021089553833
1906 1.4338555335998535
1907 1.5928843021392822
1908 1.5594391822814941
1909 1.5684436559677124
1910 1.678765058517456
1911 1.69271719455719
1912 1.4562145471572876
1913 1.2448217868804932
1914 1.260419249534607
1915 1.56794273853302
1916 1.4750922918319702
1917 1.5928597450256348
1918 1.665023684501648
1919 1.4817055463790894
1920 1.5541918277740479
1921 1.457985758781433
1922 1.6710774898529053
1923 1.6826072931289673
1924 1.6645410060882568
1925 1.7210139036178589
1926 1.567713737487793
1927 1.530437707901001
1928 1.392524003982544
1929 1.519552230834961
1930 1.556705355644226
1931 1.623734712600708
1932 1.3999080657958984
1933 1.6991091966629028
1934 1.5158991813659668
1935 1.5672045946121216
1936 1.6918203830718994
1937 1.6627839803695679
1938 1.6944774389266968
1939 1.5876545906066895
1940 1.4133579730987549
1941 1.4573605060577393
1942 1.6281895637512207
1943 1.5716661214828491
1944 1.4979535341262817
1945 1.574684977531433
1946 1.6049987077713013
1947 1.7314993143081665
1948 1.7873616218566895
1949 1.5235958099365234
1950 1.4266079664230347
1951 1.297009825706482
1952 1.4148812294006348
1953 1.2942326068878174
1954 1.4658379554748535
1955 1.8071677684783936
1956 1.9131972789764404
1957 1.5081298351287842
1958 1.5329012870788574
1959 1.6647791862487793
1960 1.486560344696045
1961 2.0419862270355225
1962 1.9253591299057007
1963 1.7073869705200195
1964 1.3850562572479248
1965 1.537272334098816
1966 1.513026237487793
1967 1.6558897495269775
1968 1.8618358373641968
1969 1.6876654624938965
1970 1.497942566871643
1971 1.6383552551269531
1972 1.334948182106018
1973 1.3025795221328735
1974 1.543228268623352
1975 1.4802372455596924
1976 1.4207674264907837
1977 1.3361799716949463
1978 1.492142915725708
1979 1.6403545141220093
1980 1.7494574785232544
1981 1.5063146352767944
1982 1.6816946268081665
1983 1.4718364477157593
1984 1.1370066404342651
1985 1.395677924156189
1986 0.9949239492416382
1987 1.2517746686935425
1988 1.771013855934143
1989 0.8930250406265259
1990 1.3035751581192017
1991 0.7965688109397888
1992 0.5848835110664368
1993 0.9573073387145996
1994 0.8890603184700012
1995 1.116713523864746
1996 0.7428706884384155
1997 0.746222734451294
1998 0.966569185256958
1999 0.6815902590751648
