0 0.0
1 0.6218504309654236
2 0.5754641890525818
3 0.8556057810783386
4 1.001063346862793
5 0.8650285005569458
6 0.9080708026885986
7 0.5930694937705994
8 0.5706204771995544
9 0.548634946346283
10 0.7770467400550842
11 0.5406897664070129
12 0.5963835716247559
13 0.8676432967185974
14 0.6891477704048157
15 0.6481486558914185
16 0.696221113204956
17 0.9434683322906494
18 0.9379723072052002
19 0.4633750021457672
20 0.4287392199039459
21 0.7506741285324097
22 0.7370603680610657
23 0.8152212500572205
24 0.903157651424408
25 0.7573142647743225
26 0.6731865406036377
27 0.7414821982383728
28 0.8496299386024475
29 1.252237319946289
30 1.1094685792922974
31 0.8144675493240356
32 0.9728487133979797
33 0.8566151857376099
34 0.9581171274185181
35 1.1426090002059937
36 0.4479835629463196
37 0.804664134979248
38 0.7925816774368286
39 0.7660225033760071
40 0.46085458993911743
41 0.8636569976806641
42 0.8996900916099548
43 0.410848468542099
44 0.539969265460968
45 0.760674238204956
46 0.7243391275405884
47 0.9043421745300293
48 0.7115567326545715
49 1.2571784257888794
50 0.7292360663414001
51 1.5327966213226318
52 1.1307482719421387
53 0.9807606339454651
54 1.1799715757369995
55 1.1717686653137207
56 1.1487550735473633
57 1.1051913499832153
58 0.6717777848243713
59 1.0856974124908447
60 1.3754892349243164
61 0.968565821647644
62 1.2115205526351929
63 1.205729603767395
64 1.1100873947143555
65 1.1803631782531738
66 0.8695535659790039
67 0.845224142074585
68 0.8901914954185486
69 1.0870591402053833
70 1.452622652053833
71 1.1573532819747925
72 0.6886990070343018
73 0.9648154973983765
74 1.1245596408843994
75 1.0299729108810425
76 0.791797399520874
77 0.8390122056007385
78 1.0877729654312134
79 1.6295424699783325
80 1.5207099914550781
81 0.8944904208183289
82 1.1684643030166626
83 1.109496831893921
84 1.1553889513015747
85 0.965685248374939
86 1.4633387327194214
87 1.097446084022522
88 0.9104541540145874
89 1.2686278820037842
90 1.080872654914856
91 1.2748972177505493
92 1.31147301197052
93 0.9965978860855103
94 1.2907798290252686
95 1.2911241054534912
96 0.4500042200088501
97 1.0989365577697754
98 0.9151220321655273
99 1.2355091571807861
100 0.790550172328949
101 1.2732865810394287
102 1.0554828643798828
103 0.9829239249229431
104 1.0294097661972046
105 1.0827176570892334
106 0.8907603621482849
107 0.6319688558578491
108 0.8038601279258728
109 0.9621096253395081
110 0.7464610934257507
111 0.9778222441673279
112 1.31217622756958
113 0.7025110125541687
114 1.0453283786773682
115 0.9588037729263306
116 0.8713997006416321
117 1.1845037937164307
118 0.7312933206558228
119 0.7331116199493408
120 0.6040877103805542
121 0.7220037579536438
122 0.9240304827690125
123 0.7965030074119568
124 0.5341706871986389
125 1.128043532371521
126 0.6899615526199341
127 0.9320475459098816
128 1.0341557264328003
129 1.0586473941802979
130 1.3186736106872559
131 0.9364875555038452
132 1.211943507194519
133 1.0773392915725708
134 0.911527156829834
135 0.6739633679389954
136 0.7544127702713013
137 0.7955790758132935
138 0.9634189605712891
139 1.0234718322753906
140 0.5463740229606628
141 0.7146736979484558
142 0.44081911444664
143 0.5225376486778259
144 0.7440007328987122
145 0.8860943913459778
146 0.6982177495956421
147 0.8230697512626648
148 0.6088812947273254
149 0.6478692293167114
150 0.5982393622398376
151 0.6911020278930664
152 1.125336766242981
153 0.8373003602027893
154 0.8595675230026245
155 0.8168778419494629
156 0.9603518843650818
157 1.4500770568847656
158 1.020723581314087
159 1.3692032098770142
160 1.0475497245788574
161 1.2009073495864868
162 1.2545722723007202
163 0.9655884504318237
164 1.0089528560638428
165 1.1416817903518677
166 0.9556788206100464
167 1.2770109176635742
168 0.9332200288772583
169 0.9013957381248474
170 0.6853787302970886
171 0.7034932971000671
172 0.8521555066108704
173 0.599425196647644
174 0.8717367649078369
175 0.7736282348632813
176 0.5108185410499573
177 0.7051318883895874
178 0.4373658001422882
179 0.8021655678749084
180 0.9032506942749023
181 0.5233709812164307
182 0.6034206748008728
183 0.5312281847000122
184 0.7749645113945007
185 0.5307960510253906
186 1.177115797996521
187 0.9299102425575256
188 0.33826467394828796
189 0.6804385185241699
190 0.6124846935272217
191 0.48207786679267883
192 1.1605676412582397
193 0.7335421442985535
194 0.8152106404304504
195 0.6188799142837524
196 0.4625338315963745
197 0.8733974099159241
198 0.5197288990020752
199 0.7044212222099304
200 0.6334446668624878
201 0.4747951328754425
202 0.8713347911834717
203 0.740516722202301
204 0.8220340013504028
205 0.9207165837287903
206 0.9113178849220276
207 0.6725209951400757
208 0.6985287070274353
209 0.9253579378128052
210 0.7913638949394226
211 0.5443446636199951
212 0.7904309630393982
213 0.6042218804359436
214 0.8781285285949707
215 0.5234421491622925
216 1.1140352487564087
217 0.734576940536499
218 1.1633543968200684
219 0.8766496777534485
220 0.8899053335189819
221 1.3978110551834106
222 0.4795242249965668
223 0.8671974539756775
224 0.8455536365509033
225 0.76966792345047
226 0.6737419962882996
227 0.7923546433448792
228 0.8058298230171204
229 0.9402767419815063
230 0.9693412184715271
231 0.6774587631225586
232 0.6947886943817139
233 0.6466416120529175
234 0.6386920809745789
235 0.7981164455413818
236 1.0239241123199463
237 1.3685383796691895
238 1.542799472808838
239 1.246990442276001
240 1.1038411855697632
241 1.1418874263763428
242 1.0502101182937622
243 1.2310991287231445
244 1.2531367540359497
245 0.7118621468544006
246 0.3611412048339844
247 0.686873733997345
248 1.1574909687042236
249 0.551558256149292
250 0.9158315062522888
251 0.9988162517547607
252 0.8743771314620972
253 1.318093180656433
254 0.9524255394935608
255 1.4073925018310547
256 1.107844591140747
257 1.4662457704544067
258 1.345192313194275
259 0.6291860342025757
260 1.2822394371032715
261 1.0683541297912598
262 1.1137102842330933
263 1.1511998176574707
264 1.0852634906768799
265 0.957385778427124
266 1.1569244861602783
267 1.591158151626587
268 0.8205270767211914
269 1.071407675743103
270 0.9720954298973083
271 1.017713189125061
272 1.335870623588562
273 1.028322458267212
274 0.7837978005409241
275 1.1180437803268433
276 0.9015933275222778
277 1.1901284456253052
278 0.8147227168083191
279 1.1424647569656372
280 0.7289422750473022
281 0.6250147223472595
282 1.3231213092803955
283 0.9326480031013489
284 1.1395162343978882
285 0.8344194889068604
286 0.7098056674003601
287 0.9447147846221924
288 1.238312840461731
289 0.9038314819335938
290 0.7237988114356995
291 1.1120610237121582
292 0.9419767260551453
293 1.3013149499893188
294 1.2973095178604126
295 1.0222057104110718
296 1.059354543685913
297 1.1978098154067993
298 1.0965576171875
299 1.5986504554748535
300 1.2905453443527222
301 1.5562015771865845
302 0.7803299427032471
303 0.8867316842079163
304 1.203289270401001
305 1.0986007452011108
306 1.2163628339767456
307 1.070715069770813
308 1.5533725023269653
309 1.2110779285430908
310 1.0975251197814941
311 1.3210653066635132
312 1.2184922695159912
313 1.3180959224700928
314 1.0582852363586426
315 0.44378605484962463
316 0.6813808679580688
317 0.8359724283218384
318 1.0748919248580933
319 0.7385133504867554
320 0.47065234184265137
321 0.6134734153747559
322 0.7256596088409424
323 0.5212373733520508
324 0.8812733292579651
325 0.43579789996147156
326 0.38090166449546814
327 0.9220299124717712
328 0.29245230555534363
329 0.5927563905715942
330 0.5851922631263733
331 0.6042596101760864
332 1.0426105260849
333 0.7633818984031677
334 1.0348225831985474
335 1.220283031463623
336 0.7680020332336426
337 0.5625371336936951
338 0.9141278862953186
339 0.48436564207077026
340 0.5584384799003601
341 1.1674641370773315
342 1.000914216041565
343 1.2231820821762085
344 0.8111034035682678
345 0.746334433555603
346 1.3118059635162354
347 1.118641972541809
348 1.113806128501892
349 1.0469036102294922
350 0.7038770914077759
351 0.912261426448822
352 0.9611756205558777
353 1.0283704996109009
354 1.1639715433120728
355 1.0208661556243896
356 0.783258855342865
357 1.144865870475769
358 0.8288846611976624
359 1.0549485683441162
360 1.0556327104568481
361 0.8754220604896545
362 1.1099591255187988
363 1.0429353713989258
364 1.350311279296875
365 0.6809220314025879
366 0.8518825173377991
367 1.2593984603881836
368 1.1737481355667114
369 1.1715140342712402
370 1.3951424360275269
371 1.1120529174804688
372 0.6980457305908203
373 0.7179213762283325
374 0.9936987161636353
375 0.661842942237854
376 0.9234829545021057
377 1.127474308013916
378 0.9808128476142883
379 0.7665649652481079
380 0.7753666639328003
381 0.6004143953323364
382 0.8816043734550476
383 0.7841460108757019
384 0.7624394297599792
385 1.0181628465652466
386 0.9050433039665222
387 0.8277174830436707
388 0.84639573097229
389 0.7304795384407043
390 0.7147959470748901
391 1.075307846069336
392 0.8018011450767517
393 0.5272233486175537
394 0.6348803043365479
395 0.48948153853416443
396 0.8130559325218201
397 0.3973923623561859
398 0.5838761329650879
399 0.48305562138557434
400 0.5991201400756836
401 0.9281952977180481
402 0.6221933960914612
403 0.722653865814209
404 1.179221510887146
405 0.9116379022598267
406 0.7029970288276672
407 0.33516621589660645
408 0.48338979482650757
409 0.4369076192378998
410 0.515867292881012
411 0.8286252021789551
412 0.6823780536651611
413 0.4080372154712677
414 0.7673831582069397
415 0.810033917427063
416 0.6749937534332275
417 0.918862521648407
418 0.679821252822876
419 1.151538610458374
420 0.6344744563102722
421 0.4679768681526184
422 0.8567296862602234
423 0.8980790972709656
424 0.8105162978172302
425 0.5998628735542297
426 0.7767611145973206
427 0.7623628973960876
428 0.9383094906806946
429 0.6474843621253967
430 0.774858295917511
431 1.1013131141662598
432 1.1600456237792969
433 1.0601106882095337
434 0.9345817565917969
435 1.004574179649353
436 0.5220425128936768
437 0.5536397099494934
438 0.9978317618370056
439 0.50099778175354
440 0.9000118970870972
441 0.7701349258422852
442 0.9103838801383972
443 0.8266058564186096
444 0.7072002291679382
445 0.5449713468551636
446 0.8330857753753662
447 1.0809626579284668
448 1.0701172351837158
449 0.5659234523773193
450 0.9278386235237122
451 0.8259040117263794
452 1.2458090782165527
453 1.0229419469833374
454 0.7182981967926025
455 0.925480842590332
456 0.8656375408172607
457 0.881702721118927
458 0.823605477809906
459 1.105739712715149
460 0.8427916169166565
461 0.8655326962471008
462 0.6040756106376648
463 0.6752955913543701
464 0.6294060349464417
465 0.832502007484436
466 0.8112894892692566
467 1.1304069757461548
468 0.7449834942817688
469 0.8220220804214478
470 0.7016067504882813
471 0.4930013418197632
472 0.9885517358779907
473 0.6004195809364319
474 0.6107946038246155
475 0.4265293776988983
476 1.1045657396316528
477 0.7231631278991699
478 0.5908939242362976
479 0.6503633260726929
480 0.6519129276275635
481 0.784653902053833
482 0.7177134156227112
483 1.0861278772354126
484 0.711309015750885
485 0.5499260425567627
486 0.8973667621612549
487 0.6421087980270386
488 0.425904244184494
489 0.4263668358325958
490 0.908031165599823
491 0.7417953610420227
492 0.9236202836036682
493 1.0032559633255005
494 0.5710429549217224
495 0.5787910223007202
496 0.438245564699173
497 0.5698309540748596
498 0.5612087845802307
499 0.5293732285499573
500 0.9208425879478455
501 0.7036062479019165
502 0.7012317776679993
503 0.35711538791656494
504 0.6863095164299011
505 0.7138986587524414
506 0.5909570455551147
507 0.9105004072189331
508 0.8103422522544861
509 0.6711866855621338
510 0.6330909729003906
511 0.6696332097053528
512 0.8353548645973206
513 0.6392697095870972
514 0.4805569648742676
515 0.47982466220855713
516 0.6205822825431824
517 0.7726182341575623
518 0.5280405879020691
519 0.6565963625907898
520 0.9323998689651489
521 0.5900173187255859
522 0.6696063280105591
523 0.46535101532936096
524 0.7994692921638489
525 0.6809239387512207
526 1.0301063060760498
527 0.7939272522926331
528 0.6023762226104736
529 0.6583755016326904
530 0.47945716977119446
531 0.6753537058830261
532 0.6168060898780823
533 0.7545875906944275
534 0.5828466415405273
535 0.6342492699623108
536 0.8413538932800293
537 0.7300633788108826
538 0.7601482272148132
539 0.7421767711639404
540 0.7081273198127747
541 0.5524217486381531
542 0.9791954159736633
543 0.9325817227363586
544 1.0327529907226563
545 0.7549430131912231
546 0.3294524550437927
547 0.519088625907898
548 0.4915534555912018
549 0.7002218961715698
550 0.5809577107429504
551 0.9392950534820557
552 0.689995288848877
553 0.6699203848838806
554 0.5488326549530029
555 0.8168426752090454
556 0.7958918213844299
557 0.8320111036300659
558 0.7820058465003967
559 0.6084745526313782
560 0.4911421239376068
561 0.7811844944953918
562 0.8493081331253052
563 0.6110801696777344
564 0.5364812612533569
565 0.87749844789505
566 0.6962958574295044
567 0.6287881731987
568 0.701083242893219
569 0.6468567252159119
570 0.8684446811676025
571 1.169765830039978
572 1.0534952878952026
573 0.36832118034362793
574 1.1834083795547485
575 0.6682128310203552
576 0.7533124685287476
577 0.7652643322944641
578 0.7283119559288025
579 0.39858540892601013
580 0.6353318095207214
581 0.4391089081764221
582 0.6971235871315002
583 0.7322653532028198
584 0.8906609416007996
585 0.6313053369522095
586 0.54753178358078
587 0.6908336281776428
588 0.7167929410934448
589 0.7695733308792114
590 0.6375066041946411
591 0.7978532314300537
592 0.49860021471977234
593 0.7338845133781433
594 0.5680208802223206
595 0.7880407571792603
596 0.32852792739868164
597 0.4522019028663635
598 0.833429217338562
599 0.5566065311431885
600 0.7254049181938171
601 1.1999083757400513
602 0.4522169232368469
603 0.9301503896713257
604 0.6187917590141296
605 0.6471841335296631
606 0.9012553691864014
607 0.7113697528839111
608 0.9356427788734436
609 0.720634400844574
610 0.654187798500061
611 0.5159575343132019
612 0.9580655694007874
613 0.7653098106384277
614 0.7191401720046997
615 0.7777466177940369
616 1.1227227449417114
617 1.1206321716308594
618 0.9508810639381409
619 0.7948216199874878
620 0.7382188439369202
621 0.7431012392044067
622 1.1779556274414063
623 0.9454594254493713
624 0.6241587400436401
625 0.8280311226844788
626 0.7469519972801208
627 0.8535366654396057
628 0.7551120519638062
629 0.5880552530288696
630 0.7067941427230835
631 0.5798766613006592
632 0.6272857189178467
633 0.5882537961006165
634 0.7992796897888184
635 0.692770779132843
636 0.7380368113517761
637 0.47763851284980774
638 0.795731246471405
639 0.6224522590637207
640 0.6380908489227295
641 0.6357025504112244
642 0.9250117540359497
643 0.8535113334655762
644 0.6208471655845642
645 0.6249151229858398
646 0.7296856045722961
647 0.6591118574142456
648 0.9134576320648193
649 0.9268462657928467
650 0.8962854146957397
651 0.7070415019989014
652 1.0138301849365234
653 0.9446709752082825
654 0.8302302360534668
655 1.0570207834243774
656 0.7276766896247864
657 1.075137972831726
658 1.098422646522522
659 1.0405380725860596
660 1.3128156661987305
661 1.331445336341858
662 0.9701041579246521
663 0.8941932916641235
664 1.3142460584640503
665 0.8229045271873474
666 0.9417926073074341
667 1.0323084592819214
668 1.1513234376907349
669 1.0493313074111938
670 1.0289390087127686
671 1.0448510646820068
672 0.9030053019523621
673 1.0690219402313232
674 0.8858196139335632
675 1.2898615598678589
676 1.0245972871780396
677 1.1615480184555054
678 1.1326040029525757
679 0.762165367603302
680 0.8185808062553406
681 0.7395296096801758
682 0.7406349182128906
683 0.9453722238540649
684 0.7914922833442688
685 0.724757194519043
686 0.8552316427230835
687 1.0522245168685913
688 0.7834826707839966
689 0.8127402067184448
690 1.1177836656570435
691 0.7494131922721863
692 0.7217697501182556
693 0.9115728139877319
694 0.9444319009780884
695 0.8786522150039673
696 0.6329241394996643
697 0.6083158254623413
698 0.6178519129753113
699 0.6122280955314636
700 0.6066124439239502
701 0.61081463098526
702 0.5618200898170471
703 0.9918157458305359
704 0.9719641208648682
705 0.559409499168396
706 0.7882813811302185
707 0.5572869181632996
708 0.5238912105560303
709 0.8746502995491028
710 0.4771757423877716
711 0.6386429667472839
712 0.8752647638320923
713 0.6683146357536316
714 0.862252414226532
715 0.8753935694694519
716 0.8620591163635254
717 0.7580103874206543
718 0.9120440483093262
719 0.5548024773597717
720 0.6614816784858704
721 0.8222300410270691
722 0.8848082423210144
723 0.9558496475219727
724 1.0912625789642334
725 0.6754200458526611
726 0.8980505466461182
727 0.6914702653884888
728 1.1036888360977173
729 1.0323156118392944
730 0.7514568567276001
731 0.6280829906463623
732 0.5643893480300903
733 0.9193161725997925
734 1.0287566184997559
735 0.7840889692306519
736 0.6721808314323425
737 0.7662426233291626
738 0.4075476825237274
739 0.6692615151405334
740 0.5620238184928894
741 0.6256313323974609
742 0.6076526045799255
743 1.3462276458740234
744 0.9309017062187195
745 0.6711592078208923
746 0.697211742401123
747 0.7450798749923706
748 0.8580189347267151
749 1.0084222555160522
750 0.6874077916145325
751 0.8025511503219604
752 0.9011753797531128
753 0.6261719465255737
754 0.6402007341384888
755 0.9964658617973328
756 0.6398284435272217
757 0.8388422727584839
758 0.8446785807609558
759 0.9388264417648315
760 0.8669829368591309
761 0.9109972715377808
762 0.6376389861106873
763 1.0454096794128418
764 0.7796699404716492
765 1.4628905057907104
766 1.34881591796875
767 1.1315312385559082
768 1.0372923612594604
769 0.9975708723068237
770 1.0976699590682983
771 1.1286146640777588
772 0.9088074564933777
773 0.8984088897705078
774 0.6505174040794373
775 0.9149138331413269
776 0.7385838031768799
777 0.9713321328163147
778 0.7793042063713074
779 0.6017667055130005
780 0.5720731616020203
781 0.8556931614875793
782 1.1187371015548706
783 0.9309630990028381
784 0.6378409266471863
785 1.0017982721328735
786 1.0773484706878662
787 1.0369764566421509
788 0.7616701722145081
789 0.8547147512435913
790 0.8039458990097046
791 0.8100448250770569
792 0.7236754298210144
793 0.75845867395401
794 0.9589382410049438
795 0.9509940147399902
796 0.8230035305023193
797 1.0401005744934082
798 0.8863686323165894
799 0.8601886034011841
800 0.8780944347381592
801 0.8482195734977722
802 0.867223858833313
803 0.8990796804428101
804 0.8777049779891968
805 0.9318237900733948
806 0.6684070825576782
807 1.2674304246902466
808 0.6384572982788086
809 1.0135343074798584
810 0.6119270920753479
811 1.017751693725586
812 0.5305715799331665
813 0.6856819987297058
814 0.6534462571144104
815 0.7343744039535522
816 0.7473912835121155
817 0.5873702764511108
818 0.7153583765029907
819 0.7792302370071411
820 0.5799641013145447
821 0.6942093968391418
822 0.6681791543960571
823 0.41972747445106506
824 0.5272893309593201
825 0.5566148161888123
826 1.2444229125976563
827 0.6348077058792114
828 0.8654278516769409
829 0.6879070997238159
830 0.8063498139381409
831 0.808952808380127
832 0.9095613956451416
833 0.8390313982963562
834 0.940323531627655
835 0.5790473818778992
836 0.8710284233093262
837 1.0715348720550537
838 1.0352094173431396
839 0.8493869304656982
840 0.8291559219360352
841 0.9079622626304626
842 0.9669775366783142
843 0.4625056982040405
844 0.5032455325126648
845 0.7960096597671509
846 0.8677575588226318
847 0.774840235710144
848 0.7532590627670288
849 0.7688078880310059
850 0.9967983961105347
851 1.0596712827682495
852 0.8763852119445801
853 0.5977895259857178
854 0.5315119624137878
855 1.2401554584503174
856 1.7881940603256226
857 1.449507713317871
858 1.6025248765945435
859 1.4507694244384766
860 1.2874023914337158
861 1.644732117652893
862 1.5936704874038696
863 1.733783483505249
864 1.8700075149536133
865 1.8429536819458008
866 1.8045158386230469
867 1.8979644775390625
868 1.6361405849456787
869 1.8989627361297607
870 1.563914179801941
871 1.819953441619873
872 2.1183876991271973
873 1.7377020120620728
874 1.9710907936096191
875 1.70648193359375
876 1.652947187423706
877 1.8582255840301514
878 1.6809080839157104
879 1.6982643604278564
880 1.563071370124817
881 1.6484745740890503
882 1.8890223503112793
883 1.5651826858520508
884 1.3296493291854858
885 1.5641086101531982
886 1.3452621698379517
887 1.5179520845413208
888 1.4615198373794556
889 1.4738212823867798
890 1.7268716096878052
891 1.767599105834961
892 1.6929187774658203
893 1.5389807224273682
894 1.6244169473648071
895 1.327411413192749
896 1.5255730152130127
897 1.64469313621521
898 1.6593445539474487
899 2.17248272895813
900 2.249228000640869
901 1.7862459421157837
902 1.7576582431793213
903 1.588157057762146
904 1.74578857421875
905 1.6345844268798828
906 1.775802731513977
907 1.8941597938537598
908 1.7061396837234497
909 1.9354567527770996
910 1.6190030574798584
911 1.6838886737823486
912 1.932538390159607
913 1.6728447675704956
914 1.411280870437622
915 1.5912187099456787
916 1.4716458320617676
917 1.616048812866211
918 1.6405727863311768
919 1.6196839809417725
920 1.5289579629898071
921 1.4652801752090454
922 1.6485021114349365
923 1.4839686155319214
924 1.7148030996322632
925 1.3543024063110352
926 1.8161877393722534
927 1.4134507179260254
928 1.6844356060028076
929 1.5346430540084839
930 1.6511818170547485
931 1.674791932106018
932 1.88554048538208
933 1.8089444637298584
934 1.7983689308166504
935 1.911515235900879
936 1.6941447257995605
937 1.4965683221817017
938 1.4987800121307373
939 1.597649335861206
940 1.6952097415924072
941 1.8991202116012573
942 1.8982220888137817
943 2.0372555255889893
944 1.7707422971725464
945 1.836881160736084
946 1.6087560653686523
947 1.864202857017517
948 2.0246219635009766
949 1.715598464012146
950 1.8372124433517456
951 1.693051815032959
952 1.4701482057571411
953 1.8172029256820679
954 1.564328670501709
955 1.495422601699829
956 1.445465326309204
957 1.473987340927124
958 1.6876028776168823
959 1.5235923528671265
960 1.6660572290420532
961 1.7188897132873535
962 1.5513161420822144
963 1.7508167028427124
964 2.1360485553741455
965 1.9050579071044922
966 1.8371360301971436
967 2.173874855041504
968 2.1792352199554443
969 1.7919367551803589
970 1.9148062467575073
971 2.1159751415252686
972 1.9472025632858276
973 1.9478029012680054
974 1.9287116527557373
975 1.8836573362350464
976 2.1173126697540283
977 2.3656089305877686
978 1.857344150543213
979 2.1840555667877197
980 1.8426017761230469
981 1.8545335531234741
982 1.8740780353546143
983 2.1025550365448
984 1.6924569606781006
985 1.9046989679336548
986 1.7777471542358398
987 1.8878464698791504
988 2.0041885375976563
989 2.1580331325531006
990 2.032475471496582
991 1.925033688545227
992 1.9128174781799316
993 1.849899411201477
994 1.747368574142456
995 1.9921826124191284
996 1.8479201793670654
997 1.906930685043335
998 2.1395342350006104
999 1.9922053813934326
1000 1.8958230018615723
1001 2.164536952972412
1002 2.3763277530670166
1003 2.157761812210083
1004 2.135892152786255
1005 1.8490947484970093
1006 1.8946483135223389
1007 1.9582912921905518
1008 2.1300406455993652
1009 2.057595729827881
1010 1.9736710786819458
1011 1.7021605968475342
1012 1.9297648668289185
1013 1.8682208061218262
1014 2.0002119541168213
1015 1.7714591026306152
1016 1.9846152067184448
1017 2.0185277462005615
1018 2.0564754009246826
1019 2.0692408084869385
1020 1.9477508068084717
1021 1.937587022781372
1022 1.9846571683883667
1023 2.346299648284912
1024 2.352234125137329
1025 2.2336606979370117
1026 1.9483997821807861
1027 1.810983419418335
1028 1.9260174036026
1029 2.117837905883789
1030 2.3726963996887207
1031 1.8455405235290527
1032 2.0019266605377197
1033 1.8948132991790771
1034 2.1293535232543945
1035 2.2604215145111084
1036 2.361787796020508
1037 2.1572511196136475
1038 2.0359251499176025
1039 2.057779550552368
1040 1.7510172128677368
1041 1.813904881477356
1042 1.7631579637527466
1043 1.9485021829605103
1044 1.6970300674438477
1045 2.0215208530426025
1046 1.80828857421875
1047 1.7972601652145386
1048 2.022948980331421
1049 1.7270320653915405
1050 1.7655315399169922
1051 1.6576803922653198
1052 1.916739583015442
1053 1.7122156620025635
1054 1.7738637924194336
1055 1.9008313417434692
1056 2.038909435272217
1057 1.985446572303772
1058 1.6422306299209595
1059 1.6424864530563354
1060 1.7468761205673218
1061 1.8655486106872559
1062 1.9094988107681274
1063 1.9020825624465942
1064 1.6428258419036865
1065 2.2243709564208984
1066 2.078773021697998
1067 2.191028594970703
1068 1.8128182888031006
1069 2.047595739364624
1070 1.6895593404769897
1071 1.8426085710525513
1072 1.8117327690124512
1073 1.788443684577942
1074 1.7432414293289185
1075 1.9739948511123657
1076 2.126466989517212
1077 2.0271782875061035
1078 1.7715396881103516
1079 1.9734563827514648
1080 1.8270050287246704
1081 2.0686748027801514
1082 1.9278331995010376
1083 1.906564712524414
1084 2.11025071144104
1085 2.1027045249938965
1086 2.1482017040252686
1087 2.150331974029541
1088 1.9798839092254639
1089 2.033048391342163
1090 2.2393510341644287
1091 2.152540683746338
1092 2.0140092372894287
1093 1.8831595182418823
1094 1.9906394481658936
1095 2.133589029312134
1096 2.0197713375091553
1097 2.1498825550079346
1098 1.962141752243042
1099 2.053778648376465
1100 2.0973551273345947
1101 1.8626755475997925
1102 1.9596563577651978
1103 2.265923261642456
1104 1.95660400390625
1105 2.167388916015625
1106 2.0764784812927246
1107 1.9472705125808716
1108 2.0251336097717285
1109 2.096238374710083
1110 1.8960918188095093
1111 1.7611513137817383
1112 1.8286296129226685
1113 1.758042573928833
1114 1.8755038976669312
1115 1.6670098304748535
1116 1.859751582145691
1117 1.9588106870651245
1118 1.8262678384780884
1119 1.657618522644043
1120 2.068222761154175
1121 2.153229236602783
1122 1.9472534656524658
1123 2.0535166263580322
1124 1.9161897897720337
1125 1.9619373083114624
1126 1.8432947397232056
1127 1.8077739477157593
1128 1.9225678443908691
1129 1.6529146432876587
1130 1.7846437692642212
1131 1.6933462619781494
1132 1.7953712940216064
1133 1.8479114770889282
1134 1.6254843473434448
1135 1.7040210962295532
1136 1.643201470375061
1137 1.7824134826660156
1138 1.5864955186843872
1139 1.9431512355804443
1140 1.8620842695236206
1141 1.847660779953003
1142 1.9674644470214844
1143 1.8917773962020874
1144 1.702680230140686
1145 1.8323127031326294
1146 1.9418448209762573
1147 1.6706043481826782
1148 1.7451566457748413
1149 1.7520149946212769
1150 1.710681676864624
1151 1.7689340114593506
1152 1.8244432210922241
1153 1.7024264335632324
1154 1.79129958152771
1155 1.9995535612106323
1156 2.1507701873779297
1157 1.7062422037124634
1158 1.8688478469848633
1159 1.8340661525726318
1160 2.109246253967285
1161 2.3758180141448975
1162 2.1707816123962402
1163 1.9976744651794434
1164 2.177565336227417
1165 2.0079665184020996
1166 2.14406156539917
1167 2.0039761066436768
1168 1.9980144500732422
1169 1.9738672971725464
1170 1.9680836200714111
1171 2.4591610431671143
1172 2.2608044147491455
1173 2.0179696083068848
1174 1.9827171564102173
1175 2.0921971797943115
1176 2.1643664836883545
1177 2.273383378982544
1178 2.094902276992798
1179 1.8338463306427002
1180 2.064312219619751
1181 2.144526243209839
1182 2.1056883335113525
1183 1.8525208234786987
1184 2.0114593505859375
1185 1.7933712005615234
1186 1.9043585062026978
1187 1.783019781112671
1188 1.8405429124832153
1189 1.9080281257629395
1190 1.75074303150177
1191 1.9359683990478516
1192 1.6749588251113892
1193 1.977225661277771
1194 2.242187738418579
1195 2.099339723587036
1196 2.5834619998931885
1197 2.198627471923828
1198 2.0422630310058594
1199 2.2041003704071045
1200 2.4377129077911377
1201 1.9345420598983765
1202 2.0678138732910156
1203 2.0084786415100098
1204 1.5890055894851685
1205 2.096160411834717
1206 2.244840621948242
1207 1.9910835027694702
1208 2.0758817195892334
1209 1.8498482704162598
1210 1.913931131362915
1211 2.048961639404297
1212 1.9426112174987793
1213 1.941284418106079
1214 1.8151419162750244
1215 2.129451036453247
1216 2.002704381942749
1217 1.832776665687561
1218 1.8847368955612183
1219 2.0041892528533936
1220 2.1920888423919678
1221 2.1540207862854004
1222 2.340635061264038
1223 2.272280693054199
1224 1.9364162683486938
1225 2.092872381210327
1226 2.056668281555176
1227 2.072813034057617
1228 2.3581387996673584
1229 2.0151214599609375
1230 2.157888412475586
1231 1.9832121133804321
1232 2.0139663219451904
1233 2.0719008445739746
1234 1.9077810049057007
1235 2.1600000858306885
1236 2.1284830570220947
1237 2.1405887603759766
1238 1.8996715545654297
1239 2.032630681991577
1240 1.920539140701294
1241 1.9149047136306763
1242 1.8639072179794312
1243 1.9810277223587036
1244 2.1508982181549072
1245 1.8851243257522583
1246 2.098954439163208
1247 1.9457876682281494
1248 1.8499497175216675
1249 1.6875734329223633
1250 1.9258817434310913
1251 2.1735458374023438
1252 2.0986716747283936
1253 1.9063445329666138
1254 1.9621758460998535
1255 2.2821216583251953
1256 1.9056222438812256
1257 1.980876088142395
1258 1.5888296365737915
1259 1.8990051746368408
1260 1.6488308906555176
1261 1.69350004196167
1262 1.8116589784622192
1263 1.6333736181259155
1264 1.546596884727478
1265 1.5283374786376953
1266 2.0628652572631836
1267 1.8466744422912598
1268 1.6456694602966309
1269 1.5525681972503662
1270 1.7126336097717285
1271 1.9446818828582764
1272 2.122941017150879
1273 2.1675403118133545
1274 2.4979262351989746
1275 2.5368192195892334
1276 2.5250275135040283
1277 2.298769474029541
1278 2.0973055362701416
1279 2.12270450592041
1280 2.424182891845703
1281 2.3022780418395996
1282 2.250309705734253
1283 2.1286911964416504
1284 2.400059700012207
1285 2.5120537281036377
1286 2.5094480514526367
1287 2.158782720565796
1288 1.9154728651046753
1289 1.8678683042526245
1290 2.2328543663024902
1291 2.2252719402313232
1292 2.003566265106201
1293 2.26061749458313
1294 2.0461089611053467
1295 1.9946868419647217
1296 1.7160991430282593
1297 1.9118614196777344
1298 1.8397608995437622
1299 1.8445433378219604
1300 1.7771215438842773
1301 1.9708998203277588
1302 1.750074863433838
1303 1.751691222190857
1304 1.8638137578964233
1305 2.1173324584960938
1306 2.293691396713257
1307 2.0088250637054443
1308 2.3137741088867188
1309 2.5461199283599854
1310 2.4293453693389893
1311 2.120849609375
1312 2.4541406631469727
1313 2.2782809734344482
1314 2.336329698562622
1315 2.318842887878418
1316 2.5739479064941406
1317 2.3013176918029785
1318 2.2778682708740234
1319 2.4568209648132324
1320 2.0484719276428223
1321 2.2905733585357666
1322 2.0417187213897705
1323 2.4053587913513184
1324 2.336904525756836
1325 2.3749871253967285
1326 2.215601682662964
1327 2.2766103744506836
1328 2.11920428276062
1329 2.0335586071014404
1330 2.3117525577545166
1331 2.384208917617798
1332 2.505969285964966
1333 2.4921185970306396
1334 2.592257499694824
1335 2.5294013023376465
1336 2.1078715324401855
1337 2.4096858501434326
1338 2.2348625659942627
1339 2.4226953983306885
1340 2.2732975482940674
1341 2.320131540298462
1342 2.2675552368164063
1343 2.094115972518921
1344 2.33454966545105
1345 2.150607109069824
1346 2.550062656402588
1347 2.0341477394104004
1348 2.0133140087127686
1349 2.393153429031372
1350 2.40008544921875
1351 2.08453369140625
1352 2.006382465362549
1353 1.9895802736282349
1354 2.895777702331543
1355 2.2157561779022217
1356 2.3095388412475586
1357 2.023635149002075
1358 1.9319674968719482
1359 2.3792004585266113
1360 2.1251611709594727
1361 2.24888277053833
1362 2.123054027557373
1363 2.133842945098877
1364 2.7127628326416016
1365 2.1500587463378906
1366 2.4343812465667725
1367 2.3081562519073486
1368 2.8063695430755615
1369 2.104678153991699
1370 2.0055453777313232
1371 1.8460466861724854
1372 2.1301746368408203
1373 2.0960264205932617
1374 2.3094024658203125
1375 2.5027718544006348
1376 2.124762535095215
1377 2.4335920810699463
1378 2.241825819015503
1379 2.1740918159484863
1380 2.5088112354278564
1381 2.077333688735962
1382 2.0884764194488525
1383 2.0573890209198
1384 2.2362353801727295
1385 1.9761412143707275
1386 2.001523017883301
1387 2.36173415184021
1388 2.964113235473633
1389 2.381221294403076
1390 2.3112564086914063
1391 2.455662488937378
1392 2.2529447078704834
1393 2.558469533920288
1394 2.155358076095581
1395 2.100719451904297
1396 2.2871921062469482
1397 2.0764241218566895
1398 2.539463996887207
1399 2.5117056369781494
1400 2.23604154586792
1401 2.468536615371704
1402 2.362304449081421
1403 2.3626420497894287
1404 2.3507728576660156
1405 2.0373616218566895
1406 2.6323609352111816
1407 2.1234724521636963
1408 2.4258670806884766
1409 2.2314453125
1410 2.0597596168518066
1411 2.2075119018554688
1412 2.266343116760254
1413 1.9716678857803345
1414 2.0751466751098633
1415 2.1839160919189453
1416 2.3307900428771973
1417 2.209641695022583
1418 2.48299503326416
1419 2.1528937816619873
1420 2.4878995418548584
1421 2.2852511405944824
1422 2.354020357131958
1423 2.1191844940185547
1424 2.578662872314453
1425 2.1689839363098145
1426 2.1573755741119385
1427 2.333437204360962
1428 2.100334405899048
1429 2.2199907302856445
1430 2.3233141899108887
1431 2.2239983081817627
1432 2.340131998062134
1433 2.4512035846710205
1434 2.3506743907928467
1435 2.522434711456299
1436 2.1663424968719482
1437 2.421462059020996
1438 2.3786959648132324
1439 2.3058979511260986
1440 2.2584314346313477
1441 2.2196240425109863
1442 2.1711080074310303
1443 2.129361629486084
1444 2.565730094909668
1445 2.256915807723999
1446 2.0738468170166016
1447 2.305814504623413
1448 2.073598623275757
1449 2.348893404006958
1450 2.5137901306152344
1451 2.1662518978118896
1452 2.129563808441162
1453 2.1887760162353516
1454 2.227100133895874
1455 1.9463627338409424
1456 1.8542232513427734
1457 1.9136037826538086
1458 1.9882328510284424
1459 2.121508836746216
1460 2.233792781829834
1461 2.0272462368011475
1462 2.949043035507202
1463 2.6668918132781982
1464 2.2273364067077637
1465 2.1205525398254395
1466 1.9708667993545532
1467 2.0752804279327393
1468 2.505270481109619
1469 2.1375370025634766
1470 2.8881053924560547
1471 3.229773998260498
1472 2.8641085624694824
1473 2.752700090408325
1474 2.9310665130615234
1475 2.898909091949463
1476 3.185812473297119
1477 3.1208324432373047
1478 3.316232681274414
1479 2.590313196182251
1480 2.3579959869384766
1481 2.156841516494751
1482 2.1632864475250244
1483 2.1391971111297607
1484 2.372750997543335
1485 3.309706211090088
1486 2.847015857696533
1487 2.9172072410583496
1488 2.542241334915161
1489 2.234647512435913
1490 2.375728130340576
1491 2.5489447116851807
1492 2.640206813812256
1493 2.682159185409546
1494 2.8680191040039063
1495 2.254395008087158
1496 2.593745470046997
1497 2.3515450954437256
1498 2.3549892902374268
1499 2.582137107849121
1500 2.7930731773376465
1501 2.3044886589050293
1502 2.346503257751465
1503 2.4776673316955566
1504 2.382105827331543
1505 2.243642568588257
1506 2.150231122970581
1507 2.358059883117676
1508 1.963322401046753
1509 2.4547789096832275
1510 2.45481014251709
1511 2.485767364501953
1512 2.61519455909729
1513 2.7780821323394775
1514 2.3385496139526367
1515 2.5740647315979004
1516 2.722062349319458
1517 2.22507643699646
1518 2.1485860347747803
1519 2.19687557220459
1520 2.232806921005249
1521 2.1123533248901367
1522 2.392026424407959
1523 2.5567030906677246
1524 2.5047335624694824
1525 2.572563886642456
1526 2.4121854305267334
1527 2.232585906982422
1528 2.081068754196167
1529 2.359027862548828
1530 2.1263694763183594
1531 2.316572666168213
1532 1.9532737731933594
1533 2.2388625144958496
1534 2.465050220489502
1535 2.3634066581726074
1536 2.14821195602417
1537 2.302522897720337
1538 2.6165013313293457
1539 2.111088275909424
1540 2.2958688735961914
1541 2.32500958442688
1542 2.464770555496216
1543 2.06095027923584
1544 2.412426710128784
1545 2.517911434173584
1546 2.27166748046875
1547 2.505363702774048
1548 2.317469358444214
1549 2.823427438735962
1550 2.4939472675323486
1551 2.349165916442871
1552 2.769493818283081
1553 2.5115020275115967
1554 2.299424648284912
1555 2.457716941833496
1556 2.2472236156463623
1557 2.2192399501800537
1558 2.76316237449646
1559 3.4805359840393066
1560 2.9377872943878174
1561 3.178340196609497
1562 3.0987443923950195
1563 3.3348844051361084
1564 3.3944246768951416
1565 2.7888991832733154
1566 2.631089210510254
1567 2.8831071853637695
1568 2.448021173477173
1569 2.1917757987976074
1570 2.1544976234436035
1571 2.1467015743255615
1572 2.5583887100219727
1573 2.5454037189483643
1574 2.161846876144409
1575 2.120901584625244
1576 1.9640990495681763
1577 2.117194652557373
1578 2.2669901847839355
1579 2.1646857261657715
1580 2.289118528366089
1581 2.066669464111328
1582 2.0988004207611084
1583 2.687286853790283
1584 2.7791407108306885
1585 2.7019236087799072
1586 2.4639534950256348
1587 2.648444890975952
1588 2.619062900543213
1589 2.722358226776123
1590 1.916203260421753
1591 2.3340253829956055
1592 2.3128514289855957
1593 2.3049209117889404
1594 2.166306972503662
1595 2.7208783626556396
1596 2.621181011199951
1597 2.698592185974121
1598 2.400501251220703
1599 2.499298095703125
1600 2.6575493812561035
1601 2.8101541996002197
1602 2.6054065227508545
1603 1.9836430549621582
1604 2.120950222015381
1605 2.3063337802886963
1606 2.026857614517212
1607 2.143697500228882
1608 2.054738998413086
1609 2.4447529315948486
1610 3.0504987239837646
1611 2.7261276245117188
1612 2.711230516433716
1613 2.5576858520507813
1614 2.9373106956481934
1615 2.849886178970337
1616 2.2415530681610107
1617 2.4972481727600098
1618 2.435868501663208
1619 2.655714750289917
1620 2.5448052883148193
1621 2.0633134841918945
1622 2.2297728061676025
1623 2.1934797763824463
1624 2.071481704711914
1625 2.140795946121216
1626 2.663450002670288
1627 2.4679791927337646
1628 2.3101251125335693
1629 2.3518431186676025
1630 2.3254013061523438
1631 2.125623941421509
1632 2.402543544769287
1633 2.3228702545166016
1634 2.2745423316955566
1635 2.4985361099243164
1636 2.4140987396240234
1637 2.4480435848236084
1638 2.0920565128326416
1639 2.4406979084014893
1640 2.269915819168091
1641 2.3434927463531494
1642 2.3278660774230957
1643 2.5629634857177734
1644 2.475464105606079
1645 2.559601068496704
1646 2.898498296737671
1647 2.8512003421783447
1648 2.6327896118164063
1649 2.9560329914093018
1650 3.1427385807037354
1651 3.0057497024536133
1652 2.036421060562134
1653 1.8904706239700317
1654 1.9538859128952026
1655 2.23297381401062
1656 2.0862014293670654
1657 2.1141774654388428
1658 1.8850398063659668
1659 2.0764479637145996
1660 2.4897208213806152
1661 2.5424273014068604
1662 2.6913764476776123
1663 2.4803402423858643
1664 2.856692314147949
1665 2.689223051071167
1666 2.601874589920044
1667 2.176793098449707
1668 1.9109470844268799
1669 2.142404794692993
1670 1.967615008354187
1671 2.6672780513763428
1672 2.591843605041504
1673 2.6786420345306396
1674 2.421262741088867
1675 2.2834620475769043
1676 2.7539193630218506
1677 2.755089044570923
1678 3.41778826713562
1679 3.182435989379883
1680 3.2375874519348145
1681 2.986440420150757
1682 2.68359637260437
1683 2.7367827892303467
1684 2.4435319900512695
1685 2.5769412517547607
1686 2.727743625640869
1687 2.4322471618652344
1688 2.8546154499053955
1689 2.44287371635437
1690 2.8566503524780273
1691 2.3640079498291016
1692 2.343705415725708
1693 1.9492448568344116
1694 2.145724296569824
1695 2.2596099376678467
1696 1.98092782497406
1697 2.0359365940093994
1698 2.00565242767334
1699 1.7647647857666016
1700 1.867645263671875
1701 2.3719465732574463
1702 1.911651611328125
1703 1.9929451942443848
1704 2.2441885471343994
1705 2.188534736633301
1706 2.2049624919891357
1707 2.254556179046631
1708 2.8332436084747314
1709 2.685171365737915
1710 2.8791370391845703
1711 2.9918947219848633
1712 2.719153881072998
1713 2.8111674785614014
1714 2.9632482528686523
1715 3.110053777694702
1716 2.858539581298828
1717 2.539268970489502
1718 3.2552316188812256
1719 3.0858895778656006
1720 3.233173370361328
1721 2.9858341217041016
1722 3.0221691131591797
1723 2.8873801231384277
1724 2.6246416568756104
1725 2.765777826309204
1726 3.0729758739471436
1727 2.8904964923858643
1728 2.962702989578247
1729 2.942854642868042
1730 2.176193952560425
1731 2.684908866882324
1732 2.8193743228912354
1733 2.844078540802002
1734 2.6579790115356445
1735 2.826941728591919
1736 2.906529188156128
1737 3.0645077228546143
1738 2.838470220565796
1739 3.321312189102173
1740 3.2939836978912354
1741 3.450180768966675
1742 3.398885726928711
1743 3.5695934295654297
1744 3.054431915283203
1745 2.5792577266693115
1746 2.8785457611083984
1747 3.0647153854370117
1748 2.75227689743042
1749 2.9131722450256348
1750 2.8205201625823975
1751 2.8398876190185547
1752 3.0324084758758545
1753 3.0599334239959717
1754 2.1141350269317627
1755 2.12367582321167
1756 2.6229653358459473
1757 2.15837025642395
1758 2.344857931137085
1759 2.209885358810425
1760 2.1881802082061768
1761 2.5837860107421875
1762 2.1496951580047607
1763 2.0439414978027344
1764 2.139228105545044
1765 2.167267322540283
1766 2.4459280967712402
1767 2.299126148223877
1768 2.3659842014312744
1769 2.497657060623169
1770 2.138214588165283
1771 1.957061767578125
1772 2.0869908332824707
1773 2.0674314498901367
1774 2.555009603500366
1775 2.876554250717163
1776 2.3802030086517334
1777 2.11152720451355
1778 2.39387583732605
1779 2.598994255065918
1780 2.4684388637542725
1781 2.5473551750183105
1782 2.8030614852905273
1783 2.8473408222198486
1784 3.100057601928711
1785 2.3874940872192383
1786 2.6157963275909424
1787 1.9865778684616089
1788 2.4018797874450684
1789 2.698049545288086
1790 2.3409578800201416
1791 2.267634630203247
1792 2.5610463619232178
1793 2.723717451095581
1794 3.053370475769043
1795 2.591496706008911
1796 2.542999744415283
1797 2.6228995323181152
1798 2.518831729888916
1799 2.478212356567383
1800 2.5990707874298096
1801 2.488508701324463
1802 2.2342140674591064
1803 2.409559488296509
1804 2.5508153438568115
1805 2.210435390472412
1806 2.1499264240264893
1807 2.488232374191284
1808 2.6535701751708984
1809 2.041093587875366
1810 2.2098004817962646
1811 2.557662010192871
1812 2.303696870803833
1813 2.42698335647583
1814 2.360213279724121
1815 2.4321959018707275
1816 2.502650499343872
1817 2.481604814529419
1818 2.907959461212158
1819 2.356178045272827
1820 3.0261902809143066
1821 2.713362693786621
1822 2.8910698890686035
1823 3.36607027053833
1824 2.995694637298584
1825 2.6934244632720947
1826 2.9201107025146484
1827 3.029905319213867
1828 2.227095365524292
1829 2.4071033000946045
1830 2.2292287349700928
1831 2.318235158920288
1832 2.337695360183716
1833 2.1935670375823975
1834 2.3846168518066406
1835 2.2549426555633545
1836 2.0199480056762695
1837 2.7825238704681396
1838 2.759608268737793
1839 2.72770094871521
1840 2.9289751052856445
1841 2.823732852935791
1842 2.508078098297119
1843 2.460676908493042
1844 2.2835590839385986
1845 2.1538047790527344
1846 2.1913564205169678
1847 2.299872398376465
1848 1.6817861795425415
1849 1.8538132905960083
1850 2.008138656616211
1851 1.7864890098571777
1852 2.1009697914123535
1853 2.6862196922302246
1854 2.487562656402588
1855 2.640986680984497
1856 2.895164728164673
1857 2.112316846847534
1858 2.216066837310791
1859 2.0013442039489746
1860 1.8557406663894653
1861 2.2033159732818604
1862 2.296220541000366
1863 2.8190255165100098
1864 2.5832278728485107
1865 2.8332417011260986
1866 2.8978054523468018
1867 2.9766714572906494
1868 2.739438056945801
1869 3.070873975753784
1870 2.9561820030212402
1871 2.714787483215332
1872 3.0118095874786377
1873 2.913579225540161
1874 2.6240289211273193
1875 2.8216357231140137
1876 2.8915421962738037
1877 3.0034680366516113
1878 2.792686939239502
1879 2.88771653175354
1880 3.035818576812744
1881 2.315678358078003
1882 2.2434535026550293
1883 2.2532527446746826
1884 2.393390417098999
1885 2.14337420463562
1886 2.3211851119995117
1887 2.1364057064056396
1888 2.065983772277832
1889 2.191019058227539
1890 2.0834481716156006
1891 2.0160796642303467
1892 2.214078426361084
1893 2.2554821968078613
1894 2.2317163944244385
1895 2.4603915214538574
1896 2.3885393142700195
1897 2.328911304473877
1898 2.226180076599121
1899 2.491785764694214
1900 2.049992084503174
1901 2.7569351196289063
1902 2.6849327087402344
1903 2.889026641845703
1904 2.658858299255371
1905 2.7070505619049072
1906 2.9683430194854736
1907 2.835630416870117
1908 2.81622052192688
1909 2.815650463104248
1910 2.886674642562866
1911 2.966456413269043
1912 2.9398210048675537
1913 2.9044981002807617
1914 2.5784904956817627
1915 2.5688445568084717
1916 3.0396063327789307
1917 3.162188768386841
1918 3.0382845401763916
1919 3.0097575187683105
1920 2.937108278274536
1921 2.9163215160369873
1922 3.369474172592163
1923 2.353085994720459
1924 2.4327712059020996
1925 2.756861686706543
1926 2.862654447555542
1927 2.70709490776062
1928 3.040285587310791
1929 2.868239641189575
1930 3.141829490661621
1931 2.2957684993743896
1932 2.1376819610595703
1933 2.5451953411102295
1934 2.1725385189056396
1935 2.3614745140075684
1936 2.347644567489624
1937 2.153661012649536
1938 2.4640440940856934
1939 2.275103807449341
1940 2.115297794342041
1941 1.8217884302139282
1942 2.079369306564331
1943 2.0216596126556396
1944 2.2614197731018066
1945 2.3261687755584717
1946 1.9325298070907593
1947 2.2494075298309326
1948 2.4376726150512695
1949 2.4806594848632813
1950 2.171860694885254
1951 2.289752960205078
1952 2.979421854019165
1953 2.250544309616089
1954 2.0881564617156982
1955 2.468057155609131
1956 1.9245320558547974
1957 2.2684738636016846
1958 2.112156391143799
1959 2.17741322517395
1960 2.508314609527588
1961 2.540322780609131
1962 2.691753387451172
1963 2.3778634071350098
1964 2.5415172576904297
1965 2.627908229827881
1966 2.363600015640259
1967 2.5101020336151123
1968 2.410137414932251
1969 2.8456056118011475
1970 2.191187858581543
1971 2.7518253326416016
1972 2.717446804046631
1973 2.668776035308838
1974 2.704770088195801
1975 2.1537976264953613
1976 2.6514015197753906
1977 2.196119785308838
1978 2.50117826461792
1979 2.6772234439849854
1980 2.3338770866394043
1981 2.753675699234009
1982 2.8574376106262207
1983 2.02181077003479
1984 2.5479936599731445
1985 2.86370849609375
1986 2.6831600666046143
1987 2.635935068130493
1988 3.036712646484375
1989 2.744539737701416
1990 2.7382986545562744
1991 2.9612526893615723
1992 2.900508403778076
1993 2.8302948474884033
1994 2.7074458599090576
1995 2.4960598945617676
1996 2.3706555366516113
1997 2.2929749488830566
1998 2.471259355545044
1999 2.5993146896362305
