0 0.0
1 0.38472267985343933
2 0.3775942325592041
3 0.781804621219635
4 0.506299614906311
5 0.5334402322769165
6 0.6647881865501404
7 1.0356786251068115
8 0.38090693950653076
9 0.6035260558128357
10 0.6812211871147156
11 0.42762038111686707
12 0.3884277045726776
13 0.6035454273223877
14 0.3370169997215271
15 0.47023728489875793
16 0.6038414835929871
17 0.8936952352523804
18 0.42820611596107483
19 0.8415441513061523
20 0.9127935171127319
21 1.2055920362472534
22 0.7770628929138184
23 0.9940861463546753
24 0.8683125972747803
25 0.892675518989563
26 0.8619036078453064
27 1.261670470237732
28 0.6979280710220337
29 1.1361156702041626
30 0.9734193086624146
31 0.5126810669898987
32 0.49271348118782043
33 0.6014252305030823
34 0.8717164397239685
35 0.7490747570991516
36 0.5072572827339172
37 0.5212783813476563
38 0.7156304717063904
39 1.044089436531067
40 0.2601676881313324
41 0.7437375783920288
42 0.49356189370155334
43 0.613792359828949
44 0.603278398513794
45 1.2769582271575928
46 0.8723885416984558
47 0.7269131541252136
48 0.6468812227249146
49 0.8711398839950562
50 1.0431931018829346
51 0.8896698355674744
52 0.5405816435813904
53 0.7090373039245605
54 0.8401542901992798
55 0.9490110874176025
56 0.7932234406471252
57 0.48367711901664734
58 0.8134875297546387
59 0.6030991077423096
60 0.40118208527565
61 0.7782595753669739
62 0.8555629253387451
63 1.2622933387756348
64 1.0275707244873047
65 0.8324321508407593
66 1.0800215005874634
67 0.7157371640205383
68 0.8579866886138916
69 0.5719707608222961
70 0.7548564672470093
71 0.6782218813896179
72 0.3688008785247803
73 0.9066545963287354
74 0.5905935168266296
75 1.1276476383209229
76 0.5340057015419006
77 0.6328639984130859
78 1.122501254081726
79 1.8321645259857178
80 1.5296701192855835
81 1.0688320398330688
82 1.4384487867355347
83 1.5484662055969238
84 1.1777201890945435
85 1.0219887495040894
86 0.8833484053611755
87 0.7214282155036926
88 0.8609517812728882
89 1.0536726713180542
90 1.534080982208252
91 1.2162655591964722
92 0.6741183400154114
93 0.9724655151367188
94 0.8483467102050781
95 0.6707236170768738
96 0.6867318153381348
97 0.6353359818458557
98 0.8068496584892273
99 0.984732449054718
100 1.0329006910324097
101 0.8255994319915771
102 1.006847858428955
103 0.772110641002655
104 1.0078357458114624
105 0.5504515171051025
106 1.1623573303222656
107 0.8586589097976685
108 0.6618179678916931
109 1.121138095855713
110 1.1934199333190918
111 0.9075996279716492
112 0.9709293842315674
113 0.3189985156059265
114 0.8220669031143188
115 0.9646777510643005
116 0.690660297870636
117 0.7910218238830566
118 0.6311522126197815
119 0.3911534249782562
120 1.000355839729309
121 0.8502262234687805
122 0.9201411008834839
123 0.9354143738746643
124 0.6118175983428955
125 1.1943871974945068
126 0.8046309351921082
127 0.44159165024757385
128 0.7226688861846924
129 1.130659818649292
130 0.5532445311546326
131 0.9452229142189026
132 0.6423482298851013
133 0.6199631094932556
134 0.8020861148834229
135 0.5889626145362854
136 0.6410214304924011
137 0.6062213778495789
138 1.2103135585784912
139 0.9351165890693665
140 0.7382773160934448
141 0.6219319105148315
142 0.8953245282173157
143 0.40245211124420166
144 0.5787506103515625
145 0.903073787689209
146 0.8347477316856384
147 0.8305272459983826
148 0.6149921417236328
149 0.7229845523834229
150 0.7659802436828613
151 0.6489057540893555
152 0.8325001001358032
153 0.8355264663696289
154 1.2278989553451538
155 1.0165529251098633
156 0.8765093684196472
157 0.5872963666915894
158 0.640806257724762
159 0.7059290409088135
160 0.30541789531707764
161 0.49634575843811035
162 0.45239177346229553
163 0.5760050415992737
164 0.7763828039169312
165 0.8624451756477356
166 0.9612257480621338
167 1.056829810142517
168 0.7135054469108582
169 0.5689950585365295
170 0.41967570781707764
171 0.6373265981674194
172 0.9067767858505249
173 1.0481332540512085
174 0.9977344870567322
175 0.9759255051612854
176 0.7030919790267944
177 0.884453535079956
178 0.9159837961196899
179 0.8330547213554382
180 0.9292164444923401
181 1.2216379642486572
182 0.961013913154602
183 1.3062092065811157
184 1.2363322973251343
185 1.056054949760437
186 0.9935458302497864
187 0.6733726859092712
188 0.7522318959236145
189 0.5532616376876831
190 0.6483732461929321
191 0.5037326216697693
192 1.1804122924804688
193 0.5632093548774719
194 1.1935476064682007
195 0.8548121452331543
196 0.9599473476409912
197 1.0592015981674194
198 1.3366353511810303
199 0.8571895360946655
200 1.2034059762954712
201 1.3099172115325928
202 1.116644024848938
203 1.176621675491333
204 1.2196944952011108
205 0.8738223910331726
206 0.9459245800971985
207 0.6052806973457336
208 0.40790414810180664
209 1.044514775276184
210 0.6812523007392883
211 1.134201169013977
212 0.6622523665428162
213 0.37445083260536194
214 0.6349079012870789
215 1.0090746879577637
216 0.8078489303588867
217 0.8927654027938843
218 1.008905291557312
219 1.258878469467163
220 0.8755636215209961
221 0.8759908080101013
222 0.8796505928039551
223 0.4328186810016632
224 0.4387463331222534
225 0.8605982065200806
226 0.668262779712677
227 1.1534454822540283
228 0.7604848146438599
229 0.4563653767108917
230 0.9748068451881409
231 1.0594515800476074
232 0.5289299488067627
233 0.8979023098945618
234 0.7770846486091614
235 0.7379388809204102
236 0.8125223517417908
237 1.142763614654541
238 0.8150062561035156
239 0.7204957604408264
240 0.3359193205833435
241 1.0506038665771484
242 0.6015233397483826
243 0.8717147707939148
244 0.9223620891571045
245 0.9487162828445435
246 1.712423324584961
247 1.4301265478134155
248 1.477760672569275
249 1.2113933563232422
250 1.1068183183670044
251 1.0712629556655884
252 0.7806812524795532
253 1.196926474571228
254 0.9061203002929688
255 1.3814666271209717
256 0.6701294183731079
257 0.7430871725082397
258 0.5510300993919373
259 0.6630281805992126
260 0.6955035328865051
261 0.6935381889343262
262 0.9635664224624634
263 0.5890650749206543
264 0.5153714418411255
265 0.6353944540023804
266 0.9436075091362
267 0.8065505027770996
268 0.6744332313537598
269 0.8724029064178467
270 1.0773398876190186
271 0.9733454585075378
272 0.616481363773346
273 0.40634942054748535
274 0.9528948068618774
275 1.0486011505126953
276 1.0316112041473389
277 0.8176215291023254
278 1.2223454713821411
279 1.2029192447662354
280 1.0443699359893799
281 1.1543351411819458
282 1.092625617980957
283 1.4103237390518188
284 1.254512071609497
285 0.8468589186668396
286 1.019770860671997
287 1.3596222400665283
288 1.1720168590545654
289 0.5690572261810303
290 0.5005751252174377
291 1.146252989768982
292 1.8736965656280518
293 1.406819462776184
294 1.6549683809280396
295 1.3552350997924805
296 1.4393901824951172
297 0.7931712865829468
298 1.156709909439087
299 0.8013807535171509
300 0.9184832572937012
301 0.513168215751648
302 1.1158982515335083
303 0.8730403184890747
304 0.9145370721817017
305 1.3471235036849976
306 0.9064353704452515
307 0.9531134963035583
308 0.821311891078949
309 1.3610643148422241
310 0.8747317790985107
311 0.92148357629776
312 1.0409458875656128
313 0.8766080737113953
314 1.0112338066101074
315 0.6193242073059082
316 0.936296820640564
317 0.6304697394371033
318 0.9407655596733093
319 0.6578991413116455
320 0.8078681230545044
321 1.0339016914367676
322 0.6902374029159546
323 0.9585601687431335
324 1.2519475221633911
325 1.2450792789459229
326 1.0099012851715088
327 1.425927996635437
328 1.3664699792861938
329 1.36581289768219
330 1.6141303777694702
331 1.5019358396530151
332 1.1245206594467163
333 1.2293394804000854
334 1.1660008430480957
335 1.3511942625045776
336 1.1530053615570068
337 1.0271613597869873
338 1.00810706615448
339 0.9872936010360718
340 1.0411401987075806
341 0.5774815678596497
342 1.1419110298156738
343 0.8110671639442444
344 0.8175674080848694
345 1.1019387245178223
346 0.8778856992721558
347 0.8257388472557068
348 0.4462762176990509
349 0.8982224464416504
350 0.7351205348968506
351 0.8619615435600281
352 0.8878707885742188
353 1.4491589069366455
354 1.2174841165542603
355 0.9646050930023193
356 0.775303304195404
357 0.8966338038444519
358 0.9987972378730774
359 0.8942331075668335
360 0.9707130789756775
361 0.7102314829826355
362 0.9154696464538574
363 0.9388242363929749
364 1.2646207809448242
365 0.8407385349273682
366 0.7669042348861694
367 0.5195463299751282
368 0.97821044921875
369 1.0690927505493164
370 0.8279476165771484
371 0.8520986437797546
372 1.2829409837722778
373 1.2245774269104004
374 1.1338046789169312
375 1.3378885984420776
376 0.6072791218757629
377 0.613850474357605
378 0.6889704465866089
379 1.0283063650131226
380 1.1187700033187866
381 1.034935474395752
382 1.066716194152832
383 0.8468954563140869
384 1.0827698707580566
385 0.5483893752098083
386 0.7490593791007996
387 0.9541695713996887
388 0.6379360556602478
389 1.0410727262496948
390 0.7590739130973816
391 0.6963133811950684
392 0.6565202474594116
393 0.801139235496521
394 0.6797950863838196
395 0.9844449758529663
396 0.7274765372276306
397 0.5518268942832947
398 0.597095251083374
399 0.6280490756034851
400 0.390474796295166
401 0.7981183528900146
402 0.5249315500259399
403 0.7965952157974243
404 0.5372384786605835
405 0.666705310344696
406 0.5886914730072021
407 0.8486451506614685
408 0.6152254343032837
409 0.6915144324302673
410 0.9042388796806335
411 0.4298316538333893
412 0.4106845557689667
413 0.6425677537918091
414 0.49066436290740967
415 0.9904656410217285
416 0.49333345890045166
417 1.124950885772705
418 0.7175781726837158
419 0.8737890124320984
420 1.1154835224151611
421 0.7433799505233765
422 1.2923635244369507
423 1.119009256362915
424 1.117763876914978
425 1.175666093826294
426 0.6813695430755615
427 0.5071166157722473
428 0.9662563800811768
429 1.0044559240341187
430 0.9586328268051147
431 0.645730197429657
432 1.2423750162124634
433 1.120062232017517
434 0.8092377781867981
435 0.6811246871948242
436 0.8358021378517151
437 0.6404231786727905
438 0.6434670686721802
439 0.3865297734737396
440 0.7780791521072388
441 0.41530147194862366
442 0.8437047600746155
443 0.3704620897769928
444 0.4285453259944916
445 0.4071979820728302
446 0.5227518677711487
447 0.5332578420639038
448 0.3612036108970642
449 0.7082072496414185
450 0.4941324293613434
451 0.48535415530204773
452 0.34045055508613586
453 0.48259955644607544
454 0.5631625652313232
455 0.520624577999115
456 1.1366982460021973
457 0.6132439374923706
458 0.9329395890235901
459 0.6828509569168091
460 0.6769677996635437
461 0.839354395866394
462 0.5767067074775696
463 0.7621768712997437
464 0.9717639684677124
465 0.8807937502861023
466 0.802489697933197
467 1.0982255935668945
468 1.1752851009368896
469 1.195774793624878
470 0.7945491075515747
471 0.9529330134391785
472 0.6802029013633728
473 0.6572706699371338
474 0.7105112075805664
475 0.6025689840316772
476 0.5583089590072632
477 0.6062408089637756
478 0.8640916347503662
479 0.41510483622550964
480 0.9656304717063904
481 0.8506194949150085
482 0.7491167187690735
483 1.0978485345840454
484 0.4742811322212219
485 0.7425071597099304
486 0.5901908874511719
487 0.5648111701011658
488 0.7364644408226013
489 0.8483875393867493
490 1.2689684629440308
491 1.0466359853744507
492 0.7508909702301025
493 0.7634333372116089
494 0.5535921454429626
495 1.226991057395935
496 0.7139260768890381
497 0.9504877328872681
498 0.9672576785087585
499 1.0366483926773071
500 0.6626620292663574
501 0.8565894961357117
502 0.8867504000663757
503 0.6243509650230408
504 0.6478115916252136
505 0.7492079138755798
506 0.38457050919532776
507 0.8437583446502686
508 1.0100048780441284
509 0.8000233769416809
510 0.8577808737754822
511 0.9362447261810303
512 0.6946861743927002
513 1.0354377031326294
514 0.619041383266449
515 0.8864142894744873
516 0.6875380277633667
517 1.324217677116394
518 1.248103141784668
519 1.3023252487182617
520 1.1063185930252075
521 1.0517747402191162
522 1.2566450834274292
523 1.2379101514816284
524 1.0864455699920654
525 0.832332193851471
526 1.025001883506775
527 0.8510157465934753
528 0.6219581961631775
529 0.8891648054122925
530 0.725395143032074
531 0.7920762896537781
532 0.8850747346878052
533 0.9120659232139587
534 0.8121680021286011
535 0.8911094665527344
536 1.3426412343978882
537 0.9054734110832214
538 0.931000292301178
539 0.9963155388832092
540 1.084328293800354
541 0.7657331824302673
542 1.0893423557281494
543 0.8408029675483704
544 1.0406410694122314
545 1.4435229301452637
546 1.1932114362716675
547 1.2646139860153198
548 1.0947662591934204
549 0.9416141510009766
550 1.1898471117019653
551 1.2299755811691284
552 1.2889536619186401
553 1.333931803703308
554 1.134812355041504
555 1.3496090173721313
556 1.6958118677139282
557 1.0172361135482788
558 1.3507187366485596
559 1.190760612487793
560 1.0180894136428833
561 1.0735318660736084
562 1.1303272247314453
563 0.8152670860290527
564 1.2511152029037476
565 1.2891039848327637
566 1.1474205255508423
567 0.789328932762146
568 1.022836446762085
569 1.0662696361541748
570 0.9646647572517395
571 0.8058990240097046
572 1.2187213897705078
573 1.496328353881836
574 1.2247802019119263
575 1.4722638130187988
576 1.4783326387405396
577 1.0482332706451416
578 0.712590217590332
579 0.7763976454734802
580 1.0256785154342651
581 0.8860882520675659
582 0.946695864200592
583 1.076522946357727
584 1.135842204093933
585 1.2573620080947876
586 1.340824842453003
587 1.4145777225494385
588 1.2309352159500122
589 1.2273651361465454
590 1.2690433263778687
591 1.1428345441818237
592 1.039286494255066
593 0.9544146060943604
594 0.4013250172138214
595 0.7621603608131409
596 0.4558584988117218
597 0.8934860229492188
598 0.8852222561836243
599 0.7700004577636719
600 1.0945160388946533
601 0.7620218992233276
602 0.8704510927200317
603 0.8112324476242065
604 0.8117809891700745
605 1.3523836135864258
606 1.050315260887146
607 1.0340951681137085
608 0.5164000391960144
609 1.0975596904754639
610 0.8567141890525818
611 0.6632173657417297
612 0.7699592709541321
613 0.7568585276603699
614 1.229240894317627
615 0.3899978697299957
616 0.5924762487411499
617 1.3128598928451538
618 1.08726966381073
619 0.7215555310249329
620 0.6952024698257446
621 0.6802959442138672
622 0.9192460775375366
623 0.5863212943077087
624 0.6135673522949219
625 0.7501591444015503
626 0.4944731593132019
627 0.745072603225708
628 0.5357242226600647
629 0.23432397842407227
630 0.38383692502975464
631 0.5668504238128662
632 0.5982881784439087
633 0.7717540264129639
634 0.39591315388679504
635 0.38110750913619995
636 0.40159645676612854
637 0.4689221680164337
638 0.7264323234558105
639 0.7493834495544434
640 0.727864146232605
641 0.9975781440734863
642 0.7675622701644897
643 0.8494407534599304
644 0.7182380557060242
645 0.9999683499336243
646 0.6004504561424255
647 0.6460058689117432
648 0.5163670778274536
649 1.0220351219177246
650 1.0300978422164917
651 0.8234178423881531
652 0.7974032163619995
653 0.8144876956939697
654 0.8231332302093506
655 1.0555038452148438
656 0.8177275061607361
657 0.8729297518730164
658 1.1772642135620117
659 0.5224007368087769
660 0.8589515089988708
661 1.1751114130020142
662 0.828153133392334
663 0.8024804592132568
664 0.8618264198303223
665 0.6460000872612
666 0.6760929226875305
667 0.8268129229545593
668 1.0345696210861206
669 0.7295302748680115
670 0.8429926633834839
671 0.4801522195339203
672 0.5968553423881531
673 0.9113945364952087
674 0.9884178638458252
675 0.8236778378486633
676 0.6804848909378052
677 1.0661526918411255
678 0.4632411301136017
679 1.1106988191604614
680 0.7272857427597046
681 1.416443943977356
682 1.4002476930618286
683 1.0549269914627075
684 0.9203923344612122
685 0.6935152411460876
686 0.8785403966903687
687 1.1866179704666138
688 0.3667337894439697
689 0.6136537790298462
690 0.7227518558502197
691 0.4340065121650696
692 0.8705630898475647
693 0.3400260806083679
694 0.878623902797699
695 1.2207878828048706
696 1.0830029249191284
697 0.9521148800849915
698 0.8684296607971191
699 0.4882787764072418
700 0.6866418719291687
701 0.4562961757183075
702 0.8017668128013611
703 0.49234044551849365
704 0.7614563703536987
705 0.788379967212677
706 1.0005295276641846
707 1.1434299945831299
708 0.6909483671188354
709 1.1328881978988647
710 0.8373478055000305
711 1.4589051008224487
712 1.5214627981185913
713 0.7916837930679321
714 1.067531704902649
715 1.0872160196304321
716 0.9665197134017944
717 0.615888774394989
718 0.9912065863609314
719 0.7142336964607239
720 1.3694779872894287
721 1.0454708337783813
722 0.988232433795929
723 0.9984835386276245
724 0.8751159906387329
725 0.9174274206161499
726 1.2341604232788086
727 0.7880859375
728 1.092015266418457
729 0.8545528054237366
730 0.8821406364440918
731 1.2599716186523438
732 0.9516820907592773
733 1.083858847618103
734 0.828271210193634
735 0.5201401710510254
736 0.6268496513366699
737 0.4576166570186615
738 0.43425241112709045
739 0.6799370646476746
740 0.6970388889312744
741 0.7730701565742493
742 0.8842864036560059
743 1.008751630783081
744 1.039689064025879
745 0.8352885842323303
746 0.9952377080917358
747 1.0947178602218628
748 1.2885266542434692
749 1.093638300895691
750 0.9981926083564758
751 0.6331714987754822
752 0.6138045787811279
753 0.7458543181419373
754 1.5045534372329712
755 1.3016315698623657
756 0.8819897174835205
757 1.1483805179595947
758 0.935205340385437
759 0.9808211922645569
760 1.3295912742614746
761 1.3077621459960938
762 1.344956398010254
763 1.5670981407165527
764 1.5182188749313354
765 1.6905230283737183
766 1.558671474456787
767 1.8109214305877686
768 1.4975675344467163
769 1.567038655281067
770 1.719817876815796
771 1.5288305282592773
772 1.5819588899612427
773 1.007888913154602
774 1.3330867290496826
775 1.2410593032836914
776 1.306585431098938
777 1.1651548147201538
778 0.9008231163024902
779 0.9255445003509521
780 0.8248176574707031
781 0.806635856628418
782 0.6609134078025818
783 1.077884316444397
784 1.323135495185852
785 1.2974892854690552
786 1.6578431129455566
787 1.295400619506836
788 1.223514199256897
789 0.9054470658302307
790 1.128754734992981
791 0.7325720191001892
792 1.150413990020752
793 1.3596383333206177
794 1.1088117361068726
795 1.1169404983520508
796 0.9437447786331177
797 0.9633817672729492
798 0.7829041481018066
799 0.782349705696106
800 0.9971487522125244
801 0.9853966236114502
802 1.0771510601043701
803 1.284500241279602
804 1.384393334388733
805 1.0208734273910522
806 1.1440991163253784
807 0.5090207457542419
808 0.9530152678489685
809 0.9196334481239319
810 0.9938865900039673
811 1.2968860864639282
812 1.132442831993103
813 0.9810982346534729
814 1.151724934577942
815 1.0255095958709717
816 1.1986569166183472
817 1.238413691520691
818 0.9860354065895081
819 1.7571282386779785
820 1.0348339080810547
821 0.7225390076637268
822 1.1941012144088745
823 1.543020248413086
824 1.1671637296676636
825 1.2400068044662476
826 0.7495979070663452
827 0.6129069328308105
828 1.2518762350082397
829 0.9761439561843872
830 0.9671489596366882
831 0.88046795129776
832 1.0284984111785889
833 1.2733967304229736
834 1.0603777170181274
835 0.6845322251319885
836 1.5003793239593506
837 1.28567373752594
838 0.8950935006141663
839 0.9390509128570557
840 1.019072413444519
841 1.1490424871444702
842 1.0448012351989746
843 1.0691059827804565
844 0.8937755823135376
845 1.3386138677597046
846 1.45938241481781
847 0.991742730140686
848 0.8803558349609375
849 1.566920518875122
850 1.1260545253753662
851 1.5358506441116333
852 1.194724440574646
853 1.0338397026062012
854 1.0390695333480835
855 0.8732410073280334
856 1.115585446357727
857 0.7941685318946838
858 0.8332851529121399
859 1.4474533796310425
860 1.1412841081619263
861 1.0833585262298584
862 0.9952122569084167
863 1.0484721660614014
864 0.840825080871582
865 1.1383750438690186
866 0.9971680641174316
867 1.4318809509277344
868 1.3293224573135376
869 0.6475197076797485
870 1.159703254699707
871 1.5987728834152222
872 1.256305456161499
873 1.0462895631790161
874 1.3203271627426147
875 0.9910195469856262
876 0.7049031257629395
877 0.5496925711631775
878 0.6992120742797852
879 0.44275209307670593
880 0.5822601318359375
881 0.7503173351287842
882 0.7451528906822205
883 0.6133098006248474
884 0.4935700595378876
885 0.32401973009109497
886 0.7810795307159424
887 0.7601634860038757
888 0.5445474982261658
889 0.6324647068977356
890 0.8409687876701355
891 0.6383268237113953
892 0.7479642033576965
893 0.8413688540458679
894 0.43952879309654236
895 0.6961750984191895
896 0.7441829442977905
897 1.0509124994277954
898 0.6177183985710144
899 0.47081711888313293
900 0.7485736608505249
901 0.4853571355342865
902 0.6201285123825073
903 0.2846519649028778
904 0.4373532235622406
905 0.4687894582748413
906 0.5203474164009094
907 1.1341888904571533
908 1.040802001953125
909 1.0249648094177246
910 1.2999279499053955
911 1.162207007408142
912 1.4870765209197998
913 1.2147055864334106
914 1.0741596221923828
915 1.6864455938339233
916 1.3139592409133911
917 1.1594620943069458
918 1.1315420866012573
919 1.2635291814804077
920 1.3258497714996338
921 1.403725266456604
922 1.393284797668457
923 1.2722352743148804
924 1.3020260334014893
925 1.5836046934127808
926 1.2855461835861206
927 1.6399043798446655
928 1.498719573020935
929 1.5983564853668213
930 1.0121936798095703
931 1.3100191354751587
932 1.4397746324539185
933 1.2469902038574219
934 0.9733994007110596
935 0.7265654802322388
936 0.9399695992469788
937 0.9383997917175293
938 0.7913176417350769
939 0.7080166935920715
940 1.607125163078308
941 1.5082857608795166
942 1.9415128231048584
943 1.4643651247024536
944 1.020125389099121
945 0.8633751273155212
946 1.5042698383331299
947 1.0422508716583252
948 0.8410777449607849
949 1.0329078435897827
950 1.2256455421447754
951 1.1509878635406494
952 1.312920093536377
953 1.074852705001831
954 1.1237330436706543
955 1.0913829803466797
956 0.7533591985702515
957 1.1006759405136108
958 1.100051999092102
959 0.9627862572669983
960 1.2884538173675537
961 1.1937377452850342
962 0.9257752895355225
963 0.8985994458198547
964 1.064859390258789
965 1.158940076828003
966 1.181761384010315
967 1.8329676389694214
968 1.1806055307388306
969 1.2054892778396606
970 1.2302100658416748
971 1.2955117225646973
972 1.5001087188720703
973 1.332018494606018
974 1.6286394596099854
975 1.1091231107711792
976 1.089513897895813
977 1.4146934747695923
978 1.3296741247177124
979 1.3986035585403442
980 1.4537239074707031
981 1.3819148540496826
982 1.436638355255127
983 0.9685704708099365
984 1.3479394912719727
985 1.8029305934906006
986 1.3488478660583496
987 1.5337120294570923
988 1.766373872756958
989 1.8127349615097046
990 1.813419222831726
991 1.8574281930923462
992 2.1640305519104004
993 2.0103983879089355
994 1.5263160467147827
995 1.675900936126709
996 1.4223119020462036
997 1.219031572341919
998 1.1252362728118896
999 1.9315872192382813
1000 1.8583099842071533
1001 1.326076865196228
1002 1.0998636484146118
1003 1.3723913431167603
1004 1.5489884614944458
1005 1.679179072380066
1006 1.4008573293685913
1007 1.736620545387268
1008 1.936080813407898
1009 2.1635944843292236
1010 1.5730077028274536
1011 1.8996820449829102
1012 1.5270586013793945
1013 1.5696181058883667
1014 1.565521001815796
1015 1.787125825881958
1016 1.8344230651855469
1017 1.559358835220337
1018 1.449297547340393
1019 1.681255578994751
1020 1.6414381265640259
1021 1.5692616701126099
1022 1.7604337930679321
1023 1.782596230506897
1024 1.7876765727996826
1025 2.0624375343322754
1026 1.3985236883163452
1027 1.7553893327713013
1028 2.066636323928833
1029 2.5189943313598633
1030 2.261244773864746
1031 2.276864528656006
1032 2.1212010383605957
1033 1.7250107526779175
1034 2.003540515899658
1035 1.997246265411377
1036 2.1648974418640137
1037 2.2085869312286377
1038 2.075763702392578
1039 1.9607524871826172
1040 2.3083105087280273
1041 2.061324119567871
1042 2.1725103855133057
1043 1.8435498476028442
1044 1.826425313949585
1045 2.0415027141571045
1046 1.9740456342697144
1047 2.2738728523254395
1048 2.033973455429077
1049 1.9356212615966797
1050 2.132350444793701
1051 2.0927178859710693
1052 2.118889093399048
1053 1.8027058839797974
1054 2.3542466163635254
1055 2.0017595291137695
1056 2.212721824645996
1057 2.188356876373291
1058 1.9517791271209717
1059 2.1097099781036377
1060 2.0688064098358154
1061 2.049750328063965
1062 2.0572574138641357
1063 1.9065475463867188
1064 1.891817569732666
1065 2.1709606647491455
1066 2.708688735961914
1067 2.2764391899108887
1068 2.3586859703063965
1069 3.066706895828247
1070 2.9606478214263916
1071 1.995599627494812
1072 2.5674564838409424
1073 2.515618085861206
1074 2.174140453338623
1075 2.171584129333496
1076 2.372817039489746
1077 2.1918118000030518
1078 2.332200765609741
1079 2.5422563552856445
1080 2.1079883575439453
1081 2.04593563079834
1082 1.9911807775497437
1083 2.3409969806671143
1084 1.7165930271148682
1085 2.1893179416656494
1086 2.2552566528320313
1087 2.25825572013855
1088 2.3528754711151123
1089 2.2896156311035156
1090 2.3317246437072754
1091 2.2188572883605957
1092 2.0430514812469482
1093 2.2506439685821533
1094 2.164130687713623
1095 2.054485559463501
1096 2.5509090423583984
1097 2.073014497756958
1098 2.1805834770202637
1099 2.152682304382324
1100 1.4690196514129639
1101 2.0406875610351563
1102 2.039090633392334
1103 1.9286497831344604
1104 2.215688943862915
1105 1.8988853693008423
1106 2.1586971282958984
1107 2.3947715759277344
1108 2.112750291824341
1109 2.3513996601104736
1110 2.4419095516204834
1111 2.7642910480499268
1112 2.208883762359619
1113 2.087177038192749
1114 2.4519050121307373
1115 2.3864755630493164
1116 2.47782301902771
1117 2.0771024227142334
1118 2.251939296722412
1119 2.3905141353607178
1120 2.5810539722442627
1121 2.512085199356079
1122 2.550224781036377
1123 2.2131335735321045
1124 1.695979356765747
1125 2.3009603023529053
1126 2.519697904586792
1127 2.146684169769287
1128 2.2086684703826904
1129 2.4397759437561035
1130 2.1059796810150146
1131 2.3426356315612793
1132 2.0620157718658447
1133 2.4640936851501465
1134 2.300307273864746
1135 2.4894912242889404
1136 1.9280978441238403
1137 2.0760722160339355
1138 2.164628028869629
1139 2.5212340354919434
1140 2.3569607734680176
1141 2.5000932216644287
1142 2.7208597660064697
1143 2.5325210094451904
1144 2.699185609817505
1145 1.5251201391220093
1146 1.7169996500015259
1147 1.9607537984848022
1148 1.8998358249664307
1149 1.5635374784469604
1150 1.9843552112579346
1151 2.340303421020508
1152 1.433463215827942
1153 1.1137502193450928
1154 1.1346956491470337
1155 1.454659104347229
1156 1.7646039724349976
1157 1.6432101726531982
1158 1.5204144716262817
1159 1.6820387840270996
1160 1.5994900465011597
1161 1.6883631944656372
1162 1.590330958366394
1163 1.574973225593567
1164 1.6127514839172363
1165 1.550594449043274
1166 1.457880973815918
1167 1.6853899955749512
1168 1.6606206893920898
1169 1.441066026687622
1170 1.2992162704467773
1171 1.0720196962356567
1172 1.6527711153030396
1173 1.4470746517181396
1174 0.9821590781211853
1175 1.1379886865615845
1176 1.337653636932373
1177 1.069675326347351
1178 1.230242371559143
1179 1.2179491519927979
1180 1.2168322801589966
1181 1.475013017654419
1182 1.55205237865448
1183 1.763920545578003
1184 1.289070725440979
1185 1.662582516670227
1186 1.7413395643234253
1187 1.7912086248397827
1188 1.373003363609314
1189 1.5566686391830444
1190 1.2571008205413818
1191 1.439873218536377
1192 1.4667679071426392
1193 1.2948074340820313
1194 1.254118800163269
1195 1.183870792388916
1196 1.2106603384017944
1197 1.5135575532913208
1198 1.6037577390670776
1199 1.3771071434020996
1200 1.3278846740722656
1201 1.2748750448226929
1202 0.9521644711494446
1203 1.059945821762085
1204 1.7036197185516357
1205 1.7800230979919434
1206 1.6698552370071411
1207 1.721258282661438
1208 1.7023931741714478
1209 1.2314499616622925
1210 1.7479264736175537
1211 1.8506420850753784
1212 1.7253931760787964
1213 1.5198355913162231
1214 1.5621354579925537
1215 1.5341042280197144
1216 1.6922022104263306
1217 1.701019287109375
1218 1.6737890243530273
1219 2.0367815494537354
1220 1.5911295413970947
1221 1.4968687295913696
1222 2.00369930267334
1223 1.0636944770812988
1224 1.6159113645553589
1225 1.1772218942642212
1226 1.8305039405822754
1227 1.7604811191558838
1228 1.831516146659851
1229 1.730387806892395
1230 1.5132545232772827
1231 1.3567159175872803
1232 1.600022315979004
1233 1.6492830514907837
1234 1.3430246114730835
1235 2.0499632358551025
1236 2.1387698650360107
1237 1.8169220685958862
1238 1.7314046621322632
1239 1.4520914554595947
1240 1.5326274633407593
1241 1.13938307762146
1242 1.5320372581481934
1243 1.3037725687026978
1244 1.0613371133804321
1245 1.6750963926315308
1246 1.577038288116455
1247 1.6895966529846191
1248 1.2932214736938477
1249 1.2283812761306763
1250 1.3988447189331055
1251 1.382620930671692
1252 1.3485828638076782
1253 1.2982590198516846
1254 1.6560900211334229
1255 1.4019577503204346
1256 1.7661951780319214
1257 1.086127758026123
1258 1.4113168716430664
1259 1.3634533882141113
1260 1.3962305784225464
1261 1.3008521795272827
1262 1.5588659048080444
1263 1.5878621339797974
1264 1.3677935600280762
1265 1.5221490859985352
1266 1.5916680097579956
1267 1.7100894451141357
1268 1.7013318538665771
1269 1.1540791988372803
1270 0.9377738833427429
1271 1.2676501274108887
1272 1.6347132921218872
1273 1.6857041120529175
1274 1.4779431819915771
1275 1.4399160146713257
1276 1.5549942255020142
1277 1.5154926776885986
1278 2.148005247116089
1279 1.7857543230056763
1280 1.615960955619812
1281 1.2823569774627686
1282 1.399511456489563
1283 1.2553024291992188
1284 1.457062840461731
1285 1.4723012447357178
1286 1.4645088911056519
1287 1.1770293712615967
1288 1.2296433448791504
1289 1.1713474988937378
1290 0.8717414140701294
1291 1.115543007850647
1292 1.444320559501648
1293 1.2092077732086182
1294 1.2832448482513428
1295 0.8537032604217529
1296 1.4692145586013794
1297 1.3451471328735352
1298 1.1148704290390015
1299 1.060438632965088
1300 1.345643162727356
1301 1.7776648998260498
1302 1.5490769147872925
1303 1.6038343906402588
1304 1.6778720617294312
1305 1.874700903892517
1306 1.493747353553772
1307 1.395774245262146
1308 1.3673876523971558
1309 1.6382958889007568
1310 1.4139974117279053
1311 1.384802222251892
1312 1.6174650192260742
1313 1.475183367729187
1314 1.510830283164978
1315 1.0921616554260254
1316 1.7751240730285645
1317 1.6758780479431152
1318 1.5727015733718872
1319 1.9551059007644653
1320 1.6142079830169678
1321 1.7974790334701538
1322 1.518430233001709
1323 1.7715622186660767
1324 1.8520985841751099
1325 2.0406503677368164
1326 2.2164247035980225
1327 1.5003812313079834
1328 1.5038913488388062
1329 1.586961030960083
1330 1.5019700527191162
1331 1.6708751916885376
1332 1.6026564836502075
1333 1.410916805267334
1334 1.6609477996826172
1335 1.3686853647232056
1336 1.3028433322906494
1337 1.178786277770996
1338 1.3681546449661255
1339 1.4677433967590332
1340 1.4219106435775757
1341 1.4613114595413208
1342 1.299340009689331
1343 1.288952112197876
1344 1.4946534633636475
1345 1.643619179725647
1346 1.6191381216049194
1347 1.555699348449707
1348 1.3852189779281616
1349 1.8143720626831055
1350 1.2788665294647217
1351 1.2118898630142212
1352 1.0127813816070557
1353 1.3781116008758545
1354 1.4347516298294067
1355 1.649803638458252
1356 1.3499699831008911
1357 1.4937093257904053
1358 1.5110328197479248
1359 1.0133222341537476
1360 1.091361403465271
1361 1.4755076169967651
1362 1.309465765953064
1363 1.5203967094421387
1364 1.765697956085205
1365 1.3549855947494507
1366 1.4270381927490234
1367 1.56293523311615
1368 1.7064276933670044
1369 1.5460069179534912
1370 1.3790645599365234
1371 1.398036003112793
1372 1.6357338428497314
1373 1.4712469577789307
1374 1.5435409545898438
1375 1.686996340751648
1376 1.5885260105133057
1377 1.76607346534729
1378 1.5735788345336914
1379 1.5098578929901123
1380 1.48501718044281
1381 1.8933749198913574
1382 1.423149585723877
1383 1.3538769483566284
1384 1.5132173299789429
1385 1.2705801725387573
1386 1.4506645202636719
1387 1.3195849657058716
1388 1.7003517150878906
1389 1.4644871950149536
1390 1.5229830741882324
1391 1.3972522020339966
1392 1.457846760749817
1393 1.1023634672164917
1394 1.2749770879745483
1395 1.4392210245132446
1396 1.3509860038757324
1397 1.32453191280365
1398 1.2245891094207764
1399 0.7864260077476501
1400 1.3217787742614746
1401 1.833117961883545
1402 1.3645801544189453
1403 1.570142388343811
1404 1.2668046951293945
1405 1.375293254852295
1406 1.4440977573394775
1407 1.3168309926986694
1408 1.309727668762207
1409 1.2545127868652344
1410 1.2362375259399414
1411 1.1931084394454956
1412 1.2081332206726074
1413 1.1241518259048462
1414 1.386576533317566
1415 1.3058289289474487
1416 1.3677964210510254
1417 1.5192760229110718
1418 1.6215311288833618
1419 0.8041377663612366
1420 1.3857346773147583
1421 1.131196141242981
1422 1.0973840951919556
1423 1.102914810180664
1424 1.2365020513534546
1425 1.1267802715301514
1426 1.2133764028549194
1427 0.9878017902374268
1428 1.085495948791504
1429 1.42954421043396
1430 1.0162172317504883
1431 0.9201082587242126
1432 1.3801273107528687
1433 1.3195416927337646
1434 0.9158462285995483
1435 1.2314265966415405
1436 1.298867106437683
1437 0.9457084536552429
1438 0.9012488722801208
1439 1.1317551136016846
1440 1.207985520362854
1441 1.204998254776001
1442 1.2444353103637695
1443 1.1090058088302612
1444 1.4367941617965698
1445 1.331313967704773
1446 1.258678913116455
1447 1.316306233406067
1448 1.5058201551437378
1449 1.3023825883865356
1450 1.1380417346954346
1451 1.2962350845336914
1452 1.5166285037994385
1453 1.3735543489456177
1454 1.3541240692138672
1455 1.1484785079956055
1456 1.509011149406433
1457 1.1252695322036743
1458 1.2471661567687988
1459 1.5729444026947021
1460 1.5507733821868896
1461 1.3416353464126587
1462 1.0999844074249268
1463 1.4074801206588745
1464 1.1142396926879883
1465 1.0840551853179932
1466 1.2167773246765137
1467 1.0808899402618408
1468 1.2173006534576416
1469 1.257928490638733
1470 0.9556575417518616
1471 1.3954155445098877
1472 1.2598042488098145
1473 1.6053582429885864
1474 1.5236783027648926
1475 1.455801248550415
1476 1.0967849493026733
1477 1.4896432161331177
1478 1.306018590927124
1479 1.5896047353744507
1480 1.3557785749435425
1481 1.2801640033721924
1482 1.6591724157333374
1483 1.5617306232452393
1484 1.4249601364135742
1485 1.6502246856689453
1486 1.1758946180343628
1487 1.776377558708191
1488 1.1385771036148071
1489 1.2020608186721802
1490 1.5424712896347046
1491 1.9044562578201294
1492 1.6081163883209229
1493 1.7482986450195313
1494 1.5307036638259888
1495 1.4603140354156494
1496 1.6425535678863525
1497 1.8357529640197754
1498 1.4596933126449585
1499 1.4802463054656982
1500 1.9287186861038208
1501 1.445399522781372
1502 1.8099662065505981
1503 1.9004215002059937
1504 1.7085316181182861
1505 2.140723466873169
1506 2.1157522201538086
1507 1.9265916347503662
1508 1.6465115547180176
1509 1.831195592880249
1510 1.7328779697418213
1511 1.4598608016967773
1512 1.8323581218719482
1513 1.9276347160339355
1514 1.6536455154418945
1515 1.118667483329773
1516 1.6760457754135132
1517 1.0897043943405151
1518 1.5722767114639282
1519 1.4812464714050293
1520 1.264346957206726
1521 1.80198335647583
1522 1.4388478994369507
1523 1.0179800987243652
1524 1.307547926902771
1525 1.877707839012146
1526 1.6808465719223022
1527 1.3268450498580933
1528 1.1370582580566406
1529 0.930270254611969
1530 1.123626947402954
1531 1.460387110710144
1532 1.199609398841858
1533 1.3802568912506104
1534 1.2796788215637207
1535 1.8051815032958984
1536 1.297297716140747
1537 1.5536073446273804
1538 1.9279454946517944
1539 1.51341712474823
1540 1.3321168422698975
1541 1.5099328756332397
1542 1.4342573881149292
1543 1.6220228672027588
1544 1.7393107414245605
1545 1.3665109872817993
1546 1.3584343194961548
1547 1.8064770698547363
1548 1.7050390243530273
1549 1.4115160703659058
1550 1.2748249769210815
1551 1.2909505367279053
1552 1.3877370357513428
1553 1.4445828199386597
1554 1.2562732696533203
1555 1.6497840881347656
1556 1.558121681213379
1557 1.533308982849121
1558 1.8542180061340332
1559 1.2057257890701294
1560 1.5224655866622925
1561 1.4927990436553955
1562 1.334051489830017
1563 1.299708604812622
1564 1.5023715496063232
1565 0.9676924347877502
1566 1.3379603624343872
1567 1.211347222328186
1568 1.635148286819458
1569 1.350497841835022
1570 1.3166309595108032
1571 1.5344531536102295
1572 1.1890426874160767
1573 1.6220166683197021
1574 1.3631277084350586
1575 1.3480559587478638
1576 1.56779146194458
1577 1.431467890739441
1578 1.0682469606399536
1579 1.4181245565414429
1580 1.0934531688690186
1581 1.3881789445877075
1582 1.0715147256851196
1583 1.2773391008377075
1584 1.0691999197006226
1585 1.1468629837036133
1586 1.3341716527938843
1587 1.3039131164550781
1588 1.252864122390747
1589 1.2212333679199219
1590 1.1340850591659546
1591 1.160922884941101
1592 1.3690850734710693
1593 1.4277211427688599
1594 1.246842861175537
1595 1.3754246234893799
1596 1.2551498413085938
1597 1.2307597398757935
1598 1.3780970573425293
1599 1.353651523590088
1600 0.9574745893478394
1601 1.2662420272827148
1602 1.6370046138763428
1603 1.2787944078445435
1604 1.2949323654174805
1605 1.1915982961654663
1606 1.0829576253890991
1607 1.1071420907974243
1608 1.1999430656433105
1609 1.5119032859802246
1610 1.4276952743530273
1611 1.0005533695220947
1612 1.2301363945007324
1613 1.6996231079101563
1614 1.390213966369629
1615 1.5323829650878906
1616 1.3632354736328125
1617 1.25896418094635
1618 1.2898449897766113
1619 1.5265119075775146
1620 1.4664520025253296
1621 1.4321056604385376
1622 1.066956639289856
1623 1.5636886358261108
1624 1.374597191810608
1625 1.2289984226226807
1626 1.4713687896728516
1627 1.49326753616333
1628 1.4242348670959473
1629 1.4070333242416382
1630 1.5811330080032349
1631 1.109083890914917
1632 1.3840867280960083
1633 1.1664899587631226
1634 0.8927779793739319
1635 0.9580832123756409
1636 0.925277054309845
1637 1.393698811531067
1638 1.186183214187622
1639 1.040162205696106
1640 1.1610888242721558
1641 1.1646246910095215
1642 1.3282006978988647
1643 1.3653326034545898
1644 1.2242215871810913
1645 1.0775057077407837
1646 1.2163809537887573
1647 1.1057337522506714
1648 1.2117990255355835
1649 1.0817137956619263
1650 1.3739614486694336
1651 1.0642731189727783
1652 1.2609694004058838
1653 1.1226218938827515
1654 1.3327043056488037
1655 1.2260398864746094
1656 1.2862472534179688
1657 1.2070122957229614
1658 1.0254144668579102
1659 1.2690932750701904
1660 0.981749951839447
1661 0.7125036120414734
1662 1.2777519226074219
1663 1.2077199220657349
1664 1.3347033262252808
1665 1.3304848670959473
1666 1.3834872245788574
1667 1.2241132259368896
1668 1.091737151145935
1669 1.1177644729614258
1670 1.171010971069336
1671 1.1781413555145264
1672 1.5285606384277344
1673 1.1342607736587524
1674 1.351397156715393
1675 1.131001591682434
1676 1.2206915616989136
1677 1.2398829460144043
1678 0.8707917928695679
1679 0.955543041229248
1680 1.0314836502075195
1681 0.9485716819763184
1682 1.1034260988235474
1683 1.1579346656799316
1684 1.3322030305862427
1685 1.3206872940063477
1686 0.7506857514381409
1687 1.3743703365325928
1688 1.7392730712890625
1689 1.359683871269226
1690 1.5979373455047607
1691 1.6370766162872314
1692 1.4336744546890259
1693 1.315423607826233
1694 1.4704533815383911
1695 1.6568598747253418
1696 1.565617561340332
1697 1.5638670921325684
1698 1.5540587902069092
1699 1.6492252349853516
1700 1.360173225402832
1701 1.3262982368469238
1702 1.3971859216690063
1703 1.3719550371170044
1704 1.4190338850021362
1705 1.546152949333191
1706 1.8672008514404297
1707 1.4772382974624634
1708 1.7497167587280273
1709 1.3534533977508545
1710 1.5330795049667358
1711 1.6049237251281738
1712 1.6415973901748657
1713 1.340303659439087
1714 1.3594027757644653
1715 1.5174814462661743
1716 1.4228076934814453
1717 1.2822387218475342
1718 1.2563197612762451
1719 1.1037893295288086
1720 1.4671472311019897
1721 1.4097373485565186
1722 1.3228734731674194
1723 1.3622549772262573
1724 1.3840421438217163
1725 1.3690612316131592
1726 1.641909122467041
1727 1.441772699356079
1728 1.1376299858093262
1729 1.2987868785858154
1730 1.2117719650268555
1731 1.2469369173049927
1732 1.483666181564331
1733 1.45902681350708
1734 1.5753263235092163
1735 1.4403293132781982
1736 1.4078035354614258
1737 1.3377939462661743
1738 1.217499852180481
1739 1.3509167432785034
1740 1.6463367938995361
1741 1.1771094799041748
1742 1.1875641345977783
1743 1.256619930267334
1744 1.5043089389801025
1745 1.276576280593872
1746 1.4182480573654175
1747 1.3262321949005127
1748 1.411962866783142
1749 1.3563892841339111
1750 1.5923409461975098
1751 1.289462685585022
1752 1.743570327758789
1753 1.4889250993728638
1754 1.6461913585662842
1755 1.130638837814331
1756 1.1437612771987915
1757 1.1007282733917236
1758 1.4677401781082153
1759 1.7216815948486328
1760 1.8447455167770386
1761 1.3290165662765503
1762 1.4792490005493164
1763 1.5571675300598145
1764 1.292295217514038
1765 1.3237632513046265
1766 1.466764211654663
1767 1.2266088724136353
1768 1.2676382064819336
1769 1.7036032676696777
1770 1.2691650390625
1771 1.7665067911148071
1772 1.5780630111694336
1773 1.6755168437957764
1774 1.6316063404083252
1775 1.6813334226608276
1776 1.9185858964920044
1777 1.755936861038208
1778 1.6422208547592163
1779 1.4433600902557373
1780 1.4208509922027588
1781 1.523883581161499
1782 1.705877423286438
1783 1.653850793838501
1784 1.445794701576233
1785 1.43027925491333
1786 1.5561283826828003
1787 1.33645498752594
1788 1.6217037439346313
1789 1.5426422357559204
1790 1.1925591230392456
1791 1.4202945232391357
1792 1.2189619541168213
1793 1.2383251190185547
1794 1.2756915092468262
1795 1.2732913494110107
1796 1.3620035648345947
1797 0.9892151355743408
1798 1.1423753499984741
1799 1.1567496061325073
1800 1.5739275217056274
1801 1.4361048936843872
1802 1.610520601272583
1803 1.1896355152130127
1804 1.0100603103637695
1805 1.346012830734253
1806 1.2424501180648804
1807 1.4183884859085083
1808 1.6120848655700684
1809 1.2658417224884033
1810 1.2021241188049316
1811 1.4929330348968506
1812 1.191361427307129
1813 1.4040077924728394
1814 1.4938795566558838
1815 1.0622823238372803
1816 1.0354814529418945
1817 1.1857069730758667
1818 1.04888916015625
1819 1.466570496559143
1820 1.669122576713562
1821 1.2870017290115356
1822 1.2898428440093994
1823 1.4796020984649658
1824 1.3512098789215088
1825 1.7609913349151611
1826 1.0114493370056152
1827 1.5615853071212769
1828 1.5503703355789185
1829 0.992434561252594
1830 1.1022177934646606
1831 1.3522816896438599
1832 1.2099766731262207
1833 1.203526496887207
1834 1.1710983514785767
1835 1.0495805740356445
1836 1.0149086713790894
1837 1.0418163537979126
1838 1.3302520513534546
1839 1.4153333902359009
1840 1.2505064010620117
1841 1.1990439891815186
1842 1.2444692850112915
1843 1.040297031402588
1844 1.354191541671753
1845 1.1280274391174316
1846 1.3305892944335938
1847 1.2198251485824585
1848 1.5468511581420898
1849 1.7211582660675049
1850 1.3444633483886719
1851 1.6170868873596191
1852 1.5135844945907593
1853 1.8092799186706543
1854 1.7878737449645996
1855 1.4672232866287231
1856 1.5817418098449707
1857 1.9859405755996704
1858 1.507711410522461
1859 1.6588166952133179
1860 1.815832257270813
1861 1.8523520231246948
1862 1.9786221981048584
1863 1.9599331617355347
1864 1.7136281728744507
1865 1.6302598714828491
1866 1.5179816484451294
1867 1.8704482316970825
1868 1.7030445337295532
1869 1.4284855127334595
1870 1.3944108486175537
1871 1.5906383991241455
1872 1.5608429908752441
1873 1.600895881652832
1874 1.7834312915802002
1875 1.5733754634857178
1876 1.5172570943832397
1877 1.640495777130127
1878 1.723800778388977
1879 1.7773332595825195
1880 1.471630573272705
1881 1.4191255569458008
1882 1.3179618120193481
1883 1.6539232730865479
1884 1.5746021270751953
1885 1.6834160089492798
1886 2.0002245903015137
1887 1.573569655418396
1888 1.8661198616027832
1889 1.6664429903030396
1890 1.9517213106155396
1891 1.6331068277359009
1892 1.9293293952941895
1893 2.208139657974243
1894 1.9566845893859863
1895 1.5769667625427246
1896 1.672122597694397
1897 1.865708827972412
1898 1.5294253826141357
1899 1.5577366352081299
1900 1.246947169303894
1901 1.9743098020553589
1902 1.763495922088623
1903 1.5352327823638916
1904 1.1181665658950806
1905 1.489267349243164
1906 1.445328712463379
1907 1.4841232299804688
1908 1.9174059629440308
1909 1.2183712720870972
1910 1.7034753561019897
1911 1.4833083152770996
1912 1.448965311050415
1913 1.3393924236297607
1914 1.6674656867980957
1915 1.4146894216537476
1916 1.7072924375534058
1917 1.700448989868164
1918 1.2834197282791138
1919 1.521681785583496
1920 1.5410716533660889
1921 1.2233778238296509
1922 1.4656789302825928
1923 1.6562392711639404
1924 1.6425572633743286
1925 1.7371771335601807
1926 1.4042307138442993
1927 1.3510702848434448
1928 1.327085256576538
1929 1.601008653640747
1930 1.8065725564956665
1931 1.3444323539733887
1932 1.6974217891693115
1933 1.1971341371536255
1934 1.0108152627944946
1935 1.356999397277832
1936 1.7513220310211182
1937 1.807881236076355
1938 1.8535350561141968
1939 1.9033151865005493
1940 1.577938199043274
1941 1.6127758026123047
1942 1.4519903659820557
1943 1.3195629119873047
1944 1.2424017190933228
1945 1.4217121601104736
1946 1.9905109405517578
1947 1.8849889039993286
1948 1.4739917516708374
1949 1.4455451965332031
1950 1.3183412551879883
1951 1.526713490486145
1952 1.2998976707458496
1953 1.5194698572158813
1954 1.1099270582199097
1955 1.0869884490966797
1956 1.3817411661148071
1957 1.0623093843460083
1958 1.364493489265442
1959 1.4827293157577515
1960 1.2799394130706787
1961 1.6305512189865112
1962 1.5750484466552734
1963 1.6966410875320435
1964 1.5457401275634766
1965 1.2177537679672241
1966 1.2208198308944702
1967 1.2972835302352905
1968 1.4784713983535767
1969 1.3518636226654053
1970 1.1425771713256836
1971 1.0300689935684204
1972 1.2075423002243042
1973 1.264201045036316
1974 1.154884934425354
1975 1.1622999906539917
1976 1.0862812995910645
1977 1.1655817031860352
1978 1.272297978401184
1979 1.439070224761963
1980 1.198599100112915
1981 1.6711795330047607
1982 0.9949242472648621
1983 1.1861733198165894
1984 1.2362679243087769
1985 1.1648763418197632
1986 1.4154514074325562
1987 1.6121326684951782
1988 1.3382794857025146
1989 1.3576513528823853
1990 1.5699968338012695
1991 1.5068449974060059
1992 1.3506386280059814
1993 1.5653512477874756
1994 1.609037160873413
1995 1.4918807744979858
1996 1.130378007888794
1997 1.2943803071975708
1998 1.2429805994033813
1999 1.682874083518982
