0 0.0
1 0.48458215594291687
2 0.9170863628387451
3 0.7182006239891052
4 0.5610226988792419
5 0.6768611073493958
6 0.38587185740470886
7 0.7461475729942322
8 0.6994678378105164
9 0.5179643630981445
10 0.7279894948005676
11 0.626641035079956
12 0.4820963144302368
13 0.7061859965324402
14 0.8655526638031006
15 0.5932963490486145
16 0.22452090680599213
17 0.39815521240234375
18 0.8899624943733215
19 0.7200753092765808
20 0.7119590044021606
21 0.47634220123291016
22 0.5500586032867432
23 0.488505095243454
24 0.4799233078956604
25 0.6431804895401001
26 0.8314586877822876
27 0.6973251700401306
28 1.2071717977523804
29 1.0259290933609009
30 0.7674233913421631
31 0.608397364616394
32 1.1118543148040771
33 0.5389310717582703
34 1.2110800743103027
35 0.9322602152824402
36 0.747683048248291
37 0.7015141248703003
38 0.6526910066604614
39 0.7372919321060181
40 0.6932559013366699
41 0.7917163372039795
42 0.7811933159828186
43 0.44489216804504395
44 0.65347820520401
45 0.36363551020622253
46 0.4417760670185089
47 0.632452666759491
48 0.9990917444229126
49 0.8070838451385498
50 0.7278836965560913
51 1.1513456106185913
52 1.0145970582962036
53 0.541096031665802
54 0.9718682765960693
55 0.5047467947006226
56 0.33163782954216003
57 0.9160525798797607
58 1.027580976486206
59 1.50115966796875
60 1.0772649049758911
61 0.8837392330169678
62 0.617337167263031
63 0.9404086470603943
64 0.3530779480934143
65 0.33208397030830383
66 0.5533856153488159
67 0.42515259981155396
68 0.48181769251823425
69 0.6960675120353699
70 1.0350348949432373
71 0.7888715863227844
72 0.6335458755493164
73 0.3721488416194916
74 0.6566097736358643
75 0.4442683160305023
76 0.6457784175872803
77 0.34250694513320923
78 0.37286198139190674
79 0.6341018080711365
80 0.36754587292671204
81 0.693550705909729
82 0.42672842741012573
83 0.5627375841140747
84 0.567872166633606
85 0.6244301795959473
86 0.6679850220680237
87 0.378248393535614
88 0.5200685858726501
89 0.6725834608078003
90 0.4791322648525238
91 0.5622518658638
92 0.3161523640155792
93 0.4407138526439667
94 0.6354069709777832
95 0.6608662605285645
96 0.31035280227661133
97 0.4186689853668213
98 0.4003002643585205
99 0.30575311183929443
100 0.5670673251152039
101 0.7546478509902954
102 0.5608786940574646
103 0.47999709844589233
104 0.6651225686073303
105 0.7884764075279236
106 0.4193812310695648
107 0.37762096524238586
108 0.5804657340049744
109 0.7935715317726135
110 0.3335290849208832
111 0.5166453123092651
112 0.8246638774871826
113 0.42811867594718933
114 0.469631552696228
115 0.6659138798713684
116 0.564813494682312
117 0.37367188930511475
118 0.35772672295570374
119 0.21985380351543427
120 0.5016968250274658
121 0.5076960921287537
122 0.4211801290512085
123 0.6352322697639465
124 0.45481953024864197
125 0.3047943413257599
126 0.5124756097793579
127 0.37940338253974915
128 0.4215569496154785
129 0.6532356142997742
130 0.5359479784965515
131 0.608882486820221
132 0.6789203882217407
133 0.31628239154815674
134 0.5218231081962585
135 0.4690072536468506
136 0.5410215854644775
137 0.40903016924858093
138 0.6247510313987732
139 0.6225319504737854
140 0.5332460999488831
141 0.5778464078903198
142 0.6676828265190125
143 0.2753680348396301
144 0.35168886184692383
145 0.25878268480300903
146 0.46291083097457886
147 0.7294943928718567
148 0.3678552508354187
149 0.7093007564544678
150 0.648929238319397
151 0.5976145267486572
152 0.7197830080986023
153 0.4609594941139221
154 0.5105828642845154
155 0.8803297877311707
156 0.6427710056304932
157 1.0653162002563477
158 0.7832709550857544
159 0.7578348517417908
160 0.542521595954895
161 0.3120049834251404
162 0.49651268124580383
163 0.5316065549850464
164 0.6674731373786926
165 0.46929675340652466
166 0.6735970377922058
167 0.6680543422698975
168 0.7796786427497864
169 0.5857220888137817
170 0.42164552211761475
171 0.5192962288856506
172 0.8164709806442261
173 0.6658620238304138
174 0.569830596446991
175 0.7614939212799072
176 0.5413994193077087
177 0.9069953560829163
178 0.6288408041000366
179 0.7775242924690247
180 0.7705143094062805
181 0.4777478277683258
182 0.5965975522994995
183 1.0829741954803467
184 0.8180519938468933
185 0.619073212146759
186 0.762841522693634
187 0.43336930871009827
188 0.4278692901134491
189 0.6949789524078369
190 0.737528920173645
191 0.8253775238990784
192 0.4867297410964966
193 0.9888468980789185
194 1.0285717248916626
195 1.1398192644119263
196 0.6604393720626831
197 0.5901651382446289
198 0.8422362208366394
199 0.5931058526039124
200 0.7077999114990234
201 0.8644655346870422
202 0.9222569465637207
203 0.6910136342048645
204 0.9075273871421814
205 1.0192760229110718
206 1.1894282102584839
207 0.5521696209907532
208 0.5588388442993164
209 0.4030831456184387
210 0.2836446464061737
211 0.5815431475639343
212 0.4643859565258026
213 0.9049041867256165
214 0.67840975522995
215 0.3561239242553711
216 0.3698248863220215
217 0.5043872594833374
218 0.610420823097229
219 0.6127780079841614
220 0.4216552972793579
221 0.8821943402290344
222 0.7643642425537109
223 0.7941229343414307
224 0.6206808686256409
225 0.5950892567634583
226 0.8421005010604858
227 0.6945533156394958
228 0.5109931826591492
229 0.8039010167121887
230 0.7429917454719543
231 1.0205864906311035
232 0.5759569406509399
233 0.6458735466003418
234 0.9225134253501892
235 0.6134783029556274
236 0.7314667701721191
237 0.7552610039710999
238 0.6001735329627991
239 0.7245172262191772
240 1.1641091108322144
241 0.4863145351409912
242 0.742026150226593
243 0.9927454590797424
244 0.6747757196426392
245 0.5286679863929749
246 0.23731720447540283
247 0.4656530022621155
248 0.709673285484314
249 0.6129364967346191
250 0.8717186450958252
251 0.54050612449646
252 0.8499634861946106
253 0.46715837717056274
254 0.4316529631614685
255 0.4433530271053314
256 1.0362842082977295
257 0.6095443964004517
258 0.5979045629501343
259 0.5685523152351379
260 0.3018164038658142
261 0.6189038157463074
262 0.6786987781524658
263 0.8634315133094788
264 0.7758181691169739
265 0.46612250804901123
266 0.5753986835479736
267 0.4857749342918396
268 0.6583816409111023
269 0.39764657616615295
270 0.676206111907959
271 0.6050482392311096
272 0.6594456434249878
273 0.9640229344367981
274 0.7730860114097595
275 0.3939187824726105
276 1.1328465938568115
277 0.7768537998199463
278 0.710655689239502
279 0.8633711934089661
280 0.5848652720451355
281 0.7279284000396729
282 0.4563151001930237
283 0.6667177677154541
284 0.6480430364608765
285 0.6272143721580505
286 0.7105692625045776
287 0.890169084072113
288 0.6148372292518616
289 1.0207781791687012
290 0.8272959589958191
291 0.5059351325035095
292 0.5438436269760132
293 0.8111746907234192
294 0.5081589818000793
295 0.5131344795227051
296 0.5278022289276123
297 0.4548780918121338
298 0.9309287071228027
299 1.216983437538147
300 0.9172013401985168
301 0.9164521098136902
302 0.9678477644920349
303 0.7210692763328552
304 0.6793484091758728
305 0.8491762280464172
306 0.9297996163368225
307 1.0599559545516968
308 0.621112048625946
309 0.41870179772377014
310 0.5421007871627808
311 0.9922932386398315
312 0.3542540967464447
313 0.8012921810150146
314 0.7203682065010071
315 0.6749496459960938
316 0.5328890085220337
317 0.49441245198249817
318 0.8087747097015381
319 0.8766581416130066
320 0.48691079020500183
321 0.6686760783195496
322 0.787645161151886
323 0.6930277347564697
324 0.542582631111145
325 0.6914516091346741
326 0.8813397288322449
327 0.8489065170288086
328 0.8198748826980591
329 0.5114122033119202
330 0.38115864992141724
331 1.064942479133606
332 0.9031240344047546
333 0.7348350286483765
334 0.7055269479751587
335 1.1014626026153564
336 0.49729210138320923
337 1.1155897378921509
338 0.44229844212532043
339 1.0669773817062378
340 0.556778609752655
341 0.5374682545661926
342 1.0234143733978271
343 0.8926555514335632
344 0.7061399817466736
345 0.5580974221229553
346 0.8943977355957031
347 0.8385206460952759
348 0.6653949022293091
349 0.6416323781013489
350 0.633365273475647
351 0.8501158356666565
352 1.0933330059051514
353 1.235207200050354
354 0.9274734854698181
355 0.5440877079963684
356 1.0627176761627197
357 0.82344651222229
358 1.0259665250778198
359 0.892137885093689
360 0.5211694836616516
361 0.499666303396225
362 0.8733732104301453
363 0.3656659424304962
364 0.7017248868942261
365 0.8263779878616333
366 0.7786608934402466
367 0.45291635394096375
368 0.5819973349571228
369 0.7238419055938721
370 0.49746471643447876
371 0.7168400883674622
372 0.6704035997390747
373 0.5865696668624878
374 0.6077482104301453
375 0.5232117772102356
376 0.6115224957466125
377 0.8945828080177307
378 0.7185375690460205
379 0.6255993247032166
380 0.604102373123169
381 0.5512767434120178
382 0.5454655885696411
383 0.6840094327926636
384 0.5119236707687378
385 0.5671598315238953
386 0.727961540222168
387 0.6689899563789368
388 1.2138652801513672
389 0.7796837687492371
390 0.9865909218788147
391 0.888620138168335
392 0.7160800099372864
393 0.32164764404296875
394 0.7231248617172241
395 0.5908519625663757
396 0.5007419586181641
397 0.7854698896408081
398 0.5669357180595398
399 0.34379398822784424
400 0.49948787689208984
401 1.006326675415039
402 0.6452968716621399
403 0.729606032371521
404 0.7479239702224731
405 0.6441548466682434
406 0.8246831297874451
407 0.800552487373352
408 0.7006186246871948
409 1.216487169265747
410 0.655746340751648
411 0.7017561197280884
412 0.8527148365974426
413 0.6249831914901733
414 0.7367529273033142
415 0.7252670526504517
416 0.634392499923706
417 0.5923467874526978
418 0.8082548379898071
419 0.9947511553764343
420 0.6454511880874634
421 0.3231554925441742
422 0.5652590990066528
423 0.7319578528404236
424 0.8696738481521606
425 0.3855573832988739
426 0.5458028316497803
427 0.40542104840278625
428 0.29729363322257996
429 0.661952793598175
430 0.7012994289398193
431 0.43522128462791443
432 0.7068396806716919
433 0.4223985970020294
434 0.9127578735351563
435 0.8723374605178833
436 1.170601487159729
437 0.4424811005592346
438 0.6782131195068359
439 1.0117815732955933
440 0.7876628637313843
441 0.7530107498168945
442 0.7394536137580872
443 0.9978082180023193
444 1.1825116872787476
445 1.176269292831421
446 0.8679698705673218
447 0.7662187218666077
448 0.7044973373413086
449 0.5014457106590271
450 0.7034540176391602
451 0.7654300332069397
452 0.36076629161834717
453 0.5974639058113098
454 0.6563629508018494
455 0.9671474099159241
456 1.0867918729782104
457 0.9149242043495178
458 0.714609682559967
459 0.9571730494499207
460 0.5872275829315186
461 1.0719443559646606
462 1.0118751525878906
463 0.9934675097465515
464 0.6968515515327454
465 0.8312426209449768
466 0.6505807042121887
467 0.6731770038604736
468 0.87291020154953
469 0.938572108745575
470 0.8573564887046814
471 0.4149589240550995
472 0.8364187479019165
473 0.9273600578308105
474 0.8661189079284668
475 0.9240177273750305
476 0.8213847875595093
477 0.6950854659080505
478 0.8084191679954529
479 1.1686453819274902
480 1.2970380783081055
481 0.9079421162605286
482 0.8334935307502747
483 0.7547658681869507
484 1.0864722728729248
485 0.8795763254165649
486 1.229158639907837
487 1.2807645797729492
488 0.9933346509933472
489 0.6090119481086731
490 0.952479898929596
491 1.1670376062393188
492 0.5619344711303711
493 0.7332113981246948
494 0.7229344844818115
495 1.1559326648712158
496 0.7252309322357178
497 0.6488704681396484
498 0.6829550862312317
499 0.6727854609489441
500 0.867281973361969
501 0.9665145874023438
502 0.9692322611808777
503 0.7007472515106201
504 0.7959861159324646
505 0.8779559135437012
506 0.7019718289375305
507 0.6290841698646545
508 0.9970538020133972
509 0.9413352608680725
510 0.6661363840103149
511 0.9063263535499573
512 0.573655903339386
513 0.560793936252594
514 0.49216872453689575
515 0.6531655192375183
516 0.4932374656200409
517 0.7317111492156982
518 0.8227244019508362
519 0.5464187860488892
520 0.7559009194374084
521 0.5670396089553833
522 0.9516373872756958
523 0.9544695615768433
524 0.7673779726028442
525 1.014554500579834
526 1.1081020832061768
527 0.6987975239753723
528 0.7762337923049927
529 0.31108301877975464
530 0.5669685006141663
531 0.9524654150009155
532 0.9718226194381714
533 0.7127251029014587
534 0.9744351506233215
535 0.8857725262641907
536 0.5633369088172913
537 0.9490708112716675
538 0.4933960735797882
539 1.0535691976547241
540 0.9356658458709717
541 0.5515968799591064
542 0.9429143667221069
543 0.6742593050003052
544 0.7644928693771362
545 1.1652766466140747
546 0.5668958425521851
547 0.5074596405029297
548 1.097035527229309
549 0.7511909604072571
550 0.5995901823043823
551 0.7325868010520935
552 0.9926326274871826
553 0.5732308030128479
554 0.8918061852455139
555 0.3583586513996124
556 0.8983153700828552
557 0.6846293210983276
558 0.7274900078773499
559 0.5122120976448059
560 0.7047637104988098
561 0.8856179118156433
562 0.9261638522148132
563 0.9608163833618164
564 0.48611173033714294
565 0.8188138604164124
566 0.6644977927207947
567 0.7918789386749268
568 0.6691040992736816
569 0.8950158953666687
570 0.37363988161087036
571 0.8261080384254456
572 0.5842738747596741
573 0.7790862917900085
574 1.0315353870391846
575 0.9532076716423035
576 0.8460094332695007
577 0.7765573859214783
578 0.6311629414558411
579 0.8198752999305725
580 0.7336581945419312
581 0.9996222257614136
582 0.7721734642982483
583 0.8935973048210144
584 0.6673797369003296
585 0.8637953400611877
586 0.5971345901489258
587 0.9157906770706177
588 0.7409892678260803
589 0.8443978428840637
590 0.5909258723258972
591 0.8774071931838989
592 0.9640809297561646
593 1.0898189544677734
594 0.6759802103042603
595 0.9217694401741028
596 0.8454135060310364
597 1.0213162899017334
598 0.8207817673683167
599 0.6624031066894531
600 0.730629563331604
601 0.7283854484558105
602 0.6508068442344666
603 0.5098971128463745
604 0.5851470232009888
605 0.6062186360359192
606 0.44683173298835754
607 0.7370680570602417
608 0.6558266878128052
609 0.7681918740272522
610 0.6673353910446167
611 0.6968505382537842
612 0.8387541174888611
613 0.6225868463516235
614 0.873266875743866
615 0.9465795755386353
616 0.6770522594451904
617 0.6165983080863953
618 0.7367838621139526
619 0.8076569437980652
620 0.8229368329048157
621 0.8448264598846436
622 0.24128355085849762
623 0.7456475496292114
624 0.6618338227272034
625 1.26711106300354
626 0.85193932056427
627 0.9076949954032898
628 0.8246588110923767
629 0.7445406317710876
630 0.8807836771011353
631 0.81517094373703
632 0.616032600402832
633 0.7696956992149353
634 0.5694626569747925
635 0.39461496472358704
636 0.7127964496612549
637 0.7924469709396362
638 0.5789523124694824
639 0.6074398159980774
640 0.7473288178443909
641 1.0199201107025146
642 0.6917193531990051
643 0.8930731415748596
644 0.6551705002784729
645 1.0131378173828125
646 0.6645966172218323
647 0.7930134534835815
648 0.5989252328872681
649 0.8868855237960815
650 0.761531412601471
651 0.688735842704773
652 0.743633508682251
653 1.2240933179855347
654 0.9383660554885864
655 1.1085610389709473
656 1.1761834621429443
657 0.820199728012085
658 0.7456658482551575
659 0.9553558230400085
660 0.9907405376434326
661 0.98251873254776
662 1.0456997156143188
663 0.618190348148346
664 0.8558614253997803
665 0.5724084973335266
666 1.022995948791504
667 1.0654467344284058
668 1.0172991752624512
669 0.8247431516647339
670 0.7170702219009399
671 0.8076058030128479
672 0.7338868379592896
673 0.8738499283790588
674 1.1301846504211426
675 1.0359771251678467
676 0.9142733216285706
677 0.5048901438713074
678 0.33249878883361816
679 0.48690980672836304
680 1.1397606134414673
681 1.028331995010376
682 0.6482172608375549
683 0.9081364274024963
684 0.624257504940033
685 0.8597254753112793
686 0.6729702353477478
687 0.9076479077339172
688 0.732192873954773
689 0.8315851092338562
690 1.129381775856018
691 0.6472597122192383
692 0.4622693657875061
693 0.8692389130592346
694 0.7496810555458069
695 0.8743245601654053
696 0.7054134607315063
697 1.003258228302002
698 0.9138098955154419
699 1.054426908493042
700 1.2147207260131836
701 0.6551559567451477
702 0.4387746751308441
703 0.5704880356788635
704 0.5398820638656616
705 0.6039043068885803
706 0.7033447623252869
707 0.5766687989234924
708 0.798183262348175
709 0.6656398177146912
710 0.8401154279708862
711 0.9615122079849243
712 1.0321792364120483
713 0.899668276309967
714 1.071855902671814
715 1.0580699443817139
716 0.8841953873634338
717 0.9641491770744324
718 1.1676760911941528
719 0.8721876740455627
720 0.5048059225082397
721 0.7555028200149536
722 0.7437165379524231
723 0.5813001394271851
724 0.713975727558136
725 0.7585744857788086
726 0.7643640637397766
727 0.5913055539131165
728 0.7965341806411743
729 0.6606089472770691
730 0.3681175410747528
731 0.5642609000205994
732 0.8307567238807678
733 0.43493860960006714
734 0.8433248400688171
735 0.8320649862289429
736 0.8774926662445068
737 0.9848663210868835
738 0.8820081949234009
739 0.5336204767227173
740 0.8311830163002014
741 0.8095270991325378
742 1.0424914360046387
743 0.6318114995956421
744 0.7052074074745178
745 1.0542032718658447
746 0.8908249735832214
747 0.6280171871185303
748 1.0049610137939453
749 0.7832078337669373
750 0.8298478722572327
751 0.8815035223960876
752 0.512685239315033
753 0.5648577809333801
754 1.105454921722412
755 1.1790072917938232
756 1.3167905807495117
757 0.8275445103645325
758 0.8724640607833862
759 0.6416361927986145
760 0.5533062815666199
761 1.450603723526001
762 1.1674163341522217
763 1.517931342124939
764 1.4304875135421753
765 1.319276213645935
766 1.5231844186782837
767 1.3203850984573364
768 1.6758681535720825
769 1.2131588459014893
770 0.9046063423156738
771 1.3835623264312744
772 1.2429773807525635
773 1.2076650857925415
774 1.1821037530899048
775 1.1712400913238525
776 1.3158304691314697
777 1.315629005432129
778 0.8118945360183716
779 1.0358260869979858
780 1.2717256546020508
781 0.7831089496612549
782 0.7836698889732361
783 0.7414422035217285
784 0.941341757774353
785 1.0104936361312866
786 0.9332596659660339
787 1.0608690977096558
788 0.8470063805580139
789 0.898625373840332
790 1.0209439992904663
791 1.250296711921692
792 1.1629019975662231
793 0.8894422054290771
794 0.8577821850776672
795 0.6843736171722412
796 0.8397072553634644
797 0.6704081892967224
798 0.7215575575828552
799 0.8810192942619324
800 0.6999641060829163
801 0.9438970685005188
802 1.252531886100769
803 1.2084940671920776
804 0.7343072891235352
805 1.3820477724075317
806 0.9475743770599365
807 1.3122191429138184
808 0.8896207213401794
809 1.2298814058303833
810 0.9694560170173645
811 0.9089725613594055
812 0.8785269856452942
813 1.0335209369659424
814 1.2602158784866333
815 1.2511191368103027
816 1.174299716949463
817 1.4906076192855835
818 1.3872448205947876
819 1.3623600006103516
820 1.3722041845321655
821 1.2664340734481812
822 1.203721523284912
823 0.8424972295761108
824 0.9317797422409058
825 0.8615096211433411
826 0.906454861164093
827 1.272108554840088
828 0.8880424499511719
829 1.0724416971206665
830 1.081315279006958
831 1.3599870204925537
832 1.4336650371551514
833 1.2576305866241455
834 1.345641016960144
835 1.3346927165985107
836 0.9415088891983032
837 1.2574814558029175
838 1.1872228384017944
839 1.1657899618148804
840 1.366102933883667
841 1.1337631940841675
842 1.0372445583343506
843 1.133544683456421
844 1.0581942796707153
845 1.143771767616272
846 0.9768328070640564
847 0.9385901689529419
848 1.141387701034546
849 0.87481689453125
850 1.0310088396072388
851 1.1187070608139038
852 1.1216511726379395
853 0.9818115830421448
854 1.1714777946472168
855 1.697070837020874
856 1.2521907091140747
857 0.9864427447319031
858 1.2662205696105957
859 0.7665432691574097
860 0.9359372854232788
861 0.8368605971336365
862 1.262028455734253
863 0.8878524899482727
864 1.2552995681762695
865 1.0630948543548584
866 1.1268821954727173
867 1.2314881086349487
868 1.0569432973861694
869 1.306015133857727
870 1.3501482009887695
871 1.265014410018921
872 1.6042965650558472
873 1.4531153440475464
874 1.1762750148773193
875 1.2149856090545654
876 1.496659278869629
877 0.8094249963760376
878 1.502277135848999
879 1.4798659086227417
880 1.0324636697769165
881 1.165531039237976
882 1.4650182723999023
883 0.99547278881073
884 1.0365632772445679
885 0.9550909399986267
886 0.9575122594833374
887 0.9337251782417297
888 0.7208879590034485
889 0.8013375401496887
890 0.9228943586349487
891 0.579250156879425
892 0.9554103016853333
893 1.0716233253479004
894 1.141507625579834
895 1.2143610715866089
896 0.8951630592346191
897 1.2349812984466553
898 1.217676043510437
899 1.5195714235305786
900 1.214261770248413
901 0.9038797616958618
902 1.2901103496551514
903 1.331429362297058
904 1.0994006395339966
905 0.9742621183395386
906 1.2591569423675537
907 1.251685380935669
908 1.6611582040786743
909 1.0352799892425537
910 1.1640257835388184
911 1.280213475227356
912 1.128108263015747
913 1.007278323173523
914 1.1232359409332275
915 1.1571415662765503
916 1.2879308462142944
917 0.8148177862167358
918 0.9558249115943909
919 0.9516549706459045
920 1.1923332214355469
921 1.1594318151474
922 1.1106921434402466
923 1.3115921020507813
924 1.2090152502059937
925 1.2648539543151855
926 1.151970386505127
927 1.36701238155365
928 0.8700534105300903
929 1.1924184560775757
930 1.4918930530548096
931 1.3353617191314697
932 1.1705503463745117
933 1.1262407302856445
934 0.9454832673072815
935 1.088770866394043
936 0.802863359451294
937 1.1195646524429321
938 1.4604510068893433
939 1.1166038513183594
940 1.2862387895584106
941 1.2414755821228027
942 0.932857871055603
943 0.8067531585693359
944 0.7277268171310425
945 0.9950034022331238
946 1.40267014503479
947 0.7453700304031372
948 1.1736700534820557
949 0.9633364677429199
950 0.9509033560752869
951 1.0545029640197754
952 1.1494402885437012
953 1.236042857170105
954 0.9417794346809387
955 1.2861158847808838
956 1.1173608303070068
957 1.2194069623947144
958 0.9400695562362671
959 1.1739778518676758
960 1.3232499361038208
961 0.95991051197052
962 0.852392852306366
963 1.1757582426071167
964 0.9879540205001831
965 0.9739292860031128
966 0.8247568011283875
967 1.0685986280441284
968 1.0191985368728638
969 1.4151058197021484
970 1.6617461442947388
971 1.4747960567474365
972 1.0044702291488647
973 0.8859096765518188
974 0.9666233062744141
975 1.3555296659469604
976 1.1464478969573975
977 1.1342743635177612
978 1.0658020973205566
979 0.8902261853218079
980 1.243491291999817
981 0.998970091342926
982 1.3416404724121094
983 1.7196213006973267
984 1.3606873750686646
985 1.3959294557571411
986 1.5322892665863037
987 1.2995524406433105
988 1.249577283859253
989 1.1703873872756958
990 1.7592236995697021
991 1.3829774856567383
992 1.5285931825637817
993 1.6670771837234497
994 1.4373444318771362
995 1.5611238479614258
996 1.5719226598739624
997 1.555124044418335
998 1.5756149291992188
999 1.418770432472229
1000 1.5285123586654663
1001 1.2794220447540283
1002 1.3623489141464233
1003 1.762711763381958
1004 1.1157333850860596
1005 1.1740741729736328
1006 1.0282953977584839
1007 1.3379671573638916
1008 0.8465632200241089
1009 1.1064996719360352
1010 1.1305345296859741
1011 1.0859483480453491
1012 1.4166113138198853
1013 1.1141486167907715
1014 0.8703101277351379
1015 1.1181554794311523
1016 1.2459139823913574
1017 1.3100111484527588
1018 1.487214207649231
1019 1.5442489385604858
1020 1.5798802375793457
1021 1.4812419414520264
1022 1.2783302068710327
1023 1.6171691417694092
1024 1.5855144262313843
1025 1.3834506273269653
1026 1.391855239868164
1027 1.2921078205108643
1028 0.9879403710365295
1029 1.1150685548782349
1030 1.5240325927734375
1031 1.1528642177581787
1032 1.5135031938552856
1033 1.4135316610336304
1034 1.5916991233825684
1035 1.281557321548462
1036 1.1965607404708862
1037 1.2569551467895508
1038 1.1671416759490967
1039 1.497774362564087
1040 1.3767750263214111
1041 1.6553584337234497
1042 1.5554306507110596
1043 1.693603754043579
1044 1.3966654539108276
1045 1.4170020818710327
1046 1.3224326372146606
1047 1.234985589981079
1048 1.4391213655471802
1049 1.041956901550293
1050 0.8266511559486389
1051 0.8679130673408508
1052 1.09954833984375
1053 1.3125828504562378
1054 1.0321441888809204
1055 1.4628190994262695
1056 1.3047199249267578
1057 0.9453898668289185
1058 1.1234328746795654
1059 1.227993130683899
1060 1.2509920597076416
1061 1.5329045057296753
1062 1.2816779613494873
1063 1.4055860042572021
1064 1.0517460107803345
1065 1.2909631729125977
1066 0.7102193236351013
1067 1.099625825881958
1068 1.6366549730300903
1069 1.186214566230774
1070 1.2666572332382202
1071 1.2021121978759766
1072 1.3334360122680664
1073 1.3195964097976685
1074 1.3638705015182495
1075 1.0496444702148438
1076 0.9806947112083435
1077 1.468294620513916
1078 1.2141715288162231
1079 1.1076244115829468
1080 1.46779465675354
1081 1.3865766525268555
1082 1.318565845489502
1083 1.0844156742095947
1084 1.320562720298767
1085 1.3468306064605713
1086 1.493455410003662
1087 1.2950360774993896
1088 0.9266660213470459
1089 1.269505262374878
1090 1.3410898447036743
1091 1.0598275661468506
1092 1.1140685081481934
1093 1.1620149612426758
1094 1.4261960983276367
1095 1.5205973386764526
1096 1.4351872205734253
1097 1.1645697355270386
1098 1.138617992401123
1099 1.420691967010498
1100 1.6551616191864014
1101 1.9928086996078491
1102 1.644636631011963
1103 1.6318737268447876
1104 1.6217997074127197
1105 1.762514352798462
1106 1.6728404760360718
1107 1.685567855834961
1108 1.4245145320892334
1109 1.262489676475525
1110 1.6859583854675293
1111 1.9452987909317017
1112 1.892043948173523
1113 1.9441207647323608
1114 1.6385618448257446
1115 1.7154855728149414
1116 1.2570037841796875
1117 1.9139926433563232
1118 1.6169657707214355
1119 1.0830905437469482
1120 1.5224674940109253
1121 1.7518481016159058
1122 1.2673659324645996
1123 1.7074311971664429
1124 1.7161924839019775
1125 1.842399001121521
1126 1.1822788715362549
1127 1.2550206184387207
1128 1.567928671836853
1129 1.2160571813583374
1130 1.1160168647766113
1131 1.4563592672348022
1132 1.4912302494049072
1133 1.061139702796936
1134 1.5006847381591797
1135 1.5518391132354736
1136 1.5995423793792725
1137 1.4769777059555054
1138 1.386199712753296
1139 1.4610904455184937
1140 1.7916134595870972
1141 1.841625452041626
1142 1.3872753381729126
1143 1.3508795499801636
1144 1.4310861825942993
1145 1.613052248954773
1146 2.248833179473877
1147 1.5102070569992065
1148 1.6253198385238647
1149 1.9959766864776611
1150 1.4729400873184204
1151 1.8343766927719116
1152 1.2565282583236694
1153 0.9878257513046265
1154 1.1435447931289673
1155 1.2759382724761963
1156 1.2601327896118164
1157 1.6570496559143066
1158 1.7307775020599365
1159 1.1723310947418213
1160 1.459338665008545
1161 1.156853437423706
1162 1.2172274589538574
1163 1.2536715269088745
1164 1.670027494430542
1165 1.7039015293121338
1166 1.4056942462921143
1167 1.3761136531829834
1168 1.4085322618484497
1169 1.5460553169250488
1170 1.4468793869018555
1171 1.25226891040802
1172 1.0811545848846436
1173 0.7953513264656067
1174 1.0689470767974854
1175 1.3276492357254028
1176 0.7916021943092346
1177 1.1605422496795654
1178 1.0664817094802856
1179 1.2414164543151855
1180 0.8175330758094788
1181 0.9572728276252747
1182 1.2368532419204712
1183 0.7457246780395508
1184 1.3454248905181885
1185 0.9874333143234253
1186 1.0494747161865234
1187 0.7969818711280823
1188 0.9482768177986145
1189 0.9406810998916626
1190 0.7194203734397888
1191 0.5766609311103821
1192 0.8481159806251526
1193 1.2238831520080566
1194 1.0853735208511353
1195 1.0435317754745483
1196 1.1481415033340454
1197 1.1923493146896362
1198 1.0531405210494995
1199 1.4336142539978027
1200 1.0894660949707031
1201 1.2216928005218506
1202 1.0827863216400146
1203 1.0913017988204956
1204 1.009031891822815
1205 1.1700446605682373
1206 0.9323329329490662
1207 1.1328792572021484
1208 1.0435435771942139
1209 1.0939066410064697
1210 0.7693794965744019
1211 0.9730262756347656
1212 1.3760225772857666
1213 1.167641043663025
1214 0.9963976144790649
1215 1.1274278163909912
1216 1.2745354175567627
1217 1.0742838382720947
1218 1.017281413078308
1219 0.7681786417961121
1220 1.4424645900726318
1221 1.5379081964492798
1222 1.3791502714157104
1223 1.122133731842041
1224 0.9567663669586182
1225 1.2962977886199951
1226 1.1470004320144653
1227 1.1903702020645142
1228 0.9713642597198486
1229 1.190805196762085
1230 0.8315552473068237
1231 0.9277411103248596
1232 1.1513192653656006
1233 1.332637906074524
1234 1.4289441108703613
1235 1.5454888343811035
1236 1.7243430614471436
1237 1.5248334407806396
1238 1.1879451274871826
1239 1.3615137338638306
1240 1.3525136709213257
1241 0.984438955783844
1242 1.3600281476974487
1243 1.1468603610992432
1244 1.2778156995773315
1245 1.3928388357162476
1246 1.283758521080017
1247 1.3025825023651123
1248 2.0552964210510254
1249 1.3002389669418335
1250 1.398129940032959
1251 1.158795952796936
1252 1.3189582824707031
1253 1.2094379663467407
1254 1.2265594005584717
1255 1.1872271299362183
1256 1.199440360069275
1257 1.6085212230682373
1258 1.1573503017425537
1259 1.4775373935699463
1260 1.4093295335769653
1261 1.39711332321167
1262 1.0357797145843506
1263 0.8410221338272095
1264 1.3835556507110596
1265 1.2784720659255981
1266 1.206978440284729
1267 1.6799043416976929
1268 1.5709973573684692
1269 1.1561733484268188
1270 1.0510075092315674
1271 1.1177712678909302
1272 1.446078896522522
1273 0.9728567600250244
1274 1.0633091926574707
1275 1.2410944700241089
1276 1.4334524869918823
1277 1.3048824071884155
1278 1.3741636276245117
1279 1.3179577589035034
1280 0.5888522863388062
1281 1.102364182472229
1282 1.3680028915405273
1283 1.3647044897079468
1284 1.3622021675109863
1285 0.9321178197860718
1286 1.040037751197815
1287 0.9293578863143921
1288 0.9065534472465515
1289 1.0331677198410034
1290 1.1277363300323486
1291 1.2672181129455566
1292 1.01336669921875
1293 1.440185308456421
1294 1.0471317768096924
1295 0.9775261282920837
1296 0.7498682737350464
1297 1.0897921323776245
1298 1.0172808170318604
1299 0.6859187483787537
1300 1.0408238172531128
1301 1.3447197675704956
1302 1.4715431928634644
1303 1.2721171379089355
1304 1.2627407312393188
1305 0.9636254906654358
1306 0.7508900761604309
1307 0.8310801982879639
1308 0.7323755025863647
1309 0.7862322330474854
1310 1.3408437967300415
1311 1.2633147239685059
1312 1.2885385751724243
1313 1.2316142320632935
1314 0.9836871027946472
1315 1.2564457654953003
1316 0.9628399610519409
1317 1.1671503782272339
1318 0.9626671671867371
1319 1.1816638708114624
1320 1.2996008396148682
1321 1.44818913936615
1322 1.0112382173538208
1323 0.8677033185958862
1324 0.7397191524505615
1325 0.8479267954826355
1326 1.0743310451507568
1327 0.7674715518951416
1328 0.7837138175964355
1329 0.27725616097450256
1330 0.5986238718032837
1331 0.6774855256080627
1332 0.8861994743347168
1333 0.6460832357406616
1334 0.6517989039421082
1335 0.8082124590873718
1336 1.1518422365188599
1337 0.7139734625816345
1338 0.9134355187416077
1339 1.0140248537063599
1340 1.0277104377746582
1341 1.0228207111358643
1342 0.8003565669059753
1343 0.8981676697731018
1344 0.7813457250595093
1345 1.2555094957351685
1346 1.3174679279327393
1347 1.3825938701629639
1348 1.1478840112686157
1349 0.9023481607437134
1350 1.0417243242263794
1351 0.765392541885376
1352 1.0344128608703613
1353 0.6547631621360779
1354 0.7913853526115417
1355 1.1824305057525635
1356 0.9064586162567139
1357 1.0002919435501099
1358 1.015795111656189
1359 1.3242639303207397
1360 1.071144700050354
1361 1.6810444593429565
1362 1.4980071783065796
1363 1.158630609512329
1364 1.2296761274337769
1365 0.9175702333450317
1366 1.1570042371749878
1367 0.9145965576171875
1368 0.9234157204627991
1369 0.9122252464294434
1370 1.1044687032699585
1371 1.0907102823257446
1372 0.7097213268280029
1373 1.1893218755722046
1374 1.10238778591156
1375 1.0872673988342285
1376 0.9477261900901794
1377 1.0639194250106812
1378 0.9804145693778992
1379 0.8082371950149536
1380 1.2929210662841797
1381 0.9751697182655334
1382 1.555579662322998
1383 1.3986291885375977
1384 0.9448087215423584
1385 1.441269040107727
1386 1.2600078582763672
1387 1.9308096170425415
1388 1.3273996114730835
1389 1.4620071649551392
1390 1.062841534614563
1391 1.2783162593841553
1392 1.030966877937317
1393 0.8945670127868652
1394 0.9127550721168518
1395 1.060641884803772
1396 0.9813997149467468
1397 1.4088246822357178
1398 1.371031641960144
1399 1.2510477304458618
1400 1.161175012588501
1401 1.0436863899230957
1402 1.1723997592926025
1403 1.0008465051651
1404 1.4926352500915527
1405 1.6957100629806519
1406 1.5643528699874878
1407 1.4016408920288086
1408 1.3541263341903687
1409 1.2904376983642578
1410 1.3462847471237183
1411 0.8782770037651062
1412 0.42834600806236267
1413 0.7073056697845459
1414 0.7274842262268066
1415 1.2776753902435303
1416 1.018245816230774
1417 1.2520723342895508
1418 0.8054278492927551
1419 0.6602779626846313
1420 0.9405400156974792
1421 0.7279053926467896
1422 0.7696142792701721
1423 1.0043761730194092
1424 0.8972250819206238
1425 0.9284602999687195
1426 0.6599898934364319
1427 1.0391767024993896
1428 1.0630359649658203
1429 1.5137701034545898
1430 1.3967138528823853
1431 1.2260788679122925
1432 1.3487498760223389
1433 1.3278547525405884
1434 1.560306429862976
1435 1.6841003894805908
1436 1.537217140197754
1437 1.63069748878479
1438 1.035139560699463
1439 0.8223932385444641
1440 0.8111433386802673
1441 0.8187353014945984
1442 0.9127249717712402
1443 0.7581824660301208
1444 0.7112377285957336
1445 1.2625209093093872
1446 0.7370309233665466
1447 0.9069306254386902
1448 1.1290115118026733
1449 1.4641228914260864
1450 1.301445722579956
1451 1.5274296998977661
1452 1.0878483057022095
1453 1.1006700992584229
1454 0.8397295475006104
1455 1.1349895000457764
1456 0.9413027763366699
1457 0.6148911118507385
1458 1.0493073463439941
1459 1.2248271703720093
1460 1.2707188129425049
1461 1.0032788515090942
1462 1.1018446683883667
1463 0.7062692046165466
1464 1.0244638919830322
1465 0.6854916214942932
1466 0.7357351183891296
1467 1.0070921182632446
1468 0.8981014490127563
1469 0.6872662305831909
1470 0.8152453899383545
1471 0.9795178174972534
1472 1.220407485961914
1473 0.6780465841293335
1474 1.2396411895751953
1475 1.0005199909210205
1476 1.0811164379119873
1477 1.1325080394744873
1478 1.1159194707870483
1479 1.2676458358764648
1480 0.8401944637298584
1481 0.882152259349823
1482 1.0309195518493652
1483 1.315806269645691
1484 1.326409935951233
1485 1.1864445209503174
1486 1.1631362438201904
1487 0.901546061038971
1488 0.7971205711364746
1489 1.5943989753723145
1490 0.7917805314064026
1491 0.8526417016983032
1492 0.6290091276168823
1493 1.1148808002471924
1494 1.1505604982376099
1495 0.8800162076950073
1496 0.929970920085907
1497 1.0580544471740723
1498 1.2757484912872314
1499 1.0917245149612427
1500 1.483643651008606
1501 1.4160383939743042
1502 1.1830122470855713
1503 1.3106523752212524
1504 1.1525261402130127
1505 1.2000404596328735
1506 1.1263976097106934
1507 0.9574171304702759
1508 1.0336381196975708
1509 0.888767421245575
1510 0.3265446424484253
1511 1.1474084854125977
1512 1.042914628982544
1513 0.760640561580658
1514 0.4656141698360443
1515 0.8887156844139099
1516 1.1520769596099854
1517 1.202799677848816
1518 1.213707685470581
1519 1.573010802268982
1520 1.4436876773834229
1521 0.8537077903747559
1522 1.3877190351486206
1523 0.7683192491531372
1524 0.9632949233055115
1525 1.0396684408187866
1526 0.6961893439292908
1527 1.2363642454147339
1528 1.5708802938461304
1529 1.3404101133346558
1530 1.0106948614120483
1531 1.0379114151000977
1532 1.3333826065063477
1533 1.1873970031738281
1534 1.4900569915771484
1535 1.4133083820343018
1536 1.3281644582748413
1537 0.845427930355072
1538 1.0019983053207397
1539 1.2326279878616333
1540 1.63973069190979
1541 1.2400180101394653
1542 1.6980674266815186
1543 1.5034208297729492
1544 1.2672067880630493
1545 1.842874526977539
1546 1.678168535232544
1547 1.4609555006027222
1548 1.2808655500411987
1549 1.4064689874649048
1550 0.8315445184707642
1551 1.3781498670578003
1552 0.6586711406707764
1553 1.0329177379608154
1554 1.1319838762283325
1555 1.2263996601104736
1556 0.8204758167266846
1557 0.7288067936897278
1558 0.8764930367469788
1559 0.9093641042709351
1560 0.952373743057251
1561 0.7282641530036926
1562 0.531659722328186
1563 0.8550160527229309
1564 1.333243489265442
1565 1.0257296562194824
1566 1.0751954317092896
1567 1.278891682624817
1568 1.1883798837661743
1569 1.2198212146759033
1570 1.3483121395111084
1571 0.6256564855575562
1572 0.7878713607788086
1573 1.076003074645996
1574 1.2390235662460327
1575 0.927125871181488
1576 0.9127689599990845
1577 0.898816704750061
1578 0.8671114444732666
1579 1.2016220092773438
1580 0.9073361754417419
1581 1.1070457696914673
1582 0.852618396282196
1583 0.5182100534439087
1584 1.0929431915283203
1585 0.7611032724380493
1586 0.9303994178771973
1587 0.7213172912597656
1588 0.5184197425842285
1589 0.7559127807617188
1590 0.7391892671585083
1591 0.8718283176422119
1592 0.9285366535186768
1593 1.159670114517212
1594 1.3096190690994263
1595 1.0964783430099487
1596 1.6347084045410156
1597 1.329055666923523
1598 0.9708414077758789
1599 0.9744369387626648
1600 1.2201154232025146
1601 1.522189974784851
1602 1.3663932085037231
1603 1.5499536991119385
1604 1.538280963897705
1605 1.4130206108093262
1606 1.2450507879257202
1607 0.9724047780036926
1608 1.2415539026260376
1609 1.1201488971710205
1610 0.6959342360496521
1611 1.1342048645019531
1612 0.736484169960022
1613 1.1458733081817627
1614 0.30689001083374023
1615 1.1062424182891846
1616 0.7166680693626404
1617 1.0822677612304688
1618 0.8390945196151733
1619 1.1703819036483765
1620 1.5162044763565063
1621 1.218469262123108
1622 0.9674296379089355
1623 1.691378116607666
1624 1.3617762327194214
1625 1.447656273841858
1626 0.9811182618141174
1627 1.452446699142456
1628 1.3389320373535156
1629 1.2573812007904053
1630 0.9572571516036987
1631 1.117926836013794
1632 1.2770438194274902
1633 1.7016109228134155
1634 1.2649635076522827
1635 1.3776140213012695
1636 0.92845618724823
1637 0.9829052686691284
1638 1.326276421546936
1639 1.0141161680221558
1640 1.19271719455719
1641 0.9883634448051453
1642 1.539894700050354
1643 1.2374926805496216
1644 1.0563751459121704
1645 0.8253024816513062
1646 1.7246562242507935
1647 1.729744791984558
1648 1.4291026592254639
1649 1.3558127880096436
1650 1.0531463623046875
1651 0.9559636116027832
1652 1.213595986366272
1653 1.4352171421051025
1654 1.3669177293777466
1655 1.5731269121170044
1656 1.1010806560516357
1657 1.2017707824707031
1658 1.6453964710235596
1659 0.8542826175689697
1660 1.094839096069336
1661 1.1914936304092407
1662 1.83755624294281
1663 0.8238331079483032
1664 0.5351234674453735
1665 0.5626626014709473
1666 0.9775556921958923
1667 0.9171019196510315
1668 1.1610244512557983
1669 1.194142460823059
1670 0.9779024124145508
1671 0.8500789999961853
1672 1.320299744606018
1673 1.767410159111023
1674 1.3799428939819336
1675 1.1553903818130493
1676 1.39706552028656
1677 1.5487499237060547
1678 1.2278056144714355
1679 0.9351676106452942
1680 1.1542474031448364
1681 0.6726858615875244
1682 1.0976054668426514
1683 1.2447278499603271
1684 0.941142737865448
1685 1.1736106872558594
1686 0.9616179466247559
1687 1.3943485021591187
1688 0.9254096150398254
1689 0.6010623574256897
1690 0.4751701354980469
1691 0.9531283378601074
1692 0.8091207146644592
1693 1.431249737739563
1694 0.9608486294746399
1695 1.1191003322601318
1696 0.8960337042808533
1697 0.9589108228683472
1698 0.9936318397521973
1699 0.9241518974304199
1700 1.1333084106445313
1701 0.8531217575073242
1702 1.2734928131103516
1703 0.7788055539131165
1704 0.9223200082778931
1705 1.2241729497909546
1706 1.0917750597000122
1707 0.6054424047470093
1708 0.8907052278518677
1709 1.1315240859985352
1710 0.9909729361534119
1711 1.1430470943450928
1712 0.9602572917938232
1713 1.3045353889465332
1714 0.9197465181350708
1715 1.1199289560317993
1716 0.6750237941741943
1717 1.0761120319366455
1718 0.6858684420585632
1719 1.0450067520141602
1720 0.6874299645423889
1721 1.205346703529358
1722 1.1094387769699097
1723 0.8547800779342651
1724 1.007143259048462
1725 1.1836384534835815
1726 1.0593888759613037
1727 0.6358373165130615
1728 1.047461986541748
1729 0.9495158791542053
1730 1.1784472465515137
1731 1.2439563274383545
1732 1.0432325601577759
1733 1.0343050956726074
1734 1.2151126861572266
1735 1.1300767660140991
1736 0.6230701208114624
1737 0.9041184186935425
1738 0.937394380569458
1739 1.1321547031402588
1740 0.8452877402305603
1741 0.9696254730224609
1742 0.5875158309936523
1743 0.9750857353210449
1744 0.9672332406044006
1745 1.0085482597351074
1746 1.2225743532180786
1747 0.7699034810066223
1748 0.7290997505187988
1749 0.5859057903289795
1750 0.9844088554382324
1751 1.017350196838379
1752 0.89586341381073
1753 1.213743805885315
1754 1.3628407716751099
1755 1.1668598651885986
1756 1.4988282918930054
1757 1.5211797952651978
1758 1.5613123178482056
1759 1.487188696861267
1760 1.253746747970581
1761 1.717113971710205
1762 1.5072461366653442
1763 1.4726287126541138
1764 1.6748895645141602
1765 1.22196626663208
1766 0.9429893493652344
1767 0.7701472640037537
1768 0.4547518789768219
1769 0.9673816561698914
1770 1.055596113204956
1771 1.357520580291748
1772 0.805772066116333
1773 0.8438533544540405
1774 0.6555671691894531
1775 0.9418418407440186
1776 0.7597652077674866
1777 0.5228372812271118
1778 0.32899484038352966
1779 1.2130017280578613
1780 0.8992820978164673
1781 0.8985425233840942
1782 0.475577175617218
1783 0.7797523140907288
1784 0.6347019076347351
1785 0.8993960618972778
1786 0.8201282024383545
1787 1.0474278926849365
1788 0.5198699235916138
1789 0.9513500928878784
1790 1.1373072862625122
1791 1.3719322681427002
1792 1.3975410461425781
1793 0.9457613825798035
1794 1.1518913507461548
1795 1.1287356615066528
1796 1.5654608011245728
1797 1.0738401412963867
1798 0.9186208248138428
1799 0.9838531613349915
1800 0.6916611194610596
1801 1.2640901803970337
1802 0.9015085101127625
1803 1.0328645706176758
1804 1.015791654586792
1805 1.03396475315094
1806 0.9820612668991089
1807 0.676362931728363
1808 0.2730824649333954
1809 0.8988670110702515
1810 1.1079453229904175
1811 0.6207687258720398
1812 0.7589226365089417
1813 0.604956865310669
1814 0.781195878982544
1815 1.0653940439224243
1816 0.690441370010376
1817 0.705661416053772
1818 0.8908337950706482
1819 1.0745865106582642
1820 0.9525328278541565
1821 0.743270218372345
1822 0.9811813831329346
1823 0.6807922720909119
1824 1.1017475128173828
1825 1.044342041015625
1826 0.7004610300064087
1827 0.6091085076332092
1828 0.8613530993461609
1829 0.8576195240020752
1830 1.5458766222000122
1831 0.8456326723098755
1832 1.065121054649353
1833 0.8675937056541443
1834 0.9590283632278442
1835 1.3918626308441162
1836 1.2491488456726074
1837 1.1741122007369995
1838 1.339923620223999
1839 1.8572677373886108
1840 1.1722276210784912
1841 0.7838292717933655
1842 0.9999228119850159
1843 1.3876063823699951
1844 0.8293322920799255
1845 1.0301811695098877
1846 0.7559031248092651
1847 1.2453309297561646
1848 1.153098702430725
1849 1.7233222723007202
1850 1.6082853078842163
1851 1.4570298194885254
1852 1.0359302759170532
1853 0.8446990847587585
1854 0.7082033157348633
1855 1.0880241394042969
1856 1.002140760421753
1857 1.0481960773468018
1858 1.1163268089294434
1859 0.9837290644645691
1860 1.250856876373291
1861 1.3740780353546143
1862 1.32072913646698
1863 1.4671416282653809
1864 1.094241738319397
1865 0.9645156264305115
1866 1.0980381965637207
1867 1.1111524105072021
1868 1.5189982652664185
1869 1.2671068906784058
1870 1.3810033798217773
1871 1.7709167003631592
1872 1.5775150060653687
1873 1.3533718585968018
1874 1.502728819847107
1875 1.5025995969772339
1876 1.5054570436477661
1877 1.02229905128479
1878 1.3535202741622925
1879 1.4615811109542847
1880 1.432765245437622
1881 1.4898761510849
1882 1.7731934785842896
1883 1.491669774055481
1884 1.826339840888977
1885 1.3137468099594116
1886 1.4808646440505981
1887 1.5943189859390259
1888 1.1587342023849487
1889 1.2643104791641235
1890 1.329964518547058
1891 1.1241079568862915
1892 1.3147835731506348
1893 1.1713626384735107
1894 0.918730616569519
1895 1.5075335502624512
1896 1.0940136909484863
1897 1.5398507118225098
1898 1.3774480819702148
1899 0.9538199305534363
1900 0.919362485408783
1901 1.4698964357376099
1902 0.7185706496238708
1903 1.0078644752502441
1904 0.7369146943092346
1905 1.1700258255004883
1906 1.3306032419204712
1907 1.3191813230514526
1908 1.2199649810791016
1909 0.6664742231369019
1910 1.003029465675354
1911 1.0598808526992798
1912 1.5725175142288208
1913 1.1238033771514893
1914 0.7058655619621277
1915 1.0758018493652344
1916 1.4237099885940552
1917 1.580230474472046
1918 1.3047525882720947
1919 0.739861011505127
1920 1.2738012075424194
1921 1.3065694570541382
1922 1.3007186651229858
1923 1.2781856060028076
1924 1.1269969940185547
1925 0.7792103290557861
1926 0.9031400084495544
1927 0.9837741851806641
1928 1.313309907913208
1929 1.164155125617981
1930 1.2076445817947388
1931 1.27456533908844
1932 1.2614765167236328
1933 1.2730026245117188
1934 1.4113702774047852
1935 1.180004358291626
1936 1.2464969158172607
1937 1.0240638256072998
1938 0.7800889611244202
1939 0.5409490466117859
1940 0.9996163845062256
1941 0.8794420957565308
1942 1.3229399919509888
1943 1.1812382936477661
1944 1.080005407333374
1945 0.9490232467651367
1946 1.0287938117980957
1947 1.1681443452835083
1948 0.9043912291526794
1949 0.8837534785270691
1950 1.3046586513519287
1951 0.9662194848060608
1952 1.1342253684997559
1953 1.2916370630264282
1954 1.2029283046722412
1955 1.4402055740356445
1956 1.6483213901519775
1957 1.379251480102539
1958 1.7281672954559326
1959 1.5911465883255005
1960 1.9263302087783813
1961 1.521913766860962
1962 1.1981143951416016
1963 1.6907639503479004
1964 1.902755856513977
1965 1.6521347761154175
1966 1.3119866847991943
1967 1.3959587812423706
1968 1.2970377206802368
1969 1.3927701711654663
1970 1.6467329263687134
1971 1.1978542804718018
1972 1.7358816862106323
1973 1.6938426494598389
1974 1.720629334449768
1975 1.26981520652771
1976 1.441932201385498
1977 1.7582675218582153
1978 1.6432956457138062
1979 1.109436273574829
1980 1.3277713060379028
1981 1.5064477920532227
1982 1.2893534898757935
1983 1.5348753929138184
1984 1.6079479455947876
1985 1.924166202545166
1986 1.631899118423462
1987 1.0846447944641113
1988 1.550052523612976
1989 1.4288530349731445
1990 1.093396782875061
1991 1.6062051057815552
1992 0.9606192111968994
1993 1.0198062658309937
1994 1.4991190433502197
1995 1.7683521509170532
1996 1.5547229051589966
1997 1.7695255279541016
1998 1.4412572383880615
1999 1.1574013233184814
