0 0.0
1 0.25649330019950867
2 0.48080772161483765
3 0.6119875311851501
4 0.29824429750442505
5 0.29225650429725647
6 0.40971583127975464
7 0.42998039722442627
8 0.6177961826324463
9 0.563089907169342
10 0.8030267953872681
11 0.5800495743751526
12 0.6822088360786438
13 0.8051424622535706
14 0.7839069962501526
15 0.5988402962684631
16 0.723466694355011
17 0.31517690420150757
18 0.6580379009246826
19 0.6175107955932617
20 0.5490481853485107
21 0.8231096267700195
22 0.30821463465690613
23 0.4186556339263916
24 0.5689570307731628
25 0.4650328457355499
26 0.39544349908828735
27 0.4904085099697113
28 0.5302680134773254
29 0.5928062200546265
30 0.6030999422073364
31 0.636328399181366
32 0.37063735723495483
33 0.36534440517425537
34 0.5106706023216248
35 0.6644553542137146
36 0.8525452613830566
37 0.2815884053707123
38 0.642899751663208
39 0.5577517747879028
40 0.6143016219139099
41 0.7589206099510193
42 0.8006681203842163
43 0.817613422870636
44 0.894274890422821
45 0.7794535160064697
46 0.9427000880241394
47 0.6463432908058167
48 0.8353736996650696
49 0.8367897868156433
50 0.408017635345459
51 0.5376634001731873
52 0.40374311804771423
53 0.4673522412776947
54 0.35463687777519226
55 0.7737898826599121
56 0.694557785987854
57 0.7246803045272827
58 0.6140219569206238
59 0.6420738101005554
60 0.43560269474983215
61 0.6933258175849915
62 0.7507168650627136
63 0.6253581643104553
64 0.8626459240913391
65 0.504196286201477
66 0.757768452167511
67 0.9140374064445496
68 0.9165186882019043
69 0.8993023633956909
70 0.9755455255508423
71 0.4734208881855011
72 0.732793390750885
73 1.0487807989120483
74 0.4141980707645416
75 0.9568068981170654
76 0.32673782110214233
77 0.5076233148574829
78 0.46850553154945374
79 0.46058782935142517
80 0.5617272853851318
81 0.6876477003097534
82 0.5747485160827637
83 0.6179102063179016
84 0.4665999412536621
85 0.6073539853096008
86 0.6468337178230286
87 0.7330631017684937
88 0.5135198831558228
89 0.27523958683013916
90 0.562140166759491
91 0.5753312706947327
92 0.6780842542648315
93 0.7506831288337708
94 0.7059551477432251
95 0.2778731882572174
96 1.083517074584961
97 0.8671238422393799
98 0.8033084869384766
99 0.7099028825759888
100 0.41639086604118347
101 0.7115626335144043
102 0.4859500229358673
103 1.0347915887832642
104 0.9906065464019775
105 0.5241120457649231
106 0.4635545611381531
107 0.6095073819160461
108 0.4618472456932068
109 0.5925237536430359
110 0.5173746943473816
111 0.6846796870231628
112 0.633050799369812
113 0.4976082444190979
114 0.5991305708885193
115 0.7336158752441406
116 0.8485545516014099
117 0.9122134447097778
118 0.5301283001899719
119 0.9539844393730164
120 0.7428170442581177
121 0.5001936554908752
122 0.6625818014144897
123 0.34116408228874207
124 0.5473242998123169
125 0.5857052206993103
126 0.8149455189704895
127 0.9967533946037292
128 0.44264569878578186
129 0.5580733418464661
130 0.5184977650642395
131 0.49975037574768066
132 0.5538078546524048
133 0.9665507078170776
134 0.5417177677154541
135 0.4579368233680725
136 0.46857374906539917
137 0.4957669973373413
138 0.3890015184879303
139 0.6120595932006836
140 0.580154538154602
141 0.7584083676338196
142 0.9633122682571411
143 0.9757357239723206
144 0.9974468350410461
145 0.4038713276386261
146 0.49856099486351013
147 0.6914519667625427
148 0.8146908283233643
149 0.7736258506774902
150 0.5698553919792175
151 0.6036843061447144
152 0.7044168710708618
153 0.4728313684463501
154 0.4912436604499817
155 0.6126126646995544
156 0.5043637156486511
157 0.6370238661766052
158 0.5748091340065002
159 0.8162246346473694
160 0.6308178305625916
161 0.7619561553001404
162 0.3504785895347595
163 0.43114709854125977
164 0.7856151461601257
165 0.9237369298934937
166 1.000514030456543
167 0.5473878383636475
168 0.5224457383155823
169 0.37404537200927734
170 0.6149262189865112
171 0.9169290065765381
172 0.735560953617096
173 0.5915617346763611
174 0.5994051098823547
175 0.5982635021209717
176 0.3250291049480438
177 0.6802660822868347
178 0.886381208896637
179 0.44170576333999634
180 0.8793981075286865
181 0.38158655166625977
182 0.4000060260295868
183 0.45293745398521423
184 0.2815077602863312
185 0.39737382531166077
186 0.6843834519386292
187 0.5579365491867065
188 0.4951610863208771
189 0.7214990854263306
190 0.3022894263267517
191 0.47819191217422485
192 0.5792046785354614
193 0.4707008898258209
194 0.5358608365058899
195 0.5399705171585083
196 0.6711528301239014
197 0.5356013774871826
198 0.4684925377368927
199 0.6056991219520569
200 0.5622201561927795
201 0.3098745346069336
202 0.5797308683395386
203 0.3940596580505371
204 0.4399019181728363
205 0.568683385848999
206 0.29705125093460083
207 0.8359580636024475
208 0.7380691170692444
209 0.5074337124824524
210 0.7836742997169495
211 0.41451647877693176
212 0.5713257193565369
213 0.4140002727508545
214 0.5530511140823364
215 0.3224058151245117
216 0.5335454940795898
217 0.3936043679714203
218 0.3888346552848816
219 0.5123505592346191
220 0.6066914200782776
221 0.7030758857727051
222 0.5041633248329163
223 0.58246910572052
224 0.679551899433136
225 0.47948893904685974
226 0.5609244704246521
227 0.4146186113357544
228 0.35144954919815063
229 0.3533828556537628
230 0.30706652998924255
231 0.2953312397003174
232 0.5237367153167725
233 0.29943567514419556
234 0.4130048453807831
235 0.476824551820755
236 0.46825769543647766
237 0.6772257685661316
238 0.7781034708023071
239 0.5829912424087524
240 0.9207778573036194
241 0.5732906460762024
242 0.41148945689201355
243 0.4279777407646179
244 0.4614984095096588
245 0.4204767942428589
246 0.5638203024864197
247 0.36674463748931885
248 0.8195398449897766
249 0.48859134316444397
250 0.5304926633834839
251 0.48309504985809326
252 0.3649106025695801
253 0.7705578804016113
254 0.8074612021446228
255 0.455726683139801
256 0.4624202847480774
257 0.49169275164604187
258 0.5819808840751648
259 0.552963137626648
260 0.5816737413406372
261 0.4791310429573059
262 0.8473508954048157
263 0.3369273841381073
264 0.3767261803150177
265 0.3773590922355652
266 0.9440290331840515
267 0.6871057152748108
268 0.42096269130706787
269 0.8824865221977234
270 0.3903348743915558
271 0.46140894293785095
272 0.3940766751766205
273 0.9633983373641968
274 0.4352205991744995
275 0.43906936049461365
276 0.7725203037261963
277 0.8955507278442383
278 0.6550462245941162
279 0.41738227009773254
280 0.5203927755355835
281 0.8052420020103455
282 0.6432213187217712
283 0.5203685164451599
284 0.744133710861206
285 0.6971752047538757
286 1.3269834518432617
287 1.2180286645889282
288 0.8550513386726379
289 0.8812025785446167
290 0.6621881723403931
291 0.3643620014190674
292 1.0843989849090576
293 0.6750041246414185
294 1.0240780115127563
295 0.919220507144928
296 1.1855131387710571
297 0.9959041476249695
298 0.8867008090019226
299 0.9019726514816284
300 1.3008748292922974
301 1.150496006011963
302 1.0482168197631836
303 0.5922493934631348
304 0.3566391170024872
305 0.552505373954773
306 0.49328941106796265
307 0.5338314771652222
308 0.5481908917427063
309 0.4447385370731354
310 0.3276556730270386
311 0.561679482460022
312 0.790850043296814
313 0.3708503842353821
314 0.5046472549438477
315 0.9642305374145508
316 0.5516788363456726
317 0.48344603180885315
318 0.3856979012489319
319 0.4695637822151184
320 0.5225152969360352
321 0.5489336252212524
322 0.7207418084144592
323 0.6340071558952332
324 0.7966262102127075
325 0.6170247793197632
326 0.7123579382896423
327 0.6597430109977722
328 0.7927234172821045
329 0.3463641405105591
330 0.7098219394683838
331 0.8943067193031311
332 0.8068408966064453
333 0.6174460053443909
334 0.7042951583862305
335 0.5840283036231995
336 0.4382810890674591
337 0.7312514781951904
338 0.6924289464950562
339 1.0052064657211304
340 0.40317827463150024
341 0.5192427635192871
342 0.34931811690330505
343 0.5757806897163391
344 0.4738171100616455
345 0.45754387974739075
346 0.46204033493995667
347 0.47132590413093567
348 0.32392141222953796
349 0.6882489919662476
350 0.4266353249549866
351 0.6629430651664734
352 0.5743629932403564
353 0.49968284368515015
354 0.6892006993293762
355 0.6081867814064026
356 0.5609708428382874
357 0.5547135472297668
358 0.47804826498031616
359 0.6925216317176819
360 0.667909562587738
361 0.4196089208126068
362 0.6560533046722412
363 0.7419041395187378
364 0.6497706174850464
365 0.5790164470672607
366 0.5612387657165527
367 0.5844337344169617
368 0.40451231598854065
369 0.6016610264778137
370 0.5354268550872803
371 0.5851410031318665
372 0.6219386458396912
373 0.55711430311203
374 0.6147664785385132
375 0.5740572810173035
376 0.633030116558075
377 0.8308514952659607
378 0.44013890624046326
379 0.5662147402763367
380 0.6574491262435913
381 0.3830004930496216
382 0.5805873870849609
383 0.6495577096939087
384 0.6848201155662537
385 0.38992545008659363
386 0.5678161978721619
387 0.7139410972595215
388 0.6466106176376343
389 0.535494327545166
390 0.5501972436904907
391 0.5019979476928711
392 0.27831292152404785
393 0.47835227847099304
394 0.6891276836395264
395 0.4910275936126709
396 0.6053960919380188
397 0.9843255877494812
398 0.7751060128211975
399 0.48949795961380005
400 0.6189420819282532
401 1.0077046155929565
402 0.9228197932243347
403 0.83563232421875
404 0.8039509057998657
405 0.7744466662406921
406 0.6439628005027771
407 0.5250518918037415
408 0.42336779832839966
409 0.5474566221237183
410 0.5431523323059082
411 0.2572127878665924
412 0.7294939160346985
413 0.8344506025314331
414 0.41159936785697937
415 0.8055292367935181
416 0.3366251587867737
417 0.5662988424301147
418 0.5599404573440552
419 0.6489555835723877
420 0.589888870716095
421 0.7454814910888672
422 0.563243567943573
423 0.7946075797080994
424 0.3313618004322052
425 0.514024019241333
426 0.5318302512168884
427 0.47474774718284607
428 0.34943634271621704
429 0.43442434072494507
430 0.6655693054199219
431 0.45486971735954285
432 0.5846233367919922
433 0.7366904616355896
434 0.5786359906196594
435 0.6105841398239136
436 0.4725373685359955
437 0.48082345724105835
438 0.49046504497528076
439 0.49619680643081665
440 0.4741513431072235
441 1.4718414545059204
442 0.9006799459457397
443 0.5576593279838562
444 0.8072373867034912
445 0.728516697883606
446 0.6181290149688721
447 0.5922070741653442
448 0.4512290954589844
449 0.6491283774375916
450 0.5207436680793762
451 0.6459710597991943
452 0.3931318521499634
453 0.8717073202133179
454 0.6391454339027405
455 0.6430790424346924
456 0.7612444162368774
457 0.6389551758766174
458 0.7555592656135559
459 0.7549991607666016
460 0.6745695471763611
461 0.5083993673324585
462 0.5488905310630798
463 0.4777483344078064
464 0.6473408937454224
465 0.4153708219528198
466 0.7318153977394104
467 0.5459731221199036
468 0.5735827088356018
469 0.9537203311920166
470 0.6841503381729126
471 0.5365523099899292
472 0.5294492244720459
473 0.7011883854866028
474 0.834568202495575
475 0.6531175374984741
476 1.0487514734268188
477 0.581657886505127
478 0.48658180236816406
479 1.11275315284729
480 0.6026543974876404
481 1.235355019569397
482 0.5498205423355103
483 0.9661688804626465
484 0.7544345855712891
485 0.4529293477535248
486 0.5350874066352844
487 0.6540349125862122
488 0.6543205976486206
489 0.37150052189826965
490 0.4310375452041626
491 0.6597448587417603
492 0.6917217373847961
493 0.34063002467155457
494 0.3928103446960449
495 0.5238057374954224
496 0.4005371332168579
497 0.5929572582244873
498 0.6572372913360596
499 0.7127898931503296
500 0.44604501128196716
501 0.40908223390579224
502 0.6700839996337891
503 0.8252426385879517
504 0.3894500434398651
505 0.42656758427619934
506 0.26577529311180115
507 0.3090231418609619
508 0.6344357132911682
509 0.5913607478141785
510 0.9032806158065796
511 0.7883371114730835
512 0.5534160137176514
513 0.6890885233879089
514 0.5690242648124695
515 0.3624219000339508
516 0.736448347568512
517 0.5523344278335571
518 0.5236678719520569
519 0.5896983742713928
520 0.4518325626850128
521 0.44725242257118225
522 0.5325497388839722
523 0.4010044038295746
524 0.7895846962928772
525 0.8937726616859436
526 0.8016133308410645
527 0.44527384638786316
528 0.3518044948577881
529 0.7314308285713196
530 0.6667444705963135
531 0.6022278666496277
532 0.36292827129364014
533 0.5035154819488525
534 1.0677660703659058
535 0.2802392840385437
536 0.7372927665710449
537 0.5501518249511719
538 0.8528883457183838
539 1.0839128494262695
540 0.735315203666687
541 0.6280385851860046
542 1.038222312927246
543 0.8157157897949219
544 1.1848258972167969
545 0.8375293612480164
546 0.7677954435348511
547 0.34008845686912537
548 0.4812849760055542
549 0.5961794257164001
550 0.7267537713050842
551 0.5960984230041504
552 0.3628106713294983
553 0.38900357484817505
554 0.4096517860889435
555 0.4192005693912506
556 0.3715498745441437
557 0.6036125421524048
558 0.8243566751480103
559 0.3513948321342468
560 0.9064366221427917
561 0.6626485586166382
562 0.6013525128364563
563 0.42519906163215637
564 0.4194522202014923
565 0.7581315040588379
566 0.5363129377365112
567 0.706872284412384
568 0.41619476675987244
569 0.3721696138381958
570 0.35784175992012024
571 0.5414329767227173
572 0.5014696717262268
573 0.5736902952194214
574 0.6077017188072205
575 0.45170384645462036
576 0.48275303840637207
577 0.7074105739593506
578 0.7067868709564209
579 1.0041674375534058
580 0.7685410380363464
581 0.8127306699752808
582 1.1864620447158813
583 0.6085671782493591
584 0.662198543548584
585 0.3116273880004883
586 0.5566458106040955
587 0.47054412961006165
588 0.6430736184120178
589 0.8255760073661804
590 0.7379509210586548
591 0.601388692855835
592 0.4486444890499115
593 0.2868969142436981
594 0.6768178343772888
595 0.9933374524116516
596 0.8785257935523987
597 0.5661246180534363
598 0.6763615012168884
599 0.7112179398536682
600 0.5920170545578003
601 0.35670703649520874
602 0.5205817818641663
603 0.7842309474945068
604 0.6432929039001465
605 0.7305728793144226
606 0.45946723222732544
607 0.28525346517562866
608 0.7338563799858093
609 0.5477594137191772
610 0.4027274549007416
611 0.46664655208587646
612 0.6962121725082397
613 0.7339047193527222
614 1.0197534561157227
615 0.7209593653678894
616 0.6377149224281311
617 0.5025256276130676
618 0.9486820697784424
619 0.727676272392273
620 0.4474179148674011
621 0.9500033855438232
622 0.7713505625724792
623 0.980566680431366
624 1.0620981454849243
625 0.5427617430686951
626 0.6371302604675293
627 0.5246990919113159
628 0.5537403225898743
629 0.5974692106246948
630 0.7507376074790955
631 0.5519974827766418
632 0.8229730725288391
633 0.9876558184623718
634 0.8815604448318481
635 0.5750364065170288
636 0.48869258165359497
637 1.1268880367279053
638 0.6080794334411621
639 0.5985095500946045
640 0.7861658930778503
641 0.780357837677002
642 0.4705006182193756
643 0.43840378522872925
644 0.4885978400707245
645 0.5976024270057678
646 0.7100768685340881
647 0.7205894589424133
648 0.8965388536453247
649 0.4833703935146332
650 0.6033066511154175
651 0.5262646079063416
652 0.38102272152900696
653 0.7000392079353333
654 0.47179245948791504
655 0.4690045714378357
656 0.8698546886444092
657 0.6278511881828308
658 0.2984338700771332
659 0.6817439794540405
660 0.661996066570282
661 0.5605331063270569
662 0.9382176399230957
663 0.9101623296737671
664 1.0069218873977661
665 0.7808022499084473
666 0.6192128658294678
667 0.7785547375679016
668 0.8565443754196167
669 0.7569707036018372
670 1.0427358150482178
671 0.7944014072418213
672 0.4461720585823059
673 0.6396045088768005
674 0.602493941783905
675 0.542751133441925
676 0.44059330224990845
677 0.5611772537231445
678 0.6904129385948181
679 0.5921685695648193
680 0.7193041443824768
681 0.7349371910095215
682 0.8968206644058228
683 0.7881208658218384
684 0.9320581555366516
685 0.8693075776100159
686 0.42942315340042114
687 0.6863967776298523
688 0.7396166324615479
689 0.6072402596473694
690 0.5428311824798584
691 0.5790044069290161
692 0.541303813457489
693 0.44376012682914734
694 0.26001694798469543
695 0.29034921526908875
696 0.382407546043396
697 0.4452815651893616
698 0.43456682562828064
699 0.45007213950157166
700 0.5450043678283691
701 0.305542528629303
702 0.8489983081817627
703 1.0866825580596924
704 1.2222907543182373
705 0.7708973288536072
706 0.5371635556221008
707 0.8997535109519958
708 0.7889038324356079
709 1.2521021366119385
710 1.149842381477356
711 0.8052431344985962
712 1.043696403503418
713 1.0590910911560059
714 1.3959649801254272
715 1.0250450372695923
716 1.2176625728607178
717 0.6938573122024536
718 1.156996250152588
719 0.9620402455329895
720 1.4842451810836792
721 1.0372709035873413
722 0.913644552230835
723 0.8371672034263611
724 0.8903475999832153
725 1.4840203523635864
726 1.1644935607910156
727 1.2590304613113403
728 1.4056698083877563
729 1.8951630592346191
730 1.6448107957839966
731 1.9955700635910034
732 1.7163429260253906
733 2.0843214988708496
734 2.048431158065796
735 2.1137471199035645
736 1.8036059141159058
737 1.685634732246399
738 1.119680404663086
739 1.2869571447372437
740 1.0054274797439575
741 1.7231614589691162
742 1.5885752439498901
743 1.6964011192321777
744 1.1507030725479126
745 1.2186282873153687
746 1.7918978929519653
747 1.2414934635162354
748 1.0517387390136719
749 1.0912264585494995
750 1.5700122117996216
751 1.4959392547607422
752 1.8845046758651733
753 1.4007419347763062
754 1.3252474069595337
755 1.485945463180542
756 1.4499938488006592
757 1.9006868600845337
758 1.725533366203308
759 1.152603268623352
760 1.5006908178329468
761 1.0075037479400635
762 1.5739566087722778
763 1.2218451499938965
764 1.1659857034683228
765 1.4252945184707642
766 1.7099437713623047
767 1.7339874505996704
768 1.4408372640609741
769 1.2701520919799805
770 1.1905429363250732
771 0.9182876944541931
772 1.1012814044952393
773 0.5357183814048767
774 1.0040910243988037
775 0.7004461884498596
776 0.47751107811927795
777 0.46459630131721497
778 0.9252305626869202
779 0.67442387342453
780 0.4222090244293213
781 0.46889445185661316
782 0.3941459059715271
783 0.4802992641925812
784 0.7497259378433228
785 0.8050150871276855
786 0.42072832584381104
787 0.43405064940452576
788 0.4552825093269348
789 0.5375763177871704
790 0.2627750337123871
791 0.7357315421104431
792 0.6483204364776611
793 0.5095043778419495
794 0.41954049468040466
795 0.5961743593215942
796 0.6653926372528076
797 0.5474127531051636
798 0.6275882720947266
799 0.5692053437232971
800 0.6715642809867859
801 0.622191846370697
802 0.2988647520542145
803 0.5267070531845093
804 0.7937440872192383
805 0.7483459115028381
806 0.5386663675308228
807 0.5911307334899902
808 0.49312537908554077
809 0.552270233631134
810 0.5001039505004883
811 0.4498229920864105
812 0.48305630683898926
813 0.8623172044754028
814 1.0547136068344116
815 1.273772120475769
816 1.6085338592529297
817 1.3205252885818481
818 1.3845725059509277
819 1.253985047340393
820 1.154333233833313
821 1.2664316892623901
822 1.6668645143508911
823 1.7294650077819824
824 1.7556906938552856
825 1.6314442157745361
826 1.3264631032943726
827 1.4305065870285034
828 1.4687858819961548
829 1.8924046754837036
830 1.778025507926941
831 1.8793621063232422
832 1.9538975954055786
833 1.7070130109786987
834 1.3595269918441772
835 1.4605352878570557
836 1.497268795967102
837 0.6806155443191528
838 0.9369069933891296
839 0.800910472869873
840 0.9300194382667542
841 0.871849000453949
842 0.9639495015144348
843 0.8322223424911499
844 1.1892961263656616
845 0.45107150077819824
846 0.40665358304977417
847 0.4327787458896637
848 0.5250572562217712
849 0.5330938696861267
850 0.8319476842880249
851 0.6199658513069153
852 0.3537617325782776
853 0.6392772793769836
854 0.691845715045929
855 0.5006921887397766
856 0.41758105158805847
857 0.5693390965461731
858 0.803503155708313
859 0.8167581558227539
860 0.9040505290031433
861 0.35259339213371277
862 0.6183037161827087
863 0.5250017046928406
864 0.6179006099700928
865 0.3932345509529114
866 0.5735654234886169
867 0.502521812915802
868 0.542695939540863
869 0.5616876482963562
870 0.5543990135192871
871 0.5458225607872009
872 0.6087800860404968
873 0.8385583758354187
874 0.7587783932685852
875 1.0074622631072998
876 0.42120274901390076
877 0.9601364731788635
878 0.4337257146835327
879 0.5129411816596985
880 0.4119099974632263
881 0.539905309677124
882 0.6605781316757202
883 0.4278239607810974
884 0.6527637839317322
885 0.5845605134963989
886 0.6308114528656006
887 0.5635709762573242
888 0.8337313532829285
889 0.6579028964042664
890 0.6926206350326538
891 0.5740259289741516
892 0.9095955491065979
893 0.7970648407936096
894 0.9016245603561401
895 0.5147699117660522
896 0.9790295362472534
897 0.4936443865299225
898 0.5760671496391296
899 0.6229720115661621
900 0.6880326867103577
901 0.7905346155166626
902 0.6917960047721863
903 0.4642029106616974
904 0.6406362056732178
905 1.076094388961792
906 0.5948469638824463
907 0.7170862555503845
908 1.2141014337539673
909 0.4549517333507538
910 0.7090805172920227
911 0.799975574016571
912 0.567877471446991
913 0.4378015697002411
914 0.7356141209602356
915 0.5613758563995361
916 0.6061615347862244
917 0.6620540022850037
918 0.8309491276741028
919 0.44605767726898193
920 0.48414117097854614
921 0.8309600949287415
922 0.7467144131660461
923 0.6706623435020447
924 0.5136510729789734
925 0.38983964920043945
926 0.4131716787815094
927 0.5884446501731873
928 0.5584965944290161
929 0.480204313993454
930 0.5131539106369019
931 0.6384685635566711
932 0.7239964008331299
933 0.7383657693862915
934 0.6458848714828491
935 0.6727285385131836
936 0.61314857006073
937 0.4740146994590759
938 0.7119836807250977
939 0.5117956399917603
940 0.8798700571060181
941 0.5997379422187805
942 0.795001745223999
943 0.5603249669075012
944 0.7578507661819458
945 0.8657196760177612
946 0.6638036966323853
947 0.3159346878528595
948 0.5382077693939209
949 0.6259596347808838
950 0.5185272097587585
951 0.6361114978790283
952 0.7438290119171143
953 0.7326003313064575
954 0.5647503733634949
955 0.7101976871490479
956 0.5541108250617981
957 0.40631523728370667
958 0.6247262358665466
959 0.6850102543830872
960 0.981773853302002
961 0.7670204043388367
962 0.7261357307434082
963 0.5961458683013916
964 0.9952127933502197
965 0.8030779361724854
966 0.5576707124710083
967 0.8877589702606201
968 0.6482858657836914
969 1.2972363233566284
970 0.898806095123291
971 0.8323708772659302
972 0.44892117381095886
973 0.8140187859535217
974 0.6247720122337341
975 0.4251960217952728
976 0.7171324491500854
977 0.8683542609214783
978 0.7049576044082642
979 0.8913763165473938
980 0.6169130206108093
981 0.5828207731246948
982 0.5708447694778442
983 0.605503499507904
984 0.9255958199501038
985 0.577467143535614
986 0.7049660682678223
987 1.0414634943008423
988 1.0856921672821045
989 0.9372131824493408
990 0.6827961802482605
991 0.5001700520515442
992 0.6660110354423523
993 0.8534725904464722
994 0.755023717880249
995 0.6091857552528381
996 0.9515824317932129
997 0.8305299878120422
998 0.9700824618339539
999 0.738396167755127
1000 0.9019720554351807
1001 0.7295119762420654
1002 1.010537028312683
1003 0.6729951500892639
1004 0.6644958257675171
1005 0.8014359474182129
1006 0.7465530037879944
1007 0.7051872611045837
1008 0.6670169830322266
1009 0.6521901488304138
1010 1.0299264192581177
1011 1.0449689626693726
1012 0.6203601360321045
1013 0.8101824522018433
1014 0.7948868274688721
1015 0.9536782503128052
1016 1.1818698644638062
1017 0.928428053855896
1018 1.1364420652389526
1019 1.000370979309082
1020 0.9619543552398682
1021 1.419169306755066
1022 0.6276504993438721
1023 0.8621284365653992
1024 0.8500439524650574
1025 1.4747960567474365
1026 1.7134318351745605
1027 1.5368281602859497
1028 1.6805287599563599
1029 1.32276451587677
1030 1.371288537979126
1031 1.9610342979431152
1032 1.7394304275512695
1033 1.8734958171844482
1034 1.8932088613510132
1035 1.8632785081863403
1036 1.9118664264678955
1037 1.5695785284042358
1038 1.6921318769454956
1039 1.7147095203399658
1040 1.7702268362045288
1041 1.424188494682312
1042 1.6885782480239868
1043 1.4526958465576172
1044 1.7590305805206299
1045 0.9429593682289124
1046 1.4960027933120728
1047 1.4419392347335815
1048 1.306107997894287
1049 1.2180920839309692
1050 1.0775268077850342
1051 1.3062671422958374
1052 1.0875095129013062
1053 1.094673752784729
1054 1.0903395414352417
1055 1.1117534637451172
1056 1.2322471141815186
1057 1.1291018724441528
1058 1.1063644886016846
1059 1.5131486654281616
1060 1.145369052886963
1061 1.1037566661834717
1062 1.5478827953338623
1063 1.2083476781845093
1064 0.9444229602813721
1065 1.09970223903656
1066 1.012120008468628
1067 1.1758341789245605
1068 1.3637503385543823
1069 1.249018907546997
1070 1.0247845649719238
1071 1.1883976459503174
1072 1.3444676399230957
1073 0.8486413359642029
1074 1.101180076599121
1075 0.9668929576873779
1076 0.9683705568313599
1077 1.274051547050476
1078 1.3679814338684082
1079 0.7288690805435181
1080 1.1202722787857056
1081 1.2177658081054688
1082 1.191748857498169
1083 0.9745967388153076
1084 1.000670313835144
1085 1.0500974655151367
1086 1.2199461460113525
1087 1.0608519315719604
1088 1.0749332904815674
1089 0.8961372375488281
1090 1.1534533500671387
1091 0.7676321268081665
1092 1.2407366037368774
1093 0.9488996863365173
1094 1.2365567684173584
1095 1.094832420349121
1096 0.746382474899292
1097 0.9627183675765991
1098 1.0065151453018188
1099 0.8678451776504517
1100 0.5808663368225098
1101 1.0231623649597168
1102 1.2239609956741333
1103 1.1620433330535889
1104 1.0302250385284424
1105 1.0183900594711304
1106 0.9937976002693176
1107 0.6876423954963684
1108 0.7614745497703552
1109 0.8772702217102051
1110 0.8944551944732666
1111 0.7396706938743591
1112 0.7691492438316345
1113 1.1018519401550293
1114 0.7272693514823914
1115 0.8912956714630127
1116 0.8994815945625305
1117 1.0611865520477295
1118 0.8683780431747437
1119 1.0190397500991821
1120 1.2927820682525635
1121 0.856348991394043
1122 1.2533878087997437
1123 0.8703873157501221
1124 1.0805180072784424
1125 0.7730486392974854
1126 1.0494072437286377
1127 0.9717375040054321
1128 0.8224877715110779
1129 0.9605599641799927
1130 1.0505045652389526
1131 0.8172925710678101
1132 0.7778370976448059
1133 0.791854739189148
1134 1.045861840248108
1135 0.9499882459640503
1136 1.0177879333496094
1137 1.1204750537872314
1138 0.9281880259513855
1139 0.8856896162033081
1140 0.866230309009552
1141 0.9542694687843323
1142 0.9523938894271851
1143 1.1343793869018555
1144 0.9163652658462524
1145 1.0206578969955444
1146 1.213941216468811
1147 0.8964526057243347
1148 0.8389522433280945
1149 0.7535958290100098
1150 0.7938886880874634
1151 1.1095588207244873
1152 0.5932374000549316
1153 0.8344531059265137
1154 1.1148332357406616
1155 0.673871636390686
1156 0.9696638584136963
1157 0.8434179425239563
1158 0.8913639783859253
1159 0.7434027791023254
1160 0.8704593777656555
1161 0.8307179808616638
1162 0.8179957866668701
1163 1.0678671598434448
1164 0.8023735284805298
1165 1.079767107963562
1166 0.6191155314445496
1167 0.8667619824409485
1168 1.317093849182129
1169 0.6668177247047424
1170 0.7262293696403503
1171 0.9919174313545227
1172 1.3562432527542114
1173 1.0236892700195313
1174 1.048744797706604
1175 0.7862309813499451
1176 1.2100597620010376
1177 0.9572988152503967
1178 0.6388839483261108
1179 0.8547530174255371
1180 1.1852489709854126
1181 1.0450975894927979
1182 0.7766015529632568
1183 0.9267457723617554
1184 0.951246440410614
1185 0.9529017806053162
1186 1.0560098886489868
1187 0.6476975083351135
1188 0.5588365793228149
1189 1.0241971015930176
1190 0.9634286165237427
1191 1.0312352180480957
1192 0.7761266231536865
1193 0.9230833649635315
1194 1.1679209470748901
1195 1.295272946357727
1196 0.9487252831459045
1197 1.3900947570800781
1198 0.9917724132537842
1199 0.7321153879165649
1200 0.8971067667007446
1201 0.9961782097816467
1202 0.941317617893219
1203 0.9490233659744263
1204 0.7146090269088745
1205 0.7387174367904663
1206 0.576337993144989
1207 0.7670294046401978
1208 0.8663807511329651
1209 0.6982607841491699
1210 1.1486821174621582
1211 1.0956782102584839
1212 1.041605830192566
1213 1.0862600803375244
1214 1.056850790977478
1215 0.9585785865783691
1216 1.099168300628662
1217 1.2900923490524292
1218 0.9726610779762268
1219 1.0654690265655518
1220 0.9937685132026672
1221 0.8979895710945129
1222 0.8513434529304504
1223 0.671915590763092
1224 0.6440631747245789
1225 0.9352766275405884
1226 0.605105996131897
1227 0.48341965675354004
1228 0.8974684476852417
1229 0.6191909313201904
1230 0.6600911617279053
1231 0.7107237577438354
1232 0.9126025438308716
1233 1.1531362533569336
1234 0.9746777415275574
1235 0.6993808150291443
1236 0.9257631301879883
1237 1.1270663738250732
1238 0.8634694814682007
1239 0.8264492154121399
1240 1.049564003944397
1241 0.8126318454742432
1242 0.8755949139595032
1243 1.0694379806518555
1244 0.5163910984992981
1245 0.9023670554161072
1246 1.241835355758667
1247 0.8048489689826965
1248 0.923492968082428
1249 0.7949621677398682
1250 0.8185252547264099
1251 0.838576078414917
1252 0.8156226873397827
1253 0.9706295728683472
1254 1.211370587348938
1255 0.9720935821533203
1256 0.8444709777832031
1257 1.0375418663024902
1258 0.6553281545639038
1259 0.917218804359436
1260 0.7773478031158447
1261 0.9009600281715393
1262 1.0551689863204956
1263 1.0388855934143066
1264 1.4548940658569336
1265 0.9933285713195801
1266 0.9392220973968506
1267 0.6824415326118469
1268 0.6360387206077576
1269 1.0710242986679077
1270 1.1500935554504395
1271 1.0175284147262573
1272 0.8994252681732178
1273 0.7845407724380493
1274 0.9955137968063354
1275 0.808731734752655
1276 0.5448625087738037
1277 0.5335325598716736
1278 0.4756893515586853
1279 0.5198227167129517
1280 0.6087162494659424
1281 0.8361703753471375
1282 0.6080686450004578
1283 0.7905274033546448
1284 0.743601381778717
1285 0.9014375805854797
1286 1.0730395317077637
1287 1.0547431707382202
1288 0.9710185527801514
1289 0.8813996315002441
1290 1.0409327745437622
1291 1.180174469947815
1292 1.0834197998046875
1293 1.077302098274231
1294 1.3142389059066772
1295 1.0137240886688232
1296 1.0361158847808838
1297 1.5503257513046265
1298 1.0834752321243286
1299 0.9590845108032227
1300 0.7358682155609131
1301 1.1240414381027222
1302 0.9942457675933838
1303 1.0395514965057373
1304 0.8269691467285156
1305 1.0039218664169312
1306 1.0581005811691284
1307 1.5253022909164429
1308 1.155814290046692
1309 1.4219467639923096
1310 1.221583366394043
1311 1.0055725574493408
1312 1.1470379829406738
1313 1.6693329811096191
1314 1.3289638757705688
1315 0.8975241184234619
1316 1.102170705795288
1317 1.142189621925354
1318 0.9708473086357117
1319 1.2152777910232544
1320 0.9253255724906921
1321 1.0906345844268799
1322 1.1161525249481201
1323 1.4137578010559082
1324 1.368222713470459
1325 1.2700453996658325
1326 0.8353618383407593
1327 1.2206333875656128
1328 1.1465100049972534
1329 1.0692678689956665
1330 0.9005262851715088
1331 1.0836572647094727
1332 0.695622980594635
1333 0.9534770846366882
1334 0.865248441696167
1335 1.163869023323059
1336 0.7899584174156189
1337 1.2167905569076538
1338 1.2905757427215576
1339 0.9055522680282593
1340 1.0560476779937744
1341 1.2632986307144165
1342 1.328624963760376
1343 1.145861029624939
1344 1.4110310077667236
1345 1.2529761791229248
1346 1.0574110746383667
1347 0.8489229679107666
1348 1.2713505029678345
1349 0.7833765745162964
1350 0.7413982152938843
1351 1.0382518768310547
1352 0.9711008667945862
1353 0.8568994998931885
1354 0.9835257530212402
1355 1.107361078262329
1356 1.2367773056030273
1357 1.1310453414916992
1358 1.18977952003479
1359 1.1824508905410767
1360 1.1433281898498535
1361 0.9914104342460632
1362 0.6626064777374268
1363 1.2779523134231567
1364 0.601116418838501
1365 0.9796546697616577
1366 0.5337597727775574
1367 0.9328584671020508
1368 1.1249109506607056
1369 0.8415607213973999
1370 0.8602656126022339
1371 0.6634159088134766
1372 1.1833298206329346
1373 0.7462924718856812
1374 0.6821823716163635
1375 0.8172662854194641
1376 0.5193057060241699
1377 0.6270021796226501
1378 0.9690688848495483
1379 0.8055326342582703
1380 1.0829492807388306
1381 0.6352525949478149
1382 0.884135901927948
1383 1.060732364654541
1384 0.6357575058937073
1385 0.7385703325271606
1386 0.5745136737823486
1387 0.6552197337150574
1388 0.5734675526618958
1389 1.105304479598999
1390 0.9346489310264587
1391 1.0671963691711426
1392 1.1640520095825195
1393 1.2023097276687622
1394 0.8721592426300049
1395 0.8906649947166443
1396 1.0242606401443481
1397 0.9939483404159546
1398 0.9512828588485718
1399 0.7135135531425476
1400 0.7659879922866821
1401 0.9476996064186096
1402 1.0350509881973267
1403 1.0859992504119873
1404 1.3517398834228516
1405 1.2701783180236816
1406 0.9545575976371765
1407 1.0579917430877686
1408 1.1475136280059814
1409 1.5663825273513794
1410 1.4376649856567383
1411 1.0916311740875244
1412 0.9888055324554443
1413 1.1086088418960571
1414 1.1860198974609375
1415 1.0085773468017578
1416 1.2523983716964722
1417 1.1217586994171143
1418 0.8688465356826782
1419 0.6561293005943298
1420 1.1280471086502075
1421 0.8944867849349976
1422 0.9007234573364258
1423 0.9148487448692322
1424 1.0681852102279663
1425 0.8989570736885071
1426 0.8319464921951294
1427 0.7639849781990051
1428 0.8990929126739502
1429 0.3207451105117798
1430 0.922779381275177
1431 0.3999740779399872
1432 0.4679383337497711
1433 0.561593234539032
1434 0.8293558955192566
1435 0.5988410711288452
1436 0.5671291351318359
1437 0.7386261820793152
1438 0.6363860964775085
1439 1.1212539672851563
1440 0.929655909538269
1441 0.4796152710914612
1442 0.8299993872642517
1443 0.7223010659217834
1444 0.8622043132781982
1445 1.0180341005325317
1446 0.5622206330299377
1447 0.6678036451339722
1448 0.7954177856445313
1449 0.8117749094963074
1450 0.9516783952713013
1451 0.9325681924819946
1452 1.1224234104156494
1453 1.4815534353256226
1454 0.5683113932609558
1455 0.9952959418296814
1456 0.6950314044952393
1457 0.7352428436279297
1458 0.7905411124229431
1459 0.8039045333862305
1460 1.1932356357574463
1461 1.1695224046707153
1462 0.7998949885368347
1463 1.1456271409988403
1464 0.7587668299674988
1465 0.8426656723022461
1466 0.8321972489356995
1467 0.9337513446807861
1468 0.712192714214325
1469 0.6908658742904663
1470 0.7038208842277527
1471 0.8513842225074768
1472 0.4570402503013611
1473 0.849826455116272
1474 0.8053513765335083
1475 1.1086770296096802
1476 0.9671574831008911
1477 0.7273489236831665
1478 0.9532150030136108
1479 0.7287219762802124
1480 0.6995261311531067
1481 0.8756490349769592
1482 0.7082829475402832
1483 0.9614105224609375
1484 1.16372811794281
1485 0.9433376789093018
1486 1.2210307121276855
1487 0.560814380645752
1488 0.8073990345001221
1489 1.085558533668518
1490 0.8377477526664734
1491 0.6937400102615356
1492 0.4939228892326355
1493 0.5446839332580566
1494 0.6096912026405334
1495 0.845198392868042
1496 0.3965230882167816
1497 1.108618140220642
1498 0.799981415271759
1499 0.9198330044746399
1500 0.4095080494880676
1501 0.8406077027320862
1502 1.0827686786651611
1503 0.6012819409370422
1504 0.7153410911560059
1505 0.8563331365585327
1506 0.9296938180923462
1507 0.4028036296367645
1508 1.13335382938385
1509 1.0595277547836304
1510 1.0460789203643799
1511 1.0672705173492432
1512 1.2478973865509033
1513 1.3479955196380615
1514 1.247344732284546
1515 0.7463451027870178
1516 1.0575785636901855
1517 0.4349427819252014
1518 0.771072268486023
1519 1.2250896692276
1520 0.8495482206344604
1521 0.6111114621162415
1522 1.117100715637207
1523 1.0292729139328003
1524 1.139106035232544
1525 0.8090513944625854
1526 0.988778293132782
1527 0.344978928565979
1528 0.7061766386032104
1529 0.5604254007339478
1530 0.4314882457256317
1531 0.6582894921302795
1532 0.27843189239501953
1533 0.6673587560653687
1534 0.5219710469245911
1535 0.7165662050247192
1536 0.9542968273162842
1537 1.002729892730713
1538 0.7342287302017212
1539 0.6620221138000488
1540 0.766274631023407
1541 0.758992612361908
1542 0.7880696654319763
1543 1.2203584909439087
1544 0.8237965106964111
1545 0.9854263663291931
1546 0.8328274488449097
1547 0.7542275190353394
1548 0.9526521563529968
1549 0.8490803241729736
1550 0.9816825985908508
1551 0.8056662678718567
1552 0.9895830750465393
1553 0.7138548493385315
1554 0.8326979875564575
1555 0.9000621438026428
1556 0.6055311560630798
1557 0.6933820843696594
1558 0.5771216154098511
1559 0.8796176910400391
1560 0.8029720187187195
1561 0.5500679016113281
1562 0.4953463077545166
1563 0.5409901142120361
1564 0.6030957102775574
1565 0.7989552021026611
1566 0.852590024471283
1567 0.6346036791801453
1568 0.6615077257156372
1569 0.6842731237411499
1570 0.6335796117782593
1571 0.48495206236839294
1572 0.6059713959693909
1573 0.7088396549224854
1574 0.7995219826698303
1575 0.4212040603160858
1576 0.6664026975631714
1577 0.7147095799446106
1578 0.7337323427200317
1579 0.8415046334266663
1580 0.5168313980102539
1581 0.7893771529197693
1582 0.8570462465286255
1583 0.9330090880393982
1584 0.7080987095832825
1585 0.6514492034912109
1586 0.521507740020752
1587 0.5209379196166992
1588 0.8954907655715942
1589 0.5163816213607788
1590 0.7701178193092346
1591 0.7510588765144348
1592 1.0696916580200195
1593 0.8387976288795471
1594 1.0079091787338257
1595 0.9557182788848877
1596 0.6579816341400146
1597 0.5356916189193726
1598 0.657516598701477
1599 0.7178664803504944
1600 0.6532453894615173
1601 0.4006166458129883
1602 0.5103086233139038
1603 0.44782471656799316
1604 0.632595419883728
1605 0.5774589776992798
1606 0.6552304625511169
1607 0.7726174592971802
1608 0.6048232316970825
1609 0.5591938495635986
1610 0.9780727624893188
1611 0.6552872061729431
1612 0.8802008032798767
1613 0.7808723449707031
1614 0.6483369469642639
1615 0.8521051406860352
1616 0.6367958188056946
1617 0.8420608639717102
1618 0.5130995512008667
1619 0.5846309661865234
1620 0.774320662021637
1621 0.52928626537323
1622 0.44190162420272827
1623 0.6603088974952698
1624 0.659298837184906
1625 0.525484561920166
1626 0.7483565807342529
1627 0.37006789445877075
1628 0.4736150801181793
1629 0.7673652172088623
1630 0.5184005498886108
1631 0.5466538667678833
1632 0.5035361647605896
1633 0.4354446232318878
1634 0.3636082112789154
1635 0.6203067302703857
1636 0.3764784038066864
1637 0.7889193296432495
1638 0.8078151941299438
1639 0.8248139023780823
1640 0.7005608677864075
1641 0.9972511529922485
1642 0.6996274590492249
1643 0.9550158977508545
1644 0.9262551069259644
1645 1.0497162342071533
1646 0.9871715307235718
1647 0.9727843999862671
1648 1.2822502851486206
1649 1.022621989250183
1650 1.3123600482940674
1651 0.972629725933075
1652 0.7011564373970032
1653 0.6491753458976746
1654 0.7921761870384216
1655 1.0492907762527466
1656 0.9625988602638245
1657 0.8248246312141418
1658 0.5207440257072449
1659 0.5374156832695007
1660 0.5886785984039307
1661 0.9518985748291016
1662 1.1881023645401
1663 0.5845863223075867
1664 0.5104867219924927
1665 0.6649155020713806
1666 0.5956801176071167
1667 0.7261168360710144
1668 0.4552794396877289
1669 0.6397309899330139
1670 0.8329828977584839
1671 0.4611813426017761
1672 0.48626571893692017
1673 0.5103779435157776
1674 0.756729245185852
1675 0.6354743242263794
1676 0.7117037773132324
1677 0.7230619192123413
1678 0.5657535791397095
1679 0.7907955646514893
1680 0.6101282835006714
1681 0.8870462775230408
1682 0.6114802956581116
1683 0.660186767578125
1684 0.690688967704773
1685 0.6543837785720825
1686 1.0237243175506592
1687 0.8397059440612793
1688 1.0291653871536255
1689 0.7084437012672424
1690 0.7799754738807678
1691 0.6198342442512512
1692 0.8203233480453491
1693 0.8980448842048645
1694 0.8183526992797852
1695 0.8542247414588928
1696 0.7111182808876038
1697 0.735650360584259
1698 0.9732898473739624
1699 0.5203302502632141
1700 0.40952610969543457
1701 0.6353075504302979
1702 0.794199526309967
1703 0.6809303164482117
1704 0.9747910499572754
1705 1.2079828977584839
1706 0.5558329224586487
1707 0.9163816571235657
1708 1.198889970779419
1709 1.0866038799285889
1710 1.001600742340088
1711 0.9670554399490356
1712 1.0649805068969727
1713 1.0998454093933105
1714 0.7455955743789673
1715 0.6784617900848389
1716 0.9039124846458435
1717 1.0449438095092773
1718 0.5372323989868164
1719 1.1901673078536987
1720 0.48802581429481506
1721 1.1229798793792725
1722 0.9706606864929199
1723 0.9363080859184265
1724 1.2591748237609863
1725 1.0387587547302246
1726 1.2641295194625854
1727 0.9536486268043518
1728 1.006169080734253
1729 0.8056079149246216
1730 1.056809425354004
1731 0.96120285987854
1732 1.315490961074829
1733 1.1342123746871948
1734 1.0435237884521484
1735 0.9994488954544067
1736 0.7912037372589111
1737 0.9496372938156128
1738 1.0086426734924316
1739 1.1156127452850342
1740 1.2607709169387817
1741 1.0339102745056152
1742 0.8618115782737732
1743 0.946223258972168
1744 1.1471977233886719
1745 0.6862208247184753
1746 0.7837966084480286
1747 1.2215782403945923
1748 1.1036226749420166
1749 1.0264540910720825
1750 1.0801280736923218
1751 1.0023235082626343
1752 1.137484073638916
1753 0.9707385301589966
1754 0.606986403465271
1755 1.117021083831787
1756 0.939690113067627
1757 1.0773749351501465
1758 1.117010235786438
1759 1.2645361423492432
1760 0.9659339189529419
1761 0.8311336636543274
1762 0.6489619016647339
1763 1.035500168800354
1764 0.8432380557060242
1765 0.7595633864402771
1766 0.8690527677536011
1767 1.1644442081451416
1768 0.872857391834259
1769 1.1130484342575073
1770 1.2459063529968262
1771 0.834575891494751
1772 1.0825542211532593
1773 1.020355463027954
1774 1.0703758001327515
1775 1.144784688949585
1776 1.3875815868377686
1777 1.438929557800293
1778 1.072464942932129
1779 1.0047202110290527
1780 1.364213228225708
1781 1.189908504486084
1782 0.8544694781303406
1783 0.8193230628967285
1784 0.7786439657211304
1785 0.7090418338775635
1786 1.295741319656372
1787 1.228682041168213
1788 1.1687514781951904
1789 1.833577275276184
1790 1.1652549505233765
1791 1.1747404336929321
1792 0.9080092906951904
1793 0.7941269874572754
1794 1.1172415018081665
1795 1.1391490697860718
1796 1.0052192211151123
1797 0.8196726441383362
1798 1.2722049951553345
1799 0.946219801902771
1800 1.2001336812973022
1801 1.4025368690490723
1802 1.1761795282363892
1803 1.4681955575942993
1804 1.7020299434661865
1805 1.398016095161438
1806 1.7617995738983154
1807 1.515902042388916
1808 0.849932849407196
1809 1.0186413526535034
1810 1.581048846244812
1811 1.485337257385254
1812 1.2978501319885254
1813 1.276019811630249
1814 1.0743789672851563
1815 1.4856311082839966
1816 1.0237873792648315
1817 1.4259247779846191
1818 1.373114824295044
1819 1.1739614009857178
1820 1.558255910873413
1821 0.6583936810493469
1822 1.370949149131775
1823 1.614429235458374
1824 1.3358376026153564
1825 1.447910189628601
1826 1.0643099546432495
1827 0.605850338935852
1828 1.0597139596939087
1829 0.7209911346435547
1830 0.9523429274559021
1831 1.1809086799621582
1832 0.863261342048645
1833 0.7619613409042358
1834 1.113986849784851
1835 1.3586100339889526
1836 1.0562925338745117
1837 0.8468345403671265
1838 0.7173141837120056
1839 0.5170291066169739
1840 0.5962455868721008
1841 0.8503169417381287
1842 0.6514702439308167
1843 0.5621875524520874
1844 0.7577932476997375
1845 0.46838629245758057
1846 0.7515096068382263
1847 0.7107553482055664
1848 0.8189838528633118
1849 0.7073551416397095
1850 0.6899908781051636
1851 0.6757586598396301
1852 0.6449210047721863
1853 0.5427740216255188
1854 0.6529693007469177
1855 0.7696477770805359
1856 0.7870596051216125
1857 0.47008568048477173
1858 0.5689763426780701
1859 0.9937374591827393
1860 0.9891677498817444
1861 0.7521939277648926
1862 0.5700796246528625
1863 0.39361295104026794
1864 0.4436780512332916
1865 0.6901979446411133
1866 0.545772135257721
1867 0.5682557821273804
1868 0.6227230429649353
1869 0.7665780186653137
1870 1.1252119541168213
1871 0.8799563646316528
1872 1.2580231428146362
1873 0.7392908930778503
1874 0.6727432608604431
1875 0.5484771728515625
1876 0.8140639066696167
1877 1.0701112747192383
1878 0.997719407081604
1879 1.1134577989578247
1880 0.929032027721405
1881 1.3795641660690308
1882 0.9260183572769165
1883 0.6686114072799683
1884 1.0456697940826416
1885 0.4291762411594391
1886 0.6565154194831848
1887 1.3312795162200928
1888 1.0511014461517334
1889 1.2383122444152832
1890 0.6371800899505615
1891 1.4546408653259277
1892 0.9198614358901978
1893 1.2754825353622437
1894 1.2452573776245117
1895 0.9653694033622742
1896 0.9134132266044617
1897 1.0427210330963135
1898 1.2229881286621094
1899 1.2680184841156006
1900 0.9244306087493896
1901 0.48687052726745605
1902 0.9363521337509155
1903 0.9560123085975647
1904 1.2336997985839844
1905 1.5156230926513672
1906 0.9879793524742126
1907 0.8806872963905334
1908 1.0905730724334717
1909 0.972152054309845
1910 0.9726012349128723
1911 0.9273898005485535
1912 0.9733580946922302
1913 0.9593554735183716
1914 1.3532830476760864
1915 0.8302944302558899
1916 0.9375386834144592
1917 0.8204814195632935
1918 0.7668017745018005
1919 0.705234944820404
1920 1.120125651359558
1921 0.6437748670578003
1922 0.8316980004310608
1923 0.926082968711853
1924 1.0030826330184937
1925 1.0022097826004028
1926 1.2430723905563354
1927 1.0498230457305908
1928 1.0414716005325317
1929 1.0275418758392334
1930 1.2693480253219604
1931 1.0269222259521484
1932 1.334848403930664
1933 1.0463954210281372
1934 0.9460248351097107
1935 1.2013347148895264
1936 1.5571852922439575
1937 1.131583333015442
1938 1.2305028438568115
1939 0.9236391186714172
1940 1.278092384338379
1941 0.6812731623649597
1942 0.9884682297706604
1943 1.022749900817871
1944 0.8731766939163208
1945 0.529119074344635
1946 0.5407244563102722
1947 0.8119683265686035
1948 0.9413447976112366
1949 1.1028554439544678
1950 0.8509504795074463
1951 0.8178083896636963
1952 0.7790526151657104
1953 0.9041864275932312
1954 1.363084077835083
1955 1.3296793699264526
1956 1.0775855779647827
1957 1.0472440719604492
1958 0.5400090217590332
1959 0.8769776821136475
1960 1.1254425048828125
1961 1.0073657035827637
1962 1.054311752319336
1963 0.6847231388092041
1964 1.2097206115722656
1965 0.7419493794441223
1966 1.5030577182769775
1967 1.07332181930542
1968 1.0728799104690552
1969 1.2677361965179443
1970 0.8841513991355896
1971 1.1527714729309082
1972 1.1641026735305786
1973 1.367800235748291
1974 1.1393407583236694
1975 0.9133160710334778
1976 0.9774810075759888
1977 0.6271788477897644
1978 1.2172796726226807
1979 1.0205256938934326
1980 1.0092124938964844
1981 1.1115739345550537
1982 1.4413905143737793
1983 1.1915709972381592
1984 1.350472331047058
1985 1.0687026977539063
1986 1.0571856498718262
1987 0.667561411857605
1988 0.516776442527771
1989 0.7072991728782654
1990 0.7955453991889954
1991 1.0186495780944824
1992 1.1225188970565796
1993 1.3164652585983276
1994 1.370484709739685
1995 1.7469370365142822
1996 1.4112000465393066
1997 1.2133504152297974
1998 0.6205545663833618
1999 1.0787107944488525
