0 0.0
1 0.3589816689491272
2 0.36490049958229065
3 0.6283426284790039
4 0.6251158118247986
5 0.7937132716178894
6 0.5337190628051758
7 0.597843587398529
8 0.7257292866706848
9 1.0439306497573853
10 0.457474946975708
11 0.791992723941803
12 0.6008893251419067
13 0.6541293859481812
14 0.5802105069160461
15 0.31467798352241516
16 0.5795692801475525
17 0.5076848268508911
18 0.5341286063194275
19 0.6982933282852173
20 0.40650999546051025
21 0.4938775300979614
22 0.5358656644821167
23 0.6645685434341431
24 0.8443074226379395
25 0.4956152141094208
26 0.9700925350189209
27 0.7719629406929016
28 0.8532297611236572
29 0.7172488570213318
30 0.3345792591571808
31 0.6446983814239502
32 0.5532118678092957
33 0.6035115718841553
34 0.4352840483188629
35 0.3420732319355011
36 0.7559059858322144
37 0.6220312714576721
38 0.7596838474273682
39 0.7421578168869019
40 0.5191617608070374
41 1.0001972913742065
42 0.34761619567871094
43 0.8126030564308167
44 1.2380645275115967
45 1.1936298608779907
46 1.2065224647521973
47 1.2549281120300293
48 2.063843011856079
49 1.4524437189102173
50 1.729968786239624
51 1.51278817653656
52 1.3150969743728638
53 1.645960807800293
54 1.1506268978118896
55 1.365925669670105
56 1.7514573335647583
57 1.4356645345687866
58 1.2681363821029663
59 1.2765098810195923
60 1.6851766109466553
61 1.467725396156311
62 1.1542668342590332
63 1.3756132125854492
64 1.6914118528366089
65 1.4508764743804932
66 1.7061294317245483
67 2.022176504135132
68 1.1357848644256592
69 1.4893159866333008
70 1.3579251766204834
71 1.436198353767395
72 1.4228565692901611
73 1.610055923461914
74 1.7433109283447266
75 1.0056935548782349
76 1.2270504236221313
77 1.0876039266586304
78 1.237126111984253
79 1.2071243524551392
80 1.009511947631836
81 1.3431073427200317
82 1.776010513305664
83 2.0063962936401367
84 1.200251579284668
85 1.0995728969573975
86 1.1089961528778076
87 1.7724863290786743
88 1.8022119998931885
89 1.1205075979232788
90 1.3086789846420288
91 1.4889802932739258
92 0.9483020901679993
93 1.4594299793243408
94 1.3555349111557007
95 1.4205213785171509
96 1.716704249382019
97 1.335785984992981
98 1.8108417987823486
99 1.61807382106781
100 1.3736790418624878
101 1.1693520545959473
102 1.3677046298980713
103 1.197831630706787
104 1.0891674757003784
105 1.3680024147033691
106 1.2534395456314087
107 1.2158217430114746
108 0.9866277575492859
109 1.4657995700836182
110 1.3964177370071411
111 1.5832607746124268
112 1.3988078832626343
113 1.4037319421768188
114 1.1862399578094482
115 1.142957329750061
116 1.3136471509933472
117 1.5559965372085571
118 1.2978111505508423
119 1.2289468050003052
120 1.6180132627487183
121 1.6190842390060425
122 1.133818507194519
123 1.0824697017669678
124 1.190085768699646
125 1.8065308332443237
126 1.0928468704223633
127 1.3919048309326172
128 1.234803557395935
129 1.1465520858764648
130 0.9908748865127563
131 0.879812479019165
132 1.0359573364257813
133 1.5056641101837158
134 0.9671605229377747
135 1.0191881656646729
136 0.6015938520431519
137 1.1619120836257935
138 1.0498130321502686
139 1.5564366579055786
140 1.3870086669921875
141 1.6844651699066162
142 1.109589695930481
143 0.7687851190567017
144 0.7319880127906799
145 0.827462911605835
146 1.0856624841690063
147 0.9319037795066833
148 1.137258529663086
149 0.8588765263557434
150 1.1831823587417603
151 1.4160680770874023
152 0.8898478746414185
153 1.1826826333999634
154 0.8240465521812439
155 0.5537312030792236
156 0.6872095465660095
157 0.542507529258728
158 0.9064624905586243
159 1.0803515911102295
160 1.2204071283340454
161 0.49881625175476074
162 0.7524121403694153
163 0.6922420859336853
164 0.33348584175109863
165 0.5181366205215454
166 0.42771217226982117
167 0.5963978171348572
168 0.6358363628387451
169 0.43681442737579346
170 0.30581456422805786
171 0.40303152799606323
172 0.46025145053863525
173 0.5817510485649109
174 0.47979775071144104
175 0.9667593240737915
176 1.196804404258728
177 0.9715728759765625
178 0.8776257634162903
179 0.651555061340332
180 0.5846221446990967
181 1.12050461769104
182 1.4229108095169067
183 0.9280785322189331
184 1.0838419198989868
185 1.0834307670593262
186 0.7993088960647583
187 1.2327593564987183
188 1.1434078216552734
189 1.2019044160842896
190 1.0635491609573364
191 0.9760636687278748
192 0.960052490234375
193 1.1186580657958984
194 1.2215429544448853
195 1.1526157855987549
196 1.2255542278289795
197 1.394088864326477
198 0.8647067546844482
199 0.9963319301605225
200 1.1494522094726563
201 0.7301927208900452
202 0.8069459795951843
203 0.8125765919685364
204 0.7348399758338928
205 0.7012108564376831
206 0.6235118508338928
207 0.925814151763916
208 0.8367735743522644
209 0.8900726437568665
210 0.8128421306610107
211 0.32080256938934326
212 0.8979357481002808
213 0.9065507054328918
214 0.6295958161354065
215 0.545459508895874
216 0.24821791052818298
217 0.5756659507751465
218 0.7947496175765991
219 0.7258570790290833
220 0.5314006805419922
221 0.8992794752120972
222 0.7630977630615234
223 0.8190805912017822
224 0.5493401885032654
225 0.7670588493347168
226 0.5076135993003845
227 0.7085786461830139
228 1.1069817543029785
229 0.5581886172294617
230 0.7610518336296082
231 0.6047823429107666
232 0.4126574993133545
233 0.8569179177284241
234 0.615894079208374
235 0.7971593141555786
236 0.49012991786003113
237 0.44503745436668396
238 0.4368000030517578
239 0.5938363671302795
240 0.5678068995475769
241 0.9705442190170288
242 0.5921337604522705
243 1.016380786895752
244 0.8909673690795898
245 0.7882251739501953
246 1.0036389827728271
247 0.8035461902618408
248 1.1889599561691284
249 1.1422502994537354
250 1.1939082145690918
251 0.8210804462432861
252 0.4768064618110657
253 0.7417545318603516
254 0.8640410304069519
255 0.5352429747581482
256 0.7421073317527771
257 0.5505998730659485
258 0.6020199060440063
259 0.5100023150444031
260 0.5194228887557983
261 0.748232364654541
262 0.7127638459205627
263 0.8001168370246887
264 0.3680836260318756
265 0.5942152738571167
266 0.6383435130119324
267 0.8045313954353333
268 0.6205758452415466
269 0.9452418684959412
270 0.6921109557151794
271 0.8887777924537659
272 0.6553806662559509
273 0.7327665686607361
274 0.6867830753326416
275 1.0100840330123901
276 0.6173568964004517
277 0.813396155834198
278 0.5429498553276062
279 0.6483694911003113
280 1.077707052230835
281 0.6980869770050049
282 0.7915742993354797
283 0.7455399036407471
284 0.874523937702179
285 0.668714165687561
286 0.44824743270874023
287 0.6535170078277588
288 0.8100355267524719
289 0.4614274501800537
290 0.4769670069217682
291 0.7260274887084961
292 0.8939533233642578
293 0.8782783150672913
294 0.8967107534408569
295 1.0789813995361328
296 0.4560028910636902
297 0.6924206018447876
298 0.6225963830947876
299 0.9953868389129639
300 0.6120740175247192
301 0.6977604031562805
302 0.7087462544441223
303 0.725737452507019
304 0.6995492577552795
305 0.6764447093009949
306 0.5826658606529236
307 0.7126811742782593
308 0.9965275526046753
309 0.5829050540924072
310 0.44275277853012085
311 0.5836367011070251
312 0.5095709562301636
313 0.7377336025238037
314 0.855911135673523
315 0.8202696442604065
316 0.6970082521438599
317 1.0731135606765747
318 1.0849297046661377
319 0.9550991058349609
320 0.8665921092033386
321 1.2196390628814697
322 0.7408703565597534
323 0.9722956418991089
324 0.7112358808517456
325 0.6518211364746094
326 0.5946192741394043
327 0.527736485004425
328 0.24109557271003723
329 0.5524365305900574
330 0.6368249654769897
331 0.5513560175895691
332 0.46269047260284424
333 0.34282970428466797
334 0.9526408910751343
335 0.658425509929657
336 0.7346192002296448
337 0.8360646367073059
338 0.5795775055885315
339 0.6520544290542603
340 0.8793724179267883
341 0.8663193583488464
342 0.6878993511199951
343 0.5380460619926453
344 0.45753994584083557
345 0.6015121340751648
346 0.9666202664375305
347 0.6693694591522217
348 0.865020215511322
349 0.6949827075004578
350 0.9559729099273682
351 0.4782010316848755
352 0.7589511871337891
353 0.7294906377792358
354 0.40314722061157227
355 0.6837077736854553
356 0.6784791946411133
357 0.6121859550476074
358 0.8037194013595581
359 0.659386157989502
360 0.5970140695571899
361 0.7078132033348083
362 0.9217516779899597
363 0.9546707272529602
364 0.6048011779785156
365 0.49929535388946533
366 0.9077524542808533
367 0.8375710844993591
368 0.5544243454933167
369 0.7621253132820129
370 0.8213827610015869
371 0.818081796169281
372 0.6986951231956482
373 0.9046210646629333
374 0.51618891954422
375 0.39521461725234985
376 0.8841717839241028
377 0.4697708189487457
378 0.28383490443229675
379 0.4404768645763397
380 0.8027166128158569
381 0.6636961102485657
382 0.5841621160507202
383 0.40607625246047974
384 0.4780326187610626
385 0.5144615173339844
386 0.5834107995033264
387 0.48500922322273254
388 0.4872135519981384
389 0.26713600754737854
390 0.2908431589603424
391 0.6348692774772644
392 0.5362614989280701
393 0.383525550365448
394 1.1887043714523315
395 0.7066539525985718
396 0.5145873427391052
397 0.6834831237792969
398 0.5256696343421936
399 0.31759896874427795
400 0.6158230900764465
401 0.9738357663154602
402 1.1500418186187744
403 1.247888445854187
404 0.858511745929718
405 1.2101635932922363
406 1.1906675100326538
407 0.8706570267677307
408 0.5988426804542542
409 0.813040018081665
410 0.9984595775604248
411 1.066843867301941
412 1.1726816892623901
413 0.7110236287117004
414 0.8635146617889404
415 0.8331196904182434
416 0.7246203422546387
417 0.5864945650100708
418 0.5749298334121704
419 0.6153303980827332
420 0.8588560223579407
421 0.6605110764503479
422 0.6357425451278687
423 0.4529561996459961
424 0.5588713884353638
425 0.6157539486885071
426 0.633737325668335
427 0.7795701622962952
428 0.6179249286651611
429 0.8255133628845215
430 0.49956315755844116
431 0.9012202024459839
432 1.061550259590149
433 0.9444872140884399
434 0.5409508943557739
435 0.6269341707229614
436 0.32097089290618896
437 0.4841213524341583
438 0.4931451976299286
439 0.6960307955741882
440 0.478297621011734
441 0.3527800738811493
442 1.1157301664352417
443 0.89171302318573
444 0.704807698726654
445 0.5191493034362793
446 0.5824937224388123
447 0.533717930316925
448 0.5927379131317139
449 1.0915615558624268
450 1.134044885635376
451 0.701123058795929
452 0.8925203680992126
453 0.5669493079185486
454 0.9000808596611023
455 0.5942214727401733
456 0.5575280785560608
457 0.534072756767273
458 0.5279969573020935
459 0.6384216547012329
460 0.6759687066078186
461 0.5574308037757874
462 0.5292813181877136
463 0.5974552631378174
464 0.6807663440704346
465 0.5549270510673523
466 0.579858124256134
467 0.7575618028640747
468 0.35806000232696533
469 0.3678719997406006
470 0.42717182636260986
471 0.2903370261192322
472 0.6089233756065369
473 0.5036752223968506
474 0.568135142326355
475 0.5279239416122437
476 0.6614097952842712
477 0.8862309455871582
478 0.5121838450431824
479 0.6394584774971008
480 0.38363030552864075
481 0.8438876271247864
482 0.4790416955947876
483 0.53912353515625
484 0.5426536798477173
485 0.8317316770553589
486 0.6734486818313599
487 0.7985114455223083
488 1.0010062456130981
489 0.758127748966217
490 0.678533673286438
491 0.823115885257721
492 0.7589057683944702
493 1.0159404277801514
494 0.7926305532455444
495 0.43492043018341064
496 0.6012555360794067
497 0.38014930486679077
498 0.6057314872741699
499 0.7160843014717102
500 1.1140387058258057
501 0.5187204480171204
502 0.5340065956115723
503 0.556186318397522
504 0.36327481269836426
505 0.6134118437767029
506 0.6566010117530823
507 0.345941960811615
508 0.4267328083515167
509 0.42445695400238037
510 0.514674961566925
511 0.5185936689376831
512 0.5807972550392151
513 0.5459535121917725
514 0.5048202276229858
515 0.5385593771934509
516 0.6702139973640442
517 0.652958333492279
518 0.7299766540527344
519 0.455822616815567
520 0.584674596786499
521 0.4057771563529968
522 0.6656229496002197
523 0.8746767640113831
524 0.8483946323394775
525 0.853606641292572
526 0.5486152768135071
527 0.9738880395889282
528 0.9388009905815125
529 0.9382902383804321
530 0.6623651385307312
531 1.0552043914794922
532 0.8076755404472351
533 0.22761327028274536
534 0.507844865322113
535 0.6828399300575256
536 0.4227612018585205
537 0.3914031982421875
538 0.7931215167045593
539 0.727416455745697
540 0.32242071628570557
541 0.6022874712944031
542 0.8530397415161133
543 0.6321962475776672
544 0.8146626353263855
545 0.41307583451271057
546 0.7710909247398376
547 0.5788723826408386
548 0.6199892163276672
549 0.7479680180549622
550 0.3891037404537201
551 0.3752574920654297
552 0.3586652874946594
553 0.79686439037323
554 0.37650352716445923
555 0.5870369672775269
556 0.5914856791496277
557 0.2083350270986557
558 0.5446075201034546
559 0.7564114332199097
560 0.38310661911964417
561 0.21680396795272827
562 0.33629587292671204
563 0.6176462769508362
564 0.23839706182479858
565 0.38732805848121643
566 1.0729763507843018
567 0.788372278213501
568 0.3490842878818512
569 0.517273485660553
570 0.7713480591773987
571 0.5079086422920227
572 0.3982042372226715
573 0.918698787689209
574 0.5547365546226501
575 0.7020450234413147
576 0.7273821830749512
577 0.32423797249794006
578 0.5855731964111328
579 0.4008754789829254
580 1.0581344366073608
581 0.5055056214332581
582 0.4742055833339691
583 0.5538078546524048
584 0.6203415393829346
585 0.48823103308677673
586 0.6175035238265991
587 0.7332191467285156
588 0.6294685006141663
589 0.39335325360298157
590 0.39730072021484375
591 0.710517942905426
592 0.7748450636863708
593 0.450770765542984
594 0.6758356690406799
595 0.7480269074440002
596 0.6397984623908997
597 0.37632331252098083
598 0.6184964776039124
599 0.6773041486740112
600 0.7857242822647095
601 0.7024325728416443
602 0.7098634243011475
603 0.637497067451477
604 0.2602881193161011
605 0.33744147419929504
606 0.3794597089290619
607 0.9324102997779846
608 0.7343193888664246
609 0.6352593898773193
610 0.49283531308174133
611 0.6370397210121155
612 0.762885570526123
613 0.4603871703147888
614 0.47532713413238525
615 0.6637940406799316
616 0.6982554197311401
617 0.4367698132991791
618 0.48014160990715027
619 0.522059977054596
620 0.6744655966758728
621 0.8789239525794983
622 0.6954650282859802
623 0.8097856044769287
624 0.9300331473350525
625 0.7461164593696594
626 0.6539893746376038
627 0.9807068705558777
628 1.1353811025619507
629 0.93112713098526
630 0.5938247442245483
631 0.756930947303772
632 0.7765079140663147
633 1.028429627418518
634 1.300579309463501
635 1.3495831489562988
636 1.4013341665267944
637 1.4207371473312378
638 1.073639154434204
639 1.1483577489852905
640 1.0401757955551147
641 1.0805583000183105
642 1.0246028900146484
643 1.0829963684082031
644 1.471508264541626
645 1.8188010454177856
646 1.3019953966140747
647 1.4049181938171387
648 1.66133451461792
649 1.1417330503463745
650 1.089316725730896
651 1.0794665813446045
652 1.443259835243225
653 1.2182817459106445
654 1.2058706283569336
655 1.2747257947921753
656 1.3471651077270508
657 1.3139904737472534
658 1.4700318574905396
659 1.1930137872695923
660 1.4284223318099976
661 1.2809334993362427
662 0.7013786435127258
663 0.6157754063606262
664 0.8724086880683899
665 0.42438074946403503
666 0.5762021541595459
667 0.6270661354064941
668 0.5986225605010986
669 0.6047909259796143
670 0.5849357843399048
671 0.7588942646980286
672 0.7704989314079285
673 0.857824444770813
674 0.7966760993003845
675 0.9532455205917358
676 0.9280328750610352
677 1.0229874849319458
678 0.7379719614982605
679 0.7622689008712769
680 0.8989130258560181
681 1.2236992120742798
682 1.1768444776535034
683 1.0352764129638672
684 1.6297920942306519
685 1.026203989982605
686 1.0169099569320679
687 1.0145916938781738
688 1.2471281290054321
689 1.0644357204437256
690 1.1168957948684692
691 1.188126564025879
692 0.7822359800338745
693 1.1813920736312866
694 0.7847014665603638
695 0.9179002642631531
696 0.9096048474311829
697 0.8265298008918762
698 1.0128560066223145
699 0.9315177798271179
700 1.4006117582321167
701 1.0347298383712769
702 0.8439039587974548
703 0.9847308397293091
704 0.7937679290771484
705 0.8846375346183777
706 0.5422074198722839
707 1.1306744813919067
708 0.8413974642753601
709 0.7825368046760559
710 0.9231539964675903
711 1.282520055770874
712 0.7989704012870789
713 1.2023367881774902
714 0.9563037753105164
715 0.7926971912384033
716 0.90090012550354
717 1.208695888519287
718 1.016780138015747
719 1.058438777923584
720 0.7715211510658264
721 1.1872098445892334
722 0.9847458004951477
723 0.7609719038009644
724 0.9506889581680298
725 0.6336579322814941
726 1.0024535655975342
727 0.9082058072090149
728 0.9256535172462463
729 0.9717034101486206
730 1.1317895650863647
731 1.4151848554611206
732 0.9377985596656799
733 0.3737868368625641
734 0.5973940491676331
735 0.7348654866218567
736 0.567812442779541
737 0.53737872838974
738 0.8471302390098572
739 0.9047718048095703
740 0.7186840772628784
741 0.6547768712043762
742 0.551594614982605
743 0.8597645163536072
744 1.05411958694458
745 0.7548513412475586
746 0.6168448328971863
747 0.7352490425109863
748 0.7139497399330139
749 0.8766549825668335
750 0.8842848539352417
751 0.5761945843696594
752 1.1313680410385132
753 1.39583158493042
754 1.0193583965301514
755 0.567287802696228
756 0.7397457957267761
757 0.5982303023338318
758 0.6885873675346375
759 0.5049801468849182
760 0.6521486043930054
761 0.8548102378845215
762 1.0902560949325562
763 1.0969232320785522
764 1.3268324136734009
765 1.350356101989746
766 1.0212823152542114
767 1.0452747344970703
768 0.9281110167503357
769 0.8327627778053284
770 0.9985957741737366
771 0.7846338748931885
772 0.7484639286994934
773 0.8933420777320862
774 1.3334274291992188
775 1.1609716415405273
776 1.1583091020584106
777 0.8277203440666199
778 0.8027719259262085
779 0.9101600646972656
780 1.0789159536361694
781 0.7701128125190735
782 1.1419181823730469
783 1.06522536277771
784 1.1018227338790894
785 0.5864495635032654
786 0.9463502168655396
787 1.0291205644607544
788 1.0085264444351196
789 1.3105274438858032
790 1.0404020547866821
791 0.8884769678115845
792 1.140842080116272
793 0.8365171551704407
794 1.3547042608261108
795 0.7911943197250366
796 0.9880357980728149
797 0.583268404006958
798 0.6557015180587769
799 0.7193686366081238
800 0.698319137096405
801 1.2135086059570313
802 0.8737818002700806
803 0.8060738444328308
804 1.1171581745147705
805 1.0723243951797485
806 1.0408048629760742
807 1.4087257385253906
808 0.7554198503494263
809 0.9172908067703247
810 0.8951911330223083
811 0.94422847032547
812 1.2106409072875977
813 1.1340928077697754
814 0.6692904829978943
815 1.0890123844146729
816 1.235320806503296
817 1.4808582067489624
818 1.4434893131256104
819 1.4376451969146729
820 1.3945558071136475
821 1.9144272804260254
822 1.5927811861038208
823 2.00504207611084
824 1.6065287590026855
825 2.1626086235046387
826 2.0633533000946045
827 1.8431686162948608
828 1.7459628582000732
829 1.6014304161071777
830 1.896596074104309
831 1.0847113132476807
832 1.0999722480773926
833 1.8229540586471558
834 1.2755528688430786
835 1.2618063688278198
836 0.8166397213935852
837 1.2172662019729614
838 1.0848199129104614
839 1.4272539615631104
840 1.337231159210205
841 1.2083079814910889
842 1.4689831733703613
843 1.8149211406707764
844 1.0913934707641602
845 1.3081116676330566
846 1.01131010055542
847 1.1248716115951538
848 1.038853406906128
849 1.062948226928711
850 0.8744281530380249
851 1.156221628189087
852 1.3972896337509155
853 1.1293691396713257
854 0.9027934074401855
855 0.4709901213645935
856 0.7395960688591003
857 0.8495448231697083
858 1.1102700233459473
859 0.5616996884346008
860 1.272439956665039
861 0.6577252149581909
862 0.6748667359352112
863 1.106431245803833
864 1.0339940786361694
865 1.1935008764266968
866 0.809272825717926
867 1.1012039184570313
868 1.209007978439331
869 1.3610637187957764
870 1.799107313156128
871 1.4738956689834595
872 2.0272836685180664
873 1.467707872390747
874 1.2733514308929443
875 1.4488625526428223
876 1.3134784698486328
877 1.1446384191513062
878 1.0334274768829346
879 0.9942881464958191
880 1.0867938995361328
881 1.395897626876831
882 1.257128357887268
883 1.2508282661437988
884 0.8732022047042847
885 0.572502851486206
886 0.8718974590301514
887 0.42505109310150146
888 0.9700625538825989
889 0.6479325890541077
890 0.5930108428001404
891 0.8227032423019409
892 0.8810634016990662
893 0.5941722393035889
894 0.879934549331665
895 0.6098519563674927
896 0.8941143155097961
897 0.9024317264556885
898 0.8336532115936279
899 1.098539113998413
900 0.5925140976905823
901 0.7555832266807556
902 0.9366393089294434
903 0.9059327840805054
904 0.7616560459136963
905 0.9528167247772217
906 0.5621958374977112
907 0.7520678043365479
908 0.6923983097076416
909 0.7704998254776001
910 0.44467565417289734
911 0.9210942387580872
912 0.6912440657615662
913 0.8892994523048401
914 0.7224729657173157
915 0.7860816121101379
916 0.7784841656684875
917 0.9868000745773315
918 0.8757674098014832
919 0.809809148311615
920 0.8473346829414368
921 0.9598672389984131
922 0.9032277464866638
923 0.9450229406356812
924 0.7206580638885498
925 1.289303183555603
926 0.9812101125717163
927 0.9194557666778564
928 0.9536124467849731
929 0.8310661911964417
930 1.1324752569198608
931 0.8510168790817261
932 0.9298672080039978
933 0.5849484801292419
934 0.8793866634368896
935 0.9635950922966003
936 0.8822320103645325
937 0.6547045707702637
938 1.1531633138656616
939 0.8352032899856567
940 1.0398911237716675
941 1.2194747924804688
942 1.0422921180725098
943 0.9749273657798767
944 0.9671339988708496
945 1.1069906949996948
946 0.7707951068878174
947 1.1066370010375977
948 0.9039493203163147
949 0.7456575036048889
950 1.1805598735809326
951 0.9897322058677673
952 0.8341965675354004
953 0.9053102135658264
954 0.874504029750824
955 1.0549200773239136
956 1.4922094345092773
957 1.3256261348724365
958 1.408752202987671
959 1.4212807416915894
960 1.2204526662826538
961 1.0385035276412964
962 1.055873155593872
963 0.922033965587616
964 1.0088647603988647
965 1.083134651184082
966 1.1781134605407715
967 1.1724961996078491
968 1.2043253183364868
969 1.0758717060089111
970 1.5244156122207642
971 1.3673099279403687
972 1.695581078529358
973 1.4980738162994385
974 1.6165319681167603
975 1.7120083570480347
976 1.4718950986862183
977 1.6394317150115967
978 1.4827920198440552
979 1.402578353881836
980 1.6408860683441162
981 1.3772720098495483
982 1.2052373886108398
983 1.3205398321151733
984 1.280062198638916
985 1.1989961862564087
986 1.8017882108688354
987 1.50140380859375
988 1.5835100412368774
989 1.1721657514572144
990 1.713107943534851
991 1.2236683368682861
992 1.1478537321090698
993 1.1365454196929932
994 0.9214091897010803
995 1.0236425399780273
996 0.7543647289276123
997 0.9098789095878601
998 1.16469407081604
999 1.155747652053833
1000 1.1060960292816162
1001 1.335816740989685
1002 1.41005277633667
1003 1.7367702722549438
1004 1.4661139249801636
1005 1.5491344928741455
1006 1.6559284925460815
1007 1.317218542098999
1008 1.9646086692810059
1009 1.5338746309280396
1010 0.822290301322937
1011 1.0829720497131348
1012 1.2177599668502808
1013 0.7671111226081848
1014 1.3307890892028809
1015 1.2953599691390991
1016 1.4460368156433105
1017 1.5191339254379272
1018 1.4724621772766113
1019 1.1092838048934937
1020 1.4874753952026367
1021 1.6516093015670776
1022 1.8106672763824463
1023 1.5780397653579712
1024 1.2139546871185303
1025 1.6150667667388916
1026 1.6807712316513062
1027 1.2864443063735962
1028 1.8612056970596313
1029 1.0492089986801147
1030 1.354698657989502
1031 0.8166627883911133
1032 1.1989248991012573
1033 1.0466994047164917
1034 0.6729112863540649
1035 1.0283106565475464
1036 1.0641413927078247
1037 1.0372008085250854
1038 1.1811950206756592
1039 0.7573642730712891
1040 0.6992354989051819
1041 1.099826455116272
1042 1.1956889629364014
1043 1.5643993616104126
1044 1.364850640296936
1045 1.4428058862686157
1046 1.19297194480896
1047 1.4863827228546143
1048 1.5948355197906494
1049 1.622053623199463
1050 1.904725193977356
1051 1.4109389781951904
1052 1.8253720998764038
1053 1.6718494892120361
1054 1.7233744859695435
1055 1.230171799659729
1056 1.4530117511749268
1057 0.46421220898628235
1058 1.1752983331680298
1059 0.7888937592506409
1060 0.9154790639877319
1061 0.6659433245658875
1062 1.0569514036178589
1063 0.8782232999801636
1064 0.7242276668548584
1065 0.8152807950973511
1066 0.8274466395378113
1067 1.0495505332946777
1068 0.6437785029411316
1069 0.9714249968528748
1070 1.0197062492370605
1071 0.9413469433784485
1072 0.698627769947052
1073 1.0053231716156006
1074 0.9246582984924316
1075 0.5847493410110474
1076 0.6692464351654053
1077 0.9423723816871643
1078 0.9889707565307617
1079 1.14933180809021
1080 1.2453663349151611
1081 1.3707706928253174
1082 1.2265766859054565
1083 1.0085142850875854
1084 1.6359076499938965
1085 1.9718633890151978
1086 1.18337082862854
1087 1.6454898118972778
1088 1.297112226486206
1089 0.8373857140541077
1090 0.9519903659820557
1091 1.2198439836502075
1092 0.9280692338943481
1093 1.6229158639907837
1094 1.2172521352767944
1095 1.4159783124923706
1096 1.4192453622817993
1097 0.9626461863517761
1098 1.1297316551208496
1099 1.1848443746566772
1100 0.9189451336860657
1101 1.014075517654419
1102 1.151153802871704
1103 0.9807531833648682
1104 1.097148060798645
1105 0.7645707130432129
1106 1.1362208127975464
1107 1.6778628826141357
1108 1.429630994796753
1109 1.3999323844909668
1110 1.310576319694519
1111 1.6675645112991333
1112 0.9540262818336487
1113 0.7935027480125427
1114 0.978645920753479
1115 1.0257915258407593
1116 1.216088891029358
1117 0.9357079863548279
1118 1.0777814388275146
1119 0.6630093455314636
1120 1.0126789808273315
1121 1.7743027210235596
1122 1.9079205989837646
1123 1.4457935094833374
1124 1.3408982753753662
1125 1.9226750135421753
1126 1.5235254764556885
1127 1.2504595518112183
1128 1.1924999952316284
1129 1.5304139852523804
1130 1.2605550289154053
1131 1.5764890909194946
1132 1.3811694383621216
1133 1.575569748878479
1134 1.721790075302124
1135 1.7655218839645386
1136 1.3516751527786255
1137 1.4425727128982544
1138 1.342768907546997
1139 1.237040400505066
1140 1.1798701286315918
1141 1.3758286237716675
1142 1.4561184644699097
1143 1.0585037469863892
1144 0.6848768591880798
1145 1.2306854724884033
1146 0.8873234987258911
1147 1.0786815881729126
1148 1.561037540435791
1149 1.4276663064956665
1150 1.380715250968933
1151 1.3012089729309082
1152 1.2238470315933228
1153 1.4140180349349976
1154 1.4437881708145142
1155 1.3627138137817383
1156 1.4160456657409668
1157 1.4613559246063232
1158 1.3199772834777832
1159 1.4885010719299316
1160 1.3535903692245483
1161 1.1937373876571655
1162 1.4954687356948853
1163 1.2142788171768188
1164 1.464738368988037
1165 1.5331028699874878
1166 1.5002201795578003
1167 1.4621422290802002
1168 1.3733494281768799
1169 1.4024505615234375
1170 1.2651360034942627
1171 1.6551941633224487
1172 1.498429298400879
1173 1.6585071086883545
1174 1.2296918630599976
1175 1.213403582572937
1176 1.167314887046814
1177 1.4035859107971191
1178 1.305342674255371
1179 1.4655696153640747
1180 1.2778114080429077
1181 1.2227407693862915
1182 1.286726474761963
1183 1.336525797843933
1184 1.1799157857894897
1185 1.0871399641036987
1186 0.9612718224525452
1187 1.0539751052856445
1188 1.0808234214782715
1189 1.1420402526855469
1190 1.145447015762329
1191 1.4253679513931274
1192 1.3131885528564453
1193 1.2826659679412842
1194 1.5843544006347656
1195 1.4592978954315186
1196 1.2050580978393555
1197 1.2925090789794922
1198 1.2480342388153076
1199 0.9860981702804565
1200 1.1124963760375977
1201 1.025118112564087
1202 1.2923952341079712
1203 1.469342827796936
1204 1.5618181228637695
1205 1.9667308330535889
1206 1.7030959129333496
1207 1.3512166738510132
1208 1.4959323406219482
1209 1.2339586019515991
1210 1.5379928350448608
1211 1.595428228378296
1212 1.8231984376907349
1213 1.7027286291122437
1214 1.8618963956832886
1215 1.7074615955352783
1216 1.7376638650894165
1217 1.7501806020736694
1218 1.8259806632995605
1219 1.7319458723068237
1220 1.8164161443710327
1221 1.8694109916687012
1222 1.6382697820663452
1223 2.149130344390869
1224 1.8618379831314087
1225 1.7492079734802246
1226 2.3195149898529053
1227 1.4851664304733276
1228 1.6524463891983032
1229 1.8224211931228638
1230 1.8936848640441895
1231 1.6276416778564453
1232 1.7302974462509155
1233 1.3856735229492188
1234 1.5781787633895874
1235 1.939359188079834
1236 1.720073938369751
1237 1.7078474760055542
1238 1.4707989692687988
1239 1.8711880445480347
1240 1.8971606492996216
1241 1.7754098176956177
1242 1.6875112056732178
1243 1.4892725944519043
1244 1.4084093570709229
1245 1.4633715152740479
1246 1.6211825609207153
1247 1.43564772605896
1248 1.5276950597763062
1249 1.4864144325256348
1250 1.6482652425765991
1251 1.9706871509552002
1252 1.3585408926010132
1253 1.6357985734939575
1254 1.497265338897705
1255 1.8722748756408691
1256 1.7517255544662476
1257 1.8190839290618896
1258 1.4717152118682861
1259 1.4467170238494873
1260 1.5475518703460693
1261 1.5968061685562134
1262 1.6626631021499634
1263 1.4312975406646729
1264 1.3588615655899048
1265 1.135154366493225
1266 1.4339569807052612
1267 1.5163893699645996
1268 1.413759708404541
1269 1.5766433477401733
1270 1.5448262691497803
1271 1.8315274715423584
1272 1.6686937808990479
1273 1.3587546348571777
1274 1.413313627243042
1275 1.7096247673034668
1276 1.8869491815567017
1277 2.2879467010498047
1278 1.725409746170044
1279 1.2711151838302612
1280 1.240363597869873
1281 1.2904044389724731
1282 1.2999534606933594
1283 1.1482176780700684
1284 1.008419394493103
1285 1.0738228559494019
1286 1.2923017740249634
1287 1.1127070188522339
1288 1.2021081447601318
1289 1.0621939897537231
1290 0.7973144054412842
1291 0.9292250275611877
1292 0.9485222697257996
1293 1.1560512781143188
1294 0.8725805282592773
1295 1.3973231315612793
1296 1.1319096088409424
1297 0.9421262145042419
1298 1.3568118810653687
1299 0.8836163878440857
1300 0.7260268330574036
1301 0.951680600643158
1302 1.1578853130340576
1303 0.8122678399085999
1304 0.822424590587616
1305 1.08516263961792
1306 1.1642844676971436
1307 1.1006075143814087
1308 0.9422261714935303
1309 0.999706506729126
1310 0.8528922200202942
1311 0.8410785794258118
1312 0.7897316217422485
1313 0.8627848029136658
1314 0.6679779887199402
1315 0.5306776165962219
1316 0.7002434134483337
1317 0.873462975025177
1318 0.7878338694572449
1319 0.9106559753417969
1320 0.4371359348297119
1321 0.594319760799408
1322 0.7459043264389038
1323 0.8759543895721436
1324 0.7085742354393005
1325 1.0341272354125977
1326 0.5805331468582153
1327 0.8861985802650452
1328 0.3405579924583435
1329 0.43382081389427185
1330 0.29520145058631897
1331 0.5928866267204285
1332 0.5349395871162415
1333 0.4072245657444
1334 0.6124951243400574
1335 0.3709350526332855
1336 0.6249649524688721
1337 0.8600478172302246
1338 0.779487133026123
1339 0.5379213094711304
1340 0.8960142731666565
1341 0.8181824088096619
1342 0.6855151653289795
1343 0.659280002117157
1344 0.5001702904701233
1345 0.6169215440750122
1346 0.7683139443397522
1347 0.629178524017334
1348 0.4724791347980499
1349 0.8368026614189148
1350 0.4083426892757416
1351 0.6677271723747253
1352 0.7451571226119995
1353 0.4768499433994293
1354 0.5665853023529053
1355 0.6263129711151123
1356 0.7362207174301147
1357 0.7259880304336548
1358 0.6955310106277466
1359 0.9088659286499023
1360 0.7723519206047058
1361 0.5672028660774231
1362 0.4884103834629059
1363 0.8588438630104065
1364 0.64208984375
1365 1.0970252752304077
1366 1.2176406383514404
1367 0.5893725752830505
1368 0.6674717664718628
1369 0.57166588306427
1370 0.5207989811897278
1371 0.4628268778324127
1372 0.594410240650177
1373 0.8427359461784363
1374 0.8491644263267517
1375 0.8533871173858643
1376 0.534099280834198
1377 0.3559574782848358
1378 0.6899872422218323
1379 0.7695022225379944
1380 0.7914642691612244
1381 0.9846034049987793
1382 0.9717073440551758
1383 0.7839652895927429
1384 0.5080377459526062
1385 0.8710185289382935
1386 0.6843334436416626
1387 0.9967855215072632
1388 0.9057072997093201
1389 0.7660060524940491
1390 0.8755983710289001
1391 0.8764650225639343
1392 1.0656622648239136
1393 1.1744064092636108
1394 1.2732181549072266
1395 1.1785292625427246
1396 1.111161708831787
1397 1.0172332525253296
1398 0.9675821661949158
1399 1.3383723497390747
1400 1.0329684019088745
1401 1.2808542251586914
1402 1.10777747631073
1403 1.0032885074615479
1404 0.9817793965339661
1405 1.212203025817871
1406 1.089180588722229
1407 1.3707163333892822
1408 1.371707558631897
1409 1.7324503660202026
1410 1.983799695968628
1411 1.7074872255325317
1412 0.964165449142456
1413 0.6829211115837097
1414 0.7010806798934937
1415 0.5652492642402649
1416 1.1182469129562378
1417 0.6507289409637451
1418 1.1412965059280396
1419 1.1382900476455688
1420 1.2227082252502441
1421 1.241459608078003
1422 1.543726921081543
1423 1.0056617259979248
1424 0.8652758002281189
1425 1.3871630430221558
1426 1.2119396924972534
1427 1.3403016328811646
1428 1.2825918197631836
1429 0.7639654278755188
1430 0.8866678476333618
1431 1.2994383573532104
1432 1.0918198823928833
1433 0.8987279534339905
1434 1.354195475578308
1435 0.9204773306846619
1436 0.8215416669845581
1437 0.848932147026062
1438 0.5792707204818726
1439 1.5187690258026123
1440 0.9373807311058044
1441 1.116367220878601
1442 0.7860033512115479
1443 0.8900817036628723
1444 1.1471775770187378
1445 1.077497124671936
1446 0.7409151792526245
1447 0.6461730003356934
1448 0.8752131462097168
1449 0.8267561197280884
1450 1.138622760772705
1451 1.2283499240875244
1452 1.5523786544799805
1453 0.8688583374023438
1454 0.5562241673469543
1455 0.36686697602272034
1456 0.9896219372749329
1457 0.907878577709198
1458 0.9925454258918762
1459 0.8295086026191711
1460 1.2066352367401123
1461 0.9191694855690002
1462 1.2038779258728027
1463 1.083930253982544
1464 1.101255178451538
1465 1.0692658424377441
1466 1.120376706123352
1467 0.6890907883644104
1468 0.5498843193054199
1469 0.5726427435874939
1470 0.8528146743774414
1471 0.7926514744758606
1472 0.9652866721153259
1473 0.7366259694099426
1474 0.8636571764945984
1475 0.31750017404556274
1476 0.5430552959442139
1477 0.5789477229118347
1478 0.7148728966712952
1479 0.5274259448051453
1480 0.7183980345726013
1481 0.3269146680831909
1482 0.5771834850311279
1483 0.5836562514305115
1484 0.5414251089096069
1485 0.5650715827941895
1486 1.2509361505508423
1487 0.8450748324394226
1488 0.3948940932750702
1489 0.5156712532043457
1490 0.25005537271499634
1491 0.581901490688324
1492 0.7049763202667236
1493 0.9826220273971558
1494 0.8919092416763306
1495 0.6388512849807739
1496 0.8339341282844543
1497 0.6191606521606445
1498 0.6841487288475037
1499 0.8072142601013184
1500 0.6441037058830261
1501 1.1934155225753784
1502 0.38825708627700806
1503 0.5083268880844116
1504 0.7874454855918884
1505 0.33266228437423706
1506 0.6082177758216858
1507 0.6234866380691528
1508 0.7273746132850647
1509 0.8132739067077637
1510 0.5216869115829468
1511 0.6686609983444214
1512 0.1769988238811493
1513 0.43449866771698
1514 0.522753894329071
1515 0.4826016426086426
1516 0.670415997505188
1517 0.8352398872375488
1518 0.7168407440185547
1519 0.6169893145561218
1520 0.4177870750427246
1521 0.34952983260154724
1522 0.3919214904308319
1523 0.522629976272583
1524 0.3903225064277649
1525 0.7615842819213867
1526 1.20122230052948
1527 0.7129238843917847
1528 0.9836484789848328
1529 0.7513368725776672
1530 0.5897881984710693
1531 0.439258873462677
1532 0.6234240531921387
1533 0.815930187702179
1534 0.8504779934883118
1535 0.9528989791870117
1536 0.8045156598091125
1537 0.75004643201828
1538 0.5005714297294617
1539 0.953988790512085
1540 1.506579041481018
1541 0.8405047655105591
1542 0.9164319038391113
1543 0.5218737721443176
1544 0.6149399280548096
1545 0.6528328061103821
1546 0.914692223072052
1547 0.9993473887443542
1548 0.9670653939247131
1549 0.730150043964386
1550 0.7545217871665955
1551 0.8985885977745056
1552 0.569473147392273
1553 0.517118513584137
1554 0.8483209013938904
1555 0.9497312903404236
1556 0.5843328237533569
1557 0.8337186574935913
1558 0.9091021418571472
1559 0.8668269515037537
1560 0.9086799025535583
1561 0.7645313143730164
1562 0.6125377416610718
1563 0.7638514041900635
1564 0.9616708755493164
1565 1.1302239894866943
1566 1.0095939636230469
1567 1.2381467819213867
1568 0.8204743266105652
1569 1.3795047998428345
1570 0.8355559706687927
1571 1.027483582496643
1572 1.0282213687896729
1573 0.9535179138183594
1574 0.792364239692688
1575 0.9133896231651306
1576 0.7228978872299194
1577 0.7488217353820801
1578 0.7526899576187134
1579 0.5522152185440063
1580 0.5097652077674866
1581 0.6320507526397705
1582 0.6905537247657776
1583 0.4865811765193939
1584 1.0854846239089966
1585 0.939379870891571
1586 0.8369520306587219
1587 1.1393890380859375
1588 0.9653311967849731
1589 0.661179780960083
1590 1.2319543361663818
1591 0.800382137298584
1592 0.6867279410362244
1593 0.8185765743255615
1594 1.0689349174499512
1595 0.8991941809654236
1596 0.8903774619102478
1597 1.1701691150665283
1598 0.9634925723075867
1599 0.8879860639572144
1600 0.7037313580513
1601 1.2319928407669067
1602 1.1128919124603271
1603 0.5452592372894287
1604 0.5675104856491089
1605 0.833938717842102
1606 1.0338706970214844
1607 0.7831543684005737
1608 0.7394176125526428
1609 0.7405731081962585
1610 0.9266413450241089
1611 1.0713356733322144
1612 1.0161688327789307
1613 0.913939356803894
1614 1.0824031829833984
1615 0.518368661403656
1616 0.8401690125465393
1617 0.9567009210586548
1618 0.7420324683189392
1619 0.9290738701820374
1620 0.914095401763916
1621 0.7127827405929565
1622 1.1111671924591064
1623 1.2714314460754395
1624 1.2837269306182861
1625 0.9842292070388794
1626 1.0017145872116089
1627 1.026663899421692
1628 1.366739273071289
1629 1.2010071277618408
1630 1.1885432004928589
1631 0.9312172532081604
1632 1.0159653425216675
1633 1.050502061843872
1634 0.6366972923278809
1635 0.6915063858032227
1636 1.0242841243743896
1637 0.8614787459373474
1638 0.5560156106948853
1639 0.8338839411735535
1640 1.0607309341430664
1641 0.7677103877067566
1642 1.0423732995986938
1643 0.7174224257469177
1644 0.8686255216598511
1645 0.4444854259490967
1646 0.9833546876907349
1647 0.9011552333831787
1648 1.007859230041504
1649 0.6275228261947632
1650 0.8296632170677185
1651 0.8818376660346985
1652 0.6337984800338745
1653 0.6288625001907349
1654 1.006738305091858
1655 0.5115265846252441
1656 0.6974425315856934
1657 0.8298551440238953
1658 1.0378954410552979
1659 0.8109535574913025
1660 0.8239437937736511
1661 0.936309278011322
1662 0.7033591270446777
1663 0.49272939562797546
1664 0.623671293258667
1665 0.6412822604179382
1666 0.644270658493042
1667 0.863221287727356
1668 0.5827762484550476
1669 0.5165387392044067
1670 0.3887944221496582
1671 0.715104877948761
1672 0.5978502631187439
1673 0.9221531748771667
1674 0.8231869339942932
1675 0.8971328139305115
1676 0.8935822248458862
1677 0.8017475008964539
1678 0.50259929895401
1679 0.5653467774391174
1680 0.7472683787345886
1681 0.3033282458782196
1682 0.2501351237297058
1683 0.4551885426044464
1684 0.6020586490631104
1685 0.773543119430542
1686 0.29715678095817566
1687 0.6198722720146179
1688 0.43900978565216064
1689 0.7025704979896545
1690 0.4169155955314636
1691 0.5768714547157288
1692 0.43329012393951416
1693 0.34889352321624756
1694 0.6788463592529297
1695 0.40934690833091736
1696 0.5963647365570068
1697 0.5788252353668213
1698 1.038393259048462
1699 0.9134761095046997
1700 0.7835668325424194
1701 0.5794466733932495
1702 0.5618816018104553
1703 0.48509785532951355
1704 0.4242633879184723
1705 0.6963198184967041
1706 0.4053875803947449
1707 0.4986174702644348
1708 0.5960955619812012
1709 0.7395063638687134
1710 0.6523629426956177
1711 0.7720547318458557
1712 0.6472862958908081
1713 0.40608909726142883
1714 0.5791674852371216
1715 0.45675307512283325
1716 0.3331507742404938
1717 0.5609558820724487
1718 0.9615293741226196
1719 0.8335185050964355
1720 0.8321306705474854
1721 0.6218612790107727
1722 0.7256647944450378
1723 0.9468281269073486
1724 0.8769674301147461
1725 0.9390448331832886
1726 1.2462230920791626
1727 0.8196319937705994
1728 0.8264791369438171
1729 0.6161378026008606
1730 0.8849077224731445
1731 1.1516677141189575
1732 0.9095841646194458
1733 0.2570137679576874
1734 0.8861967921257019
1735 0.34800565242767334
1736 0.5701269507408142
1737 0.8243944048881531
1738 0.45236968994140625
1739 0.4762110710144043
1740 0.5566215515136719
1741 0.6630391478538513
1742 0.8459491729736328
1743 0.5952601432800293
1744 0.6831241250038147
1745 0.7031942009925842
1746 0.5585089921951294
1747 0.4831925630569458
1748 0.7455033659934998
1749 0.7367096543312073
1750 0.9386651515960693
1751 0.6929223537445068
1752 0.5432791113853455
1753 0.5078935027122498
1754 0.45264488458633423
1755 0.8835041522979736
1756 1.030583381652832
1757 0.7349562048912048
1758 0.6558303833007813
1759 0.7124658823013306
1760 0.6408917307853699
1761 0.9215236306190491
1762 0.7606603503227234
1763 0.7761470079421997
1764 0.6997812390327454
1765 0.709315299987793
1766 0.6212729811668396
1767 1.007946252822876
1768 1.034205675125122
1769 0.7635442018508911
1770 0.5001112818717957
1771 0.5031071901321411
1772 1.167041540145874
1773 0.5983529090881348
1774 1.0029592514038086
1775 0.5884515047073364
1776 1.0721780061721802
1777 0.7676888704299927
1778 0.5937026143074036
1779 0.6535861492156982
1780 0.5420358777046204
1781 0.6412636637687683
1782 0.8172463178634644
1783 0.9199846982955933
1784 1.1022614240646362
1785 0.7988262176513672
1786 0.8783851861953735
1787 0.9122637510299683
1788 1.0036078691482544
1789 1.0029244422912598
1790 0.5935150384902954
1791 1.3443472385406494
1792 0.9840985536575317
1793 1.0050727128982544
1794 0.717194139957428
1795 0.9116575121879578
1796 0.5103133320808411
1797 1.0099729299545288
1798 0.844567596912384
1799 1.0874271392822266
1800 0.9851697683334351
1801 1.1278671026229858
1802 1.1012052297592163
1803 1.4716495275497437
1804 0.8917966485023499
1805 0.7817165851593018
1806 1.005206823348999
1807 1.0068035125732422
1808 0.9230852723121643
1809 0.6937075257301331
1810 1.0872631072998047
1811 0.6760151386260986
1812 0.8150927424430847
1813 1.2653050422668457
1814 0.8413997292518616
1815 1.2144379615783691
1816 0.9929599165916443
1817 1.1517270803451538
1818 0.6886816024780273
1819 1.065194845199585
1820 0.7157117128372192
1821 1.034294843673706
1822 0.8797727227210999
1823 0.6199352741241455
1824 0.7180707454681396
1825 0.8685222864151001
1826 0.763584554195404
1827 0.915766716003418
1828 1.193507432937622
1829 0.9186741709709167
1830 0.9878140687942505
1831 0.7258906364440918
1832 0.6576454043388367
1833 0.5700125694274902
1834 0.7526577711105347
1835 1.0556501150131226
1836 0.6804887056350708
1837 0.8697772026062012
1838 0.8028526306152344
1839 0.8762338757514954
1840 0.8373481631278992
1841 0.7322186231613159
1842 0.7945274114608765
1843 0.8826460838317871
1844 0.7766953706741333
1845 0.6878013014793396
1846 0.8943423628807068
1847 0.9442152976989746
1848 1.0392431020736694
1849 0.9881237149238586
1850 0.6562724113464355
1851 1.0331977605819702
1852 1.0237085819244385
1853 0.7870194315910339
1854 1.0935280323028564
1855 0.9075862169265747
1856 0.7360119819641113
1857 0.6367615461349487
1858 0.6894112825393677
1859 0.9718366861343384
1860 0.6210602521896362
1861 0.912922739982605
1862 0.6016950607299805
1863 0.8178015351295471
1864 1.3797637224197388
1865 1.3676173686981201
1866 1.2494837045669556
1867 0.9613698720932007
1868 1.2520904541015625
1869 0.8155983686447144
1870 1.0883923768997192
1871 1.5148468017578125
1872 1.1436586380004883
1873 0.8825936913490295
1874 1.13755464553833
1875 1.0043370723724365
1876 0.6712223291397095
1877 1.0645867586135864
1878 0.9261849522590637
1879 0.8352022171020508
1880 0.8416661024093628
1881 0.6714392304420471
1882 1.0501821041107178
1883 0.7701264023780823
1884 0.9529488682746887
1885 1.073630452156067
1886 1.2244415283203125
1887 1.2580755949020386
1888 0.7810695171356201
1889 0.8043546080589294
1890 0.9755065441131592
1891 0.9262765645980835
1892 1.2864235639572144
1893 1.212788701057434
1894 0.696539044380188
1895 0.8038293719291687
1896 0.9500377178192139
1897 0.6133686900138855
1898 1.0759438276290894
1899 0.9309324622154236
1900 0.6169732809066772
1901 0.8397035002708435
1902 0.771045982837677
1903 0.9780319333076477
1904 0.8673160076141357
1905 1.0530563592910767
1906 0.9712063670158386
1907 0.7761688828468323
1908 0.8724981546401978
1909 0.9644092321395874
1910 0.9336750507354736
1911 1.1198837757110596
1912 0.9106828570365906
1913 1.0144894123077393
1914 0.7419717311859131
1915 0.9794117212295532
1916 0.8358093500137329
1917 0.7886805534362793
1918 0.24499714374542236
1919 1.4845011234283447
1920 0.6737263798713684
1921 0.9715340733528137
1922 1.142775297164917
1923 0.7680798768997192
1924 0.9267839789390564
1925 1.0968347787857056
1926 1.1836583614349365
1927 1.093503713607788
1928 0.8570655584335327
1929 0.778485894203186
1930 0.6323636174201965
1931 0.5288498401641846
1932 0.84146648645401
1933 1.1349291801452637
1934 0.880777895450592
1935 0.7967469692230225
1936 0.7323868274688721
1937 1.004162073135376
1938 0.6066850423812866
1939 0.5218712687492371
1940 0.9903348684310913
1941 1.0035481452941895
1942 0.5427579879760742
1943 0.7249678373336792
1944 0.7935081720352173
1945 0.6873340010643005
1946 0.47798532247543335
1947 0.6738095879554749
1948 0.7664578557014465
1949 0.6538155674934387
1950 0.7090682983398438
1951 1.070105791091919
1952 0.7855477929115295
1953 0.5234348177909851
1954 0.7020578980445862
1955 1.0903812646865845
1956 0.8917413353919983
1957 0.8961603045463562
1958 0.6684758067131042
1959 0.5788811445236206
1960 0.7312154769897461
1961 0.3204648792743683
1962 0.6437263488769531
1963 0.6013171076774597
1964 0.798313319683075
1965 0.6667011380195618
1966 0.6354900598526001
1967 0.7880428433418274
1968 0.5179972648620605
1969 0.8795413374900818
1970 0.6930185556411743
1971 0.8570864796638489
1972 0.8866125345230103
1973 0.8195937275886536
1974 0.526479959487915
1975 0.7843420505523682
1976 0.5747202038764954
1977 0.8767023086547852
1978 0.7017396688461304
1979 0.37488433718681335
1980 0.5747808218002319
1981 0.997416615486145
1982 0.8529842495918274
1983 0.6463998556137085
1984 0.37198278307914734
1985 0.49941855669021606
1986 0.66053706407547
1987 0.8345442414283752
1988 0.6897456049919128
1989 0.6421728730201721
1990 0.47728949785232544
1991 1.0322542190551758
1992 0.683738648891449
1993 0.8864468336105347
1994 0.5908825993537903
1995 0.6335928440093994
1996 0.9389145970344543
1997 0.5657331943511963
1998 0.5879945158958435
1999 0.9351178407669067
