0 0.0
1 0.3916364312171936
2 0.48746347427368164
3 0.6077700853347778
4 0.6751516461372375
5 0.3425360918045044
6 1.0300986766815186
7 0.5696609616279602
8 0.7937636375427246
9 1.2399159669876099
10 0.4245143234729767
11 0.7073821425437927
12 0.5071740746498108
13 0.9244850277900696
14 0.40534064173698425
15 0.48866015672683716
16 0.5901419520378113
17 0.5486946702003479
18 1.0553869009017944
19 0.6336156725883484
20 0.8905447721481323
21 0.729565441608429
22 0.6792704463005066
23 1.0123379230499268
24 0.9844666123390198
25 0.8778898119926453
26 0.7004944682121277
27 0.7804438471794128
28 1.1499158143997192
29 1.1290282011032104
30 0.5416027307510376
31 0.45979127287864685
32 0.8110690116882324
33 0.6186959147453308
34 0.731121301651001
35 0.6098658442497253
36 0.8346887230873108
37 1.0928196907043457
38 0.6515045762062073
39 0.7269896864891052
40 0.839473307132721
41 0.6987344622612
42 0.9163152575492859
43 0.8208766579627991
44 0.6411139965057373
45 1.1279305219650269
46 0.887886106967926
47 0.7075831294059753
48 0.45729315280914307
49 0.7608609795570374
50 0.38511988520622253
51 0.5645895004272461
52 0.4495912194252014
53 0.653934121131897
54 0.7033368349075317
55 0.7366676926612854
56 0.6358891725540161
57 0.62473464012146
58 0.9062564969062805
59 0.4615424573421478
60 0.6308789849281311
61 0.5258676409721375
62 0.6512081027030945
63 0.944377064704895
64 1.142467737197876
65 0.7734403610229492
66 0.3774002194404602
67 0.5009099245071411
68 0.7574649453163147
69 0.7998398542404175
70 0.5832245349884033
71 0.6195301413536072
72 0.5300800204277039
73 0.43300268054008484
74 0.7251657843589783
75 0.7909983992576599
76 0.7595239281654358
77 0.5747060775756836
78 0.421399861574173
79 0.5546020865440369
80 0.9335564970970154
81 0.47069185972213745
82 0.5607142448425293
83 0.8678039312362671
84 0.48706626892089844
85 0.4844245910644531
86 0.8494969010353088
87 0.8974980711936951
88 1.1104037761688232
89 0.4963350296020508
90 0.7775429487228394
91 0.9732337594032288
92 0.6356860995292664
93 0.4160325229167938
94 0.6233771443367004
95 0.6033316850662231
96 0.9473947286605835
97 0.9451273083686829
98 0.7850039005279541
99 1.0313820838928223
100 1.0326292514801025
101 0.9729176759719849
102 1.0186845064163208
103 0.9994834065437317
104 0.6006542444229126
105 0.9815474152565002
106 0.8461270332336426
107 1.0762355327606201
108 0.6849741339683533
109 1.37937593460083
110 1.2461848258972168
111 0.8085184693336487
112 0.7651771306991577
113 0.7926924824714661
114 1.0865538120269775
115 0.8999935984611511
116 0.853817343711853
117 0.6333286166191101
118 0.6446386575698853
119 0.5410078763961792
120 0.9343582391738892
121 0.8315631151199341
122 0.7532491683959961
123 1.0483061075210571
124 1.0737780332565308
125 1.1570947170257568
126 0.8619768619537354
127 0.9806714057922363
128 0.5908496379852295
129 0.7163123488426208
130 1.0562032461166382
131 1.5030103921890259
132 1.6186299324035645
133 1.3811794519424438
134 0.7332746386528015
135 1.2039216756820679
136 1.365473985671997
137 1.4557794332504272
138 1.639577031135559
139 1.2130861282348633
140 0.9877182245254517
141 0.40957194566726685
142 0.5808484554290771
143 0.753635048866272
144 0.9876723885536194
145 0.9058915376663208
146 1.0853149890899658
147 0.6536661982536316
148 0.5616075396537781
149 0.5790867209434509
150 1.001219391822815
151 1.1757290363311768
152 0.7080698609352112
153 0.6638597249984741
154 0.9207236170768738
155 1.0412381887435913
156 1.2380410432815552
157 0.485162615776062
158 0.7693606019020081
159 0.6982817053794861
160 0.8321834802627563
161 0.8179761171340942
162 0.6073317527770996
163 0.6770592331886292
164 0.46431082487106323
165 0.7632509469985962
166 0.5769086480140686
167 0.9125649929046631
168 0.6102713346481323
169 0.8402755260467529
170 1.2856758832931519
171 0.9633551239967346
172 0.9531803727149963
173 1.142682671546936
174 1.4554206132888794
175 1.5288575887680054
176 0.6603658199310303
177 1.1904218196868896
178 1.3958667516708374
179 1.0408961772918701
180 1.0168747901916504
181 1.30397629737854
182 0.7255129218101501
183 0.8375075459480286
184 0.8163978457450867
185 0.6758556365966797
186 0.6272338032722473
187 0.7138329148292542
188 0.7392477989196777
189 0.5776314735412598
190 0.6417471170425415
191 0.4882154166698456
192 0.6032601594924927
193 0.3342994153499603
194 0.39930498600006104
195 0.4825049936771393
196 0.6863106489181519
197 0.4111619293689728
198 0.6815704703330994
199 0.7324492931365967
200 0.6881989240646362
201 0.5558435320854187
202 0.5315805077552795
203 0.6446618437767029
204 1.0880122184753418
205 0.6380354166030884
206 0.7662224769592285
207 0.7211033701896667
208 0.6874569654464722
209 0.6317524909973145
210 0.9672037959098816
211 0.5027580857276917
212 1.0842673778533936
213 0.4742685556411743
214 0.6697168350219727
215 0.6372185945510864
216 0.5039801597595215
217 0.46186673641204834
218 0.4297521710395813
219 0.8281258344650269
220 0.5719515085220337
221 0.7434922456741333
222 0.6270115971565247
223 0.5132083892822266
224 0.9074265360832214
225 0.6447254419326782
226 0.5298890471458435
227 0.7504189014434814
228 0.49438902735710144
229 0.6452529430389404
230 0.8314335942268372
231 0.8499695658683777
232 0.650485098361969
233 0.885435163974762
234 0.5187892913818359
235 0.8786829113960266
236 0.6011673212051392
237 0.43615826964378357
238 0.5913441777229309
239 0.8139846324920654
240 0.5988445281982422
241 0.7444567680358887
242 0.6206732988357544
243 0.7745981812477112
244 0.7183740139007568
245 0.5690492391586304
246 0.8011254072189331
247 0.7673041224479675
248 0.9027573466300964
249 0.392968088388443
250 0.5532981157302856
251 0.42638009786605835
252 0.5742474794387817
253 0.5468989014625549
254 0.9958594441413879
255 0.9021584391593933
256 0.7957553267478943
257 0.6042022109031677
258 0.663698673248291
259 0.5299548506736755
260 0.4263957738876343
261 0.5511839985847473
262 0.7136018872261047
263 0.5715280771255493
264 0.49427783489227295
265 0.5196864604949951
266 0.6587395071983337
267 0.24752327799797058
268 1.0147759914398193
269 0.6773198843002319
270 0.7253717184066772
271 0.7286667823791504
272 0.7013981938362122
273 1.0073704719543457
274 0.9276870489120483
275 0.7038639783859253
276 0.7639486789703369
277 0.769137442111969
278 0.9027445316314697
279 0.7806402444839478
280 0.9417195320129395
281 1.2903478145599365
282 0.8118179440498352
283 0.8463951945304871
284 0.7827150225639343
285 0.6720577478408813
286 0.9090438485145569
287 0.9298022985458374
288 1.0591374635696411
289 0.6507613062858582
290 0.7419992685317993
291 0.8880550861358643
292 0.9544687867164612
293 0.5947595238685608
294 0.4429576098918915
295 0.7236495614051819
296 0.6664419174194336
297 0.5858998894691467
298 0.5165836215019226
299 0.9759534001350403
300 0.8875842094421387
301 0.6827505230903625
302 0.6826742887496948
303 0.8434232473373413
304 0.7362862825393677
305 0.7663432955741882
306 0.5309383869171143
307 0.40999364852905273
308 0.7658876776695251
309 0.5273485779762268
310 0.91939777135849
311 0.666023313999176
312 1.0558741092681885
313 1.0442723035812378
314 1.0970611572265625
315 1.3163623809814453
316 1.1488045454025269
317 1.1233781576156616
318 0.8195415139198303
319 1.043823003768921
320 1.4156650304794312
321 1.2689744234085083
322 0.8612614274024963
323 0.7629095911979675
324 0.8934991359710693
325 1.4778289794921875
326 0.747610867023468
327 0.6120374202728271
328 0.5677964091300964
329 0.5702941417694092
330 0.995672345161438
331 0.6391112208366394
332 0.48006951808929443
333 0.8203935027122498
334 0.5295132994651794
335 1.012139916419983
336 0.8398797512054443
337 0.7101638913154602
338 1.0964678525924683
339 0.8356131315231323
340 0.8401963114738464
341 1.0754828453063965
342 0.6208996772766113
343 0.5674817562103271
344 0.6413037180900574
345 0.7414315938949585
346 0.3915621042251587
347 0.6832410097122192
348 0.6501109600067139
349 0.4433615207672119
350 0.8384390473365784
351 0.6720659136772156
352 0.6857166886329651
353 0.8999132513999939
354 0.9796902537345886
355 0.8909432888031006
356 1.0398329496383667
357 1.2204586267471313
358 0.8493545055389404
359 0.6286550164222717
360 0.6985188126564026
361 0.5223351716995239
362 0.8230773210525513
363 0.6285686492919922
364 0.7206481695175171
365 0.7069250345230103
366 0.8689284920692444
367 0.6394464373588562
368 0.6132776737213135
369 0.8833027482032776
370 0.7396864295005798
371 0.826113224029541
372 0.729831337928772
373 0.6982041597366333
374 0.822396993637085
375 0.5002599358558655
376 0.7637915015220642
377 0.7693053483963013
378 0.5407286882400513
379 0.5716665983200073
380 0.7068194150924683
381 0.6943202018737793
382 0.792953372001648
383 0.6681962609291077
384 0.33758771419525146
385 0.8819224834442139
386 0.6804765462875366
387 0.6345233917236328
388 0.8235191106796265
389 0.5661348700523376
390 0.6819015145301819
391 0.7795549631118774
392 0.9101735353469849
393 0.8882561922073364
394 0.886512815952301
395 0.5109643340110779
396 0.9381950497627258
397 0.7960334420204163
398 0.5881742835044861
399 0.5035848021507263
400 0.7954711318016052
401 0.7624202370643616
402 0.7611777186393738
403 0.638080894947052
404 0.5687763094902039
405 0.8801596760749817
406 0.8281148672103882
407 0.962546706199646
408 0.38198134303092957
409 0.6078068614006042
410 0.5818173289299011
411 0.7662404775619507
412 0.7378720045089722
413 0.8384852409362793
414 0.6827446818351746
415 0.9061997532844543
416 0.8086594939231873
417 0.5845166444778442
418 1.0995781421661377
419 0.5779224038124084
420 0.8611767888069153
421 0.5384544134140015
422 0.46499204635620117
423 0.48213258385658264
424 0.5469462275505066
425 0.699253499507904
426 0.8667027354240417
427 0.8820396065711975
428 0.7073661088943481
429 0.8043103218078613
430 0.5339211821556091
431 0.7790631651878357
432 0.5605120062828064
433 0.8001245856285095
434 0.4863787293434143
435 0.6151774525642395
436 0.835473895072937
437 0.7311028838157654
438 0.9007206559181213
439 0.6560958027839661
440 0.5711562037467957
441 0.6751091480255127
442 0.7423244118690491
443 0.812050461769104
444 0.9000648260116577
445 0.94219970703125
446 0.8189535140991211
447 0.6870200634002686
448 0.6123723387718201
449 0.45907384157180786
450 0.8575617671012878
451 0.6561732888221741
452 0.8976625800132751
453 0.9128326773643494
454 0.6306106448173523
455 0.6505733728408813
456 0.43977534770965576
457 0.5651342868804932
458 0.9742444753646851
459 0.7515720129013062
460 0.823344349861145
461 0.666264533996582
462 0.5684238076210022
463 0.7682545185089111
464 0.8184956908226013
465 0.6559869647026062
466 0.32394686341285706
467 0.984130322933197
468 0.44040611386299133
469 0.8004102110862732
470 0.6739000082015991
471 0.564286470413208
472 0.5759936571121216
473 0.8127143383026123
474 0.9867798686027527
475 0.808099091053009
476 0.8856920599937439
477 0.8380405902862549
478 0.6688569188117981
479 0.8572703003883362
480 0.8486375212669373
481 0.976189374923706
482 0.5917646884918213
483 0.6032925248146057
484 0.5929961800575256
485 0.5325260162353516
486 0.9560561180114746
487 0.80021733045578
488 1.0320096015930176
489 0.7491984367370605
490 0.6029221415519714
491 0.7475995421409607
492 0.7871910929679871
493 0.6384762525558472
494 0.8570774793624878
495 0.5434046387672424
496 0.8282293081283569
497 0.866457998752594
498 0.6671034693717957
499 0.9633249044418335
500 0.7746225595474243
501 0.7233038544654846
502 1.0714973211288452
503 0.9212121963500977
504 0.6914219260215759
505 0.542230486869812
506 1.0184065103530884
507 0.692055344581604
508 0.7663731575012207
509 0.5626595616340637
510 0.8909401297569275
511 0.6905158758163452
512 0.5724945068359375
513 0.6255384683609009
514 0.8311895728111267
515 0.873845100402832
516 0.7172038555145264
517 0.6554489731788635
518 1.0038379430770874
519 0.7467861175537109
520 0.803469181060791
521 0.7894359827041626
522 0.6237224340438843
523 0.816411018371582
524 0.8237384557723999
525 0.9523966908454895
526 1.0079454183578491
527 0.7145564556121826
528 0.8839150071144104
529 0.7950396537780762
530 0.5750852227210999
531 0.7759081125259399
532 0.8306196331977844
533 0.5381214618682861
534 0.6103832125663757
535 0.7444196343421936
536 0.8567339181900024
537 0.8134074807167053
538 0.7730470299720764
539 0.847417414188385
540 0.7658365964889526
541 0.7205877304077148
542 0.7179586887359619
543 0.6935997605323792
544 0.578422486782074
545 0.5545011162757874
546 0.6131869554519653
547 0.4407241642475128
548 0.8582529425621033
549 0.34935465455055237
550 0.6922118663787842
551 0.6356536746025085
552 0.5411555171012878
553 0.5899167060852051
554 0.7333742380142212
555 0.882196843624115
556 0.984394371509552
557 0.538170337677002
558 0.5038248300552368
559 0.456727534532547
560 0.9903858304023743
561 0.7471547722816467
562 0.6794794797897339
563 0.43319588899612427
564 0.6541833281517029
565 0.5451847314834595
566 1.1141507625579834
567 0.6608139276504517
568 0.7959842085838318
569 0.9771304726600647
570 1.0385494232177734
571 0.7537043690681458
572 0.44365233182907104
573 0.7667083144187927
574 0.7097464203834534
575 0.7682910561561584
576 0.38638049364089966
577 0.6603987812995911
578 0.7724020481109619
579 0.7809870839118958
580 1.0566694736480713
581 0.6057741045951843
582 0.5061672925949097
583 0.5667478442192078
584 0.6495569944381714
585 0.5096908211708069
586 0.9452173709869385
587 0.8957169651985168
588 0.6845112442970276
589 0.5986309051513672
590 0.5540806651115417
591 0.5667070150375366
592 0.44669464230537415
593 0.5624693036079407
594 0.4621117115020752
595 0.5403607487678528
596 0.7558020949363708
597 0.8323711156845093
598 0.532140851020813
599 0.6815255880355835
600 0.6563746333122253
601 0.4650692641735077
602 0.7627875804901123
603 1.0133785009384155
604 1.0745419263839722
605 0.4966532588005066
606 0.8794587254524231
607 0.6461806893348694
608 0.6032246351242065
609 0.5378537178039551
610 0.42549577355384827
611 0.6719107031822205
612 0.5733758807182312
613 0.6823800206184387
614 0.7679948210716248
615 0.756605327129364
616 0.4519420862197876
617 0.7787670493125916
618 0.8045140504837036
619 0.547773003578186
620 1.0976390838623047
621 0.796437680721283
622 0.7460633516311646
623 0.6388745307922363
624 0.882302463054657
625 0.6794801950454712
626 0.6321866512298584
627 0.6751381754875183
628 0.7576922178268433
629 0.9593490362167358
630 0.892261803150177
631 0.7518125176429749
632 0.750220775604248
633 0.7848458290100098
634 0.6261808276176453
635 0.9030477404594421
636 0.6298497915267944
637 0.8549560308456421
638 0.5967231392860413
639 0.7051787972450256
640 0.6691701412200928
641 0.5368903279304504
642 0.5049071311950684
643 0.7542855739593506
644 0.49070701003074646
645 0.9274575710296631
646 0.5902621746063232
647 0.6230568885803223
648 0.6662251949310303
649 0.8314096927642822
650 0.9593332409858704
651 0.41765475273132324
652 0.712620735168457
653 0.8789263963699341
654 0.7925222516059875
655 0.9151898622512817
656 0.6952272653579712
657 0.5588552951812744
658 0.5429726243019104
659 0.5908308029174805
660 0.4759643077850342
661 0.47098681330680847
662 0.4389200210571289
663 0.5347521305084229
664 0.944682240486145
665 0.7431077361106873
666 1.2490135431289673
667 0.848688542842865
668 0.8449562191963196
669 0.7213646769523621
670 0.7624769806861877
671 0.9567024111747742
672 0.9691153168678284
673 1.02843177318573
674 1.2051141262054443
675 1.1489311456680298
676 1.5010372400283813
677 1.0384440422058105
678 0.8834638595581055
679 1.145019769668579
680 1.4736391305923462
681 1.2918416261672974
682 1.2873717546463013
683 1.4674180746078491
684 1.0359089374542236
685 1.4497791528701782
686 1.4554756879806519
687 0.9200798869132996
688 1.4262843132019043
689 0.8326432108879089
690 0.851163387298584
691 1.040728211402893
692 1.2651591300964355
693 0.7423636317253113
694 1.0277093648910522
695 1.1906975507736206
696 1.0598728656768799
697 1.0950270891189575
698 0.9417454600334167
699 1.0664727687835693
700 1.3315829038619995
701 0.9836073517799377
702 1.068867564201355
703 1.1521034240722656
704 1.125460147857666
705 0.8778157234191895
706 1.02740478515625
707 0.8824048638343811
708 0.946349561214447
709 0.8512985706329346
710 0.8373680114746094
711 1.061267375946045
712 0.8420464396476746
713 0.9884530305862427
714 1.0143697261810303
715 0.7545506954193115
716 0.9244673252105713
717 0.9808154702186584
718 0.8516949415206909
719 0.906529426574707
720 0.9224500060081482
721 1.0606218576431274
722 1.000775933265686
723 0.9784082770347595
724 0.7998926043510437
725 0.6481369733810425
726 1.057460069656372
727 0.9344110488891602
728 1.0113569498062134
729 1.1241737604141235
730 1.093147873878479
731 1.2459425926208496
732 1.0472657680511475
733 0.7135376930236816
734 0.8132409453392029
735 0.8599961996078491
736 0.7081476449966431
737 0.7846643328666687
738 0.7092249989509583
739 0.7817014455795288
740 0.7028525471687317
741 0.6826415061950684
742 0.4506089985370636
743 0.7507705092430115
744 0.8977504968643188
745 0.9058859944343567
746 0.7407835721969604
747 1.1686193943023682
748 1.1113044023513794
749 0.9434462189674377
750 1.2132197618484497
751 1.2241941690444946
752 1.0257350206375122
753 0.7712447643280029
754 0.9782050848007202
755 0.8110478520393372
756 1.0347895622253418
757 1.0762137174606323
758 0.723687469959259
759 0.8054847121238708
760 1.1243610382080078
761 1.305205225944519
762 1.0996328592300415
763 1.0965458154678345
764 1.2168817520141602
765 1.227803111076355
766 1.3741570711135864
767 1.230301856994629
768 1.1319432258605957
769 1.9471300840377808
770 1.4455604553222656
771 1.0774701833724976
772 1.1706020832061768
773 1.6866779327392578
774 1.3522865772247314
775 1.2523695230484009
776 1.3999971151351929
777 1.661535620689392
778 1.2981497049331665
779 1.3726656436920166
780 1.106634497642517
781 1.5161106586456299
782 1.2082229852676392
783 1.2004194259643555
784 1.283968210220337
785 1.1019933223724365
786 1.3503538370132446
787 0.8380277156829834
788 0.9347715973854065
789 0.8205702304840088
790 1.2019556760787964
791 1.2605198621749878
792 1.4930369853973389
793 1.2217891216278076
794 1.402806043624878
795 1.1030430793762207
796 1.0106323957443237
797 0.9957882165908813
798 1.0267640352249146
799 1.1552952527999878
800 0.8731153607368469
801 1.2797667980194092
802 1.266516923904419
803 1.5451821088790894
804 1.088192343711853
805 1.1173944473266602
806 1.2203538417816162
807 1.3667138814926147
808 0.9207525253295898
809 1.085431456565857
810 1.0863724946975708
811 1.3443979024887085
812 1.1931058168411255
813 1.3131579160690308
814 1.4057353734970093
815 1.2272379398345947
816 1.013334035873413
817 1.4776263236999512
818 1.2582298517227173
819 1.2666118144989014
820 1.345721960067749
821 1.5929492712020874
822 2.2080066204071045
823 2.3550822734832764
824 1.986425757408142
825 1.6201493740081787
826 1.8228764533996582
827 2.0684239864349365
828 1.858426570892334
829 1.6043765544891357
830 1.3468213081359863
831 1.192798376083374
832 1.0419610738754272
833 1.502260446548462
834 1.686498999595642
835 1.1237261295318604
836 1.646864891052246
837 1.2204090356826782
838 1.1557797193527222
839 1.0752376317977905
840 1.449994444847107
841 1.2871572971343994
842 1.4850198030471802
843 1.4158916473388672
844 1.3022102117538452
845 1.2291396856307983
846 1.142964243888855
847 1.4156819581985474
848 1.3374245166778564
849 1.23441743850708
850 1.0019556283950806
851 1.1474688053131104
852 1.4412174224853516
853 1.0294963121414185
854 1.2025803327560425
855 0.6557228565216064
856 0.7120630145072937
857 0.7745757699012756
858 1.1478103399276733
859 1.1949119567871094
860 1.4275232553482056
861 1.1708577871322632
862 1.2402081489562988
863 1.1422821283340454
864 1.3268084526062012
865 1.461881160736084
866 1.2353731393814087
867 1.2745814323425293
868 1.8809553384780884
869 1.7175148725509644
870 1.8715300559997559
871 2.051877737045288
872 2.243405342102051
873 2.109424591064453
874 1.7025439739227295
875 1.801375150680542
876 1.8613381385803223
877 1.602540373802185
878 2.042764186859131
879 2.0208241939544678
880 2.181178092956543
881 1.5343410968780518
882 2.024916887283325
883 1.488163709640503
884 0.6401010155677795
885 1.0126796960830688
886 1.1257383823394775
887 0.9548901915550232
888 1.138508915901184
889 0.6602126359939575
890 0.8125466704368591
891 0.8408784866333008
892 1.0767849683761597
893 0.9351301193237305
894 0.7817404866218567
895 0.8276132941246033
896 1.1506736278533936
897 0.9874317049980164
898 1.2008607387542725
899 1.086708426475525
900 1.02375066280365
901 1.1077642440795898
902 0.9707809090614319
903 1.1466639041900635
904 1.3177766799926758
905 0.8417484760284424
906 1.3002723455429077
907 1.1936944723129272
908 0.8610711097717285
909 0.9004660844802856
910 0.9171757698059082
911 0.9377918243408203
912 1.4380961656570435
913 1.2079800367355347
914 0.7410927414894104
915 0.9490035772323608
916 0.9395158290863037
917 1.0877739191055298
918 1.0742053985595703
919 0.791260302066803
920 1.00838303565979
921 0.6760527491569519
922 0.8080935478210449
923 1.0347859859466553
924 0.9242745637893677
925 0.7959158420562744
926 1.133995532989502
927 1.034286618232727
928 1.2763924598693848
929 1.2458562850952148
930 1.415318250656128
931 1.2460882663726807
932 1.194090723991394
933 1.4526997804641724
934 1.2953070402145386
935 1.1676819324493408
936 1.3515729904174805
937 0.8949949741363525
938 1.2314581871032715
939 1.0973745584487915
940 0.9050319194793701
941 1.2258204221725464
942 1.2222715616226196
943 0.9433545470237732
944 1.1004910469055176
945 0.9643800854682922
946 1.3540892601013184
947 1.1279276609420776
948 1.4106669425964355
949 1.1370275020599365
950 1.1165720224380493
951 0.954362690448761
952 1.1630879640579224
953 1.0769332647323608
954 0.8744057416915894
955 1.3424592018127441
956 0.7821521759033203
957 0.9545047879219055
958 0.9368123412132263
959 1.3761855363845825
960 1.406730055809021
961 1.0544143915176392
962 1.319835901260376
963 0.9482141137123108
964 1.148078441619873
965 1.2876821756362915
966 1.3646390438079834
967 1.0845335721969604
968 1.4129317998886108
969 1.1898698806762695
970 1.099287509918213
971 1.158190369606018
972 1.1155734062194824
973 1.3280020952224731
974 1.436315894126892
975 1.6918418407440186
976 1.337043285369873
977 1.2454867362976074
978 1.204820156097412
979 0.5359325408935547
980 1.1666373014450073
981 1.3101993799209595
982 0.918723464012146
983 0.8815258145332336
984 1.096472144126892
985 1.0795336961746216
986 1.4446330070495605
987 0.9778357148170471
988 1.2999926805496216
989 0.9146170020103455
990 1.1999989748001099
991 1.1219236850738525
992 0.7921966314315796
993 0.8287503123283386
994 1.231037974357605
995 1.0643254518508911
996 0.9661828875541687
997 0.9685540795326233
998 1.1685597896575928
999 1.411285161972046
1000 1.0207279920578003
1001 1.0789010524749756
1002 0.7601960301399231
1003 1.06617271900177
1004 1.0204529762268066
1005 1.4926801919937134
1006 1.148679256439209
1007 1.0035514831542969
1008 1.3107482194900513
1009 1.0660136938095093
1010 1.0750402212142944
1011 1.1128270626068115
1012 0.9248020648956299
1013 1.0357977151870728
1014 1.4522062540054321
1015 1.6728861331939697
1016 2.0311672687530518
1017 1.9930890798568726
1018 1.576141119003296
1019 1.5704491138458252
1020 1.5633201599121094
1021 2.004901647567749
1022 2.1263575553894043
1023 1.964102029800415
1024 1.5428270101547241
1025 1.545701265335083
1026 1.6309726238250732
1027 1.7554943561553955
1028 1.9679452180862427
1029 1.310920238494873
1030 1.706392526626587
1031 1.0985769033432007
1032 1.3377435207366943
1033 1.0293076038360596
1034 1.5913149118423462
1035 1.05241858959198
1036 1.0208340883255005
1037 0.9097502827644348
1038 1.129621982574463
1039 0.9227799773216248
1040 1.0231852531433105
1041 1.3306314945220947
1042 0.7914486527442932
1043 1.3372451066970825
1044 1.0607680082321167
1045 1.4313513040542603
1046 1.1192762851715088
1047 1.162925362586975
1048 1.0574318170547485
1049 0.969165563583374
1050 0.6735014915466309
1051 0.8503530621528625
1052 0.710715115070343
1053 0.9272541403770447
1054 0.7477054595947266
1055 0.7803841233253479
1056 0.5521507859230042
1057 1.0942012071609497
1058 0.905144453048706
1059 0.8500223755836487
1060 1.0710378885269165
1061 0.9942656755447388
1062 1.486905574798584
1063 1.1476211547851563
1064 0.9785467982292175
1065 1.1874306201934814
1066 0.7812905311584473
1067 0.7747440338134766
1068 1.0729471445083618
1069 1.2536550760269165
1070 1.193864345550537
1071 1.2273789644241333
1072 1.331938624382019
1073 1.0399565696716309
1074 0.771750807762146
1075 1.0716378688812256
1076 0.8989320993423462
1077 0.8497297167778015
1078 0.8298419117927551
1079 1.2982431650161743
1080 1.3161821365356445
1081 1.2601659297943115
1082 1.5966404676437378
1083 1.337973952293396
1084 1.3838489055633545
1085 1.2887697219848633
1086 0.9095336198806763
1087 1.0981110334396362
1088 1.17349112033844
1089 1.0772275924682617
1090 1.103716492652893
1091 1.3571860790252686
1092 0.9658780694007874
1093 1.2028508186340332
1094 0.9977603554725647
1095 1.2558332681655884
1096 1.3090463876724243
1097 1.1173105239868164
1098 0.8158780932426453
1099 1.0738918781280518
1100 0.9319905042648315
1101 0.9045376181602478
1102 1.0612952709197998
1103 0.9163024425506592
1104 1.0043901205062866
1105 1.075238585472107
1106 0.9416603446006775
1107 1.0430229902267456
1108 0.8690178990364075
1109 1.013789415359497
1110 0.9493811726570129
1111 0.9242016673088074
1112 0.865265429019928
1113 0.7675313949584961
1114 1.4171710014343262
1115 1.1524966955184937
1116 1.0396437644958496
1117 0.7447186708450317
1118 1.0543135404586792
1119 0.7292443513870239
1120 0.7249274849891663
1121 0.9711496233940125
1122 0.8998721837997437
1123 0.7655805349349976
1124 0.7492770552635193
1125 0.8576295375823975
1126 0.8265370726585388
1127 0.741260826587677
1128 0.9779627323150635
1129 1.1621782779693604
1130 0.7484114170074463
1131 0.7394248843193054
1132 1.0421900749206543
1133 0.9159610271453857
1134 0.6758212447166443
1135 0.8212730884552002
1136 0.813490092754364
1137 0.7145832777023315
1138 0.8193560838699341
1139 0.9169632196426392
1140 0.9580494165420532
1141 1.3407971858978271
1142 0.9220256805419922
1143 0.7645190358161926
1144 0.88273686170578
1145 0.5152412056922913
1146 0.9300304651260376
1147 0.8599885702133179
1148 1.3573997020721436
1149 1.2856800556182861
1150 1.2244205474853516
1151 1.4977991580963135
1152 1.1487362384796143
1153 1.3293691873550415
1154 1.6148815155029297
1155 1.1937472820281982
1156 1.624140977859497
1157 1.5993621349334717
1158 1.6156617403030396
1159 1.5182747840881348
1160 0.7842374444007874
1161 1.3693499565124512
1162 1.4991012811660767
1163 1.1755797863006592
1164 1.1381890773773193
1165 1.243349552154541
1166 1.4170119762420654
1167 1.350113868713379
1168 1.4276190996170044
1169 1.4476680755615234
1170 1.4915140867233276
1171 1.4651166200637817
1172 1.2729347944259644
1173 1.0877734422683716
1174 1.2113380432128906
1175 1.107979655265808
1176 1.2797205448150635
1177 0.6702132225036621
1178 0.9083566665649414
1179 0.9271758198738098
1180 0.790433406829834
1181 0.8169019222259521
1182 1.197352409362793
1183 1.1421841382980347
1184 1.345456838607788
1185 1.1175111532211304
1186 1.0549567937850952
1187 1.5636101961135864
1188 1.3581571578979492
1189 1.2580833435058594
1190 1.1302852630615234
1191 1.3895084857940674
1192 0.6604276299476624
1193 0.9571468830108643
1194 1.038359522819519
1195 0.8604739904403687
1196 1.0894533395767212
1197 0.8805211782455444
1198 0.7651426792144775
1199 0.8493675589561462
1200 1.040608525276184
1201 0.881750762462616
1202 0.5403978824615479
1203 1.1287800073623657
1204 1.7861934900283813
1205 1.656933307647705
1206 1.4253836870193481
1207 1.583402156829834
1208 1.8139337301254272
1209 1.3537628650665283
1210 1.2063184976577759
1211 1.3587061166763306
1212 1.5167526006698608
1213 1.3421231508255005
1214 1.367016315460205
1215 1.4402912855148315
1216 0.9500335454940796
1217 1.0727500915527344
1218 1.3085262775421143
1219 1.5587809085845947
1220 1.3520174026489258
1221 1.8407396078109741
1222 1.9381153583526611
1223 1.3306387662887573
1224 1.5866632461547852
1225 1.6936428546905518
1226 1.8654279708862305
1227 1.489361047744751
1228 1.7085449695587158
1229 1.6328357458114624
1230 1.4882569313049316
1231 1.456566572189331
1232 1.4862128496170044
1233 1.5420799255371094
1234 1.6338019371032715
1235 2.09488844871521
1236 1.4377127885818481
1237 1.6500484943389893
1238 1.3438670635223389
1239 1.1747652292251587
1240 1.147930383682251
1241 0.9255790114402771
1242 1.2778704166412354
1243 1.0805964469909668
1244 1.3043136596679688
1245 1.5941587686538696
1246 1.5677752494812012
1247 1.6701030731201172
1248 1.6703253984451294
1249 1.6530784368515015
1250 1.6115853786468506
1251 1.4516834020614624
1252 1.28046715259552
1253 1.776954174041748
1254 1.6598827838897705
1255 1.87717866897583
1256 1.7311145067214966
1257 2.023699998855591
1258 1.585308313369751
1259 1.6297551393508911
1260 1.3631410598754883
1261 1.3803675174713135
1262 1.4310405254364014
1263 1.2667593955993652
1264 1.2494449615478516
1265 1.1435949802398682
1266 0.8879295587539673
1267 1.1776376962661743
1268 1.0326560735702515
1269 1.7672086954116821
1270 0.930006206035614
1271 1.0530246496200562
1272 1.0078940391540527
1273 0.6071935892105103
1274 0.8446269035339355
1275 0.9604901075363159
1276 1.0328123569488525
1277 0.9232126474380493
1278 0.843593955039978
1279 0.7765753865242004
1280 1.075208306312561
1281 0.8534480929374695
1282 0.759965717792511
1283 0.7546367049217224
1284 1.0394251346588135
1285 1.5694798231124878
1286 0.9389127492904663
1287 1.6226065158843994
1288 1.2418088912963867
1289 1.592377781867981
1290 1.5381972789764404
1291 1.659487247467041
1292 1.7908005714416504
1293 1.8303399085998535
1294 1.8943103551864624
1295 2.0266807079315186
1296 2.1170623302459717
1297 1.8368613719940186
1298 1.7058969736099243
1299 1.7676852941513062
1300 1.6557912826538086
1301 1.475184679031372
1302 1.6505669355392456
1303 1.590732455253601
1304 1.4567339420318604
1305 0.7191464304924011
1306 0.7121862173080444
1307 0.53793865442276
1308 1.0448081493377686
1309 1.6968683004379272
1310 0.9756287932395935
1311 0.866208016872406
1312 0.558281660079956
1313 0.8998537063598633
1314 0.5942069888114929
1315 0.6064374446868896
1316 0.5676495432853699
1317 0.9172225594520569
1318 0.718372642993927
1319 0.6440755724906921
1320 0.35282930731773376
1321 0.6433349251747131
1322 0.8018398284912109
1323 0.7995328307151794
1324 0.3283284306526184
1325 0.582042932510376
1326 0.5621479153633118
1327 1.0022696256637573
1328 0.7347209453582764
1329 1.102948784828186
1330 1.1414637565612793
1331 0.8495737910270691
1332 0.7093434929847717
1333 0.6022485494613647
1334 0.7888190150260925
1335 1.015343189239502
1336 1.5389108657836914
1337 1.0688951015472412
1338 1.3140543699264526
1339 0.4769921898841858
1340 1.1991558074951172
1341 0.7070763111114502
1342 0.9066269397735596
1343 0.5798100829124451
1344 0.835232138633728
1345 0.9455972909927368
1346 1.1197104454040527
1347 1.1678587198257446
1348 0.920610785484314
1349 0.5776684284210205
1350 0.8874403238296509
1351 0.9301329851150513
1352 0.761324942111969
1353 0.6485366225242615
1354 1.0533374547958374
1355 0.8677241802215576
1356 0.7329697608947754
1357 0.9103003740310669
1358 0.7543017864227295
1359 0.9215951561927795
1360 0.8459522128105164
1361 1.3043849468231201
1362 1.0523467063903809
1363 0.8045563697814941
1364 0.6310262084007263
1365 0.683761715888977
1366 0.9108545780181885
1367 0.4500635266304016
1368 0.8328922986984253
1369 1.3562283515930176
1370 0.5308284759521484
1371 0.5308107733726501
1372 0.5901904106140137
1373 1.209742546081543
1374 0.5722687840461731
1375 0.7321386337280273
1376 0.8301752805709839
1377 0.7102152109146118
1378 0.6124733090400696
1379 0.6521453261375427
1380 0.8244407773017883
1381 0.624413251876831
1382 1.0440057516098022
1383 0.7750868797302246
1384 0.9223114848136902
1385 0.6170105934143066
1386 0.7517844438552856
1387 0.6405359506607056
1388 1.0381886959075928
1389 0.7805756330490112
1390 0.9481489062309265
1391 0.931129515171051
1392 0.8229393362998962
1393 0.6838478446006775
1394 0.7815483808517456
1395 0.7296875715255737
1396 0.7426585555076599
1397 0.5048903822898865
1398 0.5736467838287354
1399 0.5942897796630859
1400 0.9204385280609131
1401 0.6490383148193359
1402 0.863836407661438
1403 0.8847533464431763
1404 0.8411121368408203
1405 0.6698717474937439
1406 0.8269569277763367
1407 0.9986178874969482
1408 0.986264169216156
1409 0.9047589898109436
1410 0.9769009947776794
1411 0.6279703974723816
1412 0.7971086502075195
1413 0.7361307144165039
1414 0.7433863282203674
1415 1.1238949298858643
1416 1.2603143453598022
1417 1.1072375774383545
1418 1.008480191230774
1419 0.9368405342102051
1420 0.9014813899993896
1421 1.0197157859802246
1422 0.9253370761871338
1423 0.6811283230781555
1424 0.4404640793800354
1425 0.6574751138687134
1426 0.8677080273628235
1427 1.1213754415512085
1428 0.7608638405799866
1429 0.8252835273742676
1430 0.8772662878036499
1431 1.1761393547058105
1432 0.5651134848594666
1433 0.8536497950553894
1434 0.9790571331977844
1435 0.5907391309738159
1436 0.8578932285308838
1437 0.5920798778533936
1438 0.7184820771217346
1439 0.951342761516571
1440 1.1198161840438843
1441 0.7737329602241516
1442 0.6241283416748047
1443 0.8404528498649597
1444 0.7367159724235535
1445 0.7228044867515564
1446 0.7042449116706848
1447 0.6150794625282288
1448 0.8622031807899475
1449 1.2713725566864014
1450 0.8867558836936951
1451 1.1928156614303589
1452 0.9009443521499634
1453 0.8116567730903625
1454 0.6337661147117615
1455 0.7212665677070618
1456 0.8637183308601379
1457 0.8237488269805908
1458 1.1689984798431396
1459 1.2598973512649536
1460 0.9508540630340576
1461 1.1917524337768555
1462 0.8328577280044556
1463 1.053816318511963
1464 1.3309531211853027
1465 0.9788394570350647
1466 1.0340663194656372
1467 1.1598182916641235
1468 0.8505697250366211
1469 0.8012362122535706
1470 0.8375880122184753
1471 0.7527390718460083
1472 0.8802196383476257
1473 0.8523921966552734
1474 0.9640549421310425
1475 0.7584841251373291
1476 0.7522319555282593
1477 0.4030214250087738
1478 0.2788839638233185
1479 0.8251107335090637
1480 0.557750403881073
1481 0.6464105844497681
1482 0.47244977951049805
1483 0.5250667929649353
1484 0.5865493416786194
1485 0.3217799663543701
1486 0.43343111872673035
1487 0.6247830390930176
1488 0.5308968424797058
1489 0.8177825212478638
1490 0.8112438917160034
1491 0.825247049331665
1492 0.6606152653694153
1493 0.9200190901756287
1494 0.709837019443512
1495 0.3563149571418762
1496 0.8194946050643921
1497 0.5958493947982788
1498 0.7665663957595825
1499 0.5666097402572632
1500 0.6010817289352417
1501 0.9558067321777344
1502 0.5370272397994995
1503 0.5805531144142151
1504 0.9546095132827759
1505 0.4625924229621887
1506 0.7093201279640198
1507 0.9379941821098328
1508 0.690660297870636
1509 0.9279844164848328
1510 0.6265337467193604
1511 0.8570621013641357
1512 1.0498855113983154
1513 0.7945765256881714
1514 0.9384574890136719
1515 0.6469634175300598
1516 0.6802981495857239
1517 0.6796796321868896
1518 0.5753035545349121
1519 0.5840266346931458
1520 0.7222305536270142
1521 0.5799974799156189
1522 0.48885780572891235
1523 0.5326981544494629
1524 0.7095162272453308
1525 0.6028022170066833
1526 0.9741367101669312
1527 0.7529724836349487
1528 0.6505852341651917
1529 0.9433305263519287
1530 0.5144316554069519
1531 0.3439725339412689
1532 0.7725008130073547
1533 1.0303635597229004
1534 0.5805367827415466
1535 1.2498198747634888
1536 1.1744794845581055
1537 0.9372766613960266
1538 0.46031859517097473
1539 0.9568347334861755
1540 1.2112263441085815
1541 0.8818908333778381
1542 1.069833755493164
1543 1.420906662940979
1544 0.6498395800590515
1545 0.7697262167930603
1546 0.8144469857215881
1547 0.803106963634491
1548 1.3358176946640015
1549 0.9209279417991638
1550 0.9301341772079468
1551 0.9925159811973572
1552 0.920682966709137
1553 0.6577748656272888
1554 0.6271584033966064
1555 0.7297435998916626
1556 0.9101827144622803
1557 0.6995503306388855
1558 0.8849086761474609
1559 0.8793997764587402
1560 0.6070011854171753
1561 1.0178897380828857
1562 1.0777380466461182
1563 1.0234054327011108
1564 1.4492790699005127
1565 1.1059004068374634
1566 1.0130506753921509
1567 1.233235239982605
1568 1.2248085737228394
1569 1.3196685314178467
1570 1.1332111358642578
1571 0.8010795712471008
1572 0.8688912391662598
1573 0.9967817664146423
1574 0.5717324614524841
1575 0.7954357862472534
1576 1.2563107013702393
1577 0.8943547606468201
1578 0.7915566563606262
1579 0.8163975477218628
1580 0.8888826966285706
1581 0.6127161979675293
1582 0.7344504594802856
1583 0.8333640098571777
1584 0.5747621059417725
1585 0.523978590965271
1586 0.9036576747894287
1587 1.146917700767517
1588 0.9535428881645203
1589 1.1471607685089111
1590 0.6641174554824829
1591 1.171667218208313
1592 1.09333074092865
1593 0.8938969373703003
1594 1.0432368516921997
1595 0.5146242380142212
1596 0.5754668712615967
1597 0.7912294864654541
1598 1.2015924453735352
1599 1.2008923292160034
1600 1.0168567895889282
1601 1.0655958652496338
1602 1.277728796005249
1603 0.8249866366386414
1604 0.638738214969635
1605 1.0457611083984375
1606 0.8379920125007629
1607 0.7967869639396667
1608 1.2251023054122925
1609 0.8126202821731567
1610 0.7833389639854431
1611 0.9251497387886047
1612 0.8711569309234619
1613 0.6372884511947632
1614 0.9179697036743164
1615 0.9271590709686279
1616 0.9795584082603455
1617 0.870450496673584
1618 0.7244419455528259
1619 0.7432671189308167
1620 0.524963915348053
1621 0.8106275200843811
1622 0.741374135017395
1623 0.6512376070022583
1624 1.3403114080429077
1625 0.7438796758651733
1626 1.03952157497406
1627 0.8677229285240173
1628 1.3058266639709473
1629 0.8513399362564087
1630 0.9756150245666504
1631 0.8174365758895874
1632 0.7184607982635498
1633 1.0153528451919556
1634 0.7964093089103699
1635 0.7437824606895447
1636 0.6619821786880493
1637 0.6378509998321533
1638 0.9183893203735352
1639 0.7869768142700195
1640 1.1775319576263428
1641 0.8081170320510864
1642 1.0020263195037842
1643 0.8915166854858398
1644 0.7833899855613708
1645 0.9475305080413818
1646 0.9145267009735107
1647 0.8974886536598206
1648 1.0982741117477417
1649 1.01365327835083
1650 0.8280213475227356
1651 0.9654374122619629
1652 0.6307367086410522
1653 0.8465442061424255
1654 0.8046579360961914
1655 0.9695128798484802
1656 0.6983028054237366
1657 0.867928147315979
1658 0.9564497470855713
1659 0.7957262396812439
1660 0.65216064453125
1661 0.8249772787094116
1662 0.7101827263832092
1663 0.7119947075843811
1664 0.8657231330871582
1665 0.6990561485290527
1666 1.1047252416610718
1667 0.717429518699646
1668 0.8656637668609619
1669 0.7725003957748413
1670 0.5875749588012695
1671 0.7473465800285339
1672 0.8419941067695618
1673 0.6653397083282471
1674 0.5328192710876465
1675 0.6657818555831909
1676 0.7946131229400635
1677 1.0207737684249878
1678 0.4823542833328247
1679 0.7676800489425659
1680 1.1529216766357422
1681 0.5206237435340881
1682 0.7277416586875916
1683 0.8844680786132813
1684 0.6734044551849365
1685 0.793372392654419
1686 0.5686140060424805
1687 0.47923025488853455
1688 0.5987194180488586
1689 0.680549681186676
1690 0.6742649078369141
1691 0.9183841943740845
1692 0.7199790477752686
1693 0.5344822406768799
1694 0.6991777420043945
1695 0.730167806148529
1696 1.0083366632461548
1697 0.8244993090629578
1698 0.9034604430198669
1699 0.7777743935585022
1700 0.42027485370635986
1701 0.6662049293518066
1702 0.7709006667137146
1703 0.4850805997848511
1704 1.036542534828186
1705 0.737902045249939
1706 0.7372880578041077
1707 0.6970612406730652
1708 1.0355918407440186
1709 1.0890681743621826
1710 0.599918007850647
1711 0.7350786328315735
1712 0.7764206528663635
1713 0.7883608341217041
1714 1.169324278831482
1715 1.0156400203704834
1716 1.1638633012771606
1717 0.9501649141311646
1718 0.49326375126838684
1719 0.5260177850723267
1720 0.458484947681427
1721 0.9899241328239441
1722 0.9105061888694763
1723 0.7346265316009521
1724 0.5676270723342896
1725 0.6529507637023926
1726 0.79466313123703
1727 0.86077481508255
1728 1.1135061979293823
1729 0.7134067416191101
1730 1.0547764301300049
1731 1.1531769037246704
1732 0.5375699400901794
1733 0.7406420111656189
1734 0.6969935894012451
1735 0.6471571922302246
1736 0.735206663608551
1737 0.4721847176551819
1738 0.4334140717983246
1739 0.5291506052017212
1740 0.8104211688041687
1741 0.5084843635559082
1742 0.9124229550361633
1743 0.6526619791984558
1744 0.8222842216491699
1745 0.5889072418212891
1746 0.4544275999069214
1747 0.5501356720924377
1748 0.6197185516357422
1749 0.8326192498207092
1750 0.9733250141143799
1751 0.9210957288742065
1752 0.6418938040733337
1753 0.7110300064086914
1754 0.40839332342147827
1755 0.9208680391311646
1756 0.5089832544326782
1757 0.5972967743873596
1758 0.6290029883384705
1759 1.0121184587478638
1760 1.557245135307312
1761 2.2136752605438232
1762 1.8412221670150757
1763 2.079928398132324
1764 1.8782957792282104
1765 2.1531851291656494
1766 2.3410634994506836
1767 1.944734811782837
1768 1.7975590229034424
1769 2.0576295852661133
1770 2.0113728046417236
1771 1.5716530084609985
1772 2.111248016357422
1773 2.702183961868286
1774 2.664909839630127
1775 2.8040103912353516
1776 3.088108539581299
1777 2.474285840988159
1778 3.0081193447113037
1779 2.5090558528900146
1780 2.6012942790985107
1781 2.8476130962371826
1782 1.8111263513565063
1783 2.084441661834717
1784 2.421915292739868
1785 2.7607474327087402
1786 2.294917106628418
1787 1.8668259382247925
1788 1.8591198921203613
1789 2.0261175632476807
1790 2.315153121948242
1791 1.964480996131897
1792 1.8767045736312866
1793 1.9979990720748901
1794 2.4960105419158936
1795 2.617793560028076
1796 2.4213485717773438
1797 2.460374593734741
1798 2.1054773330688477
1799 2.0328800678253174
1800 2.1102240085601807
1801 2.2054619789123535
1802 2.9828569889068604
1803 2.3146562576293945
1804 2.4920132160186768
1805 2.0141749382019043
1806 2.286991596221924
1807 2.384884834289551
1808 2.4200000762939453
1809 1.8575246334075928
1810 2.2432942390441895
1811 2.0212109088897705
1812 2.8082945346832275
1813 2.9411404132843018
1814 2.3387420177459717
1815 2.69423508644104
1816 2.4657962322235107
1817 2.439113140106201
1818 2.5923571586608887
1819 2.414323329925537
1820 2.6600518226623535
1821 2.6278936862945557
1822 2.4325461387634277
1823 2.648947238922119
1824 2.238133430480957
1825 2.27714204788208
1826 2.191176652908325
1827 2.57302188873291
1828 2.434861421585083
1829 2.5489537715911865
1830 2.072491407394409
1831 2.108963966369629
1832 2.6472055912017822
1833 2.000156879425049
1834 2.1404128074645996
1835 2.158383369445801
1836 1.9519647359848022
1837 1.8986700773239136
1838 2.030620813369751
1839 2.1361260414123535
1840 1.907660961151123
1841 2.077514171600342
1842 1.8123277425765991
1843 2.1578311920166016
1844 1.8819040060043335
1845 2.1288094520568848
1846 2.333820104598999
1847 2.1557180881500244
1848 2.3411173820495605
1849 2.3392860889434814
1850 2.5879766941070557
1851 2.1058242321014404
1852 2.654729127883911
1853 2.4257638454437256
1854 2.73576021194458
1855 2.2754311561584473
1856 2.2303273677825928
1857 2.2908475399017334
1858 2.106727361679077
1859 1.6406606435775757
1860 2.0441532135009766
1861 2.23360538482666
1862 1.7510566711425781
1863 1.4741863012313843
1864 2.1818857192993164
1865 1.9939149618148804
1866 1.732100009918213
1867 2.543785333633423
1868 2.5528903007507324
1869 2.2806389331817627
1870 2.9029886722564697
1871 2.952854633331299
1872 2.4257912635803223
1873 2.176778554916382
1874 2.2831454277038574
1875 2.7393345832824707
1876 2.3157799243927
1877 2.1799230575561523
1878 2.15364146232605
1879 2.2237541675567627
1880 2.022315502166748
1881 2.2250044345855713
1882 1.7706594467163086
1883 2.1019937992095947
1884 1.7508091926574707
1885 2.0316598415374756
1886 2.096109628677368
1887 2.512310028076172
1888 2.1001579761505127
1889 2.2280657291412354
1890 2.21518874168396
1891 1.9026246070861816
1892 1.8601834774017334
1893 2.0996487140655518
1894 2.3268179893493652
1895 1.9018276929855347
1896 2.307166337966919
1897 2.443272829055786
1898 2.4139575958251953
1899 1.9564001560211182
1900 1.822945237159729
1901 1.8968544006347656
1902 1.581148624420166
1903 1.4270718097686768
1904 1.636715054512024
1905 2.0043787956237793
1906 1.6354790925979614
1907 2.266810417175293
1908 2.2663321495056152
1909 2.0863301753997803
1910 1.8116205930709839
1911 2.142658233642578
1912 2.1229705810546875
1913 1.646142601966858
1914 1.4200083017349243
1915 2.0330424308776855
1916 1.8450136184692383
1917 1.5767403841018677
1918 1.4043185710906982
1919 1.870552897453308
1920 1.2024606466293335
1921 2.0252609252929688
1922 2.438828229904175
1923 2.1397688388824463
1924 1.3894760608673096
1925 2.2467851638793945
1926 1.9544990062713623
1927 1.9246915578842163
1928 2.1395211219787598
1929 1.8694208860397339
1930 1.9536317586898804
1931 2.575084686279297
1932 2.3798892498016357
1933 2.177297830581665
1934 2.1972622871398926
1935 1.6761066913604736
1936 2.531005859375
1937 2.027499198913574
1938 1.8475980758666992
1939 2.401261568069458
1940 2.075101852416992
1941 2.100879192352295
1942 2.2120473384857178
1943 2.5293314456939697
1944 1.344881296157837
1945 2.0061633586883545
1946 2.6716160774230957
1947 2.8170948028564453
1948 2.8839361667633057
1949 2.4576416015625
1950 2.9681637287139893
1951 2.7820687294006348
1952 2.747366428375244
1953 1.5021653175354004
1954 2.1262080669403076
1955 1.7021915912628174
1956 1.371043086051941
1957 1.6274616718292236
1958 1.7477830648422241
1959 1.692649006843567
1960 1.8007597923278809
1961 2.049522638320923
1962 1.6092907190322876
1963 1.6615716218948364
1964 1.5604146718978882
1965 1.755854606628418
1966 1.5871728658676147
1967 1.3406176567077637
1968 1.7077852487564087
1969 1.7786058187484741
1970 2.040555953979492
1971 1.9096722602844238
1972 1.9113495349884033
1973 2.0454649925231934
1974 2.1621766090393066
1975 2.4448583126068115
1976 2.3713245391845703
1977 2.052243709564209
1978 2.732903480529785
1979 2.086230516433716
1980 2.08233904838562
1981 1.752982497215271
1982 1.6046808958053589
1983 1.8786472082138062
1984 1.039088249206543
1985 1.8267035484313965
1986 1.3750816583633423
1987 1.3665322065353394
1988 1.6133869886398315
1989 1.1976674795150757
1990 1.4258304834365845
1991 2.07379150390625
1992 2.412306547164917
1993 2.0988306999206543
1994 2.501526117324829
1995 1.9322807788848877
1996 2.1349639892578125
1997 2.471911907196045
1998 2.3527474403381348
1999 2.719101905822754
