0 0.0
1 0.7445919513702393
2 0.7129623293876648
3 0.5015661716461182
4 0.7174170017242432
5 0.6715201735496521
6 0.8620011806488037
7 1.0613460540771484
8 0.9984077215194702
9 1.0810668468475342
10 1.1282447576522827
11 1.0625112056732178
12 1.0924170017242432
13 1.4830421209335327
14 1.189116358757019
15 1.4295012950897217
16 1.4118130207061768
17 1.0844472646713257
18 1.0260655879974365
19 1.4828983545303345
20 1.1248157024383545
21 1.0664182901382446
22 1.2601052522659302
23 1.1412684917449951
24 1.0007244348526
25 1.3519560098648071
26 1.0477288961410522
27 1.5073877573013306
28 1.1641758680343628
29 1.2830101251602173
30 1.164021611213684
31 0.709079921245575
32 1.296393632888794
33 1.2037270069122314
34 1.4320355653762817
35 1.388010859489441
36 1.1121690273284912
37 1.1380603313446045
38 1.3931406736373901
39 1.2725834846496582
40 1.1209216117858887
41 1.2985811233520508
42 1.2093309164047241
43 1.0534470081329346
44 0.8249292969703674
45 1.5553666353225708
46 1.0391855239868164
47 1.1014769077301025
48 1.2700086832046509
49 1.1770358085632324
50 1.4063327312469482
51 1.3854426145553589
52 1.666535496711731
53 1.2123349905014038
54 1.5311495065689087
55 1.2628467082977295
56 1.946370244026184
57 1.1559613943099976
58 1.2958227396011353
59 1.844808578491211
60 1.999139428138733
61 1.4256561994552612
62 1.3247687816619873
63 1.3712806701660156
64 1.5395560264587402
65 1.6864687204360962
66 1.4202280044555664
67 1.8179421424865723
68 1.6534788608551025
69 1.5221331119537354
70 1.630671501159668
71 1.657011866569519
72 1.2596694231033325
73 1.3183916807174683
74 1.8844220638275146
75 1.598002552986145
76 1.2427029609680176
77 1.3315767049789429
78 1.7189196348190308
79 1.2482365369796753
80 1.2620457410812378
81 1.0820215940475464
82 0.7701430320739746
83 0.5155479311943054
84 1.0380107164382935
85 1.306779384613037
86 1.161034107208252
87 0.9462618827819824
88 1.0474849939346313
89 1.2960460186004639
90 1.2300142049789429
91 0.9943917989730835
92 1.2535851001739502
93 1.1838425397872925
94 1.175716757774353
95 1.3042583465576172
96 1.0327755212783813
97 1.2877075672149658
98 1.1441017389297485
99 1.045222520828247
100 1.10700523853302
101 1.3598992824554443
102 1.2266709804534912
103 1.2528860569000244
104 1.1810153722763062
105 0.9874677658081055
106 1.2936862707138062
107 1.0637602806091309
108 1.233451247215271
109 1.2937860488891602
110 0.9020051956176758
111 1.239925742149353
112 1.028544545173645
113 1.1091700792312622
114 1.4061176776885986
115 1.465186595916748
116 0.9967015981674194
117 1.0857731103897095
118 1.3094309568405151
119 1.1941783428192139
120 0.8860093951225281
121 1.363036036491394
122 1.2580208778381348
123 1.0756855010986328
124 1.3524503707885742
125 1.2923771142959595
126 1.182607650756836
127 1.302006483078003
128 1.4590610265731812
129 1.0648261308670044
130 1.0561728477478027
131 0.9780837297439575
132 1.0548830032348633
133 1.1254417896270752
134 1.048362135887146
135 1.0867180824279785
136 1.1497228145599365
137 1.1031270027160645
138 1.2070754766464233
139 1.1357402801513672
140 1.6210507154464722
141 1.0842524766921997
142 1.4255486726760864
143 1.3090791702270508
144 0.8029720783233643
145 0.7723788619041443
146 1.0004587173461914
147 1.1365063190460205
148 1.0411338806152344
149 1.4728790521621704
150 0.8957224488258362
151 1.1235424280166626
152 1.236419916152954
153 1.4739152193069458
154 1.3093385696411133
155 1.0639292001724243
156 0.9512477517127991
157 1.3139373064041138
158 0.8598273992538452
159 1.121979832649231
160 0.8527852296829224
161 0.9756355285644531
162 1.5250186920166016
163 1.229456901550293
164 1.151537537574768
165 1.2482913732528687
166 1.1876455545425415
167 1.5138894319534302
168 1.1707684993743896
169 1.0312778949737549
170 1.032364010810852
171 0.7260738015174866
172 0.9717696309089661
173 0.8202230930328369
174 1.0572885274887085
175 1.371281623840332
176 1.20525324344635
177 0.7298763990402222
178 0.6814905405044556
179 1.0071375370025635
180 1.0046030282974243
181 0.759103000164032
182 1.052266001701355
183 1.2002521753311157
184 1.09847891330719
185 1.3910199403762817
186 1.3333314657211304
187 1.3155657052993774
188 1.1728219985961914
189 0.9176262021064758
190 1.4601942300796509
191 1.3311482667922974
192 1.3129993677139282
193 1.4058362245559692
194 1.105283260345459
195 1.0430320501327515
196 1.4098210334777832
197 1.498571515083313
198 1.1313649415969849
199 0.9877713918685913
200 1.1203935146331787
201 1.1363352537155151
202 1.623406171798706
203 1.5460726022720337
204 1.2206370830535889
205 0.9245492219924927
206 1.1767717599868774
207 0.8258962035179138
208 1.6012555360794067
209 1.4890223741531372
210 1.2113380432128906
211 1.1305238008499146
212 1.3945269584655762
213 1.3243992328643799
214 1.5703610181808472
215 1.3176497220993042
216 1.274769902229309
217 1.4076906442642212
218 1.4224203824996948
219 1.7830240726470947
220 1.1997172832489014
221 1.3612695932388306
222 1.8053066730499268
223 1.6016478538513184
224 1.4961920976638794
225 1.6259934902191162
226 1.3966224193572998
227 1.3597065210342407
228 1.097759485244751
229 1.196834921836853
230 1.2933987379074097
231 1.5189746618270874
232 1.1821167469024658
233 1.517502784729004
234 1.3766767978668213
235 1.405845046043396
236 1.6988941431045532
237 1.8142582178115845
238 2.085751533508301
239 1.6999598741531372
240 1.8757884502410889
241 1.93197500705719
242 1.8517074584960938
243 1.9239232540130615
244 1.4658032655715942
245 1.363123893737793
246 1.331465482711792
247 1.2544015645980835
248 1.365032434463501
249 1.0122349262237549
250 0.9751030802726746
251 1.404788851737976
252 1.4184370040893555
253 1.6021478176116943
254 1.5099208354949951
255 2.0585713386535645
256 1.6089526414871216
257 1.5017411708831787
258 1.8543146848678589
259 1.2875127792358398
260 1.895071268081665
261 1.6007893085479736
262 1.8804521560668945
263 1.3778634071350098
264 1.5577248334884644
265 1.216442584991455
266 1.821429967880249
267 1.4288369417190552
268 1.0275280475616455
269 1.4269561767578125
270 1.7435303926467896
271 1.5058646202087402
272 1.2125334739685059
273 1.385939121246338
274 0.7906325459480286
275 0.9845075607299805
276 1.0936081409454346
277 1.5210198163986206
278 1.2867786884307861
279 1.5733808279037476
280 1.148512601852417
281 1.501021385192871
282 1.1909955739974976
283 1.0361690521240234
284 1.274315595626831
285 1.2406290769577026
286 0.9190852046012878
287 1.1472235918045044
288 1.3002023696899414
289 1.1234058141708374
290 1.0582270622253418
291 1.205418586730957
292 0.9147213101387024
293 1.3703322410583496
294 1.138234257698059
295 1.3605791330337524
296 1.2357226610183716
297 1.798243761062622
298 1.0818536281585693
299 1.3369704484939575
300 1.7140454053878784
301 1.5323987007141113
302 1.1141144037246704
303 1.260424017906189
304 1.0390195846557617
305 0.9814814329147339
306 1.4400126934051514
307 1.1341969966888428
308 1.4689760208129883
309 1.4048101902008057
310 1.129035472869873
311 1.4273550510406494
312 1.5711077451705933
313 1.4282653331756592
314 1.3486785888671875
315 1.3658322095870972
316 1.3947539329528809
317 1.1952475309371948
318 1.6258087158203125
319 1.4195990562438965
320 1.154199242591858
321 1.2387146949768066
322 1.2053074836730957
323 1.1256767511367798
324 1.0352164506912231
325 1.3183798789978027
326 0.9709898829460144
327 1.1398457288742065
328 1.2589235305786133
329 1.3540722131729126
330 0.918226420879364
331 1.2610771656036377
332 1.6003735065460205
333 1.3252806663513184
334 1.058520793914795
335 1.1407750844955444
336 1.4143503904342651
337 1.1740443706512451
338 1.3273488283157349
339 1.0794934034347534
340 1.2385690212249756
341 1.459259033203125
342 1.516723394393921
343 1.2535406351089478
344 1.4214389324188232
345 1.42933189868927
346 1.3602405786514282
347 0.8933646082878113
348 1.000024676322937
349 1.3131321668624878
350 1.6712327003479004
351 1.332379937171936
352 1.3660740852355957
353 1.3423060178756714
354 1.3281302452087402
355 1.3397260904312134
356 1.4737703800201416
357 1.2548938989639282
358 1.5549793243408203
359 1.2971246242523193
360 1.0815318822860718
361 1.3090293407440186
362 1.0606776475906372
363 1.1295210123062134
364 1.2149394750595093
365 1.0425796508789063
366 0.740145206451416
367 0.991564154624939
368 1.1850653886795044
369 1.3596338033676147
370 1.2619600296020508
371 1.140267252922058
372 1.141129493713379
373 1.454002857208252
374 1.2626584768295288
375 1.2047386169433594
376 1.3051071166992188
377 1.3924466371536255
378 1.5448142290115356
379 0.5694230198860168
380 1.175087571144104
381 0.9611763954162598
382 1.1678667068481445
383 0.8326101303100586
384 1.554207682609558
385 1.2501760721206665
386 0.9383993744850159
387 1.2105008363723755
388 0.975278377532959
389 1.0840495824813843
390 1.354012370109558
391 1.271048903465271
392 0.9040012955665588
393 0.9307340383529663
394 0.9253446459770203
395 1.0413635969161987
396 1.3714730739593506
397 0.9891484379768372
398 1.136012077331543
399 1.0301793813705444
400 1.177985429763794
401 0.829755425453186
402 1.0855255126953125
403 1.0430947542190552
404 1.076581358909607
405 1.0586357116699219
406 0.9759144186973572
407 1.2302451133728027
408 1.4546927213668823
409 1.2526748180389404
410 1.136947512626648
411 1.2870652675628662
412 1.5332155227661133
413 1.3171863555908203
414 0.8861039876937866
415 0.8836025595664978
416 1.2521759271621704
417 1.1351584196090698
418 0.9821696877479553
419 1.2278040647506714
420 1.509186863899231
421 0.9997979998588562
422 1.1679760217666626
423 0.9012396931648254
424 1.2498338222503662
425 1.2560644149780273
426 1.1136528253555298
427 1.1610403060913086
428 1.2258028984069824
429 1.117539405822754
430 1.3599932193756104
431 1.319722294807434
432 1.2790336608886719
433 1.2071934938430786
434 1.4800974130630493
435 1.3296374082565308
436 1.1406159400939941
437 1.024680256843567
438 1.3972820043563843
439 1.2378506660461426
440 1.1198976039886475
441 0.8966360092163086
442 1.0766276121139526
443 1.1479334831237793
444 1.1724299192428589
445 0.9553584456443787
446 1.3144227266311646
447 1.3234061002731323
448 1.7976001501083374
449 1.3692137002944946
450 0.9877890348434448
451 1.1594228744506836
452 1.3808058500289917
453 1.1137231588363647
454 1.530777096748352
455 1.4820983409881592
456 1.5632942914962769
457 1.5291342735290527
458 1.3902875185012817
459 1.234028697013855
460 1.391288161277771
461 1.0431543588638306
462 1.2861015796661377
463 1.2510887384414673
464 1.2180407047271729
465 1.3437553644180298
466 1.1665658950805664
467 1.327528476715088
468 1.4284306764602661
469 1.1434807777404785
470 1.3111662864685059
471 1.0053513050079346
472 1.0773735046386719
473 1.451949954032898
474 1.438256025314331
475 1.1126794815063477
476 1.66482675075531
477 1.4538499116897583
478 1.3779408931732178
479 1.0819694995880127
480 1.1747372150421143
481 1.1533273458480835
482 1.256921410560608
483 1.4390469789505005
484 1.2652456760406494
485 1.3352826833724976
486 1.508993148803711
487 1.093790054321289
488 1.1330801248550415
489 0.9786681532859802
490 0.8741415143013
491 1.2366236448287964
492 1.130962610244751
493 1.2030692100524902
494 1.527580976486206
495 1.4387319087982178
496 1.0530626773834229
497 1.339950680732727
498 1.2080249786376953
499 1.271146297454834
500 0.9737638235092163
501 1.159361481666565
502 0.9845526218414307
503 0.9565630555152893
504 1.0121513605117798
505 1.380627989768982
506 1.314499855041504
507 1.371815800666809
508 1.4297986030578613
509 1.1224009990692139
510 1.3503086566925049
511 1.0371205806732178
512 1.2578661441802979
513 1.1901601552963257
514 1.3489270210266113
515 1.1754627227783203
516 1.302592396736145
517 1.812639594078064
518 1.1023988723754883
519 1.2995622158050537
520 1.4114913940429688
521 1.3559813499450684
522 1.2135716676712036
523 1.2538213729858398
524 1.3521056175231934
525 1.5424965620040894
526 0.9967120885848999
527 1.4491655826568604
528 1.1577197313308716
529 1.3265353441238403
530 0.9430753588676453
531 1.3182880878448486
532 1.2952163219451904
533 1.541487693786621
534 1.3652825355529785
535 1.402416467666626
536 1.5243723392486572
537 1.4642423391342163
538 1.0856821537017822
539 1.505164384841919
540 1.2831544876098633
541 1.4830241203308105
542 1.2812397480010986
543 1.1882812976837158
544 1.390748381614685
545 1.4381530284881592
546 1.2210172414779663
547 1.3394564390182495
548 1.1254127025604248
549 0.7920041084289551
550 1.2782565355300903
551 1.0650757551193237
552 1.2117539644241333
553 1.166179895401001
554 0.7641709446907043
555 1.3374741077423096
556 1.2607308626174927
557 1.3838568925857544
558 1.1931557655334473
559 1.1142020225524902
560 1.1484644412994385
561 1.2871400117874146
562 1.21303129196167
563 0.8861902356147766
564 1.4491448402404785
565 1.0802785158157349
566 1.3640544414520264
567 1.2712113857269287
568 1.4604164361953735
569 1.5329512357711792
570 1.3289843797683716
571 1.328700304031372
572 1.559984564781189
573 1.2323927879333496
574 1.1564595699310303
575 1.2162621021270752
576 1.484851360321045
577 1.2858608961105347
578 1.6295393705368042
579 1.2978332042694092
580 1.2597078084945679
581 1.7056419849395752
582 1.5081161260604858
583 1.519659399986267
584 1.6442428827285767
585 1.298353910446167
586 1.3467633724212646
587 1.1256957054138184
588 1.5547798871994019
589 1.2278728485107422
590 1.2089958190917969
591 1.5974003076553345
592 1.1984636783599854
593 1.3649747371673584
594 1.3997230529785156
595 1.4693412780761719
596 1.0730454921722412
597 1.2368383407592773
598 1.359339952468872
599 1.0521166324615479
600 1.237782597541809
601 1.1321262121200562
602 1.4227300882339478
603 1.316612958908081
604 1.3619129657745361
605 1.2027746438980103
606 1.284635305404663
607 1.3331801891326904
608 1.5547646284103394
609 1.6688975095748901
610 1.4202494621276855
611 1.2937004566192627
612 1.4604272842407227
613 1.2464886903762817
614 1.2196125984191895
615 0.8599933981895447
616 1.3384677171707153
617 1.0923937559127808
618 1.3362215757369995
619 1.3719427585601807
620 1.0674406290054321
621 1.4824433326721191
622 1.500919222831726
623 1.3763014078140259
624 1.2999693155288696
625 1.465320110321045
626 1.2921428680419922
627 1.1858338117599487
628 1.267464518547058
629 1.0240230560302734
630 1.3382387161254883
631 1.51953125
632 1.0712227821350098
633 1.4279272556304932
634 1.1780035495758057
635 1.3271957635879517
636 1.3923747539520264
637 0.8822965621948242
638 1.3103770017623901
639 1.3329097032546997
640 0.9005772471427917
641 1.2367451190948486
642 1.5554643869400024
643 1.3664047718048096
644 1.2403793334960938
645 0.9745011925697327
646 1.0965536832809448
647 0.8556060791015625
648 0.9526436924934387
649 1.0274568796157837
650 0.7487984299659729
651 1.3641740083694458
652 1.2337652444839478
653 1.1075944900512695
654 1.2820374965667725
655 1.320391058921814
656 1.1990315914154053
657 1.0868927240371704
658 1.375968337059021
659 0.8343198299407959
660 1.3539960384368896
661 1.5803576707839966
662 1.5363365411758423
663 1.2429338693618774
664 1.1111912727355957
665 1.1839535236358643
666 1.552379846572876
667 1.3662984371185303
668 1.5605790615081787
669 1.6068699359893799
670 1.5377486944198608
671 1.3679381608963013
672 1.6246447563171387
673 1.5276092290878296
674 1.8182783126831055
675 1.374018669128418
676 1.2617229223251343
677 1.520757794380188
678 1.5299432277679443
679 1.369711995124817
680 1.3038854598999023
681 1.4066598415374756
682 0.9890589118003845
683 1.4969782829284668
684 1.503809928894043
685 1.5174216032028198
686 1.5770294666290283
687 1.4686163663864136
688 0.8402283787727356
689 1.2118134498596191
690 1.4780795574188232
691 1.206320881843567
692 1.2542965412139893
693 1.48171865940094
694 1.7151503562927246
695 1.2876394987106323
696 1.3071916103363037
697 1.3594378232955933
698 1.4617843627929688
699 1.3997234106063843
700 1.4024029970169067
701 1.2274229526519775
702 1.169163703918457
703 1.0744349956512451
704 1.0970836877822876
705 1.1385232210159302
706 0.8437027931213379
707 1.0985710620880127
708 1.1569160223007202
709 1.4579192399978638
710 1.4370267391204834
711 1.1463412046432495
712 1.5416393280029297
713 1.289559245109558
714 1.0726004838943481
715 1.3515089750289917
716 1.4593144655227661
717 1.1274759769439697
718 1.059220552444458
719 1.1895101070404053
720 1.129972219467163
721 0.9490169286727905
722 1.739787220954895
723 1.1947648525238037
724 1.2387672662734985
725 0.887734055519104
726 1.2499001026153564
727 0.9139022827148438
728 1.0073603391647339
729 1.2009049654006958
730 1.0909292697906494
731 1.0597128868103027
732 1.184997797012329
733 1.2862024307250977
734 1.2725701332092285
735 1.1441892385482788
736 1.0926629304885864
737 1.190956711769104
738 0.6801294684410095
739 1.0641976594924927
740 1.0244923830032349
741 0.9588873386383057
742 1.08150053024292
743 1.327702283859253
744 1.2585550546646118
745 1.6536341905593872
746 1.4001775979995728
747 0.9633417129516602
748 1.6147489547729492
749 1.0860954523086548
750 1.0944678783416748
751 1.2337592840194702
752 1.115702748298645
753 0.8721910715103149
754 1.1056081056594849
755 1.5322685241699219
756 1.0233300924301147
757 1.507327675819397
758 1.2788028717041016
759 1.20712411403656
760 1.1520938873291016
761 1.3857349157333374
762 1.204186201095581
763 1.791691780090332
764 1.0993987321853638
765 1.5748685598373413
766 1.4983230829238892
767 1.3764268159866333
768 1.2918365001678467
769 1.3728339672088623
770 1.5206102132797241
771 1.2274547815322876
772 1.8331918716430664
773 0.9833514094352722
774 1.4500921964645386
775 1.120916724205017
776 1.1154483556747437
777 1.2408279180526733
778 1.5646657943725586
779 1.1951904296875
780 1.5855404138565063
781 1.306094765663147
782 1.1608027219772339
783 0.9841862320899963
784 1.533219814300537
785 1.3610968589782715
786 1.565699577331543
787 1.561447262763977
788 1.279218077659607
789 1.353761076927185
790 1.0832939147949219
791 1.5138825178146362
792 1.4476321935653687
793 1.5698564052581787
794 1.3940088748931885
795 1.513437271118164
796 1.5202927589416504
797 1.2593590021133423
798 1.44728422164917
799 1.309113621711731
800 1.5373601913452148
801 1.7951552867889404
802 1.3777379989624023
803 1.509501338005066
804 1.585111141204834
805 1.507806658744812
806 1.4872263669967651
807 1.4998575448989868
808 1.256264328956604
809 1.3921575546264648
810 1.3332858085632324
811 1.6405353546142578
812 1.3238352537155151
813 1.1654138565063477
814 1.1040464639663696
815 1.650091528892517
816 1.3786284923553467
817 1.4380393028259277
818 1.4469404220581055
819 1.3445773124694824
820 0.827711820602417
821 1.2521584033966064
822 1.3187528848648071
823 1.2048065662384033
824 1.223943829536438
825 1.1188228130340576
826 1.087334156036377
827 1.1392772197723389
828 1.2077049016952515
829 1.4541183710098267
830 1.8043686151504517
831 1.631331443786621
832 1.9464141130447388
833 1.6870315074920654
834 1.5868873596191406
835 1.6017194986343384
836 1.6030213832855225
837 1.4776911735534668
838 1.792716145515442
839 1.2951738834381104
840 1.4540051221847534
841 1.4421141147613525
842 1.5943163633346558
843 1.7757794857025146
844 1.8955758810043335
845 2.296706199645996
846 1.483418583869934
847 1.4383046627044678
848 1.2800496816635132
849 1.795913815498352
850 1.4849426746368408
851 1.607997179031372
852 1.9100407361984253
853 1.3301591873168945
854 1.510111689567566
855 1.3863494396209717
856 1.774617314338684
857 1.7523002624511719
858 1.4059871435165405
859 1.8464654684066772
860 1.6870838403701782
861 1.7690975666046143
862 1.524077296257019
863 1.5416944026947021
864 1.742893934249878
865 1.4867101907730103
866 2.0353407859802246
867 2.230093002319336
868 1.448612093925476
869 1.538151741027832
870 1.4659647941589355
871 1.3904457092285156
872 1.596665382385254
873 1.568923830986023
874 2.1261534690856934
875 1.675278902053833
876 1.4848688840866089
877 1.2601219415664673
878 1.617504596710205
879 1.8528718948364258
880 1.9655287265777588
881 1.3106818199157715
882 1.693259358406067
883 1.6974246501922607
884 1.7849242687225342
885 1.647593379020691
886 1.522320032119751
887 1.768798589706421
888 1.686924695968628
889 1.6718146800994873
890 1.5251928567886353
891 1.9303574562072754
892 1.5524718761444092
893 1.6794116497039795
894 1.661029577255249
895 1.8036855459213257
896 1.75575852394104
897 1.9387210607528687
898 1.5349220037460327
899 1.9720929861068726
900 1.7271157503128052
901 1.6420338153839111
902 1.8429681062698364
903 1.8245223760604858
904 1.8587945699691772
905 1.2931560277938843
906 1.7237659692764282
907 1.937294363975525
908 1.9243519306182861
909 2.076904773712158
910 1.871852159500122
911 1.595733404159546
912 1.516034483909607
913 1.6690638065338135
914 1.6812082529067993
915 1.5807461738586426
916 1.9002599716186523
917 1.6090234518051147
918 1.7152961492538452
919 1.7118741273880005
920 1.5852892398834229
921 1.6534126996994019
922 2.017817258834839
923 1.5324054956436157
924 1.7418098449707031
925 1.632124423980713
926 1.8120671510696411
927 1.7500847578048706
928 1.759198784828186
929 1.606192708015442
930 1.3693416118621826
931 1.3153609037399292
932 1.608817219734192
933 1.6815104484558105
934 1.8064441680908203
935 1.726318359375
936 1.5709624290466309
937 1.6729751825332642
938 1.747383713722229
939 1.85891854763031
940 2.4716832637786865
941 1.9970535039901733
942 2.030977964401245
943 1.8692686557769775
944 2.144042730331421
945 1.8881566524505615
946 1.793657660484314
947 1.7027536630630493
948 1.474611759185791
949 1.8438113927841187
950 1.8184343576431274
951 1.9552196264266968
952 1.902322769165039
953 1.600814938545227
954 2.040499687194824
955 1.8839914798736572
956 1.6474286317825317
957 1.7719061374664307
958 1.7918702363967896
959 2.2788217067718506
960 1.9919270277023315
961 1.7139822244644165
962 1.9793504476547241
963 1.9968559741973877
964 2.152639389038086
965 2.1236064434051514
966 1.6838853359222412
967 1.7054332494735718
968 1.6267938613891602
969 2.0944230556488037
970 1.598661184310913
971 1.5615326166152954
972 1.4905656576156616
973 1.3665812015533447
974 1.77034592628479
975 1.5586649179458618
976 1.5420506000518799
977 1.483799934387207
978 1.6260528564453125
979 1.682440996170044
980 1.4417996406555176
981 1.864874243736267
982 1.6046708822250366
983 1.303698182106018
984 1.964158296585083
985 1.3837841749191284
986 1.5684083700180054
987 1.9088871479034424
988 2.006990671157837
989 1.6842509508132935
990 1.521425485610962
991 1.6800223588943481
992 1.892325520515442
993 1.8429216146469116
994 1.7671215534210205
995 2.0531272888183594
996 1.9660234451293945
997 1.8684006929397583
998 2.0409882068634033
999 1.937766671180725
1000 1.813618779182434
1001 1.8042184114456177
1002 1.5917776823043823
1003 1.8368180990219116
1004 2.082718849182129
1005 2.5916497707366943
1006 2.006554365158081
1007 1.8214975595474243
1008 1.9649449586868286
1009 1.993067741394043
1010 1.5904228687286377
1011 1.8694349527359009
1012 1.7482657432556152
1013 1.6949483156204224
1014 1.899975061416626
1015 1.7447521686553955
1016 2.144953966140747
1017 1.1938484907150269
1018 1.639589786529541
1019 1.4880170822143555
1020 1.3128550052642822
1021 1.430238127708435
1022 1.8343162536621094
1023 1.1645108461380005
1024 1.3156317472457886
1025 2.1299192905426025
1026 1.310168743133545
1027 1.440982460975647
1028 1.513656497001648
1029 1.5392848253250122
1030 1.6247907876968384
1031 1.3845787048339844
1032 1.5321084260940552
1033 1.451686143875122
1034 1.5172193050384521
1035 1.7394359111785889
1036 1.7740764617919922
1037 1.7895756959915161
1038 2.4310216903686523
1039 1.8751953840255737
1040 1.6342109441757202
1041 1.6444555521011353
1042 1.705481767654419
1043 1.4344487190246582
1044 1.7603963613510132
1045 1.6061933040618896
1046 1.4760288000106812
1047 1.9638358354568481
1048 2.027169704437256
1049 1.6256256103515625
1050 2.093092679977417
1051 2.1377975940704346
1052 1.87888765335083
1053 1.888270616531372
1054 1.8341630697250366
1055 1.9555304050445557
1056 2.317305326461792
1057 2.203566312789917
1058 2.0555920600891113
1059 2.7843313217163086
1060 2.0807464122772217
1061 1.8377259969711304
1062 2.466836452484131
1063 2.156815767288208
1064 2.105325698852539
1065 2.0759246349334717
1066 1.945335030555725
1067 1.8354243040084839
1068 1.5329663753509521
1069 1.622052788734436
1070 1.6974343061447144
1071 1.8588687181472778
1072 1.9005848169326782
1073 1.5981743335723877
1074 2.0080204010009766
1075 1.6228469610214233
1076 2.0349225997924805
1077 2.0458388328552246
1078 2.0697433948516846
1079 1.9405555725097656
1080 1.3987326622009277
1081 1.8970409631729126
1082 2.0718700885772705
1083 1.7747050523757935
1084 1.8066792488098145
1085 1.7769191265106201
1086 1.8193323612213135
1087 1.6149749755859375
1088 1.8107259273529053
1089 1.2491284608840942
1090 1.735331416130066
1091 1.827444076538086
1092 1.3873229026794434
1093 1.91788649559021
1094 1.7197717428207397
1095 1.6810041666030884
1096 1.6672567129135132
1097 1.6314318180084229
1098 1.8642606735229492
1099 2.0826122760772705
1100 1.5900566577911377
1101 1.8176840543746948
1102 1.9739371538162231
1103 2.149656057357788
1104 2.030440092086792
1105 1.8819024562835693
1106 2.102384328842163
1107 2.0411574840545654
1108 1.8789043426513672
1109 2.205503225326538
1110 2.0743777751922607
1111 2.0464694499969482
1112 1.767152190208435
1113 1.6869914531707764
1114 1.5332180261611938
1115 1.8797234296798706
1116 1.6503028869628906
1117 1.6987799406051636
1118 1.9167757034301758
1119 1.5850861072540283
1120 2.0257186889648438
1121 1.8294850587844849
1122 2.0368752479553223
1123 1.6188974380493164
1124 1.9976943731307983
1125 1.9277045726776123
1126 1.9249879121780396
1127 1.9893248081207275
1128 1.8590328693389893
1129 1.8659286499023438
1130 2.1724658012390137
1131 2.0587363243103027
1132 2.0986979007720947
1133 2.1061675548553467
1134 1.9750698804855347
1135 2.066805124282837
1136 2.005216360092163
1137 1.8954278230667114
1138 2.0816853046417236
1139 1.8362929821014404
1140 1.6549290418624878
1141 1.8192963600158691
1142 1.652500033378601
1143 1.9516563415527344
1144 2.2321596145629883
1145 1.7913416624069214
1146 1.6000787019729614
1147 1.828897476196289
1148 1.7967385053634644
1149 2.2784886360168457
1150 1.870134711265564
1151 2.224543571472168
1152 2.0234713554382324
1153 2.174828052520752
1154 2.242539644241333
1155 1.8130813837051392
1156 1.43309485912323
1157 2.1634464263916016
1158 1.9391872882843018
1159 1.9609366655349731
1160 2.117008924484253
1161 2.198430299758911
1162 2.0971803665161133
1163 2.5902211666107178
1164 2.1215755939483643
1165 2.4020094871520996
1166 2.324842929840088
1167 2.17526912689209
1168 2.30489182472229
1169 2.3778958320617676
1170 2.077669382095337
1171 2.112644672393799
1172 1.9384063482284546
1173 1.9071460962295532
1174 1.688207983970642
1175 1.713596224784851
1176 2.0311310291290283
1177 1.5316325426101685
1178 1.6665215492248535
1179 1.918624997138977
1180 1.513035535812378
1181 1.6185084581375122
1182 1.6229246854782104
1183 1.6916238069534302
1184 1.4616631269454956
1185 1.6561158895492554
1186 1.5900063514709473
1187 1.6898990869522095
1188 1.6344088315963745
1189 2.0118753910064697
1190 1.965219497680664
1191 1.716664433479309
1192 1.904668927192688
1193 1.7392585277557373
1194 2.1166470050811768
1195 1.97072434425354
1196 2.296879291534424
1197 2.369293689727783
1198 1.817312240600586
1199 2.1255149841308594
1200 1.544889211654663
1201 1.7456544637680054
1202 1.5061215162277222
1203 1.482513189315796
1204 1.7777962684631348
1205 1.8528127670288086
1206 1.7645037174224854
1207 1.734576940536499
1208 1.643358826637268
1209 2.0955331325531006
1210 1.443082571029663
1211 1.9292939901351929
1212 1.9372751712799072
1213 1.7678852081298828
1214 1.9784562587738037
1215 1.514487624168396
1216 1.7864500284194946
1217 1.9236363172531128
1218 2.0313191413879395
1219 1.9874430894851685
1220 1.6047935485839844
1221 1.723362684249878
1222 1.7580486536026
1223 1.7706526517868042
1224 1.6718424558639526
1225 1.7661173343658447
1226 1.7416681051254272
1227 1.8897943496704102
1228 1.600480079650879
1229 1.9034935235977173
1230 1.563624382019043
1231 1.9999407529830933
1232 1.8345282077789307
1233 1.905888557434082
1234 1.6478744745254517
1235 1.7789686918258667
1236 1.7298773527145386
1237 1.6536192893981934
1238 1.2396095991134644
1239 1.9375507831573486
1240 1.9145407676696777
1241 1.6155320405960083
1242 1.7735886573791504
1243 1.8033885955810547
1244 1.833711862564087
1245 1.8832567930221558
1246 1.8849667310714722
1247 1.6956768035888672
1248 1.7851449251174927
1249 1.5164391994476318
1250 1.853912115097046
1251 1.5791796445846558
1252 1.8054064512252808
1253 1.63040030002594
1254 1.6088905334472656
1255 1.4969897270202637
1256 1.8536208868026733
1257 1.8226401805877686
1258 1.7931547164916992
1259 1.4582738876342773
1260 1.368079423904419
1261 1.5653295516967773
1262 1.9755744934082031
1263 1.8869128227233887
1264 1.6442782878875732
1265 1.3319454193115234
1266 1.391016960144043
1267 1.5208576917648315
1268 1.787705421447754
1269 1.4317166805267334
1270 1.6610703468322754
1271 1.618456244468689
1272 1.3624554872512817
1273 1.7434773445129395
1274 1.41416335105896
1275 1.5550930500030518
1276 1.92366623878479
1277 1.6716879606246948
1278 1.5468465089797974
1279 1.6843795776367188
1280 1.526930809020996
1281 1.7448259592056274
1282 1.3268681764602661
1283 1.3849360942840576
1284 1.246843695640564
1285 1.3598980903625488
1286 1.5519862174987793
1287 1.2340489625930786
1288 1.3349672555923462
1289 1.8967394828796387
1290 1.573682188987732
1291 1.845603585243225
1292 1.6822489500045776
1293 1.9663201570510864
1294 1.692133903503418
1295 1.8096297979354858
1296 1.745887041091919
1297 1.5651048421859741
1298 1.8923815488815308
1299 2.0302515029907227
1300 2.1938629150390625
1301 1.7067477703094482
1302 1.8751351833343506
1303 1.745976209640503
1304 1.9464417695999146
1305 1.9429162740707397
1306 1.904010534286499
1307 1.5202546119689941
1308 1.654157280921936
1309 1.3286676406860352
1310 1.4017887115478516
1311 1.3937746286392212
1312 1.1889638900756836
1313 1.6322124004364014
1314 1.330751657485962
1315 1.422696828842163
1316 1.4879236221313477
1317 1.4820101261138916
1318 1.576338291168213
1319 1.7245820760726929
1320 1.6724461317062378
1321 1.3308669328689575
1322 1.5139414072036743
1323 1.5724257230758667
1324 1.4084274768829346
1325 1.5185964107513428
1326 1.3439042568206787
1327 1.4258860349655151
1328 1.7302902936935425
1329 1.4989356994628906
1330 1.6849664449691772
1331 1.3781450986862183
1332 1.294000506401062
1333 1.5541887283325195
1334 1.3660953044891357
1335 0.9495856761932373
1336 1.26235830783844
1337 1.3306000232696533
1338 1.548361897468567
1339 1.8103866577148438
1340 1.8390341997146606
1341 1.635978102684021
1342 1.592184066772461
1343 1.6609207391738892
1344 1.3360927104949951
1345 1.6585749387741089
1346 1.4988385438919067
1347 1.3334689140319824
1348 1.7039551734924316
1349 1.9362128973007202
1350 1.9263149499893188
1351 1.669143557548523
1352 1.5577151775360107
1353 1.699058175086975
1354 1.4181486368179321
1355 1.7207635641098022
1356 1.6063330173492432
1357 1.5898864269256592
1358 1.7084681987762451
1359 1.764972448348999
1360 2.017887592315674
1361 1.6969621181488037
1362 1.4300285577774048
1363 1.3218828439712524
1364 1.1992592811584473
1365 1.601104974746704
1366 1.2525662183761597
1367 1.5447821617126465
1368 1.1784875392913818
1369 1.4130315780639648
1370 1.9898442029953003
1371 1.2142540216445923
1372 1.2696186304092407
1373 1.8018877506256104
1374 1.631298303604126
1375 1.453094720840454
1376 1.8628884553909302
1377 1.4294074773788452
1378 1.4279451370239258
1379 1.5604074001312256
1380 1.4948650598526
1381 1.7867511510849
1382 1.705136775970459
1383 1.7485884428024292
1384 1.7346254587173462
1385 2.0231339931488037
1386 1.3393981456756592
1387 1.7003155946731567
1388 1.1450039148330688
1389 1.5514661073684692
1390 1.738075852394104
1391 1.3811417818069458
1392 1.3887673616409302
1393 1.5188156366348267
1394 1.193642258644104
1395 1.9626173973083496
1396 1.3224124908447266
1397 1.5124504566192627
1398 1.8620887994766235
1399 1.4743298292160034
1400 1.4988305568695068
1401 1.6556216478347778
1402 1.3353227376937866
1403 1.8808091878890991
1404 1.7619318962097168
1405 2.105292320251465
1406 1.6117405891418457
1407 1.5343732833862305
1408 1.4214234352111816
1409 1.4366251230239868
1410 1.3101919889450073
1411 1.393717646598816
1412 1.5677865743637085
1413 1.207037091255188
1414 1.3543301820755005
1415 1.5300109386444092
1416 1.524245262145996
1417 1.5654850006103516
1418 1.0707510709762573
1419 1.5742076635360718
1420 1.3161804676055908
1421 1.3963629007339478
1422 1.4742937088012695
1423 1.7489053010940552
1424 1.5195643901824951
1425 1.4417338371276855
1426 1.4144563674926758
1427 1.6205594539642334
1428 1.5884106159210205
1429 1.291735291481018
1430 1.2453593015670776
1431 1.2352848052978516
1432 1.3476872444152832
1433 0.9178066253662109
1434 1.1812810897827148
1435 1.6559486389160156
1436 1.3393474817276
1437 1.3210572004318237
1438 1.2542444467544556
1439 1.341078519821167
1440 1.2975798845291138
1441 1.1347278356552124
1442 1.3659473657608032
1443 1.535542368888855
1444 1.5743277072906494
1445 1.3494653701782227
1446 1.8798210620880127
1447 1.7311413288116455
1448 1.6263692378997803
1449 1.567525029182434
1450 1.5320994853973389
1451 1.4295752048492432
1452 1.5297425985336304
1453 1.477570652961731
1454 1.5411043167114258
1455 1.7096444368362427
1456 2.099069356918335
1457 1.6083985567092896
1458 1.7658193111419678
1459 1.6449769735336304
1460 1.3120189905166626
1461 1.5453990697860718
1462 1.7634304761886597
1463 1.4732657670974731
1464 1.643836498260498
1465 1.315486192703247
1466 1.879766583442688
1467 1.5211654901504517
1468 1.4920361042022705
1469 1.8241050243377686
1470 1.8537124395370483
1471 2.0673487186431885
1472 1.6597373485565186
1473 1.6018484830856323
1474 1.4466276168823242
1475 1.8661748170852661
1476 1.9165140390396118
1477 1.5468120574951172
1478 1.695554256439209
1479 1.6555531024932861
1480 1.8230295181274414
1481 1.683874249458313
1482 1.5321578979492188
1483 1.5848511457443237
1484 1.6297136545181274
1485 2.047447919845581
1486 2.33626389503479
1487 1.8029135465621948
1488 1.8141818046569824
1489 2.1227312088012695
1490 2.2295432090759277
1491 1.8298856019973755
1492 1.6600340604782104
1493 1.620303750038147
1494 1.6849918365478516
1495 1.5972634553909302
1496 1.2707263231277466
1497 1.5972596406936646
1498 1.6055560111999512
1499 1.5069408416748047
1500 1.6603833436965942
1501 1.7155020236968994
1502 1.5024547576904297
1503 1.479063868522644
1504 1.5260223150253296
1505 1.6149691343307495
1506 1.7002185583114624
1507 1.338533878326416
1508 1.38436758518219
1509 1.7090681791305542
1510 1.053428292274475
1511 1.4096384048461914
1512 1.4344695806503296
1513 1.398578405380249
1514 1.29736328125
1515 1.5877063274383545
1516 1.3134697675704956
1517 1.602622151374817
1518 2.0511786937713623
1519 1.3885672092437744
1520 1.3446621894836426
1521 1.418020486831665
1522 0.8082891702651978
1523 1.113143801689148
1524 1.2234505414962769
1525 1.5228898525238037
1526 1.3275748491287231
1527 1.6332489252090454
1528 1.4793968200683594
1529 1.6839512586593628
1530 1.207271695137024
1531 1.6283106803894043
1532 1.4484663009643555
1533 1.7963626384735107
1534 1.5236873626708984
1535 1.330322027206421
1536 1.8414146900177002
1537 1.4063535928726196
1538 0.940962016582489
1539 1.493282675743103
1540 1.6911299228668213
1541 1.463027000427246
1542 1.3204410076141357
1543 1.4671322107315063
1544 1.475107192993164
1545 1.3813393115997314
1546 1.2910511493682861
1547 1.3071094751358032
1548 1.4833095073699951
1549 1.1841579675674438
1550 1.674700140953064
1551 1.5062531232833862
1552 1.3261638879776
1553 0.9538010954856873
1554 1.1711456775665283
1555 1.4538331031799316
1556 1.6001137495040894
1557 1.2909034490585327
1558 1.4215500354766846
1559 1.0699700117111206
1560 1.380710482597351
1561 1.0907254219055176
1562 1.5572636127471924
1563 1.3596827983856201
1564 1.5490778684616089
1565 1.5856314897537231
1566 1.5285818576812744
1567 1.4272816181182861
1568 1.5773992538452148
1569 1.6383558511734009
1570 1.7770181894302368
1571 2.048835515975952
1572 1.6041831970214844
1573 1.5526992082595825
1574 1.418770670890808
1575 1.724360466003418
1576 1.1732962131500244
1577 1.5279407501220703
1578 1.4751758575439453
1579 1.7568920850753784
1580 1.6243809461593628
1581 1.9751899242401123
1582 2.143030881881714
1583 1.5436205863952637
1584 2.0240609645843506
1585 1.6327153444290161
1586 1.3794211149215698
1587 1.8733309507369995
1588 1.1896358728408813
1589 1.596637487411499
1590 1.2293020486831665
1591 1.4721421003341675
1592 1.6125065088272095
1593 1.6568334102630615
1594 1.4956536293029785
1595 1.246790885925293
1596 1.4860656261444092
1597 0.9020234942436218
1598 1.1988049745559692
1599 1.158976674079895
1600 1.4675593376159668
1601 1.6828091144561768
1602 1.3663289546966553
1603 1.5725607872009277
1604 1.5267115831375122
1605 1.5283172130584717
1606 1.1907305717468262
1607 1.1673415899276733
1608 1.360417127609253
1609 1.3173624277114868
1610 1.3687618970870972
1611 1.6100260019302368
1612 1.572571873664856
1613 1.4347164630889893
1614 1.1665552854537964
1615 1.462884545326233
1616 1.8373950719833374
1617 1.4757146835327148
1618 1.207444429397583
1619 1.2258849143981934
1620 1.9485430717468262
1621 1.1589868068695068
1622 1.7726727724075317
1623 1.707930326461792
1624 1.4106661081314087
1625 1.642997145652771
1626 1.3640477657318115
1627 0.998129665851593
1628 1.0998260974884033
1629 1.1170191764831543
1630 1.3829258680343628
1631 1.2536729574203491
1632 0.9431426525115967
1633 1.0561062097549438
1634 1.338883876800537
1635 1.423671841621399
1636 1.4916528463363647
1637 1.401405692100525
1638 1.320239782333374
1639 1.3828338384628296
1640 1.44123113155365
1641 2.0689165592193604
1642 1.7291003465652466
1643 1.3259323835372925
1644 1.6001601219177246
1645 1.7892508506774902
1646 1.5395102500915527
1647 1.405023217201233
1648 1.1800894737243652
1649 1.3578189611434937
1650 1.3768893480300903
1651 1.4519758224487305
1652 1.3423502445220947
1653 1.5071898698806763
1654 1.0790644884109497
1655 1.6352922916412354
1656 1.1373759508132935
1657 1.297007441520691
1658 1.5468751192092896
1659 1.4437271356582642
1660 1.2664470672607422
1661 1.253748893737793
1662 1.3522326946258545
1663 1.380286455154419
1664 0.9138161540031433
1665 1.3139735460281372
1666 1.0142728090286255
1667 1.3262276649475098
1668 1.6113530397415161
1669 1.4008138179779053
1670 1.177533745765686
1671 1.1407389640808105
1672 1.3180798292160034
1673 1.3188916444778442
1674 1.3120895624160767
1675 1.392113447189331
1676 1.2274564504623413
1677 1.1822649240493774
1678 1.3972755670547485
1679 1.1987005472183228
1680 1.2126665115356445
1681 1.2388999462127686
1682 1.0849014520645142
1683 1.7326229810714722
1684 1.24840247631073
1685 1.6275885105133057
1686 1.1646597385406494
1687 1.3158791065216064
1688 1.6013023853302002
1689 1.7413729429244995
1690 1.496964931488037
1691 1.2933666706085205
1692 1.739912509918213
1693 1.464269995689392
1694 1.1177380084991455
1695 1.2503283023834229
1696 1.3407076597213745
1697 1.5051809549331665
1698 1.4356238842010498
1699 1.547991394996643
1700 1.4701796770095825
1701 1.4547913074493408
1702 1.1217281818389893
1703 1.0699456930160522
1704 1.3921501636505127
1705 1.4914681911468506
1706 1.2456244230270386
1707 1.0492112636566162
1708 1.2701890468597412
1709 1.0733777284622192
1710 1.1014983654022217
1711 0.958863377571106
1712 1.3771487474441528
1713 1.2184538841247559
1714 1.2629828453063965
1715 1.1983158588409424
1716 1.0211104154586792
1717 1.3032997846603394
1718 1.275008201599121
1719 1.2994093894958496
1720 1.5567047595977783
1721 1.417670726776123
1722 1.8467224836349487
1723 1.2597748041152954
1724 1.3335884809494019
1725 1.3137966394424438
1726 1.4122177362442017
1727 1.2122539281845093
1728 1.382582426071167
1729 1.466529130935669
1730 1.4269126653671265
1731 1.361362099647522
1732 1.2514399290084839
1733 1.8960274457931519
1734 1.3535432815551758
1735 1.5972157716751099
1736 1.4564852714538574
1737 1.4936295747756958
1738 1.608982801437378
1739 1.4480053186416626
1740 1.531832218170166
1741 1.6440919637680054
1742 1.338004231452942
1743 1.448599100112915
1744 1.4894682168960571
1745 1.7214720249176025
1746 1.556533932685852
1747 1.7106980085372925
1748 1.6413732767105103
1749 1.7413384914398193
1750 1.6239131689071655
1751 1.6193819046020508
1752 1.4403375387191772
1753 1.792086124420166
1754 1.4526357650756836
1755 1.5488412380218506
1756 1.6628901958465576
1757 1.386277675628662
1758 1.4494714736938477
1759 1.744832158088684
1760 1.5697929859161377
1761 1.1753684282302856
1762 1.5671111345291138
1763 1.2234818935394287
1764 1.578619122505188
1765 1.0949394702911377
1766 1.387619972229004
1767 1.7307624816894531
1768 1.7729847431182861
1769 1.29459547996521
1770 1.3442989587783813
1771 1.6560041904449463
1772 1.54961097240448
1773 1.2705446481704712
1774 1.289465308189392
1775 1.4497694969177246
1776 1.276139736175537
1777 0.985575795173645
1778 1.3908796310424805
1779 1.523302435874939
1780 1.3703525066375732
1781 1.2741467952728271
1782 1.2062064409255981
1783 1.281390905380249
1784 1.8084359169006348
1785 1.6665804386138916
1786 1.1581422090530396
1787 1.5512926578521729
1788 1.291758418083191
1789 1.2702573537826538
1790 1.081640362739563
1791 1.0995732545852661
1792 1.0729154348373413
1793 0.9626768231391907
1794 1.097998023033142
1795 1.167926549911499
1796 1.0616751909255981
1797 1.3690282106399536
1798 0.830731987953186
1799 1.047454833984375
1800 1.0666626691818237
1801 0.8482423424720764
1802 1.2764849662780762
1803 0.8591722249984741
1804 1.2473777532577515
1805 1.2255629301071167
1806 1.5670504570007324
1807 1.4312939643859863
1808 1.294197678565979
1809 1.0318788290023804
1810 1.4665929079055786
1811 1.238349437713623
1812 1.16658353805542
1813 1.1467163562774658
1814 1.6464120149612427
1815 1.094699501991272
1816 1.0775480270385742
1817 1.0759464502334595
1818 1.1563167572021484
1819 1.2374629974365234
1820 1.2399734258651733
1821 1.2439815998077393
1822 1.6071035861968994
1823 1.3280574083328247
1824 1.3185251951217651
1825 1.5234323740005493
1826 1.6840094327926636
1827 1.4308913946151733
1828 1.5001267194747925
1829 1.4634145498275757
1830 1.594702959060669
1831 1.2107152938842773
1832 1.0858346223831177
1833 1.2484973669052124
1834 1.5699431896209717
1835 1.253485083580017
1836 1.1432385444641113
1837 1.5734730958938599
1838 1.2120920419692993
1839 1.3547741174697876
1840 1.0749694108963013
1841 1.3007394075393677
1842 1.2300071716308594
1843 1.465277075767517
1844 1.1178224086761475
1845 1.3002793788909912
1846 1.3632044792175293
1847 1.4234004020690918
1848 1.4286781549453735
1849 1.5066492557525635
1850 1.7991276979446411
1851 1.7392182350158691
1852 1.397222876548767
1853 1.2613283395767212
1854 1.2293214797973633
1855 1.0951834917068481
1856 1.466299057006836
1857 1.0703191757202148
1858 0.9672169089317322
1859 1.2257720232009888
1860 1.2774953842163086
1861 1.33809232711792
1862 1.5819069147109985
1863 1.4970927238464355
1864 1.4663569927215576
1865 1.6269853115081787
1866 1.2753548622131348
1867 1.752071738243103
1868 1.3298437595367432
1869 1.5360568761825562
1870 1.2529665231704712
1871 1.5539859533309937
1872 1.1964045763015747
1873 1.5726815462112427
1874 1.2307729721069336
1875 1.5022363662719727
1876 1.4359551668167114
1877 1.3006609678268433
1878 1.0463567972183228
1879 1.3931005001068115
1880 1.1028634309768677
1881 1.0605655908584595
1882 1.2573823928833008
1883 1.026926040649414
1884 1.2012063264846802
1885 1.1672534942626953
1886 1.3034377098083496
1887 1.2228524684906006
1888 1.8123961687088013
1889 1.5254685878753662
1890 1.4465346336364746
1891 1.275643229484558
1892 1.5899733304977417
1893 1.319476842880249
1894 1.6191093921661377
1895 1.288597583770752
1896 1.1420960426330566
1897 1.420907735824585
1898 1.345439076423645
1899 1.569009780883789
1900 1.5302940607070923
1901 1.088472604751587
1902 1.101719617843628
1903 0.9548181891441345
1904 1.5345886945724487
1905 1.3476555347442627
1906 1.4732595682144165
1907 1.3183842897415161
1908 1.2521326541900635
1909 1.4439656734466553
1910 1.6108771562576294
1911 1.09494149684906
1912 1.109315037727356
1913 1.31769597530365
1914 1.2020502090454102
1915 1.4735901355743408
1916 1.4070265293121338
1917 1.5438859462738037
1918 1.4071987867355347
1919 1.441709280014038
1920 1.2519384622573853
1921 1.4811264276504517
1922 1.476495385169983
1923 1.4527667760849
1924 1.3495943546295166
1925 1.6270744800567627
1926 1.5872687101364136
1927 1.1881210803985596
1928 1.4404983520507813
1929 1.4721412658691406
1930 1.6759508848190308
1931 1.8063522577285767
1932 1.4703129529953003
1933 1.414439082145691
1934 1.2329961061477661
1935 1.3811041116714478
1936 1.436306118965149
1937 0.9953562021255493
1938 1.54183828830719
1939 1.4157298803329468
1940 1.6641672849655151
1941 1.654148817062378
1942 1.369079828262329
1943 1.2614859342575073
1944 1.2644699811935425
1945 1.1758753061294556
1946 1.416467308998108
1947 1.3109641075134277
1948 1.4813849925994873
1949 1.512461543083191
1950 1.3439408540725708
1951 1.5153930187225342
1952 1.4126924276351929
1953 1.3345211744308472
1954 1.1599045991897583
1955 1.387217402458191
1956 1.4974064826965332
1957 1.6987265348434448
1958 1.2048779726028442
1959 1.216945767402649
1960 1.340553879737854
1961 1.3004388809204102
1962 1.5879465341567993
1963 1.823801875114441
1964 1.1444367170333862
1965 1.047230839729309
1966 1.5499719381332397
1967 1.2838428020477295
1968 0.9291739463806152
1969 1.1781452894210815
1970 1.360924482345581
1971 1.1287822723388672
1972 1.5349867343902588
1973 2.133924722671509
1974 1.6067211627960205
1975 1.3429441452026367
1976 0.9821347594261169
1977 1.77626633644104
1978 1.3935476541519165
1979 1.2971484661102295
1980 1.1798489093780518
1981 1.0955229997634888
1982 0.9733852744102478
1983 1.4672259092330933
1984 1.45981764793396
1985 1.2124357223510742
1986 1.0903477668762207
1987 0.9093143939971924
1988 0.9576905369758606
1989 1.1225847005844116
1990 1.2972056865692139
1991 1.0991307497024536
1992 1.5203670263290405
1993 1.0546412467956543
1994 1.00974702835083
1995 1.1070235967636108
1996 1.0151965618133545
1997 1.2356970310211182
1998 1.206132173538208
1999 1.5117205381393433
