0 11.629741226564104
1 12.039251379214308
2 12.512360433711748
3 12.53233468690072
4 11.416726105871597
5 12.463291145700929
6 12.782578380420684
7 13.683736003983917
8 13.646120976492897
9 13.064675009499549
10 12.008340875155302
11 12.78340035355906
12 12.799924132097912
13 11.957528194729523
14 11.316062971206447
15 11.941010678706947
16 11.485418143559171
17 10.429635171671874
18 11.122952003450303
19 10.593165829646441
20 10.031978045744914
21 10.865901324966583
22 11.478143269137261
23 10.773399080886781
24 11.548007460382234
25 11.494904865992284
26 11.499074719056651
27 11.020641661879804
28 11.513952612717311
29 11.420010795906196
30 11.606289302159475
31 11.463416442403235
32 11.670646266704257
33 10.993944402440023
34 12.552162208912842
35 12.081536771795713
36 12.364918146061386
37 12.42061384155053
38 12.611500228827033
39 12.149061277665812
40 12.499578169327407
41 12.010895699621404
42 12.376125281944521
43 12.56825928543837
44 11.875979037483582
45 11.835796205258617
46 12.033018031337708
47 12.024668151025033
48 12.076259597743746
49 12.196817575833487
50 11.14684726426083
51 11.232809123435562
52 12.227264435617345
53 11.38985523242179
54 11.011838680386317
55 11.525553181494445
56 11.054956172088366
57 10.684539968701628
58 10.94015776838026
59 11.020795722593109
60 12.035355834963852
61 12.206336578364144
62 11.673250193008508
63 11.66678465805574
64 10.94604698901913
65 11.062444407237514
66 11.104332425283074
67 11.651091802746947
68 11.254253660919344
69 10.441137874772897
70 11.439701702257059
71 11.169067903287601
72 11.962916625609822
73 10.80242804928958
74 10.271587577430907
75 10.527613942501125
76 10.12328359621944
77 10.172107352952402
78 11.174650522875739
79 11.703434757323553
80 10.61911320164459
81 10.45831255621569
82 10.004535491202883
83 11.42210086318763
84 9.887964981673719
85 10.116224343581388
86 11.890314482136203
87 11.852640475747652
88 11.901004608663602
89 12.483452151445048
90 13.03434222612731
91 13.279058849392458
92 12.051980985876208
93 12.26454742015242
94 11.600876426318255
95 12.482842065086542
96 12.9122006527554
97 12.90686028699243
98 12.473399607705646
99 13.251051651336379
100 13.265135994488068
101 13.562324341145837
102 13.081468517793535
103 12.545002802647762
104 11.913975236368652
105 11.424414323558667
106 11.502154388025573
107 11.746126447231061
108 10.618793333633555
109 11.696731725729913
110 10.886784427668964
111 11.625961933151272
112 11.85679521916261
113 12.056352761655425
114 11.087176087872406
115 10.625321012048978
116 10.740158796547654
117 10.361246101487675
118 9.944130995938117
119 10.723173419907292
120 9.462436021666067
121 10.028826028771245
122 9.91111507420399
123 10.23915142098639
124 9.654193926419309
125 9.821467087599004
126 9.57758632242213
127 11.616746804042718
128 10.986249878955283
129 11.481899735891977
130 11.45005152875327
131 10.737487313308643
132 11.036009744032135
133 10.629802562139934
134 10.205115529448522
135 11.121688956127704
136 10.470196170886334
137 10.411489998425749
138 10.834590348289654
139 10.636939764161257
140 10.504427662342074
141 10.93907093908745
142 10.270045632169351
143 9.604741573702556
144 9.357665053829646
145 10.840445722358451
146 10.142594605555177
147 9.550197277373583
148 9.502103395415778
149 9.698294242411075
150 10.127706354657864
151 9.265851033775183
152 9.432554235079067
153 9.742428548993809
154 9.986814909939199
155 10.10730239740743
156 10.491579727300351
157 10.770386262504672
158 10.565181964068723
159 12.000577681179891
160 12.206279817119244
161 11.626119009449033
162 12.861980089173068
163 11.739345272719008
164 12.5798263522187
165 13.346241257868359
166 11.81836396370923
167 12.168746408705934
168 11.5561684717968
169 11.098107718081751
170 11.417613573031263
171 11.172356981124373
172 10.424222829273216
173 10.609338262074179
174 10.585374137620482
175 10.442584960163016
176 10.22552043903346
177 9.97294969523984
178 10.727040923288765
179 10.05893915433623
180 10.106160910247796
181 9.374936816807919
182 10.118880107222697
183 10.59042023597744
184 11.273920360622855
185 11.649966427697509
186 12.193799169060574
187 11.682617543086284
188 11.184591235079912
189 11.63266544420271
190 10.806118909507585
191 11.446838776835468
192 11.674768892037381
193 11.236210914617542
194 11.58014941619279
195 11.343802394591249
196 10.346927115501913
197 10.512220427935592
198 9.806892512119088
199 9.018782621356427
200 9.468272280346303
201 10.284954280686353
202 10.036896662144928
203 10.073650431367566
204 9.702121601364418
205 10.536234546710343
206 10.717082831356107
207 10.909338108131372
208 11.359145580910148
209 11.688891645228068
210 11.02258768774732
211 12.017251777301594
212 11.358983017061306
213 11.787062651802259
214 11.45152266273939
215 11.4079247488413
216 11.630989170022431
217 10.858995365936565
218 10.929231147179495
219 10.906056085762435
220 11.459766412871595
221 11.713858899261623
222 10.376519918965444
223 9.537994758558224
224 9.589334786273938
225 9.349277326169977
226 9.25648500825876
227 9.511516419903312
228 9.442082401925191
229 10.804532937287119
230 9.226970962915301
231 10.2835740547467
232 9.19821371948268
233 9.856243130843268
234 10.253023683296176
235 10.109144249811576
236 10.067314711169496
237 10.01662888531086
238 9.838240816097924
239 9.189371359946241
240 9.974143369006766
241 9.261591546315897
242 9.759036384566881
243 8.036136131327842
244 8.156338758448383
245 9.047005600642455
246 9.473406434085192
247 9.129610339632118
248 9.437119326702563
249 9.642214075516282
250 9.060710034682238
251 9.387222074736552
252 9.281613519024672
253 10.4120005292529
254 10.39569174883139
255 10.647518031009787
256 12.103948655918494
257 11.635760639184767
258 11.389571776312124
259 10.959997035736887
260 11.607427121855965
261 10.948032618150586
262 10.043916672342895
263 9.950490946126319
264 9.550979644187906
265 8.296140707380632
266 8.467636338947893
267 7.404117967908872
268 7.796407968046369
269 8.557990804215118
270 7.836541923843265
271 7.489907272846808
272 7.565954773455077
273 8.398388217559988
274 9.21403144832792
275 8.36035711715162
276 8.877171252540846
277 8.78761919224677
278 8.119019989650905
279 7.342187719281811
280 8.565766022676181
281 7.648176611370723
282 7.7970854093333815
283 7.063046193334211
284 7.141084523820803
285 7.7682241574998185
286 7.1902383077584116
287 6.774113181672587
288 7.568029126096386
289 7.430860353925241
290 7.404408765297439
291 5.986498659602974
292 5.765682322068174
293 5.770163602288489
294 5.8312189906518315
295 5.721003637494162
296 5.754304567607814
297 5.9664040554794555
298 6.080482316885981
299 5.371705467682369
300 5.650242841885659
301 5.592389233502267
302 5.824953748847568
303 5.763231682408648
304 5.886593080549977
305 6.220917580395784
306 5.8438207743959465
307 5.457357143361462
308 5.390151575006309
309 6.147080255828815
310 6.065308852805879
311 5.767927164603101
312 6.006164152510151
313 6.062444523855382
314 5.851934735860069
315 5.414853518201601
316 5.729260835683569
317 6.119962578641989
318 6.087758015042598
319 6.004916344751671
320 5.975258893126113
321 5.892059761816901
322 6.099799762623646
323 6.148798942434143
324 6.232429303936209
325 5.931333676097671
326 6.188532887134512
327 5.759418398590653
328 6.202907410295914
329 5.802491784662438
330 5.546590134847765
331 5.432825974965945
332 5.565167700487555
333 5.609684390621796
334 5.829682485575737
335 5.509727240041989
336 5.929803012265448
337 5.332995891374504
338 5.425883624814017
339 5.257257434068386
340 5.235618455689256
341 5.246923475435694
342 5.312924043655029
343 5.658280947776866
344 5.629717587156144
345 5.838408795838185
346 4.837108460942847
347 5.341172448281738
348 5.518158661318037
349 4.913063147451667
350 5.1775124612003784
351 5.611507527415806
352 5.139340951130984
353 5.27570392050177
354 5.242782826639992
355 5.4096333564466645
356 5.3982640012407375
357 5.504500495725624
358 5.390216066207061
359 5.380345453112671
360 5.0149143647516485
361 5.118039079000199
362 5.2963433639520625
363 5.389379960513175
364 5.140296840529331
365 5.385590150054215
366 5.202229007112843
367 5.844270267987275
368 5.204778357828025
369 5.406430086862659
370 5.397784012578904
371 5.810843941703474
372 5.680353151096225
373 5.60277725090637
374 5.211343732376556
375 5.021971739570193
376 5.274299780839264
377 5.444585155025236
378 5.019026384102697
379 5.509775844249425
380 5.217114706764457
381 5.0162957830522945
382 4.988458339412458
383 5.520535395955885
384 5.382397384508521
385 5.667840538608872
386 5.325357534537333
387 4.9765257505147
388 5.156049999860331
389 5.519407644294353
390 5.44105630271784
391 5.038748083857017
392 5.40915474079806
393 4.316675575657767
394 4.501776251993543
395 5.26863442908658
396 4.982873613291799
397 4.880641926930446
398 5.115200334756309
399 5.35977836215592
400 5.508936656368264
401 5.237201744729453
402 5.047979164614909
403 5.560356011055137
404 5.476643247918709
405 5.282028779368693
406 5.120962916949706
407 5.352563397846384
408 5.266509622326748
409 5.425047485226991
410 5.188759122333166
411 5.14725089496247
412 5.254113288327537
413 5.056056362178917
414 5.079416001148748
415 5.396788030315363
416 5.339341950113007
417 5.472480149595059
418 4.959650710235302
419 5.2155984096683445
420 4.98711883498814
421 5.0501076050194555
422 4.659824073816313
423 5.145311937341525
424 4.845525484833777
425 5.169849633448913
426 5.103852163089235
427 5.658073041910842
428 5.212296924433218
429 5.499414841366072
430 5.3777249411509835
431 5.185123768056866
432 5.2969862777379
433 4.94941921931144
434 5.270250083426881
435 5.316313201544689
436 5.151583314947849
437 5.631829407335026
438 4.9004965212863345
439 4.8335359037093655
440 4.800320435574828
441 5.098761645149961
442 5.17075724942028
443 4.959956841084055
444 4.049023443868155
445 3.5598967227672262
446 3.1526623918472727
447 3.1499779709359137
448 3.531035879662203
449 3.5336758828421773
450 3.48950969405447
451 3.432645140480283
452 3.415740283173133
453 3.2235943490824046
454 3.311272658221072
455 2.949961366356345
456 3.425267967093107
457 3.196282743961305
458 3.5407173754993346
459 3.494295971875579
460 3.526361447841374
461 3.3658136728460324
462 3.2907323260277015
463 3.173142690462849
464 3.001915052814532
465 3.096105449386704
466 3.134681572646394
467 3.1959833346615567
468 3.087475815142399
469 3.172152481222182
470 3.511959141448985
471 3.3836645533363923
472 3.1252370968110315
473 3.3756153103508972
474 3.4160508532736826
475 3.327072992690255
476 3.4587679782885994
477 3.0495983144823993
478 3.2625841825572115
479 3.2105488421581945
480 3.290261270725297
481 3.2347595366626165
482 3.2504034179272834
483 3.110308655567678
484 3.025234235590434
485 3.1706926920864866
486 3.2895059227909207
487 3.1266800664552274
488 3.0697358528678778
489 3.638496151111562
490 3.230398585097325
491 4.101550157818146
492 3.4579034864114138
493 3.3759334985890126
494 3.566419415367186
495 3.446079832773423
496 3.3837684731058535
497 3.8886869025209716
498 3.6636384030965305
499 4.205882345234627
500 4.589431558595742
501 3.1241152051044985
502 3.846607410571595
503 3.378042291907198
504 3.245290616353068
505 3.7159064604545975
506 3.478027619799024
507 3.449743106829949
508 3.4538082229956673
509 3.8022158706854445
510 3.7265915390859146
511 3.805684296347625
512 3.443405319044325
513 3.3077541521060376
514 3.6571333730917552
515 3.6755475289947777
516 3.7796096000193438
517 3.865135262223151
518 4.45363181755818
519 4.192965348031107
520 4.709664390201741
521 3.5767258061790685
522 3.721582388095228
523 3.746321756948517
524 3.751630262974406
525 3.627425807702777
526 3.827332796003907
527 3.7572644107049125
528 3.7539654463159122
529 3.726946614520092
530 3.664813214727289
531 3.7036175901492245
532 3.9140030618821995
533 3.711856348453613
534 3.701647292088677
535 3.702259156673486
536 3.4269556070976877
537 3.8493960054834337
538 3.9183776688458574
539 3.767493644067324
540 3.9839351417047166
541 3.7906844872110863
542 3.751002761050219
543 3.8157761618749952
544 3.652256998275941
545 3.5003501904591605
546 3.8513214272193954
547 3.4753687097120594
548 3.862828687834502
549 3.5821433245676597
550 4.0932927843583595
551 3.4979995805377184
552 3.556837082536829
553 3.80547434842456
554 3.588197259392238
555 3.958152355094561
556 4.507632141051867
557 4.695816338361328
558 4.604701015377493
559 4.4216264429323635
560 5.0509350793066785
561 4.816838958656269
562 4.990139460754446
563 5.400527654965124
564 5.346877154521308
565 5.871141237628258
566 4.6610765045483795
567 5.145847185458537
568 5.1045033258983965
569 5.1586158918790534
570 5.507498733793419
571 5.418032892085542
572 5.487570547449675
573 5.63547795305993
574 5.666992242446711
575 7.4624928827018255
576 6.548089371989569
577 7.1156254916376644
578 5.258513362690216
579 5.190626004491153
580 5.5943228934951845
581 5.150430363009636
582 5.440411722369505
583 4.948727421716467
584 5.066230080310681
585 4.879444590250557
586 5.066673239628489
587 5.308593738136903
588 5.2077513039100864
589 5.098999453423865
590 4.83284823067236
591 5.05103896135969
592 4.820350510549642
593 4.874254876516937
594 5.445963655806558
595 5.626724228062395
596 5.256351114665965
597 5.431489219259477
598 5.481721961322634
599 4.945079834821306
600 5.152515139837294
601 5.366137374717668
602 4.950124684986324
603 4.752280638741954
604 5.164150165088673
605 5.178029362393185
606 4.639574545814093
607 4.868925536716026
608 4.705402309077045
609 4.3630217919863075
610 4.719674400618839
611 5.402150895007074
612 5.17902136947988
613 5.186280194291371
614 5.206015152526424
615 5.428211102542061
616 5.148404055919309
617 5.416757927351439
618 5.139398441196947
619 5.6040125751615415
620 5.114836220926055
621 5.596380020106809
622 5.466581205547723
623 4.982251712358941
624 5.342564279482413
625 5.165674182367973
626 5.566276880948735
627 5.3497883514537135
628 4.844836364236873
629 4.873244430991131
630 5.086559240103823
631 5.073868444275112
632 5.389008669099211
633 5.155232542328907
634 4.926068611666
635 5.543939972489622
636 5.183060894590118
637 5.249978630749536
638 4.900146674081656
639 5.137918758047426
640 5.180175552364527
641 5.432898715495699
642 4.719969491614979
643 5.134550958900478
644 5.2527270606918774
645 5.088919247231753
646 5.029379329419835
647 5.332040633243087
648 4.976121495417669
649 5.0791164165571265
650 4.902649174573619
651 4.866470085253486
652 4.782194386024498
653 5.12836219077439
654 4.676229502743844
655 5.1318889642254755
656 5.208469000552788
657 5.1112047669878615
658 5.262758083633898
659 5.0959553319672395
660 4.734897112694687
661 5.095769120716708
662 5.193681661722946
663 4.351151937437715
664 4.643424881738013
665 4.9688370559343324
666 5.093430756774498
667 4.919522865145273
668 4.90492505971151
669 5.162485868010003
670 5.335439477636627
671 5.137196600536811
672 5.404283741202618
673 5.393723051394309
674 5.389480523764851
675 5.4285882618463335
676 5.43931921946769
677 5.619524135764033
678 5.6733908866073595
679 5.255607478813203
680 5.29346713463725
681 5.73456797098424
682 5.768821440608216
683 5.24289697950238
684 5.12958031705104
685 5.192561255077014
686 5.165352901806481
687 5.237569134131572
688 5.393192467351072
689 5.336607898078007
690 5.24710559262181
691 5.616160758273118
692 5.425862993528432
693 5.436313732277633
694 5.476624886411374
695 5.2199288105592325
696 5.020792072470671
697 5.516282111891126
698 5.15580343902431
699 5.279512593047416
700 5.066762227540162
701 5.368710871862892
702 5.377381471345718
703 5.344334603381581
704 5.58705856931347
705 5.490020287562802
706 5.565401381770073
707 5.294289572406617
708 5.356710423284789
709 5.13970378858241
710 5.29449331843082
711 5.624396456671089
712 5.333839091791432
713 5.363116459081979
714 5.328856797540198
715 5.4862724811180135
716 5.488319542947079
717 5.535818841121405
718 5.398607318433214
719 5.355785781410762
720 5.52651779241761
721 5.486958940404146
722 5.204524415581796
723 5.181547429394754
724 4.618026595228765
725 5.252889675961078
726 5.51913051419529
727 5.8567297796631985
728 5.536405992949273
729 5.180331700954245
730 5.615664592874235
731 5.483842002827203
732 5.476174756857263
733 5.669392985874343
734 5.22191817862976
735 5.634092939319547
736 5.241764470479668
737 5.061089090043129
738 5.618935178058379
739 5.723503239158813
740 5.504744288304207
741 5.569394953889604
742 5.475808419044666
743 5.891983941839108
744 5.4148524966663825
745 5.90048529281004
746 5.707065955687584
747 5.363475543939025
748 5.431686157739884
749 5.738775037006132
750 5.31265686811326
751 4.899694798831758
752 5.155758974961307
753 5.102221331614109
754 5.4673152809303724
755 5.044209743978469
756 5.427080814299271
757 4.806248828816393
758 5.164735954189512
759 5.897240459750297
760 5.956410781885743
761 5.454672387505796
762 5.935185189049672
763 5.747635325225149
764 6.112574293294103
765 5.916248055983126
766 5.5412483765602545
767 5.159206172195444
768 5.503260864401862
769 5.379928768106161
770 5.823834532506173
771 5.566839122298179
772 6.043732436955585
773 5.653458299491486
774 6.303687697254809
775 5.908098335971661
776 6.091555874145956
777 6.000568420660716
778 6.500073345351165
779 6.4282791807471344
780 5.802558146107013
781 5.918958277094771
782 5.782111225159719
783 5.715785972490517
784 6.005995011218059
785 5.656197429717066
786 5.920234610019608
787 5.837341447330332
788 6.226252840955879
789 6.014432499231408
790 6.176453120276628
791 6.379115145885492
792 6.422630146910915
793 6.251309487228429
794 6.69781351017936
795 6.038169475710775
796 6.4043979795096195
797 6.15402000721285
798 6.3701315973513655
799 6.481262536894527
800 6.767830281700582
801 6.4565739119675545
802 7.48773860950796
803 6.765629510336536
804 6.380435448567901
805 7.198992349709408
806 7.203100018722119
807 6.873862532303083
808 6.518982764307568
809 6.8757995492412345
810 6.583001574509964
811 6.770385469282435
812 6.426211075749802
813 6.407894993505073
814 6.655784406218497
815 6.099977576852027
816 6.391413921063209
817 6.174712186132216
818 6.615048829764796
819 6.379611327875944
820 6.459884088005304
821 6.15193981593072
822 6.37244751337973
823 6.261106711857467
824 6.453584386323412
825 6.697749083279626
826 6.6593994082849965
827 6.398515149841621
828 6.618441841121176
829 6.4743376459983235
830 6.895231269851718
831 6.313074209825402
832 6.216301932610379
833 6.433307726012197
834 6.556926515416457
835 6.314695539158957
836 6.4469199245118
837 6.379410024269592
838 6.6434166104079475
839 6.215005748048687
840 6.303516243741251
841 6.628125140611365
842 5.997408923827433
843 6.0973970713820576
844 6.320277749463334
845 6.23326726617247
846 6.297136955603325
847 5.915679794654499
848 6.392544637701733
849 5.945092528714444
850 6.10919150822387
851 6.397773540260129
852 6.087242670708634
853 6.264334056712689
854 6.807527535395222
855 7.7339426492992205
856 6.759384659906257
857 6.421420756241125
858 6.210332005866889
859 6.533752818975347
860 6.500532705694017
861 6.661560610581361
862 6.53504454353821
863 6.468786223002342
864 6.623468240594556
865 6.587918606814678
866 6.605556405185711
867 6.47104700444438
868 6.555999786876987
869 6.571218904090715
870 5.715865675287388
871 5.611356158677367
872 5.829885858903824
873 5.668780747159132
874 6.432473301528707
875 6.416471193468147
876 6.615239312292206
877 6.5098378277969875
878 6.440246201632823
879 6.179602347448347
880 6.201568104321302
881 6.222675345537008
882 6.612058204082464
883 6.761243097116996
884 6.741045826993365
885 7.182089658774104
886 8.152964248387326
887 7.4208697559653904
888 6.638658711429418
889 7.607077787389818
890 8.030580523334963
891 7.696561649189642
892 6.983044337867183
893 7.167537435271542
894 6.587317696997395
895 7.206907609398213
896 7.07367592448258
897 7.457451127054985
898 7.2709166733311275
899 7.043732363053886
900 7.760684422483788
901 7.352121332789047
902 7.564862136497816
903 7.4072477753153825
904 7.690253553782199
905 7.685927129612476
906 8.291248819775577
907 8.632463160876851
908 6.989958932003839
909 6.8692717646469825
910 6.678484794803718
911 6.70966866964613
912 6.978461617794432
913 7.045874873491644
914 7.085679218663114
915 6.565862251565517
916 6.975021492616749
917 6.612455062611834
918 7.353660413885795
919 6.876263289169462
920 7.2382073970994085
921 7.725559493412621
922 7.64420141092199
923 8.068797435881
924 8.008578047656721
925 8.80737586439516
926 8.66259610075913
927 8.163192024167577
928 8.534887314110666
929 8.057612082553756
930 7.3469097590289545
931 6.845911946953453
932 7.307503885223649
933 6.906272382918297
934 7.2917838011975515
935 7.445304785633871
936 6.934003274890884
937 6.944785458148762
938 7.193417076235271
939 7.008012421781945
940 7.038646532504041
941 6.904525792499036
942 6.688106507855562
943 7.301625422597331
944 6.908922569716657
945 7.310544841137316
946 7.35156145017664
947 7.6280027928305705
948 7.295980648031889
949 7.171958118605762
950 6.690071087776754
951 6.837372693569075
952 7.54718814423616
953 7.498376059443851
954 7.329396669641769
955 7.111460205734881
956 6.961772327031567
957 6.910426233468847
958 6.76445620292555
959 6.784224999657601
960 6.635027996947686
961 6.923153794841662
962 6.540361476723691
963 6.602028707170755
964 7.016578950974975
965 6.98153858991181
966 6.670299933570838
967 6.236464374896663
968 6.228441912534992
969 6.220975134713647
970 6.26760215912225
971 6.800907545019248
972 6.634148466026132
973 6.827158012418298
974 7.2755528629476425
975 6.61151237293826
976 7.1184965649325305
977 8.08408693617682
978 6.90263407045669
979 6.150266696850242
980 6.638386245699955
981 7.167640396478908
982 7.077578231299
983 7.338386059148116
984 7.3101741664951545
985 6.948894639232092
986 7.593545467030151
987 8.086837661830476
988 9.307519475006181
989 9.887835639652648
990 9.573401077211225
991 9.24707825622818
992 9.686697669388597
993 10.205889528048107
994 9.655277085777547
995 10.059890978763395
996 9.478442143987596
997 10.05315973617017
998 9.676051212265412
999 9.910128598674678
1000 9.596506326717405
1001 10.211932762761998
1002 10.033970211934426
1003 10.253714142006753
1004 9.813740383897741
1005 10.170870740857584
1006 10.523147175405725
1007 9.879477345176937
1008 10.144187030807803
1009 9.620678944107294
1010 10.071484971312925
1011 9.264915283645575
1012 9.653512021897482
1013 9.494769366997195
1014 9.424781646364877
1015 9.600146474991039
1016 9.948687722485769
1017 9.83102997937342
1018 9.346163950680387
1019 9.659563944943997
1020 9.622401888618194
1021 10.66909745181542
1022 10.142856387014401
1023 9.992542971928096
1024 10.201294449390424
1025 10.086160579631423
1026 10.93375532938491
1027 10.042819664302444
1028 9.696641248444413
1029 10.044724357577477
1030 10.080421977290426
1031 10.228792518602855
1032 10.00223350544106
1033 9.486768822761835
1034 10.211505757903396
1035 10.275381105343254
1036 9.700654097266417
1037 9.8125194781236
1038 10.64105562744356
1039 9.835681410479408
1040 10.330674326677467
1041 9.764523578193053
1042 10.50329505079581
1043 10.525098203795308
1044 10.853072840318118
1045 10.69594099945998
1046 10.175720523304557
1047 10.629035882285722
1048 10.750892268601365
1049 10.85789660756499
1050 10.280573929174547
1051 10.063944317355089
1052 10.141292032196056
1053 10.688725367861899
1054 10.509189143675071
1055 10.701510524861323
1056 11.084453053541468
1057 10.424983322284378
1058 10.603790737475858
1059 9.68952372765138
1060 9.85529711230164
1061 10.464803189869869
1062 10.550127629146685
1063 10.744326621787756
1064 10.341598841606247
1065 10.289052051861676
1066 10.879826791895544
1067 10.130601005949492
1068 10.153826582071405
1069 10.583163090341671
1070 10.668543861019915
1071 10.663381667684318
1072 10.645137307924871
1073 10.415341230816288
1074 10.440791425917865
1075 10.434114793771043
1076 10.439175739577687
1077 10.431875841055358
1078 10.294429051662329
1079 11.467116342640479
1080 10.702853876564491
1081 10.798987682734841
1082 11.011872047847808
1083 10.101845889927393
1084 11.356836590044846
1085 10.222184431172012
1086 10.620498172441005
1087 10.594504748595243
1088 10.655947899013823
1089 11.027598192089576
1090 10.893938229505233
1091 10.602654486807905
1092 10.553345982423226
1093 10.506384142539867
1094 10.727481277218528
1095 10.264040098314767
1096 10.603081828954206
1097 10.384814704128514
1098 9.529413153844992
1099 10.623200141703258
1100 10.843310815152117
1101 10.290581240774017
1102 9.804436836637075
1103 10.48790472422753
1104 10.677997531276553
1105 10.615611195946325
1106 10.87638946598139
1107 10.870669737858258
1108 10.739034418585026
1109 10.132892329501228
1110 10.635264242887574
1111 10.441462222054934
1112 11.345353106093768
1113 10.983930249662281
1114 10.333039517509677
1115 10.917571659815467
1116 11.357802624014194
1117 10.026645006392688
1118 11.122755274089885
1119 11.23651648377171
1120 11.771298186337626
1121 11.222804168498923
1122 11.383455616455226
1123 12.172005881119022
1124 11.540271727182377
1125 11.029872049055408
1126 10.929582460448632
1127 10.720202735307115
1128 10.503852534374753
1129 10.88378920576407
1130 10.997591524904722
1131 11.033627105958352
1132 11.21901000315662
1133 11.144112727914452
1134 10.503054764874754
1135 10.880298302719137
1136 11.232203847996571
1137 11.105533754024282
1138 10.935543722769715
1139 11.77173191345413
1140 10.30237880624798
1141 10.457220554748213
1142 11.470069920121627
1143 11.29979000958376
1144 10.932942344099462
1145 11.14625426041811
1146 11.41377735527469
1147 11.026966079626694
1148 11.21354067065501
1149 11.45120759351487
1150 11.21796635830022
1151 11.25864782368592
1152 10.826176948332222
1153 11.601847315836622
1154 10.998680943536703
1155 11.102099643359415
1156 10.785493133156177
1157 10.561034792184179
1158 11.529482802044306
1159 11.3530210373867
1160 10.830434411354897
1161 10.949520399968822
1162 11.629576537139382
1163 10.546186242199285
1164 10.349697099053763
1165 11.293638992096803
1166 10.969820436733832
1167 10.903402404742696
1168 10.950256745443003
1169 10.940361700067385
1170 10.962335185039558
1171 11.087860103776102
1172 10.88820868461054
1173 11.16626155020518
1174 10.896937074726416
1175 10.62848137387875
1176 10.740826898374443
1177 10.958555936121417
1178 10.348943578501027
1179 11.111009904732132
1180 11.069683544123258
1181 10.55132682501446
1182 11.320174051292083
1183 10.980664357186258
1184 11.444568959802757
1185 11.117092196967322
1186 11.030300824230276
1187 10.633760826517412
1188 10.565726475200012
1189 10.974923045123134
1190 12.110439010704509
1191 10.104228419827496
1192 10.896206845066303
1193 11.25499937755514
1194 10.97884028600478
1195 11.32588827905952
1196 11.035313296511104
1197 10.921471178331215
1198 11.388679468710315
1199 11.058061371290771
1200 11.041314713656408
1201 11.53196574990755
1202 11.487645600434421
1203 11.977308185817005
1204 11.572952643604992
1205 11.496464957784253
1206 11.300212665357085
1207 11.613386647356231
1208 11.37742778145893
1209 11.555144487171532
1210 12.098420465419967
1211 11.764378097106707
1212 12.027265705686746
1213 11.666053575110112
1214 12.433333711826608
1215 12.017180147201017
1216 11.88617240561019
1217 11.6350792592141
1218 11.338300624211959
1219 12.187285301919562
1220 12.6614314409411
1221 12.27620001292867
1222 12.153749120975064
1223 11.918358179330971
1224 11.373900600855075
1225 12.34452654962951
1226 11.249318356480579
1227 12.118890679665297
1228 11.895771207997214
1229 12.179981866929214
1230 11.878333346046903
1231 12.09109298964365
1232 12.060835288393505
1233 12.17074640496698
1234 11.777485912091056
1235 12.047688140344397
1236 12.332260221116423
1237 11.719837942440048
1238 11.984494470601703
1239 12.548883451293788
1240 12.271486226447523
1241 12.33294034602566
1242 12.852373360467096
1243 12.795747207687794
1244 12.395161257260147
1245 12.07444412812331
1246 12.80882771169514
1247 13.278763138681464
1248 11.649283261119747
1249 11.781607958533343
1250 13.039927899228122
1251 12.010716408288221
1252 12.27301978432801
1253 12.14509099013612
1254 12.323845794135716
1255 13.064840288929158
1256 12.057135741482695
1257 12.133607962116827
1258 11.81938465173651
1259 12.777375814396358
1260 12.230068139971898
1261 12.117724245426981
1262 12.318229755722005
1263 11.71316070282801
1264 12.524741106546337
1265 12.119933336990748
1266 12.640569527908433
1267 12.315666711244194
1268 12.376183397925788
1269 12.579890926322891
1270 12.272172330041528
1271 12.497938961666133
1272 12.424400944328376
1273 12.257904287477887
1274 12.360605231321312
1275 12.99603053202761
1276 13.657891340168625
1277 13.160247548402044
1278 13.75391895581421
1279 14.031699528637752
1280 13.621192843506917
1281 13.811820698070518
1282 12.489536711529192
1283 12.91216464783346
1284 14.552513303075715
1285 13.476889305529417
1286 12.721661744331309
1287 12.492004687323325
1288 12.50443638675959
1289 12.42906151172529
1290 13.12049575599749
1291 12.796516063755695
1292 13.197286387871747
1293 12.590753566917485
1294 12.41575260996915
1295 12.566946043970141
1296 12.382586737216807
1297 12.62759412816494
1298 12.797656832034255
1299 13.33167255175436
1300 13.157338680115316
1301 13.669107026039011
1302 13.299075701455203
1303 12.72008830824911
1304 13.579532809474872
1305 13.404230273183847
1306 12.640755414772862
1307 12.850767868138826
1308 13.547037210906907
1309 12.71936991237968
1310 13.945451866094611
1311 12.754786185170445
1312 12.610976595750138
1313 13.447185504357003
1314 13.350954086172763
1315 13.055997708672498
1316 12.70679421756376
1317 12.46708503217896
1318 12.829011903567087
1319 13.94320994099796
1320 13.183699624346014
1321 13.000004897644818
1322 13.473772038135417
1323 13.574734890432893
1324 12.996257099195777
1325 13.336704002332302
1326 13.664453290401891
1327 13.498544230355447
1328 12.848314010082218
1329 13.661998395486837
1330 14.11994319082584
1331 13.26726861547343
1332 13.962251042477195
1333 13.096581652179358
1334 13.355800552448214
1335 13.662089993462882
1336 12.660307028969896
1337 13.353858251598368
1338 14.342743268582094
1339 14.040659121272624
1340 13.54727031242841
1341 13.323295315749478
1342 13.589845556889083
1343 13.564256096156733
1344 13.685994253434927
1345 13.076320416540286
1346 13.800558573015207
1347 13.867009366660799
1348 14.135726391630365
1349 13.38967663183198
1350 13.238237873583223
1351 14.0773192996799
1352 13.7455515396853
1353 13.975350546719419
1354 14.591176818654626
1355 13.213390942406702
1356 13.18226171552916
1357 13.509871442676372
1358 13.531057250462004
1359 14.229259576007703
1360 13.866851933101625
1361 14.43290975059969
1362 14.466858958687926
1363 15.204451770482098
1364 13.968561037708527
1365 15.366934109366232
1366 13.981421241184766
1367 14.293927855317277
1368 14.650231058671881
1369 14.148016904030289
1370 13.377519572266861
1371 13.783054208044632
1372 14.083636209125972
1373 13.206181655899185
1374 14.724012244346596
1375 14.013222600409167
1376 14.105575613735025
1377 14.740826189994559
1378 15.588338048758228
1379 15.333215584066448
1380 15.893449789834564
1381 14.617115997537889
1382 15.289929492275865
1383 15.280826025908414
1384 15.183112238608745
1385 13.92583109641015
1386 14.390806886444473
1387 14.471391646709364
1388 13.794218621645896
1389 15.251581563983624
1390 15.258982642705606
1391 15.961869462104596
1392 14.519177934913932
1393 16.097225537047606
1394 15.754755648390969
1395 15.570563087629274
1396 15.620047468058692
1397 15.058598061800335
1398 14.926920122978867
1399 14.936738467308961
1400 15.119313829592814
1401 14.622524794061805
1402 14.862449432251749
1403 15.62464279280208
1404 15.19836775765999
1405 15.115230024166213
1406 15.140565006954034
1407 15.52761174820378
1408 14.872404323691388
1409 15.302540894801458
1410 15.963334696504424
1411 15.522360805136781
1412 15.190313619845728
1413 15.892259133134385
1414 15.732397071008789
1415 16.448579699036465
1416 15.4585407129503
1417 16.027231987240427
1418 15.943828066438156
1419 15.357139350297395
1420 15.738253736826474
1421 16.350316953256637
1422 15.785983312587415
1423 14.868995577419277
1424 15.425762507887057
1425 16.402124029269633
1426 15.251292230254576
1427 15.426971878370468
1428 15.870902697592925
1429 15.824081819969049
1430 14.462192585215984
1431 16.009985495680734
1432 16.281424723176677
1433 16.31391979038495
1434 15.791961694967794
1435 15.565633320394502
1436 15.4970469003732
1437 15.236718394933446
1438 15.039867331856767
1439 14.708110000161218
1440 14.891791672292701
1441 15.767728988341924
1442 14.44227973521931
1443 14.917312395329343
1444 15.147874935866747
1445 15.053111799795522
1446 15.139452554411164
1447 16.436323503397862
1448 16.090450875947845
1449 15.309403071060833
1450 14.334299152673404
1451 15.060149978927372
1452 15.047917101444979
1453 14.554720911025269
1454 13.923966533531265
1455 15.011858812151546
1456 14.111353874369751
1457 14.516515498107845
1458 14.956862194406664
1459 15.021715397262295
1460 14.167735519415196
1461 14.765318941158926
1462 13.669383262428353
1463 14.715778780340036
1464 13.512206578523971
1465 13.994325597297724
1466 14.725930683277086
1467 13.906807298862946
1468 13.959921625762473
1469 13.82599966570203
1470 14.457426269047964
1471 14.093625226889955
1472 14.551850614244632
1473 13.813243760779793
1474 13.86117885938123
1475 14.308463598636346
1476 14.088527080308442
1477 13.565291428080915
1478 14.9160213554364
1479 14.759676787304272
1480 14.055518083243445
1481 14.515927891344296
1482 15.862998403101061
1483 16.139871486371366
1484 15.023365591603095
1485 16.06996971694257
1486 16.452883188807157
1487 16.533857720102116
1488 15.793243605282687
1489 16.05905271204021
1490 15.355587571699568
1491 15.028732483220894
1492 15.015187712236603
1493 14.940393984791575
1494 15.533032299460844
1495 15.914781097408813
1496 15.823502940722072
1497 15.46066829419344
1498 15.165410436562162
1499 15.578411772091156
1500 14.947253346480013
1501 14.959013536514602
1502 15.09757016082064
1503 15.630609678128982
1504 15.797412031340041
1505 15.652967774505905
1506 15.899126698825075
1507 16.423541926809502
1508 16.21489035844226
1509 14.283795686085911
1510 15.752105786364629
1511 15.301445549012511
1512 15.552649948168359
1513 15.554329206917162
1514 15.01604036085962
1515 15.618065454508859
1516 15.480381040252077
1517 17.046163000232717
1518 15.292358574251251
1519 15.836619737823836
1520 16.24433814419194
1521 14.968873399510748
1522 14.924028760168875
1523 15.02027256830863
1524 14.177540758815182
1525 14.564658401628378
1526 15.702457877295382
1527 15.504745392104859
1528 15.715804973705193
1529 15.572049706031702
1530 16.067669853548082
1531 15.334944430194714
1532 16.405938157854667
1533 15.894625629747544
1534 16.55274625043537
1535 16.768339785183507
1536 16.081094792549997
1537 16.88828034858894
1538 16.659343754659858
1539 16.71481197854209
1540 15.020245493805094
1541 14.866125448676712
1542 15.520135671332309
1543 15.485615867575282
1544 16.23982377226178
1545 16.015250761376013
1546 16.231574497909783
1547 15.868722519137288
1548 15.88678800775895
1549 15.86122683779487
1550 16.641167828851678
1551 17.024956833483298
1552 16.847842325644997
1553 17.815504780448308
1554 18.931656898129688
1555 18.085922407396723
1556 17.648870449342873
1557 17.164079326339056
1558 17.98820321277402
1559 18.547092427897162
1560 18.22300648218249
1561 17.408545913109748
1562 17.600634571661306
1563 18.48221973450233
1564 17.873595684570788
1565 17.02292347489738
1566 17.828191300803073
1567 18.19486860746858
1568 18.80610392535212
1569 19.157792963538945
1570 19.231187318831292
1571 18.33263964727013
1572 18.360087480693565
1573 18.693281735002977
1574 18.673862852087257
1575 19.199375288684212
1576 18.873986602584676
1577 19.238067728484513
1578 19.329177368675634
1579 19.399841017464688
1580 18.884181302190655
1581 18.98777965930855
1582 20.0720624223505
1583 20.501521684402146
1584 20.783543766856482
1585 21.500339451987546
1586 20.483547270104882
1587 19.912549335605767
1588 20.39001080086835
1589 21.16317515192879
1590 20.059269176079308
1591 20.807426954967866
1592 20.813961587507958
1593 20.50019077697207
1594 21.130521724941598
1595 21.6587881949214
1596 21.394286310633845
1597 21.699131351864168
1598 21.519267604548688
1599 21.13403220635789
1600 20.47319082097381
1601 20.462785717843595
1602 20.848661012854304
1603 19.886822440544876
1604 20.230912270368517
1605 20.05241542013719
1606 20.567916664670378
1607 20.40004369697152
1608 20.097070482983977
1609 20.80316207299694
1610 21.54835715933342
1611 22.05216291569979
1612 20.507860270895893
1613 20.859252822598535
1614 19.375309730560097
1615 19.984471423452675
1616 20.359186693586096
1617 21.365840223713757
1618 21.356567074904433
1619 20.59152585743863
1620 20.061807163197745
1621 20.313965188773103
1622 19.706333029477502
1623 19.949859182644317
1624 20.012041517926527
1625 20.005959894465295
1626 20.16401953879352
1627 19.488638022219064
1628 20.670176919052842
1629 19.36495999175329
1630 19.692142826831315
1631 19.63518791878759
1632 19.174160307419882
1633 20.277770131842285
1634 20.408335393593156
1635 20.895558418605628
1636 19.87148332069021
1637 19.835652609420357
1638 18.997470108818913
1639 18.78114662732431
1640 18.552298954695278
1641 20.325767329706824
1642 20.984096503765244
1643 20.233807346375077
1644 21.330437256847347
1645 19.642420272747405
1646 20.18541764786376
1647 20.03251421499624
1648 20.771207412367882
1649 19.613585006685195
1650 19.623036778183074
1651 18.672549287378374
1652 18.201486589280503
1653 19.180672041906213
1654 18.819178931183473
1655 18.928225849695
1656 18.833335235736097
1657 18.435993112101507
1658 17.955817616817235
1659 18.376142830582683
1660 17.7202022306379
1661 18.040401880264046
1662 17.88059367030909
1663 17.461457597955132
1664 17.714569436776713
1665 17.20256171934474
1666 17.99273938610395
1667 18.8554444379672
1668 19.521276884065145
1669 17.869363523682765
1670 19.31957984010594
1671 19.0605958303883
1672 19.02047963448062
1673 19.360592634024613
1674 19.44623818605625
1675 18.130736234646847
1676 18.886907146940704
1677 19.116532793259584
1678 19.559405507200776
1679 22.2367637248745
1680 21.41629787659278
1681 19.392600830901408
1682 19.685547195238204
1683 19.654104738855157
1684 18.402334050381672
1685 20.051346451019956
1686 19.532103138103526
1687 19.885463845749904
1688 19.91352460209257
1689 19.864000602140877
1690 20.504321445168138
1691 20.47287961278943
1692 19.674308373647015
1693 19.899847995887633
1694 20.317352887421194
1695 21.246309499676162
1696 19.784047964724245
1697 20.459022923890483
1698 19.557221966625075
1699 20.158234047311133
1700 19.854118217114138
1701 18.304092124106475
1702 19.632360311862247
1703 19.720767512201025
1704 20.064626297043993
1705 19.271708190832435
1706 19.619503131325587
1707 19.345799150910302
1708 19.629576751110324
1709 21.126756492764127
1710 20.666376585004283
1711 19.229609806524635
1712 19.286284776344782
1713 20.036677125138347
1714 20.380576306228296
1715 20.580771764039724
1716 20.27106066779046
1717 21.007803100794273
1718 20.604348365700837
1719 20.342423502369364
1720 20.709375137214465
1721 21.210807112040325
1722 19.91213916402696
1723 20.337204259942023
1724 20.77632863103707
1725 21.888101195677788
1726 22.898306342276097
1727 22.239804607312056
1728 21.25668149049826
1729 21.48245702186101
1730 20.82176158034368
1731 21.28446810171439
1732 20.40163394529324
1733 20.246420483281348
1734 21.01600505009725
1735 21.3614115680204
1736 22.15920637456788
1737 21.312187411477684
1738 21.18150329149691
1739 21.0183565075903
1740 20.629576296693457
1741 21.119820777109336
1742 21.11588044121316
1743 20.890057502030785
1744 21.247492133821037
1745 21.13710752614527
1746 20.80260173164673
1747 21.60325119557722
1748 20.50663161006156
1749 20.899329397028882
1750 20.92960562453402
1751 20.579261098421554
1752 21.644928141306643
1753 21.60638957203014
1754 21.084119645786334
1755 21.53868833536395
1756 21.95262044673397
1757 22.22047623661206
1758 21.064323233287382
1759 22.089079130422345
1760 20.198182652205357
1761 21.491791662265047
1762 19.905411634183814
1763 20.879435634068184
1764 21.270413719911826
1765 22.40558664746302
1766 22.515951671789594
1767 21.27385761708984
1768 21.696291815202912
1769 21.491374432144177
1770 22.715257275189916
1771 21.729850318522526
1772 22.758173799663435
1773 21.566441972406302
1774 21.270783353959
1775 21.79742436809805
1776 21.648373948044885
1777 21.405172590598873
1778 22.08666228965006
1779 21.867025600749734
1780 21.21773446845634
1781 22.12183737320678
1782 22.698797560973002
1783 22.33694781070659
1784 22.871746291620994
1785 22.1163598633855
1786 23.090163732832085
1787 22.859309590690234
1788 22.677008870367423
1789 22.792788266034343
1790 22.02776006664699
1791 22.561427127623507
1792 21.84042130127562
1793 22.93109755055515
1794 22.436193649543693
1795 23.966879296319856
1796 22.958478319253473
1797 23.52198827729433
1798 22.45656857753788
1799 23.373946072657418
1800 24.01505461342352
1801 23.824627225384422
1802 23.669438924134035
1803 23.589354641010864
1804 24.96205795380101
1805 24.294139962679683
1806 25.14050339709276
1807 24.838971752468613
1808 23.89989754826499
1809 24.392325322129764
1810 24.766435186914766
1811 24.844381683032342
1812 24.721024028416807
1813 24.767449725536885
1814 24.512947121576467
1815 24.60276897445911
1816 23.607222257385033
1817 24.384773345892853
1818 25.03645719298154
1819 24.022365497678365
1820 23.801106681018403
1821 24.29725099255822
1822 24.794488964753672
1823 23.25535748396585
1824 22.617150897501965
1825 22.943190832944545
1826 23.000461627950894
1827 23.647045366128687
1828 23.21296785838043
1829 23.158563780661332
1830 23.618959280637917
1831 24.365854160201952
1832 23.28480329630131
1833 23.690941099200128
1834 25.199993129660513
1835 24.46182794831343
1836 24.859417454562717
1837 23.8561939692739
1838 24.389938560440125
1839 24.62560658149864
1840 24.945575192886082
1841 25.127174164340143
1842 23.644028979723807
1843 24.63238083912245
1844 24.458603808021277
1845 24.26457624426856
1846 25.02479315737726
1847 24.595452305954936
1848 25.640488243969923
1849 25.784545912275767
1850 26.35435261774164
1851 25.683122345782586
1852 25.709011121283993
1853 23.179802790413646
1854 23.662145375281515
1855 24.547278364681027
1856 24.723722789856453
1857 24.49156169282112
1858 23.780482139102894
1859 24.769607154744133
1860 24.531637753439018
1861 25.927348235952188
1862 24.884011161005287
1863 24.954153136981724
1864 24.568676217904628
1865 24.17861208567392
1866 24.592328103530885
1867 24.57367207281995
1868 24.49862455614184
1869 24.956215716280948
1870 24.76753564742699
1871 24.91296561095092
1872 25.298927211124706
1873 24.02483473694776
1874 23.18473839310182
1875 24.83025088762323
1876 23.799399456868308
1877 24.940737818658963
1878 26.259314682191995
1879 25.644312207263095
1880 25.976667326814404
1881 25.040363900772903
1882 26.036900120893492
1883 26.0618123679874
1884 25.44800903181492
1885 25.239547005270495
1886 25.101063390201592
1887 25.372838409276188
1888 24.948723304878826
1889 25.438279868691474
1890 25.804901284653912
1891 24.74333275714448
1892 25.41009255083599
1893 25.600858505431958
1894 25.507486691387427
1895 24.732838864819445
1896 24.474884151234203
1897 24.135032003644888
1898 23.81624790432756
1899 24.412897314240112
1900 25.653795522044668
1901 24.4307261249995
1902 24.07838662559762
1903 24.44290847125333
1904 25.905297082906255
1905 25.62434996507151
1906 25.02297153233057
1907 25.53475717389185
1908 25.899906378309346
1909 25.458762850115455
1910 26.038561806262983
1911 26.655525327908713
1912 26.396973487947186
1913 26.73942665190424
1914 25.754641323889807
1915 24.74226294659012
1916 24.90211320145152
1917 26.24844044326294
1918 26.254057239581723
1919 26.519427607037915
1920 26.716298742437456
1921 25.595891401004128
1922 24.839497995735034
1923 26.462905190003315
1924 26.744393307401722
1925 26.057585966192235
1926 25.95661169428312
1927 25.86286523837913
1928 25.927584278973974
1929 26.01955121409935
1930 26.430671320383645
1931 25.887428730108393
1932 25.146924936301364
1933 25.312776388820353
1934 25.887258871920842
1935 26.510803041713704
1936 26.143218466948017
1937 26.15127098839379
1938 25.82027456078962
1939 26.60602896329307
1940 25.407984995868755
1941 26.003290431626187
1942 25.645694305646163
1943 25.51692152315695
1944 24.86395494243262
1945 24.914736176322126
1946 25.04863474064566
1947 24.714084409650724
1948 24.510170607890956
1949 25.47781939674759
1950 25.222185802682556
1951 25.846142034889805
1952 25.650835842081428
1953 25.00401613117233
1954 25.60358271482164
1955 24.37498305941596
1956 24.897501414993986
1957 25.068603107949205
1958 24.936319682059647
1959 24.630166697675786
1960 24.936895237472015
1961 24.59044872627462
1962 25.00043254235613
1963 25.37642450495786
1964 25.723688541911702
1965 26.819552436900228
1966 26.36612677222892
1967 25.786388036121707
1968 25.437961359244596
1969 25.344341065734664
1970 25.027608498119747
1971 25.1160377356968
1972 24.89449382103995
1973 25.210783502078634
1974 25.268096290513924
1975 24.921039212545235
1976 25.03233178381217
1977 26.459397039146562
1978 25.583429049279165
1979 25.966080060572093
1980 26.192966694895137
1981 25.117616441959576
1982 25.94684759795357
1983 25.171533947760864
1984 24.831510100945167
1985 25.115995969845
1986 24.579126602736494
1987 25.030482487028245
1988 24.922240808544956
1989 25.36132809673397
1990 24.73021846018619
1991 25.326483690868795
1992 25.0027520860308
1993 25.106847849485593
1994 24.721859791086704
1995 25.048577468633592
1996 25.188434018196926
1997 25.338548598574643
1998 25.538576058651877
1999 24.991864247996247
