0 0.0
1 0.6216084361076355
2 0.3976724445819855
3 0.698546290397644
4 0.7486587166786194
5 0.38442516326904297
6 1.0225551128387451
7 0.43124663829803467
8 0.9198362231254578
9 0.7707074284553528
10 0.9047481417655945
11 0.6557140946388245
12 0.39645418524742126
13 0.5588183999061584
14 0.8367937803268433
15 1.1201181411743164
16 1.092112421989441
17 0.5126949548721313
18 0.7418946027755737
19 0.5871050953865051
20 0.5294902920722961
21 0.6863923668861389
22 0.21117064356803894
23 0.5163112282752991
24 0.9291913509368896
25 0.38108062744140625
26 0.6718626022338867
27 1.2090338468551636
28 1.1852420568466187
29 1.3415521383285522
30 0.8623381853103638
31 0.7032005190849304
32 1.246708631515503
33 0.6606655120849609
34 0.5924157500267029
35 0.5501112937927246
36 0.757085919380188
37 0.6826216578483582
38 0.8867902159690857
39 1.0321550369262695
40 1.0826890468597412
41 0.7793183326721191
42 0.8351562023162842
43 0.8556674718856812
44 0.7299445867538452
45 0.5064040422439575
46 0.8225677609443665
47 0.679716944694519
48 0.6949475407600403
49 0.5978310704231262
50 0.8436298966407776
51 0.899734377861023
52 0.8945331573486328
53 0.6392999291419983
54 0.19538895785808563
55 0.7584611773490906
56 0.6825230717658997
57 1.0199648141860962
58 0.5749863386154175
59 0.7592090368270874
60 0.8020261526107788
61 0.47711077332496643
62 0.6766003370285034
63 0.24863165616989136
64 0.45859894156455994
65 0.7479622960090637
66 0.6920782327651978
67 0.8796385526657104
68 0.8213401436805725
69 0.9264121055603027
70 0.5587709546089172
71 0.6500889658927917
72 1.3561880588531494
73 0.45290181040763855
74 0.9306474924087524
75 0.6933385133743286
76 0.9055903553962708
77 0.5495042204856873
78 1.1821284294128418
79 0.8623154759407043
80 0.9348827600479126
81 0.6799418330192566
82 0.6951819658279419
83 0.40206918120384216
84 0.6827293634414673
85 0.7542902827262878
86 0.9194287657737732
87 0.8606171607971191
88 0.640447735786438
89 0.5432372689247131
90 0.6020108461380005
91 0.7399070858955383
92 0.6871479153633118
93 0.6943394541740417
94 0.7561293840408325
95 0.8203681707382202
96 0.7085856795310974
97 0.4699210226535797
98 0.6270094513893127
99 0.3561183214187622
100 1.15740966796875
101 1.0960829257965088
102 0.620608925819397
103 0.6435599327087402
104 1.1210185289382935
105 0.9916709065437317
106 0.9999855160713196
107 0.5860936045646667
108 0.5454738736152649
109 0.6853277683258057
110 0.6919965147972107
111 0.9380239248275757
112 0.9706723690032959
113 0.9473836421966553
114 0.8871174454689026
115 1.1003166437149048
116 0.8338727951049805
117 0.6379672288894653
118 0.7296233177185059
119 0.8715430498123169
120 1.0113931894302368
121 0.600913405418396
122 0.6310350298881531
123 1.0184119939804077
124 1.0249298810958862
125 1.2178410291671753
126 0.766718864440918
127 0.8472318649291992
128 0.9645299911499023
129 0.6905927658081055
130 0.7164892554283142
131 0.40096452832221985
132 0.7126877307891846
133 0.9209362864494324
134 1.2270777225494385
135 0.7765069603919983
136 1.688241958618164
137 1.2066586017608643
138 0.8322895169258118
139 0.8549971580505371
140 0.7614119648933411
141 1.2996636629104614
142 0.8441334962844849
143 0.5490733981132507
144 0.7556228637695313
145 0.7809472680091858
146 1.0367238521575928
147 0.8809696435928345
148 1.1074844598770142
149 0.7579782605171204
150 0.9065517783164978
151 1.3469055891036987
152 1.0860891342163086
153 0.8706576228141785
154 1.0552256107330322
155 1.0932074785232544
156 1.0276106595993042
157 1.296643853187561
158 1.0314770936965942
159 0.6978802680969238
160 0.7344128489494324
161 1.1289973258972168
162 0.855385959148407
163 1.1671968698501587
164 0.7431243062019348
165 0.8493248224258423
166 1.0499664545059204
167 0.9586532711982727
168 0.5662052035331726
169 0.8356630206108093
170 0.630341112613678
171 0.7799347639083862
172 0.9089089632034302
173 1.0844417810440063
174 0.7527408003807068
175 0.7655876874923706
176 0.9917447566986084
177 0.9608016610145569
178 0.8457342982292175
179 0.6307799816131592
180 0.24688228964805603
181 0.4281027019023895
182 0.6863870024681091
183 0.6442622542381287
184 0.6289713978767395
185 0.853040337562561
186 0.6895909309387207
187 0.7840281128883362
188 0.4953705370426178
189 0.5760511159896851
190 0.8700360059738159
191 0.5717217922210693
192 0.49508556723594666
193 0.6297212839126587
194 0.6362887620925903
195 0.6733769178390503
196 0.7237738370895386
197 0.4134361147880554
198 0.49486324191093445
199 1.0255051851272583
200 0.6792669296264648
201 0.5149387717247009
202 0.35585978627204895
203 0.9977125525474548
204 0.4412808120250702
205 0.6567555069923401
206 0.7449852824211121
207 0.6396986246109009
208 0.8203302621841431
209 0.5885967016220093
210 0.7473544478416443
211 0.8342496752738953
212 0.9955509901046753
213 0.639291524887085
214 0.6711593270301819
215 1.0675373077392578
216 0.6379232406616211
217 0.9607284665107727
218 0.27780410647392273
219 0.2392253428697586
220 0.4219379425048828
221 0.33701708912849426
222 0.4455443024635315
223 1.0539653301239014
224 0.7792624831199646
225 0.7048465609550476
226 0.991357147693634
227 1.0781813859939575
228 0.7046316266059875
229 0.9909455180168152
230 0.9241024255752563
231 0.5619679093360901
232 0.3208431303501129
233 0.6286993026733398
234 0.7823970913887024
235 1.1830165386199951
236 0.3740144371986389
237 0.6029651761054993
238 0.5896725654602051
239 0.5203989744186401
240 0.8073893189430237
241 1.0475127696990967
242 1.2185534238815308
243 0.9176140427589417
244 1.1901410818099976
245 0.8436084389686584
246 0.7574024796485901
247 0.3663792014122009
248 0.5058554410934448
249 0.6274911761283875
250 0.4538942873477936
251 0.366009920835495
252 0.4761948585510254
253 0.8592624068260193
254 0.6669577360153198
255 0.9010224342346191
256 0.6391482949256897
257 0.7554885149002075
258 0.8032586574554443
259 0.7848833203315735
260 0.9180495738983154
261 0.6588419675827026
262 0.9684351086616516
263 0.5159565806388855
264 0.9720382690429688
265 0.8132087588310242
266 0.5320249199867249
267 0.6075732111930847
268 0.28487417101860046
269 0.6734932065010071
270 0.9316281676292419
271 0.9124013781547546
272 0.886688232421875
273 0.9113176465034485
274 0.5936383605003357
275 0.6797896027565002
276 0.7684643864631653
277 0.6920013427734375
278 0.8074991106987
279 0.6390352845191956
280 0.5692540407180786
281 0.44562214612960815
282 0.8883071541786194
283 0.46436187624931335
284 0.4449310004711151
285 0.605233371257782
286 0.9910017251968384
287 0.5665683746337891
288 0.5965961217880249
289 0.7595050930976868
290 0.6533998250961304
291 0.6407778263092041
292 0.5950818657875061
293 0.47205281257629395
294 0.5601815581321716
295 0.7909986972808838
296 0.7033178806304932
297 0.32184723019599915
298 0.7921667098999023
299 0.8140578866004944
300 0.7734798789024353
301 1.233001470565796
302 0.6070372462272644
303 0.48802220821380615
304 0.954751193523407
305 0.46855226159095764
306 0.575205385684967
307 0.7135447859764099
308 0.6257110238075256
309 0.7054053544998169
310 0.511180579662323
311 0.6225020289421082
312 0.56367027759552
313 0.7202770709991455
314 0.593591034412384
315 0.5024465322494507
316 0.6335143446922302
317 0.5120641589164734
318 0.9456126689910889
319 0.5078628063201904
320 0.6428213119506836
321 0.46547698974609375
322 0.7752990126609802
323 0.7058355808258057
324 0.6445327997207642
325 0.5498329401016235
326 0.6778203248977661
327 0.8069410920143127
328 0.7799004316329956
329 0.9271378517150879
330 0.7388056516647339
331 0.7325157523155212
332 0.6918324828147888
333 0.7030613422393799
334 0.5740327835083008
335 0.7406479120254517
336 0.9092245697975159
337 1.2907518148422241
338 0.8505551815032959
339 1.2530274391174316
340 0.9861645698547363
341 0.8362757563591003
342 0.7354072332382202
343 0.6290540099143982
344 0.6418043375015259
345 0.48107701539993286
346 0.3902469277381897
347 0.8755675554275513
348 1.3128679990768433
349 1.0741363763809204
350 1.143811821937561
351 0.9345209002494812
352 0.8418034315109253
353 1.2831945419311523
354 0.47306832671165466
355 1.1603667736053467
356 0.9880184531211853
357 1.2554577589035034
358 0.905284583568573
359 0.9817629456520081
360 0.9900385737419128
361 0.885807454586029
362 0.9609725475311279
363 0.9301007986068726
364 1.1527363061904907
365 0.8128907084465027
366 0.9943233728408813
367 0.4361991584300995
368 0.5965989828109741
369 1.0462753772735596
370 0.4637981057167053
371 0.5256401896476746
372 0.5859726667404175
373 1.0159341096878052
374 0.4876064658164978
375 1.0449811220169067
376 1.1341816186904907
377 0.9015856385231018
378 1.07366943359375
379 0.7413058280944824
380 1.0531141757965088
381 0.9293516874313354
382 0.8929241299629211
383 1.0651432275772095
384 0.8403709530830383
385 0.6842645406723022
386 1.1007664203643799
387 0.9494370818138123
388 0.9747728109359741
389 0.915103018283844
390 0.60929936170578
391 0.8334781527519226
392 1.274101734161377
393 0.8121653199195862
394 1.3236173391342163
395 0.9813628196716309
396 0.9781243801116943
397 0.8811564445495605
398 0.24632136523723602
399 1.1160284280776978
400 0.8765103220939636
401 0.9582165479660034
402 0.8591699600219727
403 0.8393095135688782
404 0.7883559465408325
405 0.6579437851905823
406 0.8628397583961487
407 0.6170693039894104
408 1.03676438331604
409 1.412065863609314
410 1.3451045751571655
411 0.8815523386001587
412 0.8073631525039673
413 0.38256704807281494
414 0.4069628417491913
415 1.1864169836044312
416 0.8061983585357666
417 1.4914759397506714
418 0.8266423940658569
419 1.279937505722046
420 1.0431392192840576
421 1.1085541248321533
422 1.1847126483917236
423 1.0405741930007935
424 0.5844709873199463
425 0.9388474225997925
426 0.6815894842147827
427 0.6810395121574402
428 1.3234413862228394
429 1.0413795709609985
430 1.4965276718139648
431 1.0525869131088257
432 0.8468096852302551
433 1.118919849395752
434 1.110843539237976
435 1.240423560142517
