0 18.836445963056804
1 18.580282778518324
2 20.29709419324856
3 20.182088106364805
4 19.772542673350216
5 18.807876312348945
6 19.562457755806076
7 19.595978344641907
8 20.29582214675499
9 19.896173285724043
10 19.585340582835958
11 19.417921489703858
12 20.041186167308865
13 19.720970308810728
14 19.97049057571015
15 20.088895503479886
16 19.931051406295914
17 20.00537290746678
18 19.398325385538033
19 19.242638991690086
20 19.81693905704932
21 20.27737499947839
22 19.459928108298406
23 19.993687156509203
24 19.460208692122485
25 19.700944346338687
26 19.7722895816174
27 18.43282122696557
28 18.706036381711797
29 19.89664244643947
30 20.107395895597676
31 20.307349005819145
32 20.367764320522962
33 19.640683023539946
34 19.967041927124065
35 19.73265444461472
36 19.91214850993818
37 19.111760400446187
38 20.128083881532305
39 19.557884822229944
40 20.339618312687524
41 19.78557789692149
42 19.459588165793864
43 19.187304922609627
44 19.000656556159587
45 18.75159760689339
46 18.113143719722085
47 19.099769940802336
48 18.147365881047715
49 19.122717091672666
50 19.423095425324043
51 19.180596326775223
52 19.482372070905697
53 19.331703147489613
54 20.217138634092077
55 20.877198342215195
56 20.470455152635733
57 19.65186677948889
58 19.929726904380782
59 20.351707453883474
60 20.130836851473642
61 19.812740193465604
62 19.938143868378127
63 19.574063175302125
64 18.840370263778038
65 19.062893832010484
66 18.188176719886332
67 19.222802804349133
68 18.24846256378743
69 18.88771401706858
70 19.24707451962633
71 19.728441214544674
72 19.307709286056465
73 19.688114569914152
74 19.765032099128337
75 19.631552351050175
76 19.941782428314788
77 19.932846539062318
78 19.38416873881856
79 20.85656643858547
80 21.00643969817036
81 21.482196295892138
82 20.32041268340703
83 20.794196837134063
84 20.39676390265633
85 19.89014279130931
86 19.691448949262977
87 19.91639984312955
88 19.63429823756731
89 20.43376052799861
90 20.49257159327065
91 19.17350392984125
92 19.441524993308573
93 20.211868332552665
94 20.042392079417844
95 19.260736935102194
96 20.201033158505354
97 20.0187357266268
98 19.619629499526134
99 19.68695599250969
100 19.259204918857364
101 19.401800847092623
102 19.147843912451048
103 19.437382839625812
104 19.70470418500698
105 19.954301624856313
106 19.585993147512706
107 19.824577222859162
108 18.71227674510143
109 19.214361686458066
110 19.11304022355828
111 18.784408992288412
112 18.1873579781894
113 18.147464661454183
114 18.309365207837022
115 18.213366141598655
116 17.195713208667875
117 18.131655144614392
118 18.712224347082184
119 19.386309103836865
120 19.986545902608462
121 19.386558750643616
122 19.430928064652697
123 19.846541643432616
124 19.463203602167813
125 19.879975939274257
126 19.89416255810405
127 20.796300715236832
128 21.190251872540806
129 20.456999559217675
130 20.456086269338957
131 20.85003755781158
132 20.588898996275077
133 19.999938810554134
134 20.388341672225035
135 20.63694295806353
136 20.97595094101716
137 21.356924747712743
138 20.694246145337942
139 21.75753486197129
140 20.54771155411355
141 21.13050131204977
142 20.97048408208745
143 21.10553036400633
144 21.064364157628738
145 21.35415857174572
146 20.961227971740794
147 21.27668088145136
148 22.225378773308066
149 21.193623318041173
150 21.976300525448217
151 21.528893013229425
152 20.965055422765914
153 20.677737328888572
154 20.685385327274613
155 21.081123912254586
156 19.632894310336976
157 19.87476534800045
158 19.49021439383693
159 19.336741442818717
160 19.434078995532897
161 18.01531377140703
162 19.333337964008667
163 19.75271008448161
164 19.6151006257596
165 19.035679396400695
166 19.34895555066752
167 19.15788611294126
168 19.19767798198517
169 19.1860102330241
170 19.623007822353728
171 20.141144363628655
172 19.919460938721663
173 19.147858533069893
174 20.068265016053264
175 19.573995245558947
176 19.639261114245507
177 19.586875749147616
178 19.68577347424466
179 19.904009465512026
180 19.769116918164183
181 19.719477596825374
182 19.62118684281862
183 19.24207593000953
184 18.960793737886334
185 19.292126862011
186 19.27577988246477
187 20.03873295305866
188 19.079221150214682
189 19.8372576584649
190 19.722007660331887
191 19.536305842291085
192 19.820939976735964
193 19.54808324349274
194 19.25547629458956
195 18.613327662119097
196 19.236798487228885
197 18.85194094119376
198 19.664362199713988
199 18.973003928666067
200 19.22906888160298
201 18.959331674304654
202 18.970380525204682
203 19.00397875337685
204 20.372206592713884
205 19.68803753390117
206 18.95521235708753
207 19.11969237255554
208 18.788611791958154
209 18.612056118637277
210 19.448794406831404
211 18.959775770827186
212 19.00486760122554
213 19.394150103591382
214 18.678517378894185
215 18.425459930114936
216 19.0330499246974
217 18.247248729731037
218 18.05004236036704
219 18.343771002474185
220 18.239412516617286
221 19.004086531274343
222 18.50467771164722
223 18.241766255051754
224 18.71104526230065
225 17.96323782528052
226 19.31115870385398
227 18.30113309424939
228 19.112421886524984
229 19.037914302030924
230 18.767607675865097
231 18.139123500826145
232 18.05584355859101
233 18.921937556685034
234 18.889972424627075
235 18.8946185529493
236 18.558760210965318
237 18.16042914096435
238 17.84338469875289
239 18.309658429644383
240 17.666761219000662
241 17.798086401910535
242 18.578125739301083
243 18.635704781500944
244 17.92110577712645
245 17.91749514257255
246 18.598672264916676
247 18.751495623285457
248 19.16101053536355
249 18.54576605636262
250 18.266656639592824
251 17.822806594795615
252 18.40299373017341
253 18.193620512726216
254 18.652456340954274
255 17.81126869442709
256 17.823416435425123
257 17.883655120008996
258 17.547396620208104
259 18.822163923408123
260 18.326841843044413
261 18.390342836026004
262 17.518323062937494
263 18.368651411034445
264 18.311904786073526
265 18.776845435465308
266 18.89184046443652
267 18.157625912653742
268 18.15214744641954
269 18.32170663883575
270 18.929657551507585
271 19.067346688825477
272 19.123240312801112
273 18.814321942521595
274 18.379974604958687
275 18.323070085018202
276 18.164799381119327
277 18.60558679568294
278 18.53416536463142
279 18.269363495494094
280 18.81956098329273
281 19.069396483952502
282 19.297338511585465
283 18.185815692147926
284 18.62283885710849
285 19.215159311009018
286 18.707474298499772
287 18.64735713758122
288 18.162760565777617
289 18.160788952882697
290 17.55034753422302
291 17.437357646534817
292 17.28058070357867
293 16.6956416563249
294 16.939251435011386
295 17.446221345608578
296 17.057591575490672
297 17.189556245829763
298 16.871059148365184
299 16.604831981155748
300 16.52237039464236
301 16.482827449767328
302 16.655838546806795
303 16.2024859764047
304 17.503382172533108
305 17.37315610689821
306 17.446098631331704
307 18.276961078113768
308 17.211982131260033
309 18.096914249329174
310 18.221803264129584
311 18.074598953995146
312 18.910993832343625
313 17.407202654068627
314 18.422856840776717
315 17.76395037892073
316 18.25101271577278
317 17.859180376891597
318 19.094943315748026
319 18.704125606506025
320 18.852368610885424
321 18.624987476249075
322 18.515254909944293
323 17.72336403334398
324 17.889879977226396
325 16.77521388342296
326 16.860278348187656
327 16.510100954027802
328 17.992965919214253
329 17.59601550829888
330 18.669939838413118
331 18.590310525232038
332 18.93507570402105
333 19.23998982123985
334 18.808742761655846
335 18.47306122824285
336 18.327997709594932
337 18.95339210109346
338 18.354755100564937
339 17.765984653436814
340 17.468343580551473
341 17.878339144087537
342 18.023848216597003
343 18.134314739390284
344 17.328325432561122
345 17.86664678199605
346 18.19613102573888
347 17.807053093128868
348 18.425451316753055
349 18.609431914134877
350 18.75691782373797
351 18.3806689523916
352 19.195163745421635
353 18.65927810855647
354 18.482496529581272
355 18.92926436193187
356 18.673734258134417
357 18.467855741065843
358 18.02916056807565
359 18.541441030401348
360 18.815484479416106
361 18.766300845237858
362 18.445079918673404
363 18.09177284663827
364 17.907142581647115
365 17.855639287466236
366 18.44436548766641
367 18.886537299081724
368 18.054787036764555
369 18.603037479697445
370 18.165945385851778
371 17.188842753312418
372 17.48620728740805
373 18.27727098071629
374 17.38435285858613
375 16.949857234762405
376 17.543778761210955
377 17.019563381090617
378 17.432581452950735
379 16.542479871778692
380 17.882825717286252
381 17.8565772667002
382 17.96429518021158
383 18.018533357231693
384 17.981740422985663
385 17.73399973994313
386 17.215540731225527
387 17.4017082861587
388 18.05299840450927
389 18.01129618703546
390 17.369970405143228
391 17.70257078859265
392 17.25587853119137
393 17.49796198600123
394 17.823472718792814
395 17.855075335881853
396 17.249834177761237
397 16.997047445978932
398 18.091459988957745
399 17.302679795502854
400 17.76619233586196
401 17.50450339458123
402 17.22248537200048
403 17.49950629738394
404 17.329508847311793
405 17.079978696061218
406 17.370750115914
407 17.080362684758047
408 17.290445390701496
409 16.91106126576783
410 16.929585388202344
411 16.974871016989034
412 16.59149440935669
413 16.71426282451655
414 17.47522555978893
415 17.12331422797387
416 17.694890400148022
417 18.247296711178844
418 16.933047757162846
419 17.564566015179402
420 17.196255003590093
421 18.039400968399832
422 17.41842563240535
423 17.57512736420917
424 17.767390809389035
425 18.009150041090063
426 17.311779670651937
427 17.304105637973983
428 17.68342694518574
429 17.278605083435693
430 16.467580790699543
431 16.807297427737293
432 17.23395363993019
433 16.718163729701665
434 17.14493789634581
435 17.22223220306327
436 17.19327225435386
437 17.360005747523136
438 16.715326526006795
439 16.804665910647163
440 17.214921970623383
441 16.633260723073015
442 17.778193789024943
443 17.771449005741395
444 17.15495924998816
445 17.122982720709555
446 17.529993391657182
447 17.680544023407414
448 16.783494957169886
449 16.671333840083662
450 17.202484982378156
451 17.06386292899495
452 17.690262035865967
453 17.778589383120856
454 18.110413480014895
455 17.46680281546304
456 17.67933330509005
457 17.856641959019033
458 18.274458901454786
459 16.647833649417755
460 17.00359381992807
461 16.448430180051677
462 16.216486606788056
463 17.204001287562416
464 17.511244693927132
465 16.439537819349113
466 16.599823339091305
467 16.76949376958049
468 16.732164346299676
469 16.89678252490288
470 17.478539561276023
471 17.934613666321013
472 18.260676942108645
473 17.987850817045267
474 17.952086219944935
475 18.07723796840599
476 17.695054045622914
477 17.893491362204763
478 17.30892449844762
479 17.203130844056854
480 16.550746604488786
481 17.270558472557898
482 17.3211666379262
483 17.28103503183637
484 16.23106057677751
485 16.356314754822574
486 16.609213535357256
487 16.947704137904857
488 16.512489215045235
489 15.964786089015147
490 16.622099512690117
491 16.15491632195978
492 15.979514310666035
493 16.004225528994485
494 16.38710564023391
495 16.62204993529294
496 16.116559538572766
497 16.048725063761264
498 16.075345427434957
499 16.360700570812636
500 16.826277339889806
501 16.42234803558266
502 16.681020194863276
503 16.386900290144027
504 15.892085538342123
505 15.283234222993416
506 15.046042092708495
507 15.112611033155575
508 15.288551702080111
509 15.73940280512368
510 15.811994380678405
511 15.308266458884573
512 15.760773973426783
513 15.149690707559659
514 14.817180636723567
515 15.31959410958797
516 14.80695675742015
517 14.033859732224798
518 13.986423102714733
519 14.193492166619883
520 14.706155118403743
521 14.938537965428422
522 14.459909784898736
523 14.773513578083312
524 15.805644987324545
525 15.73651199921546
526 15.209174408722346
527 14.851856633633892
528 15.269850696496734
529 15.346547755818717
530 15.297239494300687
531 14.864503154376877
532 15.34289511512054
533 14.902385747864836
534 15.71106856629544
535 15.250632818624753
536 15.70075132381769
537 15.684822736556104
538 15.311716034698904
539 15.954915171613784
540 15.313116460038835
541 14.78615127419519
542 15.103141350968372
543 15.516609369854118
544 15.598333277167502
545 15.597939224795034
546 16.310251136278943
547 15.58189133923108
548 15.389309063907497
549 15.545791301566112
550 15.216120219981766
551 15.523149062033873
552 15.218335694803223
553 15.600921683319589
554 15.539706768421368
555 14.694866095126935
556 15.17675454128621
557 14.472151915605806
558 15.066064019174485
559 15.240167159304269
560 15.018767935124185
561 15.015600210818388
562 14.586515005469952
563 15.70612468188635
564 14.519408843097091
565 14.86467184188423
566 14.403732118557175
567 14.585177067462048
568 14.389459194548756
569 15.805009451937675
570 15.439346254713655
571 14.826415166956723
572 15.016209153264004
573 14.233047519563744
574 15.17824792359873
575 15.24367343044097
576 15.129475562915479
577 14.56572595032979
578 14.07122770188707
579 15.434119556103957
580 15.520459477633734
581 15.919486931268912
582 14.80880189507136
583 15.129237738101127
584 15.077575517693973
585 15.5117155278197
586 15.80208689376303
587 15.322811868351902
588 15.311997053080768
589 15.185503350615765
590 14.772686980711274
591 14.788813810865658
592 15.016784436274325
593 15.161967964572817
594 15.459453632068229
595 14.111963076000404
596 14.819663679867412
597 14.688809698718783
598 14.448964040189484
599 14.394767420514244
600 14.409619574799386
601 14.101109415092353
602 14.55712699325865
603 14.169516770820195
604 13.887387513308274
605 13.604299213531977
606 14.246391399820634
607 12.886793291361144
608 12.564101720651543
609 12.126138485545125
610 12.667602088552751
611 12.451954791799823
612 12.595944746268087
613 12.169087912122006
614 12.786168057619797
615 13.129077975314045
616 12.124584307768355
617 12.868569560591547
618 12.376551803228844
619 13.937502124558108
620 13.25953781373835
621 13.000487239333223
622 13.63175785320701
623 13.890482030861104
624 13.134219520787298
625 13.061419796363344
626 12.930645658299904
627 13.727029919248581
628 13.361831216251241
629 12.957876445642572
630 12.878899224438557
631 12.772737740849522
632 13.240866337303808
633 13.078430558635683
634 14.031378221999132
635 14.012352149542934
636 13.692386753446508
637 14.046305760606632
638 13.563459449270248
639 14.403068363321058
640 14.470784060373504
641 14.568595327546888
642 13.866505220412918
643 13.568025027009384
644 13.946221096666026
645 13.46720738144215
646 12.706030692454183
647 13.51116000538846
648 13.289495210191811
649 13.07093887247385
650 12.758449395696307
651 13.712375483490089
652 13.036248840957798
653 13.198210395380434
654 14.210770716442518
655 13.727669418796545
656 13.154568971142268
657 13.486219966803501
658 13.017298842743747
659 12.852170472626222
660 13.139429892092567
661 12.935478264730357
662 13.363434641451015
663 13.174949869348781
664 13.015274971610435
665 13.295131707284211
666 12.605484212870953
667 12.86998171756345
668 13.0413390865044
669 13.438174114331972
670 13.089538795888654
671 13.72836476239713
672 13.335579265694276
673 13.762275019096625
674 13.278217544194723
675 13.244623980202848
676 13.096681635432232
677 13.659044185835986
678 13.132614996012062
679 14.007892884564152
680 13.188077341161804
681 13.17507157770053
682 13.594016139545753
683 13.122125050474613
684 13.999315071091466
685 13.610953849870812
686 12.857820416754862
687 13.346438368279337
688 13.236290615221554
689 13.52303300315495
690 13.484780896467615
691 13.25872426702514
692 13.484794891630123
693 13.702347203853117
694 13.262509154608129
695 13.634907561400661
696 13.421837736953007
697 12.735937388204846
698 14.10940480433805
699 13.293815246361085
700 13.685855433691504
701 13.879626396940626
702 13.659346186332392
703 13.062079566635086
704 13.384850882971877
705 13.429971210718167
706 13.59361415802301
707 13.277485455030709
708 13.389919374309747
709 13.580173805702259
710 13.364118411174202
711 13.373922423095289
712 13.328671417541054
713 13.061307539698397
714 12.910065188305564
715 13.736462348437975
716 13.977703125752164
717 13.461734558000915
718 13.66054442892937
719 13.675010398377859
720 13.430795340540117
721 13.038073600016158
722 12.857668747087315
723 13.097054182106488
724 13.143596947934943
725 13.668047203427555
726 13.704735516371128
727 13.58788994322677
728 13.818421847959872
729 13.68869750463297
730 13.619585896220716
731 13.570517303892183
732 13.859128933385591
733 13.04109278919643
734 13.322605798541506
735 12.66496534799362
736 13.311034890595815
737 13.104148668554807
738 12.857377029847854
739 13.73543405488232
740 13.008547071897812
741 13.117236786073843
742 13.194827448649505
743 13.534338139492913
744 13.451657794027502
745 13.260335326915834
746 13.729202154887968
747 12.908236842704818
748 13.54927448370842
749 12.693860213064339
750 11.77023805789038
751 12.267601134697887
752 12.213228073670237
753 12.419307366778458
754 11.761201088795035
755 12.316362743563515
756 11.765906649984297
757 12.102098677586504
758 11.474649941955036
759 11.78557674018808
760 12.131677517501545
761 11.935138565885088
762 11.720148005084479
763 12.171671039689166
764 11.034962677983142
765 11.281117212021437
766 10.83730775702474
767 9.906998678488216
768 9.984992145475394
769 10.941683965004923
770 10.44635729057981
771 10.403933064254376
772 10.803628622730525
773 10.964761318865339
774 10.929934547015407
775 10.832056198787768
776 10.917071205662246
777 10.804092253129163
778 10.829572425511369
779 10.689846828698663
780 10.478908913012358
781 10.509655056045672
782 10.384149358050125
783 10.339539118874477
784 10.237311173851154
785 10.557469447067113
786 10.359783077226009
787 10.998432369635564
788 9.802112840474434
789 10.318093201918197
790 10.166455092635179
791 9.854522844755843
792 10.156123842812482
793 10.048618247422628
794 10.812037628792588
795 10.586644137429005
796 11.31517558419553
797 10.87737329494539
798 10.431280540134011
799 10.612758002020906
800 10.838542690570206
801 10.542133915426035
802 10.449856013922927
803 10.779992091448195
804 10.690645922355285
805 11.169425355462325
806 10.480078855365937
807 10.827231459408482
808 10.69059251099291
809 11.286648861081584
810 10.463672681529745
811 9.807911393646643
812 9.925988489633175
813 10.718514940507333
814 10.91150049124227
815 10.854387161318936
816 11.010153370730542
817 11.27174575460778
818 11.15839941576735
819 11.315860927273162
820 11.613923780531879
821 11.000427169957048
822 11.161381185193816
823 11.230302833208762
824 11.32823482983652
825 11.11335283293816
826 11.57998733134042
827 11.180781031192868
828 11.51578251352883
829 11.425675319675461
830 11.520751496135016
831 11.41495107005394
832 11.377169287760967
833 11.437718941120464
834 11.322789979651269
835 11.483775852893755
836 10.50512711864002
837 10.930964971149296
838 10.64436440533511
839 10.277426438950506
840 10.550738415735005
841 10.739778020509164
842 11.640579978040913
843 11.388976346767263
844 10.551385268779892
845 10.696570848969856
846 10.651135479075373
847 11.262858481623924
848 11.136212584124998
849 11.082563316475307
850 11.130042613829948
851 10.901214838306373
852 11.283880630176107
853 11.040304012029925
854 10.52968346399595
855 10.350762982517894
856 10.347664029100429
857 10.295628552805944
858 10.26176309960233
859 9.96912779343454
860 10.26043138013676
861 10.580642066141207
862 10.62284715240709
863 10.716431913080916
864 10.541372605778303
865 10.450846624560745
866 10.43202382020513
867 10.703664034721903
868 10.839765626892168
869 10.077997531442573
870 9.590050248591963
871 10.318917743696137
872 10.011702184572568
873 10.045404598032972
874 10.27765713260088
875 10.18499399904722
876 10.071347009783208
877 10.637880452075587
878 10.256489862600263
879 10.379300095767597
880 10.185268269963213
881 11.165863082170825
882 10.540156601789088
883 10.459874500512418
884 10.512057876370474
885 10.338762456732667
886 9.957777930066456
887 10.099089762971664
888 10.72502948434315
889 10.521735734769907
890 10.253570590475933
891 10.475569268874187
892 10.409490635366126
893 10.614786841642715
894 10.42711151027093
895 10.590661018646538
896 9.992053889908282
897 10.698784655330682
898 10.114000927961676
899 10.312573586065474
900 10.221494249005413
901 10.60113326912839
902 10.8798179319134
903 9.700135889922652
904 10.3694717412442
905 10.384759801270672
906 10.109090733100688
907 10.59545164644695
908 10.357888352592965
909 9.93845040504359
910 10.596721317139403
911 10.363180953582047
912 10.051071836049978
913 10.242114727129396
914 10.38284879648334
915 10.749615790595586
916 10.151699029217172
917 10.064494818746985
918 10.073126456797493
919 10.222409442493301
920 10.346174644261687
921 9.773547406772625
922 10.021542781834993
923 10.684724974179002
924 10.112680641139855
925 9.972756791453255
926 10.01173836766031
927 9.678194720845317
928 9.732447581133236
929 9.872730909745941
930 9.627332857186918
931 9.888392343648277
932 10.090830583358212
933 10.114602490440417
934 9.816076564571736
935 9.97854682288033
936 9.988886215151721
937 9.940167369718306
938 10.08468217177999
939 9.59615316391483
940 9.435771208716034
941 9.817477624778169
942 9.727135079103437
943 9.858900404023668
944 9.355222069796305
945 9.265872647405303
946 9.258798813867205
947 9.360000297189028
948 10.052118710241432
949 9.72181606558617
950 9.240403428448188
951 9.955841178106006
952 10.418476327157256
953 9.923078684098433
954 9.921427523933021
955 10.147814594635223
956 9.478460805073485
957 9.171952963239734
958 9.57442585959402
959 10.08534343224714
960 10.179159643675384
961 10.073520222311549
962 9.857152684049307
963 9.87559153439035
964 9.778204645100455
965 9.53866305283323
966 10.254186793737434
967 10.139434973596584
968 9.560394400668738
969 10.293618122236873
970 9.911652641629244
971 10.052172259329604
972 9.586247508459621
973 9.785071270588524
974 9.417111376377388
975 9.287853223545481
976 9.345650490050025
977 9.54727212608137
978 9.433280409826182
979 9.561273024572847
980 10.01047695179428
981 9.8201262412164
982 9.917208757646721
983 9.95632041844532
984 9.659673835246776
985 9.90026325013829
986 9.769323656709986
987 9.520943260369952
988 9.679448351484272
989 9.798922454053992
990 9.958015156591458
991 9.439317757056013
992 9.487215453678557
993 9.964054535414293
994 9.431606132897317
995 9.44583014869206
996 10.01034094505439
997 9.432688116080358
998 9.6470826096984
999 9.412794741986982
1000 9.646661768252544
1001 9.83295129815344
1002 9.81741196942378
1003 9.732984713775364
1004 9.77821531034315
1005 9.644019139295626
1006 9.026430640913338
1007 9.487491121881197
1008 9.475068510635419
1009 9.333247412861146
1010 9.531025882667917
1011 9.48727307710604
1012 9.390098155422377
1013 9.222222664478702
1014 9.559279386334335
1015 9.62363714932218
1016 9.266197083686299
1017 9.54511620124221
1018 9.717116666393853
1019 9.753859891812336
1020 9.62670361258226
1021 9.454041514950449
1022 9.507901744018687
1023 9.387924691577162
1024 9.545517416563449
1025 8.899463579700825
1026 9.694466954030185
1027 9.750885534041672
1028 9.868339877067006
1029 9.609749544397308
1030 9.374806944931692
1031 9.465712682164703
1032 9.180053742582555
1033 9.464437736028033
1034 9.531723294274014
1035 9.49212989697321
1036 9.400848498127777
1037 9.679022933968275
1038 9.471175116387633
1039 9.822478452989813
1040 9.638534051820256
1041 9.964004110114788
1042 9.919710714376212
1043 9.420326588615875
1044 9.55578333776026
1045 9.692214557812106
1046 9.197807567953804
1047 9.464944724907351
1048 9.89848501593933
1049 9.662265294097487
1050 9.438123766280865
1051 9.288037349578108
1052 9.553716996479924
1053 9.219558903785796
1054 9.776383453076168
1055 10.146790399273845
1056 9.953840236772601
1057 9.94224439356875
1058 10.207646761616006
1059 9.516094273628456
1060 9.821896793082912
1061 10.336951248065665
1062 9.639568014915099
1063 9.420910325493045
1064 9.514088790094705
1065 9.655220708575973
1066 9.23564831392921
1067 9.397500381456814
1068 9.582642180936768
1069 9.309806806694954
1070 9.873544976700856
1071 9.723218838494182
1072 9.774086613297948
1073 9.69380015114753
1074 9.978062098557961
1075 9.620407506985588
1076 9.486663910914865
1077 9.61613018277626
1078 9.918890755523977
1079 9.822830750538833
1080 9.970688290101391
1081 10.01632808299951
1082 10.42795500603952
1083 9.903350601341263
1084 9.62057890048286
1085 9.908783610639354
1086 9.658094519403587
1087 10.671754539530879
1088 10.134453123669106
1089 9.797826272720528
1090 9.035237964232222
1091 10.802486372338384
1092 9.684427435360226
1093 10.126133219851582
1094 10.369561727273855
1095 10.677722945947718
1096 10.660779661094141
1097 9.781881036233731
1098 10.245613137478623
1099 9.782979212281361
1100 11.030024354680142
1101 10.009121782650748
1102 9.849784075126854
1103 9.760392258791223
1104 10.092003722263012
1105 10.38251801936836
1106 9.775631915738655
1107 9.926229502474202
1108 9.895779334034867
1109 10.095827273935562
1110 10.026917657542732
1111 10.530482260240362
1112 10.085720463143096
1113 10.261220472941204
1114 10.214296838526646
1115 9.464982424794927
1116 10.094209143964271
1117 9.617455465725195
1118 10.233058649659318
1119 10.339560174465824
1120 9.80127260268899
1121 9.913575042230557
1122 9.969055776863415
1123 9.735145726270712
1124 9.765901815223105
1125 9.74237285131919
1126 9.687323580584529
1127 9.490835062612453
1128 10.074127074576051
1129 9.61297240898092
1130 9.911848204212014
1131 10.149674209451648
1132 9.817750996057173
1133 9.451054201917167
1134 9.672756987477229
1135 9.929030764571147
1136 9.401916285661223
1137 9.482902853241441
1138 9.60110106692859
1139 9.642312437448195
1140 10.117580948481175
1141 10.26526376310262
1142 9.517986981134168
1143 10.233058193664485
1144 9.319175099550348
1145 9.72200551846054
1146 9.813209843939841
1147 10.085650907146146
1148 10.072732955481248
1149 9.835226653003229
1150 9.746281684786927
1151 9.348711431931337
1152 10.176354391779006
1153 9.473680207146842
1154 10.089144576399447
1155 10.285927895095927
1156 10.648213532784766
1157 10.394164662910585
1158 10.302014098705419
1159 10.745045325997268
1160 9.953100802277374
1161 10.118454493526698
1162 9.937258203639786
1163 9.936123514949227
1164 10.383582736026181
1165 10.25113577428443
1166 10.179255581443076
1167 10.241714425327515
1168 10.61586817266507
1169 10.285173905188179
1170 9.7432040940628
1171 9.956290708166897
1172 10.512811679418
1173 9.89354068462672
1174 10.51356640870592
1175 9.88060564689464
1176 10.011555913985514
1177 10.106790410404036
1178 10.103547879095798
1179 10.34717571522145
1180 9.758141956659895
1181 10.051371868506738
1182 10.492253149143286
1183 10.264359218458221
1184 10.568483031919216
1185 9.37579233919539
1186 9.437026829066605
1187 8.478272100809676
1188 8.69895274955819
1189 9.162882070916524
1190 8.386335892201492
1191 8.323793675389153
1192 8.60192483354732
1193 8.7220414252865
1194 8.811637342703568
1195 9.015506676566398
1196 8.300028265297076
1197 8.811920730907225
1198 7.674671693447923
1199 7.953719833037537
1200 8.280695708671804
1201 8.342262522840647
1202 8.460699421879923
1203 8.832596092101387
1204 8.913311885363784
1205 8.483622487843848
1206 9.220315886058986
1207 8.984836305733058
1208 9.9145411966367
1209 9.570444153005544
1210 8.911870121572214
1211 6.822033675746502
1212 7.287364695932483
1213 8.2722395103717
1214 6.683913466442644
1215 7.33114374110248
1216 7.147340156203143
1217 7.164154100676493
1218 7.461847168943525
1219 6.924863787603975
1220 6.016927084407831
1221 6.509604256501762
1222 5.9740528689093155
1223 5.707289008337273
1224 6.337601862558823
1225 6.497630911459902
1226 6.411485941093066
1227 6.001666941307521
1228 5.654594555790735
1229 6.365725141293766
1230 5.9746603696042975
1231 5.746668714143658
1232 6.160326186026039
1233 6.070570866581942
1234 6.381058513396771
1235 6.003837082007984
1236 6.100225297623306
1237 6.942949174760932
1238 6.416620143031684
1239 5.899814833253611
1240 5.736838331407896
1241 6.088709433667653
1242 6.282196118235949
1243 6.675830306439712
1244 6.448975692728307
1245 5.76670976697498
1246 6.353168882394484
1247 6.337505290480449
1248 6.39704626749713
1249 6.8768931775397695
1250 6.0224857732484685
1251 6.189347670876231
1252 6.563403913922737
1253 6.661875810455941
1254 6.125690932209795
1255 6.546707868091923
1256 6.144240792285764
1257 5.9642208871494535
1258 6.871654866353895
1259 6.604808252755668
1260 6.4021223017803
1261 6.228855129381035
1262 6.982066052560732
1263 6.145196094102812
1264 6.410434063441619
1265 6.055279324755368
1266 6.598116185449119
1267 6.300546931220055
1268 6.434992189348536
1269 6.74965218095285
1270 6.3632388755359575
1271 6.991423381306104
1272 6.599867558004219
1273 5.914137206002022
1274 6.141556960937571
1275 6.275355519932801
1276 6.53896389266982
1277 6.700911194612111
1278 6.440495113875239
1279 6.45625885031592
1280 6.44562190175311
1281 6.3621962977645
1282 6.4108416337907155
1283 6.603254793443904
1284 7.156396021866868
1285 7.423875765896897
1286 5.94188484988767
1287 6.810823482641612
1288 7.126263926088513
1289 6.623234061307894
1290 7.108443381203472
1291 6.015846705514973
1292 5.9983979977289446
1293 6.230208449473243
1294 6.706442083726672
1295 6.500882250225876
1296 6.791837398289035
1297 6.541609883621814
1298 6.4100056926822795
1299 6.478133169553493
1300 7.098455760563239
1301 7.68600015585949
1302 7.178397605339278
1303 6.520417761948351
1304 6.781653862665306
1305 7.429511950197932
1306 6.890930118409715
1307 6.938466494406598
1308 7.7182837152695525
1309 6.796554282525507
1310 7.400635995943316
1311 6.540434789823232
1312 7.054342559967699
1313 6.946483393768194
1314 7.0789817472275685
1315 7.49090760394509
1316 7.158905856518083
1317 6.491260898777278
1318 5.62094535734519
1319 6.101718362284248
1320 6.096146045384281
1321 5.956556404525313
1322 6.274708053387383
1323 6.458048819792013
1324 7.43088597941419
1325 6.415099260588631
1326 6.494094000279497
1327 6.94845138788663
1328 5.7619589668173035
1329 6.355036759589562
1330 6.68091882475378
1331 6.535277336238205
1332 6.176770470066042
1333 6.686317373783401
1334 7.232573726095183
1335 7.059481300975654
1336 6.953821778265096
1337 6.352281099580215
1338 6.495583661386674
1339 6.428893618331572
1340 6.739821230094087
1341 6.496665667017336
1342 6.543039081721071
1343 6.708588602373125
1344 6.09187579639739
1345 6.2683407042624815
1346 6.329677863678819
1347 6.654628151088348
1348 6.87264457214665
1349 6.893798915635958
1350 6.840203738322495
1351 6.58485706936749
1352 6.6564715941554455
1353 6.779871860909704
1354 6.530303756764577
1355 7.07462621124386
1356 6.238840218596454
1357 6.0481204132741215
1358 6.5370143546605055
1359 7.1498147804629175
1360 6.129772951205556
1361 7.191952517576437
1362 7.120570690985267
1363 6.318719566908294
1364 7.318226106249874
1365 6.887434991012832
1366 6.880050816761956
1367 7.701751506682553
1368 6.381770723714704
1369 6.432598880694575
1370 6.694318595436736
1371 6.324074076679887
1372 6.859911125126197
1373 6.984338474052368
1374 6.763277786334681
1375 7.030558520917551
1376 6.7249246029155465
1377 7.393359954584289
1378 6.918261661271921
1379 6.645397632713054
1380 6.201439208673945
1381 7.398603061528261
1382 6.992693761775388
1383 6.466412881628809
1384 7.309008301116338
1385 6.900822495655273
1386 7.072301214680967
1387 7.982820931817093
1388 7.459251989616748
1389 6.5636234363138835
1390 6.113302586447666
1391 6.679911484363354
1392 6.613105445556387
1393 6.655171726725556
1394 6.843036295183527
1395 6.831821043044587
1396 6.710948126961415
1397 6.792551326747824
1398 6.423751898628741
1399 6.352040926447284
1400 6.3353068485633015
1401 7.301323666233145
1402 6.67404472152155
1403 6.280383353648079
1404 6.772193617091495
1405 6.603322871520775
1406 6.264693872729004
1407 6.684358735558156
1408 6.668385752999526
1409 6.885855047046467
1410 7.132929043768191
1411 7.366571307311437
1412 7.698144457116832
1413 7.323679664364146
1414 6.2397060364785855
1415 6.600452510192496
1416 6.581026252533808
1417 6.742952829378366
1418 7.8152357849034075
1419 7.561206736581169
1420 6.4584447813015355
1421 6.540925163126652
1422 6.421223092404102
1423 6.601637749200382
1424 6.993488302075162
1425 6.377960207661554
1426 6.269184275729158
1427 7.4625687845492985
1428 7.468939289843702
1429 6.67532426620664
1430 7.282742362198277
1431 7.579050057430375
1432 7.205977147642128
1433 6.876898164426938
1434 7.607483107507601
1435 7.581827921216243
1436 7.149289807552328
1437 6.951895668761747
1438 7.284939210741407
1439 6.9706062926717465
1440 6.781089526201189
1441 6.723523639621555
1442 6.053707898724503
1443 7.331254447547617
1444 7.4510571934528285
1445 6.833739676828057
1446 6.204351986712635
1447 7.082358905310456
1448 7.435126767895765
1449 7.799043564087371
1450 6.761694694825984
1451 6.68481500301444
1452 6.973177437496975
1453 6.604575392498047
1454 6.619013697215148
1455 5.95072648490146
1456 5.719928147311679
1457 5.725757173596325
1458 6.153355705355598
1459 5.790720376334754
1460 4.937531092455528
1461 6.228192165301577
1462 6.227165593996201
1463 7.114846432415765
1464 6.981066887550896
1465 7.375784612149111
1466 7.4540113543127715
1467 7.048068152818179
1468 6.144540495871089
1469 6.398964030676206
1470 6.139118972216857
1471 5.8800291061879895
1472 6.603248936020974
1473 6.924720083419812
1474 6.529721566339694
1475 5.7330079294906415
1476 6.690480194254924
1477 6.85125052468435
1478 6.729974167272502
1479 7.087066413932906
1480 7.602310958688656
1481 7.970114999902831
1482 7.896271449538998
1483 7.429671420568885
1484 9.462637358298268
1485 8.064016642572264
1486 7.209003778923746
1487 7.438124692845766
1488 7.977245536812156
1489 8.300217172235905
1490 8.29757149017567
1491 8.996650669399738
1492 8.78119597621518
1493 9.15447662100399
1494 8.186632837121145
1495 8.326798570698513
1496 8.032656890866058
1497 7.788833835120667
1498 8.633193231320273
1499 8.019065989971166
1500 6.985568972627785
1501 7.285242561124633
1502 7.12066267063901
1503 7.86670715928611
1504 7.549933625077773
1505 7.852558652399854
1506 8.118951831970422
1507 7.379974034683949
1508 7.856122529481459
1509 7.626073322976873
1510 7.569054372507015
1511 7.129287487261618
1512 7.014065425443713
1513 7.327411049060159
1514 7.921079329791213
1515 8.714175573403244
1516 8.692890905295176
1517 8.46578882531489
1518 7.883418214103289
1519 7.781560980361357
1520 8.886995508021434
1521 7.852737064077874
1522 7.997966797629462
1523 8.408276081860043
1524 8.705765707397369
1525 8.247849311171283
1526 8.324335954971119
1527 8.464789115971453
1528 8.407295252769185
1529 8.37503631840459
1530 8.322261925826519
1531 8.43988100857663
1532 8.28718784691646
1533 7.955346651772175
1534 7.931248426608337
1535 9.05621868582976
1536 7.890554484166332
1537 8.285643330952396
1538 7.974726454568368
1539 7.390858725484796
1540 8.139815606967186
1541 7.360989347120788
1542 6.8427979331794235
1543 7.053986206779025
1544 7.52750449615824
1545 6.7717491839609405
1546 7.147730596563944
1547 7.0684472758886905
1548 7.105821686951916
1549 7.030064497316302
1550 7.425617082582903
1551 7.179947903341865
1552 7.185648668763551
1553 7.771206719736667
1554 8.050995831555227
1555 7.692869999499298
1556 8.458127189929366
1557 7.861061218970714
1558 7.527155984871195
1559 7.336317785064852
1560 7.950983043860031
1561 7.692874469345112
1562 7.7567145043634165
1563 7.673944844951562
1564 6.661963015372116
1565 7.437371822791196
1566 7.367020622509181
1567 7.222294087203969
1568 7.2680018918553895
1569 7.505798485800641
1570 7.134194885230319
1571 7.5213741652592825
1572 7.583797916860665
1573 7.6557557771707145
1574 7.580051753709541
1575 7.43397344864723
1576 7.228591073738706
1577 7.980426834739757
1578 8.292623352653859
1579 8.723984628236447
1580 8.584422662383075
1581 9.123351122169476
1582 8.920364904699309
1583 9.161484948938798
1584 8.849492356349838
1585 8.877640469249794
1586 9.335506017985383
1587 8.477355334029465
1588 9.034540803238528
1589 9.318765603710355
1590 9.79801232144375
1591 9.371115117935993
1592 8.657997427555642
1593 8.50469280533925
1594 8.65126293029496
1595 9.487316563388186
1596 8.984729351716314
1597 9.303830416775812
1598 9.529766838412076
1599 8.539218438173949
1600 9.604859507913545
1601 9.026113734869964
1602 9.105341474963698
1603 8.934755262785606
1604 9.0633266775533
1605 9.712003886654449
1606 9.831467178591048
1607 10.079028057163653
1608 9.517949780570282
1609 11.064029755286876
1610 10.567589060294386
1611 10.594101338834763
1612 9.36771184774938
1613 10.361959147539382
1614 10.436517101901066
1615 9.454281126611047
1616 9.711653859077506
1617 9.291504781092542
1618 9.679292517019713
1619 8.943443012555072
1620 9.715806583688709
1621 9.931527273698538
1622 9.242980954902848
1623 10.439577863732127
1624 10.264508123150103
1625 10.502788396129295
1626 10.59511383398083
1627 9.850191755457958
1628 10.48651399604808
1629 10.400670774422357
1630 9.162612637926834
1631 9.456504561725424
1632 9.882879673256314
1633 9.132111533171445
1634 9.383164595775794
1635 8.752600043559672
1636 9.304637863239218
1637 9.12208828534803
1638 9.888435464214957
1639 10.316993164803318
1640 9.825568421186906
1641 9.836042278694924
1642 9.7277321477406
1643 9.243964553518676
1644 9.21465596598047
1645 10.404301910276068
1646 9.863059233103634
1647 10.496199694924522
1648 11.073737748022376
1649 10.456687920876218
1650 9.918798879982097
1651 9.804532100669997
1652 9.933100302591425
1653 9.498490187143757
1654 9.780861579618891
1655 9.761172781081608
1656 9.095568681999813
1657 9.05537654057371
1658 9.401522758506736
1659 10.031357905128088
1660 8.938638914935705
1661 9.382986232098508
1662 11.149035659643186
1663 11.442926962634967
1664 10.368779520570959
1665 11.65394698618339
1666 11.579076954995545
1667 9.739299049412608
1668 11.059240896276476
1669 10.669814430192277
1670 12.07524385685316
1671 10.577751077025042
1672 12.586249850419842
1673 12.575678788461458
1674 12.007630838771453
1675 11.361140263726739
1676 12.432764923863246
1677 12.237722264015101
1678 11.960815857449155
1679 11.91899985910007
1680 10.614459716119583
1681 11.138464855253122
1682 11.276423520934015
1683 11.273503491654221
1684 11.168730779958937
1685 12.257561815957692
1686 12.001702672207799
1687 11.236646184690114
1688 11.928260696281063
1689 12.006746035454514
1690 12.464936707556095
1691 11.376001705963631
1692 12.680409373786189
1693 12.77768040755443
1694 12.133579978919238
1695 12.35361046328336
1696 12.768154548092971
1697 12.154264768010908
1698 12.549321930226693
1699 12.30169111056849
1700 12.234979136375337
1701 12.671045037506103
1702 11.90665227446775
1703 11.945945045740334
1704 14.261614444936768
1705 14.344268790967638
1706 15.100184972383346
1707 14.892160473987696
1708 14.528870086594639
1709 14.022101199581423
1710 15.089156248619489
1711 15.560624682288397
1712 14.75962661011412
1713 15.229668551205549
1714 15.36545662961687
1715 15.482306798597492
1716 16.261853094328714
1717 15.530505104214829
1718 15.45672210125532
1719 15.876718599370594
1720 15.0345885781322
1721 15.56685221834932
1722 14.773330101355532
1723 15.306290173782338
1724 14.853818060672378
1725 13.931810661965288
1726 15.121458390669432
1727 15.969426907883344
1728 15.858365332426564
1729 15.739674464015522
1730 15.42217790694569
1731 15.45467334309202
1732 14.513845447805094
1733 15.264373815805797
1734 14.942762842162162
1735 15.436830222984376
1736 14.534713336377562
1737 14.508734136133045
1738 14.918433844089954
1739 15.80211557539505
1740 15.938791133569156
1741 15.13634604910204
1742 16.542436482186687
1743 15.944061378653966
1744 15.671973103545772
1745 15.011214008088746
1746 15.42809587791052
1747 16.071354909683215
1748 15.927722852043155
1749 14.85063511265948
1750 14.670822921253203
1751 15.749492886182408
1752 15.978807879672889
1753 16.367184087144043
1754 16.13774312917622
1755 16.020483760250038
1756 16.11808882471484
1757 15.743507636203672
1758 16.899781434629798
1759 16.427526326548232
1760 17.15742372161564
1761 16.473698366957322
1762 17.419874679267703
1763 17.395949501626824
1764 16.22489795307368
1765 17.207388060062176
1766 17.01115926970173
1767 15.811736690153516
1768 16.585442813266916
1769 17.195382066963926
1770 17.068276750252423
1771 17.21357805575088
1772 18.321724989906627
1773 17.979557313787083
1774 17.53015793515932
1775 17.497710250271908
1776 16.685729737156013
1777 17.060685258176118
1778 18.05810660056222
1779 18.386566985559792
1780 17.96632702573426
1781 17.401121016965522
1782 16.940829033260485
1783 17.596093822326957
1784 17.24036537202966
1785 17.043761438717176
1786 17.33438223077187
1787 17.68295942870997
1788 18.56515092646081
1789 18.51985790768231
1790 18.6151609891689
1791 18.50292617961189
1792 18.643936985690026
1793 18.461463963990067
1794 18.378328051416194
1795 18.976718048080137
1796 19.098178232717462
1797 18.55612685529073
1798 18.140971959814856
1799 18.309518228834367
1800 18.18297777474764
1801 18.337160742284645
1802 18.40430829760367
1803 17.453981340094458
1804 17.462127555639867
1805 17.950073237972155
1806 18.407680368444087
1807 18.214445661177514
1808 18.004208019283514
1809 17.615466185819606
1810 18.096319042782046
1811 17.737787908018
1812 17.934996425909816
1813 17.84620468306447
1814 18.042040150781897
1815 17.764125267895043
1816 18.383243495768372
1817 17.702181821902574
1818 16.795658573171995
1819 18.10816065259897
1820 17.936529206735404
1821 18.058779095914932
1822 18.285290014302095
1823 19.379888168786106
1824 18.94514475273639
1825 18.728834136282156
1826 19.016100261697424
1827 19.421791528046317
1828 18.93665776734434
1829 18.724553525225826
1830 19.160881275053427
1831 17.969498596358438
1832 18.91651408069518
1833 19.145925649311163
1834 19.066788043801832
1835 19.68748258655316
1836 18.984871183175052
1837 18.84636802784306
1838 18.80769607416771
1839 19.516682311491326
1840 18.248461505469272
1841 19.14919907791663
1842 18.49845350475319
1843 17.98401052093077
1844 17.885884081260897
1845 17.55165701256109
1846 17.96360957423283
1847 17.817541815964418
1848 18.362561581385968
1849 18.336906794969714
1850 19.009992358396033
1851 18.45844314133565
1852 19.546296580038952
1853 19.395318346964697
1854 19.932918927345
1855 19.620334934673384
1856 20.387449857913516
1857 20.90304686784637
1858 20.3027467984157
1859 19.65075399646254
1860 20.497526046451533
1861 19.996933317545125
1862 19.94589094079795
1863 19.79947855502047
1864 19.564482448144016
1865 20.332380003609035
1866 19.519054870909926
1867 19.35339813388429
1868 19.6015001684512
1869 19.582614862356195
1870 19.81280762521685
1871 20.17804147017943
1872 20.58340616918465
1873 20.26127394497314
1874 19.205107110101984
1875 19.960489887628952
1876 20.849655727228637
1877 19.95624680419896
1878 19.214453855918592
1879 20.37934177831795
1880 19.538997170873795
1881 20.70099394933856
1882 21.339249236978137
1883 20.482789372113555
1884 20.747534323371447
1885 21.12547708391319
1886 20.57758951140575
1887 20.44086071991095
1888 20.06877813192685
1889 20.20536236562617
1890 20.50868649944423
1891 20.01291290859556
1892 19.926418483252608
1893 19.68838445909293
1894 20.091503137875986
1895 18.76523495731867
1896 19.504055398698835
1897 20.302359791373487
1898 19.66505941690116
1899 19.767159630882333
1900 19.249779714151803
1901 20.31028588586488
1902 21.099291923782516
1903 20.70654053333189
1904 21.418662825706885
1905 21.020399157210097
1906 20.45352516406849
1907 20.57251896010184
1908 20.29693473410431
1909 21.04784194632426
1910 20.816930594938647
1911 20.556995647768858
1912 20.663056807605514
1913 20.411062427853956
1914 20.07481621527897
1915 20.495469019788263
1916 20.518792360762934
1917 20.923895591917898
1918 20.28874712978515
1919 20.59446833078526
1920 20.63247972049676
1921 20.471242590847904
1922 19.94932021671501
1923 20.493709086099365
1924 21.25561116674266
1925 21.409297512597142
1926 22.398713244543398
1927 22.04273441997899
1928 21.70957470514515
1929 22.278423190463144
1930 21.90691226920815
1931 22.117271108065697
1932 21.799896278818828
1933 22.851823405034832
1934 22.63645950716614
1935 23.471384790477217
1936 22.277549364508896
1937 21.933405574777208
1938 21.61596242447561
1939 21.428448108114292
1940 21.86554604235317
1941 22.21310167190332
1942 21.802326116340318
1943 22.16441332338007
1944 21.558202697116005
1945 21.677016442890697
1946 22.597755628018195
1947 22.118126200821486
1948 21.62098746608207
1949 21.864560394116843
1950 21.941262626676725
1951 22.241095057247094
1952 21.29502518479739
1953 21.21567410615452
1954 21.002710117030382
1955 20.079322886933088
1956 21.126750152405016
1957 20.747556496430672
1958 20.17673984532097
1959 21.61739316387018
1960 22.18666331062323
1961 21.757161514496513
1962 21.03230889300772
1963 22.138236816847037
1964 22.329758919177234
1965 22.044688842203772
1966 22.416645357849003
1967 21.99596713204963
1968 21.50901569459231
1969 22.105048630252703
1970 22.171291388389015
1971 23.676505488629203
1972 22.796542164603913
1973 22.980873301457432
1974 21.76959067005793
1975 22.014527496556358
1976 21.451548230371667
1977 21.555354471696496
1978 21.57388349863668
1979 21.235452717807675
1980 20.928638526208417
1981 20.847082919912516
1982 21.332170766155105
1983 19.79345261975534
1984 21.238743278011427
1985 21.028946963392546
1986 20.197794800370545
1987 19.2070505425599
1988 19.73466432373613
1989 18.882450801080626
1990 19.75167440764866
1991 19.665572724737547
1992 19.34179959858888
1993 19.597317260584358
1994 18.95730663158553
1995 19.01554414560301
1996 19.43522225422927
1997 19.2007985837698
1998 18.057661936714656
1999 19.50702327617776
