0 0.0
1 0.4770203232765198
2 0.9033918976783752
3 1.0416007041931152
4 0.6077003479003906
5 1.1676679849624634
6 1.2783066034317017
7 0.5736760497093201
8 0.853492021560669
9 1.2070269584655762
10 0.8476876616477966
11 0.8783788681030273
12 0.2817789316177368
13 0.5995900630950928
14 0.801720917224884
15 0.3727545440196991
16 0.655911922454834
17 0.795957088470459
18 0.5160155892372131
19 0.7835424542427063
20 0.9561493396759033
21 0.7320389747619629
22 0.6530741453170776
23 0.8500939607620239
24 0.6953586339950562
25 0.48335787653923035
26 0.7055259346961975
27 1.2847188711166382
28 0.8841908574104309
29 0.8277056217193604
30 0.5240987539291382
31 0.5451360940933228
32 0.8699812293052673
33 0.7646346092224121
34 0.6860408186912537
35 0.9094716310501099
36 0.8014793395996094
37 0.812300980091095
38 0.8700519800186157
39 0.765420138835907
40 0.6183876991271973
41 0.48364952206611633
42 0.4166506826877594
43 0.6406795382499695
44 0.9278586506843567
45 0.883047878742218
46 0.9430012106895447
47 0.7889170050621033
48 0.42961418628692627
49 0.7971007227897644
50 1.1212794780731201
51 0.635510265827179
52 0.730705976486206
53 0.6281323432922363
54 0.6470361351966858
55 0.5121251940727234
56 1.1692839860916138
57 0.9082460999488831
58 1.0551269054412842
59 0.982875645160675
60 0.7264931797981262
61 0.4621112644672394
62 0.5231559872627258
63 0.7588673233985901
64 0.44712555408477783
65 0.6914525628089905
66 0.693405270576477
67 0.9101806879043579
68 0.9951660633087158
69 0.9466863870620728
70 0.7388503551483154
71 0.9417389631271362
72 1.0580190420150757
73 1.033859133720398
74 1.1900582313537598
75 1.1115714311599731
76 1.3607640266418457
77 1.4642702341079712
78 0.9582773447036743
79 1.0979523658752441
80 0.6929843425750732
81 0.7703111171722412
82 1.1690728664398193
83 0.9795065522193909
84 0.707022488117218
85 1.1877392530441284
86 0.7688810229301453
87 1.111437201499939
88 1.1642839908599854
89 0.9965571761131287
90 0.8712137341499329
91 0.38151127099990845
92 0.944932758808136
93 0.6899933218955994
94 0.7903361916542053
95 1.5013798475265503
96 1.0364826917648315
97 1.5183601379394531
98 1.17523193359375
99 0.9393054842948914
100 1.420252799987793
101 1.1938440799713135
102 0.7442253232002258
103 1.0359890460968018
104 0.8945499062538147
105 0.5284422039985657
106 0.7387513518333435
107 1.2134640216827393
108 1.0708770751953125
109 1.299778938293457
110 0.7076876759529114
111 1.0227748155593872
112 0.7659808397293091
113 1.3423842191696167
114 1.4706076383590698
115 0.7271034121513367
116 1.4860994815826416
117 1.3749370574951172
118 1.0531902313232422
119 1.1926345825195313
120 0.9824292063713074
121 1.0024774074554443
122 1.3208423852920532
123 1.2788492441177368
124 0.9433059692382813
125 0.6066654324531555
126 1.0190138816833496
127 0.8808382749557495
128 0.8172062635421753
129 0.7954888939857483
130 0.6396365165710449
131 0.8436814546585083
132 0.8789986968040466
133 1.666926622390747
134 1.0587905645370483
135 0.7060747742652893
136 0.9509670734405518
137 0.7141183018684387
138 1.4283936023712158
139 0.8567281365394592
140 1.0902117490768433
141 1.3161104917526245
142 1.252519130706787
143 1.0001248121261597
144 0.8514821529388428
145 0.8077390789985657
146 0.9216974973678589
147 1.1631332635879517
148 1.0853652954101563
149 1.0734919309616089
150 0.6615359783172607
151 1.0414937734603882
152 0.4227124750614166
153 1.186232328414917
154 0.7811598181724548
155 1.1377240419387817
156 0.7304733991622925
157 0.8155975341796875
158 0.7775646448135376
159 1.007118582725525
160 0.6486366391181946
161 0.6894097328186035
162 0.5510189533233643
163 0.5814247131347656
164 0.6839905977249146
165 1.0004165172576904
166 0.810746967792511
167 1.0160093307495117
168 0.8472811579704285
169 0.9137280583381653
170 0.53237384557724
171 0.7965466976165771
172 1.1828794479370117
173 1.1272021532058716
174 1.0197299718856812
175 1.2150256633758545
176 1.5121248960494995
177 1.39470636844635
178 1.1426011323928833
179 1.161800742149353
180 0.8737426996231079
181 0.8375972509384155
182 0.7917459011077881
183 0.6052370667457581
184 1.0597314834594727
185 0.9007472991943359
186 1.2783015966415405
187 1.1117017269134521
188 1.2059669494628906
189 0.8536669015884399
190 1.1884057521820068
191 0.5817608833312988
192 1.2895599603652954
193 0.8720723986625671
194 1.109069585800171
195 1.2227842807769775
196 1.206138253211975
197 0.7164437770843506
198 0.881946325302124
199 0.8586934208869934
200 0.7411109209060669
201 0.9693647027015686
202 0.781400740146637
203 0.5208873748779297
204 1.249279260635376
205 0.9813688397407532
206 1.080066204071045
207 0.813833475112915
208 1.0575870275497437
209 0.999519407749176
210 1.2994844913482666
211 1.2252991199493408
212 0.6060223579406738
213 1.1527749300003052
214 1.5175225734710693
215 1.200194239616394
216 0.8663182258605957
217 0.7826495170593262
218 1.3325321674346924
219 1.0450226068496704
220 1.7184641361236572
221 0.8680114150047302
222 0.8172789812088013
223 1.4889684915542603
224 1.2101103067398071
225 0.8940345644950867
226 0.7480660676956177
227 1.1902918815612793
228 0.35876035690307617
229 0.9380266666412354
230 1.2195121049880981
231 1.3889979124069214
232 1.3000502586364746
233 1.549687385559082
234 0.7940056324005127
235 0.8734977841377258
236 0.7596266269683838
237 0.8099808692932129
238 1.300102710723877
239 0.9709485173225403
240 0.9297845363616943
241 0.929868221282959
242 0.6042047739028931
243 1.0186678171157837
244 0.708436131477356
245 0.9901894927024841
246 1.1585198640823364
247 1.2889655828475952
248 1.4691286087036133
249 0.9984446167945862
250 1.1221022605895996
251 0.9442725777626038
252 1.1142082214355469
253 0.6936047077178955
254 1.085846185684204
255 0.4855177402496338
256 0.792813241481781
257 1.2003474235534668
258 1.3798328638076782
259 1.2597070932388306
260 1.1919454336166382
261 0.9593210220336914
262 0.9488376379013062
263 1.261170506477356
264 0.8614380955696106
265 1.0839377641677856
266 1.3733232021331787
267 0.8561769723892212
268 0.9759501814842224
269 1.0956670045852661
270 1.14285409450531
271 0.8953888416290283
272 0.7500102519989014
273 0.8158259987831116
274 0.569383978843689
275 0.9123131036758423
276 0.931126058101654
277 0.5270490646362305
278 0.5935957431793213
279 0.8975842595100403
280 0.700130820274353
281 0.6367619037628174
282 0.3537321984767914
283 0.8856178522109985
284 0.6170720458030701
285 0.9250339269638062
286 0.7935212254524231
287 0.881869912147522
288 0.7043215036392212
289 1.120409607887268
290 0.6740884184837341
291 0.5657206773757935
292 0.45076364278793335
293 0.9031537771224976
294 1.0080093145370483
295 0.8109237551689148
296 1.6775414943695068
297 0.9509273767471313
298 0.9371126890182495
299 1.1778442859649658
300 1.5059664249420166
301 0.47293028235435486
302 0.7943576574325562
303 0.8771367073059082
304 0.5754976272583008
305 1.2007126808166504
306 1.0015147924423218
307 0.41755035519599915
308 0.42262014746665955
309 1.0571895837783813
310 1.0284461975097656
311 0.6037529110908508
312 1.6417628526687622
313 0.8771898746490479
314 1.2486176490783691
315 0.7858008146286011
316 0.9851278066635132
317 0.7858949899673462
318 0.6217818856239319
319 0.5638867020606995
320 0.7650035619735718
321 0.5886081457138062
322 0.6492249965667725
323 0.5978542566299438
324 0.289104700088501
325 0.6052022576332092
326 0.6377028226852417
327 0.749576210975647
328 0.5783967971801758
329 1.0476317405700684
330 0.7300193309783936
331 0.8179606795310974
332 0.528047502040863
333 1.0748980045318604
334 0.978007435798645
335 0.8414028286933899
336 1.0480945110321045
337 0.9522979259490967
338 0.6841249465942383
339 0.8711876273155212
340 0.4558408856391907
341 0.6558799147605896
342 0.7842673063278198
343 0.9413167238235474
344 0.38055163621902466
345 0.7495301365852356
346 0.7671505808830261
347 0.3155960142612457
348 1.0760334730148315
349 0.7223559021949768
350 0.7883058190345764
351 0.7016643285751343
352 0.7345061898231506
353 0.4998107850551605
354 0.5547665357589722
355 0.8820583820343018
356 0.4644013047218323
357 0.9028401970863342
358 0.5638470649719238
359 0.7182384133338928
360 0.7482401728630066
361 0.6999753713607788
362 0.7177653908729553
363 0.6190624237060547
364 0.9403369426727295
365 1.0449175834655762
366 1.0747836828231812
367 0.7881651520729065
368 1.0052865743637085
369 1.179779291152954
370 0.966083288192749
371 1.4461345672607422
372 0.6551918387413025
373 1.3157577514648438
374 0.6561756134033203
375 0.6291868090629578
376 0.9407931566238403
377 1.0946288108825684
378 0.7426406741142273
379 0.8599979877471924
380 0.530785083770752
381 1.0667959451675415
382 0.8930169939994812
383 1.1166858673095703
384 1.001119613647461
385 0.9108440279960632
386 1.0759656429290771
387 0.7742428183555603
388 0.9386199116706848
389 0.9557221531867981
390 0.4685998857021332
391 0.9934799671173096
392 0.8222410678863525
393 0.7806753516197205
394 0.928009033203125
395 0.9246607422828674
396 1.3013393878936768
397 0.7540305256843567
398 0.9639377593994141
399 0.6214866042137146
400 1.064777135848999
401 0.9464330077171326
402 0.8402438163757324
403 0.7365642189979553
404 0.9799074530601501
405 0.9024425745010376
406 0.5910032391548157
407 0.7400549650192261
408 0.6663826107978821
409 0.971322774887085
410 0.8686009049415588
411 0.8313782811164856
412 0.7188560366630554
413 0.7856569290161133
414 0.5160688757896423
415 0.9216185808181763
416 0.827320396900177
417 0.7403335571289063
418 0.43352290987968445
419 0.9734023809432983
420 0.8501867651939392
421 0.5808343291282654
422 1.2081468105316162
423 1.0432689189910889
424 0.5897496342658997
425 0.6035779118537903
426 0.7247897982597351
427 0.8216266632080078
428 1.1696051359176636
429 0.9864403605461121
430 0.8692995309829712
431 0.8304354548454285
432 1.1858365535736084
433 0.9588919878005981
434 0.9214944243431091
435 0.791610598564148
436 1.0279806852340698
437 0.610129714012146
438 0.7278463840484619
439 0.8693044185638428
440 0.7537386417388916
441 1.041968584060669
442 0.6041871309280396
443 1.2089242935180664
444 0.7473687529563904
445 0.8060855269432068
446 0.6645363569259644
447 0.6642937660217285
448 0.6306881904602051
449 0.5304917097091675
450 0.928023099899292
451 0.9576372504234314
452 1.0254230499267578
453 1.2997066974639893
454 1.300666093826294
455 0.906461775302887
456 1.3968082666397095
457 1.6359386444091797
458 0.9670405387878418
459 0.7149673104286194
460 0.8967104554176331
461 0.6074004173278809
462 1.0049195289611816
463 1.0441303253173828
464 0.9672496914863586
465 1.1844661235809326
466 1.1565883159637451
467 0.853323757648468
468 1.0654274225234985
469 0.6686171889305115
470 0.9039149880409241
471 0.7662099599838257
472 0.46510785818099976
473 0.5448830723762512
474 0.6832444071769714
475 1.3577651977539063
476 1.0945162773132324
477 0.5754000544548035
478 0.8745691180229187
479 1.2493791580200195
480 0.6830594539642334
481 0.46963992714881897
482 0.8967183828353882
483 0.8172456622123718
484 1.0806633234024048
485 0.9735723733901978
486 0.7322852611541748
487 0.8847574591636658
488 1.011522650718689
489 1.0891691446304321
490 1.263117790222168
491 0.8946287035942078
492 0.9810446500778198
493 0.56340092420578
494 0.8008955717086792
495 1.097827434539795
496 1.0893418788909912
497 0.9363529682159424
498 0.5961586833000183
499 0.9066601395606995
500 1.1085034608840942
501 1.0982474088668823
502 0.5241755843162537
503 1.1356053352355957
504 0.6421515941619873
505 1.0493725538253784
506 1.1026490926742554
507 1.0602729320526123
508 0.3291085958480835
509 0.5670655965805054
510 0.6240661144256592
511 0.57606041431427
512 1.0182104110717773
513 0.6205740571022034
514 1.024078369140625
515 0.861098051071167
516 1.3131263256072998
517 1.069803237915039
518 0.8073891997337341
519 1.3092360496520996
520 1.1342111825942993
521 0.9262181520462036
522 0.788478672504425
523 1.0849897861480713
524 0.3894822299480438
525 0.7022606730461121
526 0.8574144244194031
527 0.3919542729854584
528 0.5949849486351013
529 1.0118603706359863
530 0.7509534358978271
531 1.1423529386520386
532 0.4997422695159912
533 1.1864618062973022
534 0.6813753843307495
535 0.4123777747154236
536 0.9094305038452148
537 0.5992487072944641
538 0.7124295234680176
539 0.823521077632904
540 1.1804763078689575
541 1.1471236944198608
542 0.9119558334350586
543 0.9245437383651733
544 0.7856968641281128
545 1.0071660280227661
546 1.0318576097488403
547 1.1782310009002686
548 0.8733335137367249
549 1.3702329397201538
550 1.488501787185669
551 0.8012719750404358
552 0.7416467666625977
553 0.5781389474868774
554 0.8793544173240662
555 1.1169722080230713
556 0.8517325520515442
557 0.9556217789649963
558 1.0185680389404297
559 0.9641575217247009
560 1.36307692527771
561 1.0469862222671509
562 1.2350380420684814
563 0.742276132106781
564 1.3042066097259521
565 1.0443809032440186
566 1.1806830167770386
567 1.1545305252075195
568 1.0697177648544312
569 0.8580251932144165
570 0.9594019055366516
571 0.8613868951797485
572 1.2260626554489136
573 0.9456518292427063
574 0.9702412486076355
575 1.2749295234680176
576 1.1161205768585205
577 1.3782625198364258
578 1.3789480924606323
579 1.1246967315673828
580 1.007940649986267
581 0.9991495013237
582 0.9838849902153015
583 1.345467209815979
584 1.2281830310821533
585 0.8757573366165161
586 1.1121639013290405
587 1.2833079099655151
588 0.86346435546875
589 1.4959180355072021
590 1.265629768371582
591 1.3105822801589966
592 0.8963289260864258
593 1.1192808151245117
594 0.9626188278198242
595 0.6085781455039978
596 0.6839087605476379
597 0.9720542430877686
598 0.9547067880630493
599 0.9174814224243164
600 0.5588459372520447
601 0.7826762199401855
602 0.9684627056121826
603 0.970720648765564
604 1.0302491188049316
605 1.2186959981918335
606 0.5696700215339661
607 1.0672110319137573
608 0.9369691014289856
609 1.1047532558441162
610 0.6980608105659485
611 1.1149280071258545
612 1.3175429105758667
613 1.2021209001541138
614 1.2927523851394653
615 0.8291750550270081
616 1.3140887022018433
617 1.2904515266418457
618 1.3905543088912964
619 1.2961946725845337
620 1.008060097694397
621 1.2600573301315308
622 0.9539602994918823
623 0.9291158318519592
624 1.2703893184661865
625 1.7049177885055542
626 1.0836772918701172
627 1.2531052827835083
628 1.039852499961853
629 1.1280550956726074
630 1.048724889755249
631 0.8007698655128479
632 0.9863706231117249
633 1.2164336442947388
634 1.142594814300537
635 1.3051074743270874
636 1.4355311393737793
637 1.3238834142684937
638 0.6978236436843872
639 1.145846962928772
640 0.8585950136184692
641 1.273911952972412
642 1.2102389335632324
643 1.2101835012435913
644 0.8950203061103821
645 0.9944976568222046
646 0.9205520153045654
647 0.8133215308189392
648 0.8874661326408386
649 1.112303614616394
650 1.1050676107406616
651 0.9275863766670227
652 1.0417927503585815
653 1.2981269359588623
654 1.2841455936431885
655 1.0365382432937622
656 0.9975306987762451
657 1.3139055967330933
658 1.2230833768844604
659 0.8993436098098755
660 1.1758553981781006
661 0.9335052967071533
662 1.027259111404419
663 0.9572387933731079
664 0.8750655055046082
665 1.374387502670288
666 1.0199496746063232
667 0.7641140818595886
668 1.0138264894485474
669 0.8639192581176758
670 0.8549113273620605
671 1.0277304649353027
672 1.1338963508605957
673 0.9599562883377075
674 0.9819188714027405
675 0.8748010993003845
676 0.9967289566993713
677 1.184509515762329
678 1.1512078046798706
679 0.8157402276992798
680 1.0874775648117065
681 0.8682978749275208
682 1.3814607858657837
683 0.7784034609794617
684 0.9066745638847351
685 0.7782206535339355
686 0.9181358814239502
687 1.0237987041473389
688 0.9277050495147705
689 1.1475082635879517
690 0.5729073286056519
691 1.1666417121887207
692 0.9485333561897278
693 0.6451305747032166
694 1.2179988622665405
695 0.8021460771560669
696 0.9064448475837708
697 1.055071473121643
698 1.1152660846710205
699 0.8289915919303894
700 1.153213381767273
701 0.8580443859100342
702 0.39287069439888
703 0.6756053566932678
704 0.742897629737854
705 0.872048020362854
706 0.8202996253967285
707 0.35042256116867065
708 0.6104235649108887
709 0.8480914831161499
710 0.828819751739502
711 0.718975841999054
712 0.7763915061950684
713 0.9180617332458496
714 0.9260443449020386
715 0.9134053587913513
716 1.079171895980835
717 0.8797281980514526
718 1.1793897151947021
719 0.8992369174957275
720 0.7780259847640991
721 0.9521766304969788
722 0.7953682541847229
723 0.5867060422897339
724 0.571361780166626
725 0.5544046759605408
726 1.0652748346328735
727 0.4100421071052551
728 0.8387441635131836
729 0.8683408498764038
730 0.9275634288787842
731 0.6825622320175171
732 1.0225263833999634
733 0.9688132405281067
734 0.8777256608009338
735 0.8138912916183472
736 1.1259055137634277
737 1.3979312181472778
738 1.0925803184509277
739 0.8825839757919312
740 1.0585980415344238
741 1.098004937171936
742 1.367101788520813
743 1.0114037990570068
744 1.0180213451385498
745 0.7995666861534119
746 0.9790688157081604
747 1.0078468322753906
748 0.9610569477081299
749 1.489903211593628
750 1.2055330276489258
751 0.9637946486473083
752 1.3223974704742432
753 0.859471321105957
754 1.2489607334136963
755 1.0837485790252686
756 1.4757674932479858
757 0.8447086811065674
758 1.1381241083145142
759 1.0852864980697632
760 1.0734059810638428
761 1.4284251928329468
762 1.1009337902069092
763 0.9920575618743896
764 1.4722014665603638
765 0.9183667898178101
766 0.9243300557136536
767 0.9141694903373718
768 0.843346893787384
769 0.9071696400642395
770 0.9059188961982727
771 0.7736498117446899
772 1.1804357767105103
773 1.0248627662658691
774 1.638990879058838
775 1.1228853464126587
776 0.9636961221694946
777 1.0065042972564697
778 0.724458634853363
779 1.3020203113555908
780 0.8586196303367615
781 0.8904739618301392
782 0.78465735912323
783 1.0367037057876587
784 1.4509530067443848
785 1.0673624277114868
786 0.9499473571777344
787 1.359571099281311
788 0.8563267588615417
789 0.9641448259353638
790 0.7185494303703308
791 0.9074805378913879
792 0.7976813316345215
793 1.2098335027694702
794 1.2435377836227417
795 1.192895770072937
796 0.7637447118759155
797 0.9005305171012878
798 0.873002827167511
799 1.1912909746170044
800 1.1201618909835815
801 1.0514780282974243
802 1.3271408081054688
803 1.2564141750335693
804 0.953721821308136
805 0.7494611144065857
806 1.1986273527145386
807 1.2661856412887573
808 1.5622177124023438
809 1.5293768644332886
810 1.51593017578125
811 1.3644779920578003
812 1.7273222208023071
813 1.6439133882522583
814 1.2478053569793701
815 1.3553085327148438
816 1.1793460845947266
817 0.9554536938667297
818 1.0321928262710571
819 1.057208776473999
820 1.6844645738601685
821 1.2555807828903198
822 1.1746525764465332
823 1.0320539474487305
824 1.3417829275131226
825 1.1269140243530273
826 1.1000646352767944
827 1.1459858417510986
828 1.631524682044983
829 1.2155147790908813
830 1.3595412969589233
831 1.113229513168335
832 1.4760700464248657
833 1.23194420337677
834 1.5958632230758667
835 1.6892764568328857
836 1.3032326698303223
837 0.794951319694519
838 1.3140301704406738
839 1.1965203285217285
840 0.9416075348854065
841 1.2446097135543823
842 0.9800091981887817
843 0.9850769639015198
844 0.9514105916023254
845 0.8299129009246826
846 0.8103951811790466
847 0.9663317799568176
848 1.1010771989822388
849 1.2308933734893799
850 1.4107314348220825
851 1.1076072454452515
852 1.2128715515136719
853 1.2550227642059326
854 0.8934101462364197
855 1.040927767753601
856 0.6439268589019775
857 1.0877492427825928
858 1.015681266784668
859 0.9165335893630981
860 1.0807253122329712
861 1.0278059244155884
862 1.2510457038879395
863 1.1378202438354492
864 1.041231632232666
865 1.3017455339431763
866 1.0346044301986694
867 1.2447668313980103
868 1.0734654664993286
869 1.380427360534668
870 1.30916166305542
871 1.1125835180282593
872 1.5310251712799072
873 1.3453532457351685
874 1.019478440284729
875 1.2752898931503296
876 0.8788934946060181
877 0.8291378021240234
878 1.3257778882980347
879 1.0916802883148193
880 1.1588232517242432
881 1.2935205698013306
882 1.2398580312728882
883 1.188799262046814
884 1.4725747108459473
885 1.365659236907959
886 0.7715560793876648
887 0.8849164843559265
888 0.9622073769569397
889 1.0966691970825195
890 1.1510951519012451
891 1.3534151315689087
892 1.092494010925293
893 1.3757624626159668
894 1.021061658859253
895 0.9606143832206726
896 1.2397167682647705
897 1.2494663000106812
898 1.288832187652588
899 0.9982481598854065
900 1.2847931385040283
901 1.2269575595855713
902 1.197877049446106
903 1.2245655059814453
904 1.4692368507385254
905 1.014882206916809
906 1.1335939168930054
907 1.1205497980117798
908 1.1069605350494385
909 1.4325575828552246
910 1.0964395999908447
911 1.435020923614502
912 1.0402343273162842
913 0.8488301634788513
914 1.464593529701233
915 0.9718637466430664
916 1.3339745998382568
917 1.1696276664733887
918 1.012821912765503
919 1.1911617517471313
920 0.8941978812217712
921 1.354038119316101
922 1.156044363975525
923 1.011290431022644
924 1.278320550918579
925 1.1011091470718384
926 1.3078354597091675
927 1.1268532276153564
928 1.379869818687439
929 0.9216563105583191
930 0.8201070427894592
931 0.707413911819458
932 1.3652712106704712
933 1.3843127489089966
934 1.310949444770813
935 1.1828383207321167
936 0.9490959048271179
937 1.6255139112472534
938 0.532200813293457
939 1.026997447013855
940 1.0905828475952148
941 1.0631862878799438
942 1.1087863445281982
943 1.4720715284347534
944 1.1559616327285767
945 1.122326374053955
946 1.4728254079818726
947 1.252448558807373
948 1.4972612857818604
949 1.517640233039856
950 1.466394305229187
951 1.367342233657837
952 1.1186299324035645
953 1.0513668060302734
954 1.5168588161468506
955 1.484217882156372
956 1.3457088470458984
957 1.0727314949035645
958 1.2191824913024902
959 1.1871532201766968
960 1.472301721572876
961 1.280033826828003
962 1.2081068754196167
963 0.8264650702476501
964 1.1904995441436768
965 0.9082092046737671
966 1.1471377611160278
967 0.6901237964630127
968 1.0649679899215698
969 1.1358965635299683
970 1.118544340133667
971 1.054018497467041
972 1.124907374382019
973 1.2594242095947266
974 1.2165124416351318
975 1.0792250633239746
976 1.1918022632598877
977 1.1058522462844849
978 1.4869556427001953
979 1.4882664680480957
980 1.3793097734451294
981 1.6246038675308228
982 1.0643954277038574
983 1.0498892068862915
984 1.420883297920227
985 1.4891629219055176
986 1.2516151666641235
987 0.5909274220466614
988 0.971545934677124
989 1.0224335193634033
990 0.7470610737800598
991 0.7784030437469482
992 0.9112712740898132
993 1.0126230716705322
994 0.9150335788726807
995 0.951168954372406
996 1.2111835479736328
997 1.3118808269500732
998 1.0547579526901245
999 0.934029757976532
1000 0.7602518796920776
1001 0.9440075159072876
1002 0.8122933506965637
1003 1.2918819189071655
1004 1.0892566442489624
1005 1.0776818990707397
1006 1.133854627609253
1007 0.9630254507064819
1008 0.7785318493843079
1009 0.9427729249000549
1010 0.7855724692344666
1011 0.8934341669082642
1012 1.1849288940429688
1013 0.7343162298202515
1014 0.9487931132316589
1015 1.1697264909744263
1016 1.1416893005371094
1017 0.9426687955856323
1018 1.0866729021072388
1019 0.8999326825141907
1020 1.2104488611221313
1021 0.8076057434082031
1022 0.9797022342681885
1023 1.10464608669281
1024 1.0082509517669678
1025 0.688220739364624
1026 0.8656091690063477
1027 0.6010217666625977
1028 0.5527257919311523
1029 0.9236899614334106
1030 1.1171178817749023
1031 0.6138436794281006
1032 0.6473143100738525
1033 0.7537333965301514
1034 0.44554874300956726
1035 0.8113212585449219
1036 0.724578320980072
1037 0.8165468573570251
1038 0.6564814448356628
1039 0.8184916377067566
1040 0.6480556726455688
1041 0.8807012438774109
1042 1.1054540872573853
1043 0.7913433909416199
1044 0.7598485946655273
1045 0.715093195438385
1046 0.9626094698905945
1047 1.0261547565460205
1048 0.9172548055648804
1049 1.0529342889785767
1050 0.6666452288627625
1051 0.6697064638137817
1052 0.5215874910354614
1053 0.9988347291946411
1054 0.9967451691627502
1055 1.1245460510253906
1056 1.2116914987564087
1057 0.8840805292129517
1058 0.8348904252052307
1059 1.1292102336883545
1060 0.9459065794944763
1061 1.0168899297714233
1062 0.8285857439041138
1063 0.733599066734314
1064 0.917185366153717
1065 0.7301249504089355
1066 1.1919244527816772
1067 0.43564754724502563
1068 1.0400300025939941
1069 0.7700350284576416
1070 1.2895382642745972
1071 0.9424445033073425
1072 1.221475601196289
1073 1.1477811336517334
1074 1.239399790763855
1075 0.8179365992546082
1076 0.9575622081756592
1077 1.1650446653366089
1078 0.9961010217666626
1079 1.190430998802185
1080 1.089769959449768
1081 1.076770544052124
1082 0.9833356142044067
1083 1.1201168298721313
1084 1.100717544555664
1085 0.9759154915809631
1086 1.266750693321228
1087 0.8698326349258423
1088 1.2100433111190796
1089 1.2501124143600464
1090 0.9097537994384766
1091 1.1401641368865967
1092 1.1934071779251099
1093 0.7791745662689209
1094 1.0244872570037842
1095 1.0771996974945068
1096 1.1781630516052246
1097 1.0451377630233765
1098 0.8528322577476501
1099 1.014500617980957
1100 0.6221161484718323
1101 1.2731423377990723
1102 1.0369189977645874
1103 0.8285210132598877
1104 0.894120991230011
1105 1.2251702547073364
1106 1.0930759906768799
1107 1.3462783098220825
1108 1.484822392463684
1109 1.6334633827209473
1110 1.1141297817230225
1111 1.0064347982406616
1112 1.1475847959518433
1113 1.2875440120697021
1114 1.2959485054016113
1115 1.2758630514144897
1116 0.9754878282546997
1117 1.036637544631958
1118 1.0530685186386108
1119 1.3207545280456543
1120 1.2162103652954102
1121 1.3395397663116455
1122 0.9260066747665405
1123 1.2998250722885132
1124 1.0959879159927368
1125 0.8411062955856323
1126 0.7238999009132385
1127 1.1441831588745117
1128 1.1232306957244873
1129 1.0983437299728394
1130 1.2472333908081055
1131 1.5778957605361938
1132 1.2888541221618652
1133 0.7867035269737244
1134 1.311063289642334
1135 1.1526601314544678
1136 1.2593857049942017
1137 1.1898099184036255
1138 1.0926635265350342
1139 1.3032807111740112
1140 1.3359253406524658
1141 1.5223056077957153
1142 1.0470213890075684
1143 1.2524957656860352
1144 1.1616919040679932
1145 1.3612239360809326
1146 1.0453673601150513
1147 1.2075376510620117
1148 1.1569045782089233
1149 0.9651336669921875
1150 1.1867866516113281
1151 1.3525317907333374
1152 1.2338695526123047
1153 1.2105188369750977
1154 1.405365228652954
1155 1.0921034812927246
1156 1.495162844657898
1157 1.1372331380844116
1158 1.1618030071258545
1159 1.250970721244812
1160 1.1578574180603027
1161 1.0974745750427246
1162 1.160929560661316
1163 1.245884656906128
1164 1.1718040704727173
1165 1.4797388315200806
1166 1.276995062828064
1167 1.3685270547866821
1168 1.4705305099487305
1169 1.562894344329834
1170 1.3899717330932617
1171 1.303619623184204
1172 1.1737442016601563
1173 1.3448143005371094
1174 1.5760918855667114
1175 1.2891548871994019
1176 1.3010656833648682
1177 1.3359202146530151
1178 1.2629624605178833
1179 1.203434705734253
1180 1.1383641958236694
1181 1.0432323217391968
1182 1.3376072645187378
1183 1.213689923286438
1184 1.1948583126068115
1185 1.4136505126953125
1186 1.0211181640625
1187 1.3981870412826538
1188 1.5564433336257935
1189 1.174492597579956
1190 1.3991460800170898
1191 1.1327580213546753
1192 1.2795836925506592
1193 1.3256670236587524
1194 1.2413794994354248
1195 1.1422265768051147
1196 1.4130685329437256
1197 1.2989692687988281
1198 1.3466465473175049
1199 1.3199265003204346
1200 1.2904250621795654
1201 1.4093341827392578
1202 1.5505168437957764
1203 1.119712233543396
1204 1.527221918106079
1205 1.320060133934021
1206 1.770806074142456
1207 1.848946452140808
1208 1.8454222679138184
1209 1.5690761804580688
1210 1.6376842260360718
1211 1.180932641029358
1212 1.2836936712265015
1213 1.3925837278366089
1214 1.8330714702606201
1215 1.5984622240066528
1216 1.1533194780349731
1217 1.0032445192337036
1218 0.969726026058197
1219 1.3354357481002808
1220 0.859260618686676
1221 1.2059335708618164
1222 0.9638181924819946
1223 1.0861256122589111
1224 1.1130346059799194
1225 1.3594235181808472
1226 1.2534139156341553
1227 1.1705273389816284
1228 1.2496010065078735
1229 1.3888198137283325
1230 1.1431255340576172
1231 1.10788893699646
1232 1.1967107057571411
1233 0.7967984676361084
1234 1.1085487604141235
1235 0.7922849655151367
1236 1.048360824584961
1237 1.3031384944915771
1238 1.1230895519256592
1239 1.4466570615768433
1240 1.012398362159729
1241 1.4045851230621338
1242 1.1081217527389526
1243 0.6159505248069763
1244 0.8538216352462769
1245 0.6692516803741455
1246 1.0701360702514648
1247 1.156581997871399
1248 0.9641967415809631
1249 1.1188015937805176
1250 1.4076342582702637
1251 1.3496226072311401
1252 1.2796993255615234
1253 1.2680937051773071
1254 1.1068426370620728
1255 0.8074172735214233
1256 1.3342301845550537
1257 1.0141735076904297
1258 1.2591397762298584
1259 0.7814777493476868
1260 1.4333608150482178
1261 0.9753247499465942
1262 1.0881268978118896
1263 1.0728298425674438
1264 1.0462650060653687
1265 1.3732458353042603
1266 1.146881341934204
1267 1.1526974439620972
1268 0.9511960744857788
1269 0.8750170469284058
1270 0.8106940984725952
1271 1.2311484813690186
1272 1.3069698810577393
1273 1.385769248008728
1274 1.0604915618896484
1275 1.2067312002182007
1276 1.3134405612945557
1277 1.6338632106781006
1278 1.1466106176376343
1279 1.1745716333389282
1280 1.3137125968933105
1281 0.980003297328949
1282 1.3275941610336304
1283 1.4041115045547485
1284 1.034179449081421
1285 0.9759228825569153
1286 1.1257082223892212
1287 1.1895833015441895
1288 1.2018542289733887
1289 1.0058560371398926
1290 1.030474066734314
1291 0.8921986222267151
1292 0.6667837500572205
1293 0.6411134004592896
1294 0.7043317556381226
1295 0.8441689014434814
1296 0.8852937817573547
1297 0.4885495901107788
1298 0.8766002655029297
1299 1.1371954679489136
1300 0.5027427077293396
1301 0.9677634239196777
1302 0.7103926539421082
1303 0.6527184247970581
1304 1.080548882484436
1305 1.0931991338729858
1306 0.7028570771217346
1307 1.0446637868881226
1308 0.9967553615570068
1309 1.2188324928283691
1310 0.6719657182693481
1311 0.841465175151825
1312 0.8982643485069275
1313 1.397498369216919
1314 1.1003260612487793
1315 1.346381425857544
1316 1.029370903968811
1317 0.5552641749382019
1318 1.1444109678268433
1319 0.8645915389060974
1320 1.1284046173095703
1321 1.413859248161316
1322 1.225521445274353
1323 1.3354331254959106
1324 1.140695333480835
1325 1.540010690689087
1326 1.0787639617919922
1327 1.1954429149627686
1328 1.1616582870483398
1329 0.9747200608253479
1330 0.7325469255447388
1331 1.0002654790878296
1332 0.38629984855651855
1333 0.6601802706718445
1334 0.8499723672866821
1335 1.4539785385131836
1336 1.1055279970169067
1337 0.7436398267745972
1338 0.6151532530784607
1339 0.9468652606010437
1340 0.7695030570030212
1341 1.32787024974823
1342 1.198796272277832
1343 1.1674426794052124
1344 1.255831241607666
1345 1.3741968870162964
1346 0.9991384744644165
1347 0.8639479875564575
1348 0.5214368104934692
1349 1.2967720031738281
1350 1.1076531410217285
1351 1.3320897817611694
1352 0.8848323822021484
1353 1.101859211921692
1354 1.1405307054519653
1355 0.8870967626571655
1356 0.6030361652374268
1357 0.6160982847213745
1358 0.728003740310669
1359 0.7924026846885681
1360 1.1185308694839478
1361 1.1999661922454834
1362 1.0199400186538696
1363 1.0793983936309814
1364 0.8484868407249451
1365 1.4024792909622192
1366 1.0105721950531006
1367 1.182588815689087
1368 1.0854337215423584
1369 1.3809055089950562
1370 1.4300298690795898
1371 1.0895849466323853
1372 1.246627688407898
1373 1.1383198499679565
1374 0.9227761626243591
1375 0.9942101240158081
1376 1.0887113809585571
1377 1.3904778957366943
1378 1.213550329208374
1379 1.2554352283477783
1380 1.1556698083877563
1381 0.7888815402984619
1382 1.049248456954956
1383 0.981087327003479
1384 0.9016017317771912
1385 0.975969135761261
1386 1.262162685394287
1387 0.9931795001029968
1388 1.2798056602478027
1389 0.8680164813995361
1390 0.8017930388450623
1391 0.9989598989486694
1392 1.2595133781433105
1393 0.9000422358512878
1394 0.9038553833961487
1395 1.1565344333648682
1396 0.6426978707313538
1397 1.1284457445144653
1398 1.1835492849349976
1399 1.364172339439392
1400 0.6533300280570984
1401 1.3009382486343384
1402 1.3888262510299683
1403 0.7764183878898621
1404 0.7733782529830933
1405 0.936940610408783
1406 1.0237597227096558
1407 1.2951563596725464
1408 1.1323169469833374
1409 1.038327693939209
1410 1.015099048614502
1411 1.1826251745224
1412 0.9768625497817993
1413 1.0937131643295288
1414 0.6578677892684937
1415 0.7624021768569946
1416 0.7641888856887817
1417 1.2327382564544678
1418 0.6952649354934692
1419 1.1544767618179321
1420 0.7772307395935059
1421 0.5562098622322083
1422 0.7841714024543762
1423 0.9866324663162231
1424 0.8300230503082275
1425 0.9976756572723389
1426 1.6106550693511963
1427 1.14918053150177
1428 1.2558488845825195
1429 0.6302787661552429
1430 1.2297756671905518
1431 0.7723225355148315
1432 1.0410696268081665
1433 1.2457327842712402
1434 1.204290747642517
1435 0.9030581116676331
1436 1.0937293767929077
1437 0.9558559656143188
1438 1.0188196897506714
1439 1.4050889015197754
1440 0.7941813468933105
1441 1.238907814025879
1442 1.2124751806259155
1443 1.161864161491394
1444 1.3315943479537964
1445 1.3015309572219849
1446 1.2941701412200928
1447 1.4332221746444702
1448 1.033136248588562
1449 1.2708449363708496
1450 0.9963471293449402
1451 1.0268000364303589
1452 1.2014696598052979
1453 1.9422909021377563
1454 1.6912168264389038
1455 1.248633623123169
1456 1.3838149309158325
1457 1.1565190553665161
1458 0.9762817025184631
1459 0.9503384232521057
1460 0.6538010835647583
1461 0.7972215414047241
1462 1.0454882383346558
1463 1.0943217277526855
1464 1.1592092514038086
1465 0.9552246332168579
1466 1.0651310682296753
1467 0.6082895994186401
1468 1.6003038883209229
1469 1.1027162075042725
1470 0.7328628897666931
1471 0.6415109038352966
1472 1.06159245967865
1473 1.0366379022598267
1474 0.9298982620239258
1475 0.8224291801452637
1476 1.0872604846954346
1477 0.743850827217102
1478 0.8802183866500854
1479 0.7891244292259216
1480 1.0711174011230469
1481 0.9044021964073181
1482 0.6042044162750244
1483 0.6258084177970886
1484 1.0706583261489868
1485 1.1322593688964844
1486 1.0063953399658203
1487 1.1809966564178467
1488 1.2434900999069214
1489 1.2522724866867065
1490 0.919983446598053
1491 1.266059160232544
1492 1.1029729843139648
1493 1.1404005289077759
1494 0.8676972985267639
1495 1.024428367614746
1496 1.03745436668396
1497 1.0818012952804565
1498 0.799403727054596
1499 0.9886590838432312
1500 0.9789263010025024
1501 1.4848051071166992
1502 1.1284141540527344
1503 0.9867915511131287
1504 1.1301226615905762
1505 1.166244387626648
1506 0.8299850225448608
1507 0.8924850821495056
1508 1.32888925075531
1509 0.939867377281189
1510 0.7755600810050964
1511 0.8480672240257263
1512 0.7642698884010315
1513 0.9924783706665039
1514 0.6381873488426208
1515 1.2154887914657593
1516 0.7329149842262268
1517 1.1866145133972168
1518 1.1104875802993774
1519 1.3986926078796387
1520 1.1007483005523682
1521 1.2405840158462524
1522 0.8787715435028076
1523 0.8796215653419495
1524 0.7054659724235535
1525 1.3118162155151367
1526 0.9712303876876831
1527 0.7838841676712036
1528 0.8651247620582581
1529 0.9111618995666504
1530 0.6007848381996155
1531 0.9165281653404236
1532 1.1186119318008423
1533 0.9957925081253052
1534 1.2258481979370117
1535 1.0491677522659302
1536 0.8761182427406311
1537 1.069245457649231
1538 0.5772448182106018
1539 1.0720053911209106
1540 0.879827082157135
1541 1.036306619644165
1542 0.650635302066803
1543 0.9329809546470642
1544 1.0061701536178589
1545 1.1846340894699097
1546 1.0438534021377563
1547 1.011077642440796
1548 0.9481692910194397
1549 0.9968926906585693
1550 1.368541955947876
1551 1.0412613153457642
1552 1.0006381273269653
1553 0.8424495458602905
1554 0.7196984887123108
1555 1.0410006046295166
1556 1.1265406608581543
1557 1.1811959743499756
1558 1.1556349992752075
1559 1.0428657531738281
1560 1.1434046030044556
1561 1.1674485206604004
1562 1.2736667394638062
1563 1.1641321182250977
1564 0.9798781871795654
1565 1.111074447631836
1566 1.0984911918640137
1567 1.1661759614944458
1568 1.133146047592163
1569 1.8277565240859985
1570 1.4710533618927002
1571 1.6561239957809448
1572 1.90952467918396
1573 1.977462649345398
1574 1.667189359664917
1575 1.4222462177276611
1576 1.1994985342025757
1577 1.0261479616165161
1578 1.615681529045105
1579 1.137161374092102
1580 1.1204376220703125
1581 1.5466336011886597
1582 1.143693447113037
1583 0.8408973217010498
1584 1.136695146560669
1585 0.9229534864425659
1586 0.9344562888145447
1587 1.1303733587265015
1588 1.0510691404342651
1589 0.8647635579109192
1590 1.2670135498046875
1591 0.84180748462677
1592 0.926716685295105
1593 1.352659821510315
1594 1.4498873949050903
1595 1.288488507270813
1596 0.9305447936058044
1597 0.9237954616546631
1598 1.774920105934143
1599 1.0414981842041016
1600 1.0639915466308594
1601 1.429599404335022
1602 0.9204185009002686
1603 0.8493376970291138
1604 0.9334911108016968
1605 1.2932064533233643
1606 1.4724234342575073
1607 1.1837791204452515
1608 1.2158892154693604
1609 0.898572564125061
1610 1.139037847518921
1611 1.216027021408081
1612 1.2822251319885254
1613 1.6291260719299316
1614 1.4106007814407349
1615 1.543308973312378
1616 1.3067759275436401
1617 1.6245688199996948
1618 1.347179651260376
1619 1.1193393468856812
1620 1.2638434171676636
1621 1.2562403678894043
1622 1.7767812013626099
1623 1.3676609992980957
1624 1.3075501918792725
1625 1.1845147609710693
1626 1.037669062614441
1627 0.8495264053344727
1628 0.8528077006340027
1629 0.9223105311393738
1630 1.063814640045166
1631 1.1643470525741577
1632 1.078269600868225
1633 1.0233054161071777
1634 0.8678571581840515
1635 1.0817575454711914
1636 1.1142138242721558
1637 1.1516473293304443
1638 0.9418410062789917
1639 0.9671822190284729
1640 1.2477388381958008
1641 0.745425820350647
1642 0.8589763045310974
1643 0.8105672001838684
1644 1.0347994565963745
1645 0.9772370457649231
1646 0.7816107273101807
1647 1.0606352090835571
1648 1.2931705713272095
1649 0.975491464138031
1650 0.8658044338226318
1651 0.9666476845741272
1652 1.0256714820861816
1653 1.237989902496338
1654 0.9206946492195129
1655 0.8125220537185669
1656 0.5926048159599304
1657 0.7126814723014832
1658 0.581544041633606
1659 0.9386072754859924
1660 1.027644395828247
1661 0.8539171814918518
1662 0.7484885454177856
1663 0.770899772644043
1664 1.308026671409607
1665 1.0861103534698486
1666 0.9031971096992493
1667 1.4161792993545532
1668 0.763390064239502
1669 0.9165639281272888
1670 1.1858137845993042
1671 0.9472557902336121
1672 1.0436255931854248
1673 0.6088860630989075
1674 0.630358874797821
1675 1.1213512420654297
1676 0.8701724410057068
1677 1.3173468112945557
1678 1.034483790397644
1679 0.7747519016265869
1680 1.485835313796997
1681 0.9983001351356506
1682 1.0463284254074097
1683 0.5728787779808044
1684 1.1387184858322144
1685 0.8289554715156555
1686 0.9021527171134949
1687 1.315285325050354
1688 1.2355856895446777
1689 1.608191967010498
1690 1.2253061532974243
1691 1.1700481176376343
1692 1.3363192081451416
1693 1.6380647420883179
1694 0.8328452706336975
1695 1.130419135093689
1696 1.067784070968628
1697 1.170644998550415
1698 1.1611824035644531
1699 0.8523461222648621
1700 0.8612925410270691
1701 1.1797881126403809
1702 1.4879934787750244
1703 1.1372708082199097
1704 1.2411444187164307
1705 1.4676530361175537
1706 1.425840139389038
1707 0.9516429305076599
1708 1.3613970279693604
1709 0.8386696577072144
1710 1.2594928741455078
1711 1.4229458570480347
1712 1.1069413423538208
1713 1.3513915538787842
1714 1.6159616708755493
1715 1.6067397594451904
1716 1.0014078617095947
1717 1.195417881011963
1718 1.096422791481018
1719 1.271201491355896
1720 1.521948218345642
1721 1.1587401628494263
1722 1.1066536903381348
1723 1.3438396453857422
1724 0.7795781493186951
1725 0.9852206707000732
1726 1.1226547956466675
1727 1.1979283094406128
1728 1.2449514865875244
1729 0.7829882502555847
1730 1.1934043169021606
1731 1.3460795879364014
1732 1.0888733863830566
1733 1.106085181236267
1734 0.8095707297325134
1735 0.8903140425682068
1736 1.241949439048767
1737 1.2836358547210693
1738 0.9627243876457214
1739 1.0684394836425781
1740 1.2693209648132324
1741 0.7592594623565674
1742 0.9582491517066956
1743 1.07823646068573
1744 1.2139601707458496
1745 1.0917078256607056
1746 1.0745569467544556
1747 1.0945549011230469
1748 1.231982707977295
1749 1.273773193359375
1750 1.4476490020751953
1751 0.8925449252128601
1752 0.8912643194198608
1753 1.0289099216461182
1754 0.6819800138473511
1755 1.4057676792144775
1756 1.1373264789581299
1757 0.5715869069099426
1758 0.5292394757270813
1759 0.8637804388999939
1760 1.2374897003173828
1761 1.0219597816467285
1762 1.2396252155303955
1763 1.022121548652649
1764 1.028806209564209
1765 0.9681777358055115
1766 1.399214267730713
1767 1.2563704252243042
1768 1.2731328010559082
1769 0.940941572189331
1770 1.2519677877426147
1771 1.3541173934936523
1772 1.117613434791565
1773 1.1878981590270996
1774 1.2742595672607422
1775 1.3816707134246826
1776 1.0988177061080933
1777 1.09906804561615
1778 1.5294220447540283
1779 0.9757038354873657
1780 0.6571270823478699
1781 0.7817534804344177
1782 1.4978954792022705
1783 1.0001559257507324
1784 1.2610697746276855
1785 1.310808777809143
1786 0.8749282360076904
1787 1.0816785097122192
1788 1.2581292390823364
1789 0.8067792057991028
1790 1.0570679903030396
1791 0.8546614646911621
1792 1.069003939628601
1793 0.9509249329566956
1794 1.0647755861282349
1795 1.2357531785964966
1796 0.8975968360900879
1797 0.8895390629768372
1798 1.3856786489486694
1799 0.9569728374481201
1800 0.7545121908187866
1801 1.465409517288208
1802 1.0104870796203613
1803 0.8341012597084045
1804 1.1795072555541992
1805 1.2829506397247314
1806 1.2947858572006226
1807 1.21486496925354
1808 1.0909477472305298
1809 1.0151135921478271
1810 1.4294259548187256
1811 1.0492907762527466
1812 0.500274658203125
1813 0.9443715214729309
1814 1.0293364524841309
1815 1.1290587186813354
1816 1.0532031059265137
1817 1.0009574890136719
1818 0.9573295712471008
1819 1.4264737367630005
1820 1.1969577074050903
1821 1.4253671169281006
1822 1.2500510215759277
1823 1.674936056137085
1824 1.7044355869293213
1825 1.2156261205673218
1826 1.3118367195129395
1827 1.2978687286376953
1828 1.192104697227478
1829 0.8877946138381958
1830 1.1386134624481201
1831 0.5466858148574829
1832 1.154605746269226
1833 1.210126280784607
1834 1.1271467208862305
1835 1.2833154201507568
1836 1.382660984992981
1837 0.9687910676002502
1838 1.4723042249679565
1839 0.9775478839874268
1840 1.0805280208587646
1841 1.1573902368545532
1842 1.5020591020584106
1843 2.011972665786743
1844 1.531262993812561
1845 1.3613638877868652
1846 1.4922657012939453
1847 1.4848567247390747
1848 1.7849677801132202
1849 1.0479816198349
1850 1.2824532985687256
1851 0.9872416853904724
1852 1.6991801261901855
1853 1.6044074296951294
1854 1.4483729600906372
1855 0.850472629070282
1856 1.5186909437179565
1857 0.8658027052879333
1858 1.081368088722229
1859 1.12503981590271
1860 0.851736843585968
1861 0.8412256240844727
1862 0.9667804837226868
1863 0.8710790276527405
1864 1.0854427814483643
1865 1.0670082569122314
1866 1.2576521635055542
1867 1.3674596548080444
1868 0.796334981918335
1869 1.1282085180282593
1870 1.0201034545898438
1871 1.0461164712905884
1872 0.9626157879829407
1873 0.9092299938201904
1874 1.0203441381454468
1875 1.2111732959747314
1876 1.3026455640792847
1877 1.1360621452331543
1878 1.5962833166122437
1879 0.933036208152771
1880 1.202520728111267
1881 0.5760066509246826
1882 1.1092339754104614
1883 0.8497413396835327
1884 0.7435131669044495
1885 0.8733044266700745
1886 1.1740875244140625
1887 1.3584195375442505
1888 0.8840406537055969
1889 0.788978636264801
1890 0.8423669338226318
1891 0.7169126868247986
1892 0.8295884132385254
1893 0.8769655227661133
1894 1.0708744525909424
1895 0.8728943467140198
1896 0.6987430453300476
1897 0.5587728023529053
1898 1.2281055450439453
1899 1.2624315023422241
1900 1.3872283697128296
1901 1.0975853204727173
1902 1.2487341165542603
1903 1.434946060180664
1904 1.3099507093429565
1905 1.109613060951233
1906 1.1568199396133423
1907 1.068974256515503
1908 0.7805926203727722
1909 1.3330903053283691
1910 0.8098296523094177
1911 1.0166611671447754
1912 1.2602369785308838
1913 0.7740863561630249
1914 0.8292235732078552
1915 1.590558648109436
1916 1.7528120279312134
1917 1.2795860767364502
1918 1.0963056087493896
1919 1.252226710319519
1920 1.180040717124939
1921 1.1840872764587402
1922 0.5634979009628296
1923 1.0368280410766602
1924 1.2452212572097778
1925 1.1275416612625122
1926 1.2375751733779907
1927 0.8538526892662048
1928 0.9927079081535339
1929 1.0062768459320068
1930 1.1230933666229248
1931 1.1105707883834839
1932 0.8727167248725891
1933 0.9098283052444458
1934 1.2290014028549194
1935 1.3401957750320435
1936 0.7395145893096924
1937 0.6502422094345093
1938 0.7813884019851685
1939 0.8596889972686768
1940 0.776077151298523
1941 1.1792182922363281
1942 0.8854454159736633
1943 0.9204823970794678
1944 1.1292972564697266
1945 0.9487173557281494
1946 0.913305938243866
1947 0.7951415181159973
1948 0.6929991841316223
1949 0.9936956763267517
1950 1.32123863697052
1951 1.3176957368850708
1952 0.8072704672813416
1953 0.6758379340171814
1954 0.6682568192481995
1955 1.1756511926651
1956 0.7635214924812317
1957 0.9019426703453064
1958 1.1155222654342651
1959 1.1173667907714844
1960 0.8634400367736816
1961 1.0121827125549316
1962 0.954934298992157
1963 1.4359482526779175
1964 1.2136582136154175
1965 1.1520347595214844
1966 0.9110097289085388
1967 1.0499351024627686
1968 0.5294976830482483
1969 0.7904564738273621
1970 0.661749541759491
1971 1.4476653337478638
1972 0.8715875744819641
1973 0.8397154808044434
1974 0.8331081867218018
1975 0.28838804364204407
1976 1.2886680364608765
1977 1.0929499864578247
1978 1.216286540031433
1979 0.9571951627731323
1980 1.3471808433532715
1981 1.596016526222229
1982 1.1070301532745361
1983 0.8649097084999084
1984 0.7783699631690979
1985 0.6616177558898926
1986 0.6716400980949402
1987 0.5822303891181946
1988 0.7168148756027222
1989 0.631941020488739
1990 0.6944591403007507
1991 0.5478330254554749
1992 0.6611406803131104
1993 0.5053095817565918
1994 0.8591350317001343
1995 1.1335989236831665
1996 0.749481201171875
1997 0.8627808690071106
1998 1.1841861009597778
1999 0.7562929391860962
