0 10.331514485360461
1 11.000111751755437
2 11.371637125625368
3 12.018526931758938
4 10.763266902231539
5 11.520048401880901
6 11.919560321283514
7 11.339571798708842
8 11.563719775463529
9 10.843141858578097
10 11.435524611901538
11 10.856185752943187
12 12.015790285723185
13 11.580578815114803
14 12.223264581663239
15 12.141183839741304
16 13.021967897482693
17 12.659063885555094
18 11.69662327610756
19 12.608864570523552
20 12.41708136382307
21 12.327124062202953
22 14.222757475713419
23 12.84712445657628
24 14.473499821990726
25 13.352004765863683
26 14.098151444158797
27 14.318526971419008
28 14.713990555493055
29 15.10189444982277
30 15.364317431936323
31 15.360762834990147
32 14.642279259777636
33 14.750682301597518
34 13.208338194439603
35 13.143397455521695
36 12.476403240390306
37 14.448794535318685
38 13.945069746646215
39 13.844341417514265
40 13.975742500729899
41 13.501125857571799
42 13.982109098206728
43 14.131394800112544
44 13.528376990936671
45 14.536828060325673
46 14.192343832830876
47 13.98092053332688
48 14.188759684589405
49 13.82246966973386
50 14.328987974096101
51 14.029679726298516
52 14.255641493589398
53 13.859145789944206
54 14.636643858182259
55 14.044315334393112
56 13.926485458120082
57 14.479539275133174
58 13.859972190741551
59 12.698350947008414
60 13.38081330873144
61 14.007861955606488
62 14.441196618195026
63 14.210436172263233
64 14.563606080081614
65 14.482542337962817
66 14.415221022022019
67 13.966875435165667
68 14.336144660196691
69 13.72719430207081
70 13.666766927472935
71 14.194675664180636
72 13.665761584395872
73 14.123178590450262
74 13.379749163868007
75 14.172037764188318
76 14.054635630351035
77 14.615861505929459
78 14.510242375493107
79 14.24174315821754
80 14.077936933230157
81 13.589626333496462
82 13.132163843395263
83 11.37763609063423
84 10.986470030021726
85 11.566300762144968
86 11.621043744978977
87 10.601430852167105
88 11.028197769649452
89 11.157434612755551
90 11.91849874717703
91 10.698442167295008
92 11.514372880026386
93 11.736548369109657
94 11.482155182501547
95 11.391752686852705
96 11.54168561035462
97 12.20739750546861
98 12.37647375167895
99 11.504261441390398
100 11.865903037422516
101 11.597789632635072
102 12.442417434367135
103 11.479342009852841
104 11.084343757953741
105 11.001935342603229
106 12.418453188691215
107 12.066218611352433
108 12.219346010166037
109 11.93089766373582
110 12.315088535356729
111 12.88876786701775
112 11.323024905154378
113 11.40559455426595
114 11.643599734746076
115 11.171358772656816
116 11.907480368501718
117 11.607717970266734
118 10.989178982727951
119 11.894615748676038
120 11.322702796069503
121 11.369379387879208
122 11.216123963659145
123 11.351090759108427
124 11.023663222871813
125 11.155057330304563
126 11.251325987154605
127 10.881667298728289
128 10.747674649155673
129 11.154503448964071
130 11.69757160240417
131 11.97069861277122
132 11.992237847462064
133 12.05653643862891
134 12.30527976625334
135 12.68549288220264
136 12.108358379204763
137 11.335928718970573
138 11.122174744314034
139 11.099313873507047
140 10.342530390118169
141 9.388381758629388
142 9.825868313782081
143 10.117860595230702
144 10.159456410052295
145 10.635727440917238
146 10.516243268438755
147 11.247390773813699
148 11.342569526042528
149 11.729994057122035
150 11.719205107203678
151 11.622891020936988
152 11.238589058773009
153 11.306142390042393
154 11.061125805238426
155 9.734967907548084
156 10.935374015045253
157 11.174634287079588
158 11.157813096231514
159 11.133275552326191
160 11.718532751658834
161 11.463694309805655
162 11.005072566123493
163 11.559818417354258
164 11.703277570210677
165 11.99393497033147
166 11.343600248064549
167 11.036134375481586
168 11.423955321973837
169 11.693386876621616
170 11.617086414137024
171 11.00574695085699
172 11.13508654481627
173 11.316093779515773
174 11.241765982369149
175 10.499143777487678
176 11.454955181986199
177 11.901157495158117
178 11.976624924009796
179 11.46763592300184
180 11.2420985454035
181 11.244398857782405
182 11.31572084213456
183 11.126905478838141
184 11.226614126192356
185 11.546695214297197
186 10.58463298379454
187 12.53085144446831
188 10.53774667455823
189 11.018444129878596
190 11.193901918555271
191 9.921074069256314
192 10.127424326809304
193 10.521739358077879
194 10.569095860902092
195 10.774223781155937
196 11.158886729648462
197 10.310238821358741
198 10.647478621565874
199 10.346998640280585
200 10.799939005362456
201 10.958095231103623
202 11.189336718633678
203 11.428108874446032
204 10.51159039750214
205 11.076605388939367
206 10.785181530611625
207 10.470199124659967
208 10.08008215955889
209 10.710396008565509
210 10.203251315430636
211 10.883645305920995
212 11.105700854912069
213 11.419017768889123
214 10.462154204947126
215 10.496041364143446
216 10.829482732975785
217 10.735809682382301
218 11.141133228805483
219 10.731197361331963
220 11.44968615388513
221 11.459505091519873
222 11.476219243366254
223 10.558175609151302
224 11.068529937940458
225 10.334949119814658
226 10.527638648856067
227 10.174914328164464
228 11.077993240947633
229 10.374440865146363
230 9.939378021872054
231 10.495492442995596
232 9.87096706052503
233 10.216592320767342
234 10.24020735602188
235 10.42110081248855
236 9.984528970817314
237 10.692243142262404
238 10.416113344992896
239 10.710409180700037
240 11.203503486417631
241 10.932935354445126
242 10.339896820056184
243 10.100743740341391
244 10.714545653578158
245 11.483840397042666
246 10.313668387309969
247 10.710496063047668
248 11.38651347615642
249 11.215975115211638
250 10.843840878669173
251 10.793407349072488
252 10.256912328051545
253 9.728454531527628
254 10.587225192979364
255 11.084863551940279
256 10.340719586468602
257 10.116467946707104
258 10.575417206910181
259 10.07959355614766
260 11.287949064091151
261 11.317172921819356
262 9.54097541610943
263 10.74253441348118
264 9.285771970635084
265 9.632294886941356
266 9.807652297635341
267 10.141385674106452
268 10.142596482644537
269 10.169812354420698
270 10.067488544359707
271 9.65543593325313
272 9.354152363714732
273 10.186837570443352
274 9.440203801343234
275 9.476122206810983
276 9.967434533630188
277 10.52669125104159
278 10.730537323542139
279 9.364785661560674
280 9.206237759671296
281 8.832059924041381
282 9.073620192505858
283 8.650246464053694
284 8.835066869093632
285 8.94444742011078
286 8.016624107306926
287 8.536929159222549
288 9.280250326741387
289 9.041344462049489
290 8.855700105709214
291 8.644519072211057
292 8.820208845630953
293 9.063053847152256
294 9.04160847110908
295 8.876766444122898
296 8.71173883556243
297 8.644689914366172
298 8.503256170303583
299 8.119256420469464
300 8.22711206250487
301 7.8509693129534135
302 8.586708309789016
303 8.814526183205103
304 8.522962912312837
305 8.576049007894996
306 9.09173260347435
307 8.893946398642052
308 8.133135634915883
309 8.675418629625986
310 8.313713655033322
311 8.925218457277074
312 9.027034281238311
313 9.279679197908116
314 9.237143857038264
315 9.357473326773139
316 8.518365145283077
317 8.868715353634064
318 9.748871293761468
319 9.418182468579612
320 9.327516298437738
321 8.820263718965595
322 7.864866117839419
323 7.162491759525432
324 8.068596553021601
325 8.089804658355789
326 7.625761760970611
327 7.819268106611736
328 7.286543719780442
329 7.958078882210161
330 7.306576518588806
331 7.81765921618145
332 7.621550062439842
333 7.8641383755065215
334 7.3121865475581735
335 7.574379463963171
336 7.304371404385283
337 7.567540932528344
338 7.919004478252243
339 8.210329405699808
340 8.031073394328919
341 7.511903797806833
342 7.260223420525962
343 6.295540142495397
344 5.12700497061997
345 5.316392922951487
346 5.927090815592631
347 5.445860022490064
348 5.546742157479156
349 5.495973373116622
350 5.602163259435137
351 5.459826240565939
352 5.180368579948006
353 5.792880831779563
354 5.561933375943898
355 5.477466395441373
356 5.351733063245011
357 5.1817370813521775
358 5.731412177488208
359 5.670771729079541
360 6.36595197352273
361 5.906205638400374
362 5.975164427178044
363 5.619019784948696
364 7.532235275039254
365 7.29994030001489
366 7.687538623404959
367 7.112128485773429
368 7.27959977753702
369 6.956381822066324
370 6.390134961171719
371 6.523240607788191
372 6.311246113607757
373 6.087032064344937
374 6.121148399049759
375 5.914585053011246
376 5.9359299351357535
377 5.549541465124846
378 6.129914980482592
379 5.393102134321388
380 5.305078082327562
381 5.582266531656623
382 5.692124278183829
383 5.757271152414722
384 5.494051541706331
385 5.269774934023994
386 6.005494474099467
387 5.440123046881734
388 5.931834525098788
389 5.421595980940491
390 5.264763790585923
391 5.616347328554314
392 5.401918999683883
393 5.370264375318432
394 5.149916848746492
395 5.2347995227350035
396 5.298839336726401
397 5.683954659838918
398 5.848901618021896
399 5.968695273062502
400 5.627290771794195
401 5.250275188220155
402 5.8708229301434205
403 6.976418574501356
404 7.04968218442154
405 6.468995620583975
406 5.88770800479666
407 5.743288205018771
408 6.165590326586871
409 6.21412236721206
410 5.6761007546508555
411 5.906055198724643
412 5.8183483917977465
413 5.958336597394637
414 5.67193299377867
415 5.355421042229538
416 5.309737572118306
417 5.914288390216
418 6.10465585446437
419 5.864060746353301
420 5.771136994006815
421 5.9836262060949
422 5.716267805132051
423 6.202788044984092
424 6.2569144633572735
425 7.128584091690893
426 6.622480870543252
427 6.784127187223307
428 5.843945684974264
429 6.446377006867401
430 6.250184579932078
431 6.052700331615239
432 6.221350402504794
433 6.504834470630434
434 7.261404180129006
435 8.0528638922527
