0 11.22160985141045
1 11.670297590423994
2 11.550079627050199
3 11.908374715730845
4 10.969582260931722
5 10.324578706786765
6 11.17972045173889
7 11.457861491051354
8 11.600688438765173
9 10.215545374386302
10 9.598963375046267
11 10.691025673368232
12 11.235092809336019
13 11.19575287567079
14 11.454476317226895
15 11.957333344806703
16 12.676591595032857
17 11.063171697993155
18 11.1111125049308
19 11.219928002152038
20 10.354838790351206
21 11.885935481604262
22 10.878531765402986
23 10.346220314981176
24 11.632099310254231
25 11.900008521151424
26 11.408640653619313
27 12.074423630862098
28 12.377261539842172
29 12.806896281912563
30 12.120955192942883
31 12.321829318020407
32 11.919206454301284
33 12.330524521877557
34 12.100754376087336
35 11.975902158163832
36 11.646814061907667
37 11.313867387152413
38 11.519356791263585
39 12.030387887491132
40 11.125512605158415
41 11.106471045353574
42 11.413732413465818
43 11.647882744649934
44 11.804630915651696
45 11.391788951885738
46 11.517287986935862
47 11.678924328585174
48 12.499842093143208
49 11.26608797680022
50 12.370913046350518
51 11.872193471706948
52 11.213967568967478
53 11.9773354077973
54 11.913983352849803
55 11.882557702381947
56 10.903024000599268
57 11.67720687957946
58 11.692216601754742
59 10.942501012288089
60 11.39302670764069
61 11.121061391178301
62 11.671165838013874
63 11.859368173465056
64 9.720936190148327
65 9.782161660731528
66 10.90480600551777
67 10.391558414811689
68 11.159480116977393
69 10.828909368139739
70 11.836542544635964
71 10.82908813823041
72 10.233956599688064
73 9.573784610220303
74 10.042111967805392
75 10.031935430404591
76 8.9636364482224
77 8.895350462970512
78 10.230977012042347
79 10.111900447870411
80 10.070641446252562
81 10.130378371678102
82 9.74020162275718
83 10.733784721519148
84 11.030538210847263
85 11.143536490507609
86 9.690159576226598
87 11.413829668903865
88 11.188267664139453
89 10.759700097429434
90 10.4375901099915
91 10.678128692097347
92 10.465259227903502
93 10.84558695667931
94 10.256412076298103
95 10.300737539841624
96 9.846458194060688
97 9.970006858672
98 10.640964130064303
99 10.274560583791626
100 9.926773993904641
101 12.028204113025518
102 11.443856544546295
103 11.978084155471173
104 10.839814912406261
105 11.481306107495017
106 11.21340624627804
107 10.796718809754088
108 10.879400928357677
109 10.989454430127946
110 12.207072615672077
111 11.70096211142961
112 12.594478166689958
113 11.274606971393803
114 11.24422105221228
115 12.235095187835013
116 11.21125054540841
117 10.794267478451166
118 10.927301893747284
119 11.746140054642618
120 12.002333789243496
121 11.051929579228492
122 10.761266489071895
123 10.604916583073583
124 10.621940521540957
125 10.038619202847727
126 10.71840722501775
127 11.024167850824314
128 11.349179795759415
129 10.531279573953341
130 11.101257581458706
131 11.089189713533928
132 10.473574663305605
133 11.57440100564934
134 11.747398758047924
135 9.61022049289278
136 9.905871779961913
137 9.764675681274243
138 10.647782872475068
139 10.045578514382518
140 10.888657357138783
141 10.907293408541953
142 10.489463458397408
143 10.025648400905775
144 10.53713302229568
145 11.227393015956718
146 11.013124652486995
147 11.612916528706013
148 11.967536927928174
149 12.004254721893545
150 11.82750523032369
151 12.220733330980295
152 12.241348060790592
153 12.07051205456171
154 12.833240880783594
155 11.550829075528396
156 12.235542510190825
157 11.842552323335298
158 13.48999412436131
159 12.995627637847402
160 12.246483215026972
161 13.271364800108268
162 12.835485654355425
163 12.715785147522759
164 13.00246549992771
165 12.639234436695807
166 12.559417784830808
167 12.043706143936857
168 14.057319881166048
169 13.15906175661734
170 13.210966927438092
171 13.151307989817337
172 12.685836782825676
173 13.257819037269075
174 13.175383330678882
175 13.42278061217985
176 13.009170705021587
177 13.500506395833275
178 12.976739662329821
179 12.262497077650977
180 12.814715197986494
181 12.709363052780537
182 12.209085590993295
183 11.004962222515793
184 11.646166743420007
185 12.519011839503468
186 11.239221305733615
187 11.526079070717627
188 11.036881116021814
189 11.686831955625033
190 11.71241270969658
191 11.413587050671365
192 11.214349702620162
193 10.729359202259591
194 10.925597318017795
195 11.426715969218767
196 11.16284778784827
197 11.59996162151798
198 10.594483132756014
199 10.925782793683124
200 10.562164254828822
201 10.80249303783487
202 10.230942234879931
203 11.224074195462613
204 11.047295893117292
205 11.678415751158381
206 11.788835572951887
207 11.279967568665706
208 11.750324625027307
209 11.8857954436993
210 11.104488482285305
211 10.970566909573874
212 11.132669815928569
213 11.159988139917422
214 10.209293195811375
215 10.364250305856759
216 10.321386357789843
217 11.827412590458113
218 10.71662484678381
219 11.00243607115651
220 9.565996339038854
221 9.775044642136193
222 11.016762203539395
223 10.23106623271949
224 9.979305370280025
225 9.39450728469308
226 9.225183777985075
227 9.31320592447348
228 10.018121404093712
229 8.925690809659454
230 9.975081536705266
231 9.942038437930075
232 10.087147686491063
233 9.85853223883669
234 9.270557178286582
235 9.544766157815227
236 9.713194117372131
237 9.96071270524732
238 9.843363492050967
239 9.55696048670563
240 9.599594011736682
241 10.279254953189096
242 9.478106635480634
243 9.945934853640003
244 10.024276115247897
245 9.816936849129428
246 9.54382115528712
247 8.639502864725396
248 8.678661940915744
249 8.774527263060666
250 9.371481543541954
251 8.558824070181501
252 9.378991359412087
253 8.902857226751957
254 8.041991746135087
255 8.550492566855208
256 8.91149653942616
257 9.290658097031885
258 8.098533752432594
259 8.292480892714
260 8.822019058650028
261 8.838026033572081
262 9.726565720213676
263 9.311411066245386
264 8.587459792892135
265 9.12133918556961
266 10.268383402229933
267 8.833518904871818
268 9.872936121875282
269 9.828842357453594
270 9.623842075441294
271 9.96136719547713
272 10.08321874739728
273 9.531355597794395
274 9.610392410160083
275 9.296375173677527
276 8.733494568290457
277 7.833870594555332
278 7.121163289909196
279 8.316492119636877
280 8.07381178407549
281 8.082739737321893
282 8.156788117652457
283 7.471059173734091
284 7.550964611608643
285 8.778883114257964
286 8.75526395946833
287 8.240345069945386
288 8.719780611305568
289 9.16841498700113
290 9.533008651108645
291 7.504048689149591
292 8.332976741863817
293 7.476178027400071
294 7.261076016462468
295 7.031666856924632
296 6.766397718372946
297 8.417726083763055
298 7.45306215902532
299 7.268428885113229
300 7.898926425455304
301 7.669152401522448
302 7.7283300868534885
303 8.020249100939944
304 7.982123615001402
305 8.087681593015796
306 8.084098094134514
307 7.671805267991114
308 8.462926989646833
309 8.474319385855983
310 8.812255088688975
311 8.06260949546481
312 7.903762013326103
313 7.974770573674373
314 8.780718935753267
315 8.117706327903766
316 8.501135570349039
317 8.157316229311236
318 9.262814077917538
319 8.815716283096481
320 9.828547713329662
321 9.637463383083508
322 10.167259407835214
323 9.702040729469381
324 10.435600656356408
325 10.079328099629167
326 10.527894288188671
327 9.713853187928251
328 10.440871720238656
329 10.055582275771448
330 9.20993609463603
331 8.541997996782897
332 8.478424590105337
333 7.9332083331929475
334 7.825731885041152
335 8.906331256828377
336 8.932063220100265
337 9.55493980427934
338 8.158583104116328
339 8.135365845911483
340 8.040017816368689
341 8.392071427330396
342 8.330206591671839
343 7.248280434932763
344 7.013090708077179
345 7.364451694625254
346 7.398558451259048
347 8.436542238864881
348 7.05389241330267
349 6.978160888109114
350 7.2427075981736335
351 7.088915495856669
352 7.7836292460086645
353 6.81116576471214
354 6.801574771593352
355 7.662761932675949
356 7.261099429843686
357 7.786404013000474
358 6.895301864263882
359 7.488448819921423
360 7.347271481334648
361 7.54404701787157
362 8.115961684005088
363 7.0636383416228385
364 7.2343480504998
365 7.52075362363619
366 7.744578486772703
367 7.416398313110902
368 7.606972805040577
369 7.677819078503304
370 7.257704970968969
371 8.154018391474002
372 7.252352363142759
373 7.733404169544484
374 7.330165218517121
375 7.442095171665867
376 7.809660550858184
377 7.224083654424566
378 7.238678729046127
379 6.742600713748617
380 6.378900102889682
381 5.869891930961969
382 5.8142350680915085
383 6.337331274253528
384 5.566059050666268
385 5.86132477598312
386 6.32512476134297
387 5.944525349142044
388 6.118736521730556
389 6.68875183009226
390 6.838398568391258
391 5.80558870965603
392 6.018914971273669
393 5.343581479009568
394 5.600637906835594
395 5.582942993656368
396 5.926368201672084
397 5.6893463162314575
398 6.086785585025681
399 5.919403777184747
400 5.494969652207428
401 5.638273439715574
402 5.774688475681194
403 5.369138098162476
404 5.909984299052007
405 5.647817578536548
406 5.18980635708865
407 6.495456728374419
408 6.1102020135011
409 5.7547987039614625
410 5.734605722955819
411 5.571594647515913
412 5.576035131531731
413 5.624403643793444
414 5.406478301500367
415 5.65084856373986
416 5.494302937251798
417 5.0017647121040465
418 5.352410627048502
419 5.984144640886765
420 5.941490960169855
421 5.01929291104015
422 5.518647064038651
423 6.337827115710455
424 5.84545393940713
425 6.046347106823687
426 6.164683614864627
427 6.227026851778658
428 6.041080907322637
429 6.069045478202662
430 7.180186278612791
431 8.315906699365437
432 7.71384489534995
433 8.19433644670629
434 7.105731382465539
435 7.726003274485496
436 7.531128965860928
437 9.060940164273548
438 7.811408572380803
439 7.456928739468886
440 7.980753978695007
441 6.825792740255471
442 7.288478370419491
443 6.8666798818925034
444 7.450104036716729
445 7.563336384157046
446 7.251157772104715
447 5.838417858228464
448 5.82249997583425
449 5.322645632231995
450 5.809600004084548
451 5.712062769591723
452 5.581858807902585
453 5.5434457743320955
454 5.886649908608687
455 5.395675058648607
456 5.595175144360009
457 5.827041689632191
458 5.623081404559476
459 5.3820642820722435
460 6.399804974653052
461 5.047178344901219
462 5.351387614481908
463 5.5220482033696365
464 5.990896400805357
465 6.263519798185689
466 5.907774810563516
467 6.498869870659203
468 5.928545212212896
469 6.165558807874038
470 5.316144112018256
471 5.179285453353977
472 5.164844002329158
473 5.851400145022906
474 5.483201349175581
475 6.165095995233227
476 5.314242917553356
477 5.224718593714945
478 5.6760800360742305
479 5.200288974263081
480 5.863182012184849
481 5.339340178812351
482 5.663411706827157
483 5.510671988131692
484 5.8664334907119935
485 5.115640964934288
486 5.1702881572024
487 5.55224165101439
488 5.77103753923481
489 5.544975223039548
490 5.29582075382614
491 5.817496995796647
492 5.838068306347304
493 6.070538460539725
494 5.258318932725362
495 5.500813230112205
496 5.122939788280048
497 5.001697876588199
498 5.274154621378383
499 5.073450505780177
500 5.5946919822985235
501 4.9984156189781705
502 5.642542935826609
503 5.722332262215826
504 5.471845872498886
505 5.515886568500762
506 5.689005662260998
507 6.0663056623103175
508 5.783868892950728
509 6.281697728293293
510 6.092449055652104
511 6.4000741204028735
512 6.152388853265887
513 6.388422725866084
514 5.828240445212914
515 5.276105517535993
516 5.306620435358053
517 5.453463044047462
518 5.110108619083656
519 4.616514992700031
520 5.210093287228139
521 5.509964091230418
522 5.45863872460743
523 5.581969758499972
524 5.789025766459559
525 5.489809955405391
526 6.444558095712941
527 6.020216825025971
528 5.69499261641774
529 5.902090923047643
530 6.359375037015245
531 5.853488520545036
532 5.54402585256524
533 5.5569657834717825
534 5.4592394389507035
535 5.414485475099299
536 5.3567903805992705
537 6.047329557297508
538 5.350763424656714
539 5.443289032383807
540 5.9347317758463545
541 5.30042635151108
542 5.577862777520779
543 5.5718008198727995
544 5.562902327408749
545 5.442040041738369
546 5.648075477998532
547 6.076090005591399
548 6.09814637126838
549 5.746332668064929
550 5.682026508943344
551 5.252801978754043
552 5.459519199077426
553 5.349154755352195
554 5.315418182857647
555 5.717576043160556
556 5.200880884428942
557 4.770806158069491
558 5.432927265894377
559 5.235870511154073
560 5.464333329677913
561 5.429070932259261
562 5.752203745141375
563 5.51042076389363
564 5.460229009535925
565 5.460549739092173
566 5.349459534992404
567 5.4774325577916665
568 5.2495225198775906
569 5.392654517831803
570 5.018169283739633
571 5.311626991425138
572 5.422186874897806
573 5.177247858757341
574 5.102063294982526
575 5.36643967312708
576 4.972335889670575
577 5.61668459402208
578 5.440512035798529
579 5.287050140491068
580 5.444718797989735
581 5.367775055684225
582 5.332073860669043
583 5.57663190598313
584 4.594084397597428
585 5.216873391405725
586 4.891235701354093
587 5.33159899533696
588 5.428036708848853
589 5.035364143842774
590 5.036162150326282
591 5.363656483758303
592 5.4424734650903135
593 4.728213661474995
594 5.6718139993889505
595 5.706151214171459
596 5.628233900985762
597 5.4630826433058015
598 5.107791262049757
599 4.794479802884404
600 6.052298727795967
601 5.359397485139551
602 5.133356963177725
603 5.173782731381296
604 5.530836410916599
605 5.267837112844287
606 5.154777152217206
607 5.12316272185658
608 4.907475221077158
609 5.48443974437181
610 5.505782286327403
611 5.766578034609223
612 5.558869277806768
613 5.277153266283114
614 5.2871791051821875
615 5.043903411369129
616 5.090263058293592
617 5.826384165263152
618 5.655899652099622
619 5.74233761723712
620 5.43622187383037
621 5.735664760465137
622 5.796699502988241
623 5.3722417333283445
624 5.465152496977871
625 5.556625242304209
626 5.369949265839812
627 4.951327674645251
628 4.411979960541893
629 5.041575559994413
630 4.659561779278019
631 4.650086337857005
632 5.1252550245508735
633 4.2594206696263095
634 4.6139694631524195
635 4.871992534362117
636 4.815525583278484
637 5.448219066583069
638 4.99267976464259
639 5.135581746966553
640 4.88520990304728
641 5.292802935309528
642 4.971107177609899
643 5.0872274268420234
644 5.134234852352666
645 4.863757957367189
646 4.414898720783329
647 5.294681128659045
648 5.277979282086385
649 4.463284227345789
650 4.638293082202338
651 4.996951519958747
652 5.15068742921463
653 4.535332182964001
654 4.642746229105116
655 4.48821423102089
656 4.9089883430643635
657 5.017053233665487
658 4.943427102993382
659 4.541907041353765
660 5.028965358371085
661 4.147173871799006
662 4.4294730495476315
663 4.073238400938426
664 4.070432292007107
665 3.677533507265786
666 3.7152606810439934
667 4.603321922962171
668 4.378967268922432
669 4.202827258615994
670 4.718476018956191
671 4.867610789252316
672 5.5425378664397
673 4.998811993401955
674 4.859385277093655
675 5.05552967801564
676 4.6085404118271684
677 4.898262990125822
678 4.940019829385274
679 4.376122396584604
680 4.864776245525591
681 5.054627953872558
682 4.563835290922026
683 4.462558082038676
684 5.429673629311434
685 5.594758364789578
686 5.100560921254847
687 5.605386007617011
688 4.740175822574448
689 4.776610628255158
690 4.561907944019405
691 4.815786726333723
692 4.130234547766271
693 5.44211562894251
694 4.769892545154351
695 4.934275126288024
696 3.94608312414172
697 4.307075742437722
698 5.088037678328846
699 5.189690522516547
700 4.823691297711854
701 5.507356951309652
702 5.168275727287632
703 4.961302638735451
704 4.852487694229337
705 3.954212928258429
706 3.5992599825096656
707 3.6008929780686354
708 3.9082281530451657
709 3.7750330683851843
710 3.7844245161745995
711 3.920630211727291
712 3.59154790956088
713 3.873121867266415
714 3.8047321486075547
715 3.317474115686573
716 3.431961411239756
717 3.616484923419392
718 3.8823468004518356
719 3.919184618188342
720 4.03164150945609
721 4.311534624148386
722 3.867800471395311
723 3.590992621129864
724 3.7193273474708923
725 4.050977808341094
726 3.8208939968133735
727 3.6549146844619664
728 3.9312944278771855
729 4.02409421369706
730 3.735375301023048
731 3.762103264521821
732 3.9636293489988876
733 3.740214950339212
734 3.999283117690046
735 3.7186631279966584
736 3.9327870272665773
737 3.8739827159436984
738 3.9825964167158134
739 3.602976728064193
740 4.1196132375239545
741 4.927777505961487
742 4.27799552492026
743 4.2430293322573736
744 4.247988746678448
745 4.834715336812924
746 4.085759195012784
747 4.409502763697744
748 5.193713029088149
749 4.961959663286204
750 3.9236485136435495
751 3.833973728076907
752 3.736129031043943
753 3.837951213856985
754 4.326439985478658
755 3.8158166133363154
756 4.120391478406963
757 4.600064358302709
758 4.278927882844494
759 4.099635800023115
760 3.8471811420174897
761 4.25255164269715
762 4.424812923634646
763 4.818785810029534
764 5.106169327453293
765 5.44246829486566
766 5.293480799206908
767 5.437906016676937
768 5.525910763859489
769 5.34275480345681
770 5.40420714501565
771 5.601898202880369
772 5.582314374139621
773 5.481153329152996
774 5.814201763648182
775 5.9154224758529095
776 6.0445224198884295
777 5.486009302521408
778 6.216079101069849
779 5.425830641307939
780 6.010540057007826
781 5.680621507540404
782 5.983630858589223
783 5.850172857273652
784 6.256634148527367
785 6.1742169232402
786 5.778242391780692
787 5.95345787596766
788 6.248861167238898
789 5.817057056327978
790 6.0415078387146925
791 5.661594995418161
792 5.739106698952249
793 5.368146352221061
794 5.629469794408736
795 5.445889762761678
796 6.001613740141023
797 5.851557198031813
798 5.603549970331589
799 5.178527058028671
800 5.657478018801251
801 5.574532967068662
802 5.389495888265598
803 6.127743021420373
804 5.606961761622275
805 5.411047838360132
806 5.180182797180924
807 5.692272601201703
808 5.474874953603181
809 5.396152136150443
810 6.1986769408371005
811 5.43716463068737
812 5.8326434293831815
813 5.612873936129797
814 5.7376007594739775
815 5.681189113864105
816 5.550575594424168
817 6.227249076736805
818 5.582209981855741
819 6.168339089691337
820 4.9858233458610135
821 5.744213229831171
822 5.244335659229304
823 5.5815085385903265
824 5.792727309833542
825 5.335051332685458
826 5.764390174991786
827 5.7215382249538616
828 5.5901675186150594
829 5.536162848951371
830 5.920618588903564
831 5.630386790835406
832 6.018022184229459
833 5.584765114446183
834 6.031677414210181
835 6.20667451309174
836 5.956743928457553
837 6.922352444701332
838 6.322783791649935
839 6.62911125459208
840 6.709102316914093
841 6.1633953414954155
842 6.756610428938442
843 5.847882842797249
844 5.569226590521974
845 6.077112047838894
846 5.782175209878932
847 5.875482292932425
848 5.915991938558485
849 6.043312277622958
850 5.953080351859141
851 5.866113833643826
852 6.284632480169398
853 5.998534132045632
854 6.081490730092537
855 6.191397424600425
856 5.927324557339845
857 5.860122831481771
858 5.785928995767286
859 5.6370980892723
860 5.930862478653531
861 5.561372579882396
862 5.547444262135151
863 5.721108651626056
864 5.924827078497865
865 5.478410900609652
866 5.4791162520856895
867 5.364352851652469
868 4.927765195252802
869 5.482571927772438
870 6.0619252321182655
871 6.1041248830609405
872 5.854300392714396
873 5.726326015560415
874 5.885019808191181
875 6.386075217933272
876 5.865322504001586
877 6.167145083178849
878 7.023663253378402
879 7.411669326420943
880 7.296281039656069
881 7.404027627805443
882 7.252590678544848
883 7.557788557036426
884 7.829387381900726
885 7.866371771987986
886 8.320707544959975
887 7.965369426459565
888 7.242287764999072
889 7.349444526309955
890 7.323746834891795
891 7.722521913069817
892 7.754972300829041
893 8.27512573281354
894 7.975228176121318
895 8.202256693101743
896 8.222092267820154
897 8.020302236417649
898 7.90552441174143
899 7.635439088945061
900 7.762986901484673
901 7.2270888801842075
902 8.006397971507283
903 7.381424222626466
904 7.871129965215367
905 7.666684828454885
906 7.85013001984253
907 7.776735765081366
908 7.9582361327368325
909 7.46802801114473
910 7.53723487723882
911 7.369914918115042
912 7.777131121231881
913 7.480103542079812
914 7.305233364921008
915 7.208562582851166
916 7.425403067812817
917 7.1196118637673305
918 7.244792564653299
919 7.069275586548945
920 7.302085428041776
921 7.2586257659762685
922 7.317508184009188
923 7.424736248860557
924 7.811029550987148
925 7.441294165066397
926 7.6040207238179205
927 7.5349513990454335
928 7.213303944240405
929 7.3312141535644155
930 7.518969393566262
931 7.55875224225894
932 7.437629157820095
933 7.199235646178594
934 7.028797355198564
935 7.200904722546629
936 7.474003385386031
937 7.942994270441184
938 7.671203307954187
939 7.111751363288378
940 7.347526961774606
941 7.628087094166833
942 7.264458204236859
943 7.4738793412473346
944 7.391319278662357
945 7.214572283139172
946 7.410700838725496
947 7.224782984126259
948 7.328531227460411
949 7.185597472667609
950 7.3662501884553535
951 7.466328854311692
952 7.514905950355318
953 7.055475737917846
954 7.20194142232475
955 7.673419787369024
956 7.561996112122537
957 7.160346337950431
958 7.605915001883896
959 7.243841214766892
960 7.37956608519437
961 7.446650494350409
962 7.510026552033312
963 7.443706260846537
964 7.095253543589598
965 7.634700117542127
966 7.69496476632049
967 7.719625593786825
968 7.147284078572239
969 7.684702083152656
970 7.9061623800386345
971 7.637558132598381
972 7.452080852780083
973 7.349213481897512
974 7.551636069768534
975 7.551985954654177
976 7.217901156624752
977 7.440774553638855
978 7.2111983247764835
979 7.7279829653205985
980 7.486543093255629
981 7.288476785033363
982 7.2509386718175906
983 7.524400858540264
984 7.839668518059911
985 7.735843685234802
986 7.70028767760801
987 7.794926669231348
988 7.829474604418187
989 7.5057570585282996
990 7.185423106840853
991 7.661212537559493
992 8.047619873707056
993 7.4230510621409636
994 7.1063488533455
995 7.08677770244363
996 7.692295790549362
997 7.795776180495005
998 7.563488662296812
999 7.614671482205246
1000 7.844198914887415
1001 7.441310070693104
1002 7.490719405911188
1003 7.836619431396824
1004 7.420162209033635
1005 7.257136734992029
1006 7.343826176286769
1007 7.373325112566058
1008 7.679633645956467
1009 7.635877003132334
1010 7.805968216193248
1011 7.267910989941879
1012 7.511214193156233
1013 7.915059695436045
1014 7.555796299543851
1015 7.354137959152597
1016 7.5804537092559565
1017 7.912626735574392
1018 7.870162956890792
1019 7.565605355277689
1020 7.777728777889764
1021 7.828845797616017
1022 7.604057332104577
1023 7.981900831098063
1024 7.512312440737833
1025 7.481110049161591
1026 7.429939492603195
1027 7.75242370164191
1028 7.6244672931258055
1029 7.889889911655419
1030 7.523422543948695
1031 8.09459972165927
1032 8.192280530323103
1033 7.22489667466823
1034 7.87380154761611
1035 7.837188638625931
1036 7.688004735300444
1037 7.382347170854817
1038 7.456590260890937
1039 7.87162379928801
1040 7.956711221829521
1041 7.9381711560210855
1042 7.449731419176108
1043 7.655080507033331
1044 7.408048551118607
1045 7.819413665239242
1046 7.6532106756876725
1047 8.448166183838852
1048 8.40095063638195
1049 8.173487401111503
1050 7.3192923023133
1051 7.735096287961745
1052 8.075460561360957
1053 7.837526844249194
1054 8.647602739985171
1055 8.239764950109297
1056 8.183751814350789
1057 8.07035898964172
1058 8.562769528863656
1059 7.986274906579807
1060 8.562039253601451
1061 8.086856729126568
1062 7.541249335375088
1063 8.025712550106961
1064 7.989775906361175
1065 8.09920675478161
1066 7.239785151307935
1067 7.423725894846275
1068 8.012421757054272
1069 8.246405662568632
1070 8.88358097641505
1071 8.613040088121988
1072 8.22300819609638
1073 7.751165771668178
1074 7.352847968732887
1075 7.6859536355428535
1076 8.514839824765467
1077 8.724001135700378
1078 8.234682703932327
1079 7.952303964516842
1080 7.920155780254897
1081 8.298759100754214
1082 8.370439790352057
1083 8.503018581324223
1084 8.282744466261988
1085 8.594459597810701
1086 7.693710768275822
1087 7.98491769465321
1088 7.844506753576675
1089 8.244496251236054
1090 7.52019154436809
1091 8.707187941051405
1092 8.105446655267858
1093 8.123286160547762
1094 8.155533489238808
1095 8.217992405663312
1096 7.811949537119721
1097 8.117309886920605
1098 8.117147163145438
1099 7.682029313455956
1100 7.774668421641551
1101 7.6179081511374855
1102 7.651216301136462
1103 7.882979882675986
1104 7.752707236646092
1105 7.765054600905894
1106 7.68243646867929
1107 7.638209080470053
1108 7.826882672290164
1109 8.573636369222273
1110 8.191800618420608
1111 9.163654802535962
1112 9.076064552269115
1113 8.61277612585251
1114 8.19277388360313
1115 8.701334131737402
1116 8.815411511741038
1117 8.840383182641624
1118 8.287481083351004
1119 8.576836122272104
1120 8.851900373886922
1121 8.365112599532715
1122 8.56717356911957
1123 8.498727055533317
1124 8.448033207504686
1125 8.641817085947325
1126 8.384995428044261
1127 8.929362743935727
1128 9.11894499801105
1129 9.0216381525012
1130 9.382130632176985
1131 9.146643342533926
1132 8.536188251280585
1133 9.557894401472222
1134 10.003696024175968
1135 9.05293523993014
1136 9.342909385067042
1137 9.209015274916435
1138 9.359422119288796
1139 8.215081967324155
1140 9.155174055156207
1141 8.679971514100872
1142 9.364510409658973
1143 9.09467660150505
1144 9.079389039711163
1145 9.03817174749362
1146 8.997908683306555
1147 9.50006667494583
1148 9.074837802230928
1149 9.500386471813929
1150 9.627194254548362
1151 9.468952222497984
1152 9.668286560389472
1153 9.391282059341247
1154 9.25905094240809
1155 10.035117077378267
1156 8.960420402889532
1157 9.568791423778967
1158 9.610152193417536
1159 9.9287131873996
1160 9.600171906542455
1161 10.067009084669415
1162 10.748612991431553
1163 9.683278600413743
1164 8.960210757731515
1165 10.139343951596466
1166 10.240494548959797
1167 9.548353032179824
1168 9.804121397216948
1169 9.964248172240158
1170 9.428681086462309
1171 9.506989679379446
1172 9.989261428194077
1173 9.851444817471098
1174 10.010917162331728
1175 9.242847450485199
1176 9.79122924429767
1177 10.30530531446771
1178 9.911548781639944
1179 9.843285173806228
1180 9.98374693095984
1181 9.630292346824445
1182 9.763165250749193
1183 9.707811903303197
1184 9.73393016140672
1185 9.4654347963951
1186 10.088319562055027
1187 9.757900393424553
1188 9.914247340569066
1189 10.917872605824119
1190 10.413327610077445
1191 10.510636146668881
1192 10.724159507546515
1193 10.662766006386242
1194 10.918421781082065
1195 10.761652809445604
1196 9.800012654033209
1197 9.756832799068716
1198 9.766614996676847
1199 9.986486239399722
1200 9.812971646654324
1201 9.549515786546635
1202 10.05464866291531
1203 9.938555042346382
1204 10.016201220081703
1205 9.67272794810247
1206 9.779166145174603
1207 10.093754682712788
1208 10.314825482270923
1209 10.39786069061895
1210 10.916694295515587
1211 9.820499839395362
1212 10.85315905653832
1213 10.403622224428863
1214 10.633148682308917
1215 10.909998698080702
1216 10.666028492660145
1217 11.636290742397625
1218 11.039594172086028
1219 10.779687305781923
1220 10.474818064940129
1221 10.48389735738467
1222 10.735405245492165
1223 11.51015659028131
1224 10.831333315697213
1225 10.721820019523507
1226 11.064776501557365
1227 11.762077929959416
1228 11.187445885144262
1229 11.422129747868128
1230 11.31512460390197
1231 10.996613712031182
1232 11.125446122313775
1233 11.695264719761855
1234 10.985120426321796
1235 10.788577711933218
1236 10.853257217346226
1237 11.093943291551412
1238 11.036213112698537
1239 10.761796929618168
1240 11.775063493477289
1241 12.021159610477138
1242 11.923625329633577
1243 11.612137406374195
1244 11.938964368981624
1245 11.183173117891032
1246 10.956067955432001
1247 11.055152506425262
1248 11.318465754889539
1249 11.303295418822058
1250 11.188985421898785
1251 10.817436748351534
1252 10.731873507758738
1253 10.489765798495592
1254 11.184426752762919
1255 11.039415345293651
1256 10.91652885322556
1257 11.407926297101467
1258 10.483975285355571
1259 11.77205216372894
1260 11.254034352674543
1261 11.576520418892539
1262 11.252880376048148
1263 11.450735245144521
1264 11.769030030528736
1265 11.693596009274705
1266 11.453597078057493
1267 11.051871350828847
1268 10.742856945699987
1269 10.62468362921666
1270 11.803587854637305
1271 11.19802727719535
1272 11.613366920162028
1273 11.03743637438173
1274 11.527774830195025
1275 11.352122167133077
1276 11.406253345112718
1277 11.152474346801343
1278 11.56931253816062
1279 12.447112026538983
1280 12.807834205393037
1281 11.289323941201015
1282 12.125768392542485
1283 12.655685782388646
1284 12.4993372943367
1285 11.718964323501778
1286 11.56121797009835
1287 11.772636481491203
1288 11.556130724828547
1289 11.128619008945492
1290 12.479808135866978
1291 11.976480307078761
1292 11.257120463650978
1293 11.17219791151892
1294 11.15519651583931
1295 10.419622253445477
1296 10.530534971936492
1297 11.479218891407864
1298 10.900265516657756
1299 11.09686061714455
1300 10.696604838491744
1301 10.9982167514207
1302 10.855043779590495
1303 10.55375119586444
1304 11.11034465651502
1305 11.339692016675778
1306 11.809073641223774
1307 11.540358933431682
1308 11.172808893431442
1309 12.398298759181563
1310 11.483511038469201
1311 11.234054108842498
1312 11.381181059073153
1313 11.121785235927355
1314 11.839257765981593
1315 11.4730487481344
1316 11.279763584817957
1317 11.50725824336404
1318 11.087404258663074
1319 11.769678141355602
1320 11.776187622200064
1321 12.286635685898185
1322 12.207921171635125
1323 12.108371279917641
1324 12.696782734231295
1325 12.846280574692223
1326 12.76405215777498
1327 12.273651414234935
1328 13.309614312925188
1329 12.547469735625782
1330 12.432287077516413
1331 13.094222408158958
1332 13.501818099679934
1333 13.025138363135628
1334 13.105598249933623
1335 12.838778483905394
1336 13.289981801825219
1337 12.923451051148321
1338 13.23009407455472
1339 13.594013019600418
1340 13.19945369892756
1341 13.212160811720342
1342 12.623028689324265
1343 12.940799729333643
1344 13.01653526039461
1345 12.287201420263141
1346 12.936479829607164
1347 12.860869199462742
1348 13.445290538978565
1349 12.827331259006874
1350 12.953482288769937
1351 13.508247704148022
1352 13.106050757290317
1353 12.973057742509713
1354 12.400294710957805
1355 12.414960562871395
1356 13.011474932079318
1357 12.833662076619643
1358 12.240161654656003
1359 12.388982706333353
1360 12.662712625903678
1361 14.180067444194544
1362 13.180369247723263
1363 13.62829269080878
1364 13.157113088294654
1365 13.24590664481276
1366 12.32439690445118
1367 12.002557820058254
1368 12.24195959537514
1369 12.518768125691878
1370 12.784427458928302
1371 12.88281391302659
1372 12.74972377066386
1373 12.760770073824318
1374 12.658824493276901
1375 12.644662221470496
1376 12.27609930486673
1377 12.645285009862626
1378 12.635960022579422
1379 13.130755195405278
1380 12.56047920239732
1381 12.891684051809404
1382 12.821089737783728
1383 12.69483332561129
1384 12.511277654679441
1385 12.606978281523626
1386 12.679069944095112
1387 12.725901794742146
1388 12.885366343271631
1389 14.260524627645582
1390 13.034592989354003
1391 12.683558173721995
1392 13.265104419700599
1393 12.985264688303278
1394 13.039344455001762
1395 12.689953427008843
1396 13.142514280200736
1397 12.729699146264696
1398 12.543768470053408
1399 12.414032962415707
1400 12.369994823876416
1401 12.392888812207817
1402 12.52922754257835
1403 12.45322600915217
1404 12.9533325527718
1405 12.574454817110029
1406 12.906261150970135
1407 12.48372418138341
1408 13.019488015328752
1409 13.50817458091767
1410 12.594215152537812
1411 13.493915095838627
1412 13.307568375470815
1413 13.565916002929837
1414 13.041477880073037
1415 12.991956482535969
1416 12.876404794642232
1417 12.596812441788519
1418 13.114389201863895
1419 13.68249602130868
1420 13.534648035096142
1421 12.762999247771875
1422 13.391242625573254
1423 13.152177336242941
1424 12.665153802802994
1425 13.436433263430928
1426 13.734654310377522
1427 12.879875050813824
1428 12.98318408483102
1429 13.145699876628418
1430 13.23767448520326
1431 13.140885175002843
1432 13.18209102840659
1433 13.441136361832935
1434 12.23539065116296
1435 12.657542445725051
1436 12.685879682973182
1437 12.995547351079171
1438 12.874791728514563
1439 12.840647508584013
1440 12.561968578492786
1441 13.026101130285156
1442 12.484256276824345
1443 12.216382037486705
1444 12.318020872348889
1445 13.275357008744278
1446 13.234093879904979
1447 12.978034528342294
1448 13.128866783340687
1449 13.05419679472726
1450 12.65067993049501
1451 13.02712964509589
1452 12.687053691650242
1453 12.542728261596412
1454 13.179466481603084
1455 12.921183958743473
1456 13.243912303618625
1457 12.92794760526963
1458 12.935545955474742
1459 13.644894423229854
1460 12.6549352453453
1461 13.270803490331794
1462 13.37771073112851
1463 13.605118430461426
1464 13.56321126223477
1465 13.234082483710939
1466 13.413707507927237
1467 12.955022736749452
1468 12.792171799504155
1469 12.769677541979016
1470 13.81781822862445
1471 12.77156760359238
1472 13.207087978637142
1473 12.802514334166018
1474 13.521511951869913
1475 14.009672206392784
1476 12.989862978471098
1477 13.419979782457673
1478 13.994515652116153
1479 13.834776667099337
1480 13.998995870219964
1481 13.656426448494319
1482 13.715842276667248
1483 13.443384187920385
1484 13.497333560784389
1485 13.738877660264862
1486 14.066781843290366
1487 13.990891203607903
1488 14.13856403302563
1489 14.169402393469259
1490 13.99711973670092
1491 14.649518342901812
1492 13.541306511585681
1493 13.489654067962311
1494 13.962298106775808
1495 13.921591445442195
1496 14.41365026991339
1497 14.385512684355316
1498 13.626191173257395
1499 13.976940230849658
1500 14.176385620096177
1501 14.073823773463074
1502 14.169734244522328
1503 13.270502204694335
1504 13.320076903872888
1505 13.611410731676504
1506 14.201895029180228
1507 14.283565087282271
1508 14.534388168320474
1509 13.686148226380162
1510 14.321118310713304
1511 14.62018023246818
1512 14.36735610813984
1513 14.089177991427057
1514 13.874918109320053
1515 13.763656528342509
1516 13.902047798262904
1517 14.134053921269768
1518 13.803374404199271
1519 14.618412335280533
1520 13.394365693064648
1521 13.8042689766743
1522 14.358099563283725
1523 14.45337462507297
1524 14.548441056554404
1525 13.43648818533351
1526 14.016962021602986
1527 14.267991115819527
1528 14.100723521386737
1529 14.528879869357786
1530 14.076615400704569
1531 13.74671734302341
1532 14.452228832622014
1533 13.82156138440527
1534 13.734242032083019
1535 14.15499569340337
1536 14.310603429310083
1537 15.055345133408064
1538 14.622377415191925
1539 14.062800480312356
1540 13.727744572762733
1541 14.794439775942328
1542 13.759445182661642
1543 14.287331059569672
1544 14.31735950031884
1545 14.478282839926758
1546 14.391874407239772
1547 14.699945967674978
1548 14.748721028375629
1549 15.325398752951212
1550 15.102740299690137
1551 14.522551454997918
1552 14.638469990980097
1553 14.257975389498187
1554 14.981173107686303
1555 14.381842366349604
1556 14.565087442596681
1557 14.750640229489344
1558 14.726824660343125
1559 15.078794263211234
1560 15.001594824976529
1561 16.174332288993966
1562 15.515989210444005
1563 16.201282057653476
1564 16.2832879377657
1565 16.675772634534315
1566 15.97612303187856
1567 16.035472859415716
1568 15.36133822135041
1569 15.475491361956125
1570 15.998377662566815
1571 15.847814989574607
1572 15.144834150316566
1573 16.38672186004559
1574 15.553862777956391
1575 15.005352314338733
1576 15.196849606375213
1577 15.089400363440879
1578 15.810887463326532
1579 15.54849928413687
1580 16.017630017236332
1581 16.30522618620495
1582 15.1449069844503
1583 15.56822834775887
1584 15.986203269153728
1585 16.753219944135868
1586 16.43397826569643
1587 17.082514710153372
1588 16.758997841058214
1589 16.24368579336211
1590 16.927128379649943
1591 17.214820308720117
1592 16.623960626872353
1593 16.300905236158275
1594 17.015001053910005
1595 17.38656052532723
1596 16.97613442422048
1597 16.945876645386356
1598 17.360676414465264
1599 17.54922703655303
1600 17.667874960954393
1601 17.466743072622652
1602 17.105746751442307
1603 18.172143004242297
1604 18.36705029263112
1605 17.384910257723938
1606 16.649531595341415
1607 18.36250405293345
1608 17.864568590825826
1609 18.015688022663014
1610 17.72233872612229
1611 18.002464209169734
1612 17.138332869014587
1613 18.35856189921462
1614 19.619741652677956
1615 18.976410640538415
1616 18.062768504636935
1617 18.183889061720834
1618 18.51743971062121
1619 19.111975520858607
1620 19.351240326594755
1621 18.68096052353332
1622 18.46375249453542
1623 18.51664119785921
1624 17.91993553401487
1625 17.941525871294658
1626 18.047181909872272
1627 17.449907080555697
1628 18.15072225464773
1629 18.332465141391168
1630 18.696407330455997
1631 17.744389323615398
1632 17.39697435246302
1633 18.74635612896135
1634 19.418593287161915
1635 18.68656978032453
1636 19.65308556431237
1637 18.700682886100335
1638 18.33994609548851
1639 18.399056369217476
1640 17.716622804931692
1641 18.49002211852618
1642 17.883878049118575
1643 17.958826998005225
1644 18.0378633662209
1645 18.56697980655613
1646 18.75101044208582
1647 18.737305015609934
1648 18.88970251532629
1649 19.467272766608502
1650 19.17905094213233
1651 19.760958663502144
1652 19.94712044838622
1653 19.208134279622215
1654 19.48955761260353
1655 19.75956822527704
1656 20.984174532577843
1657 20.34214759208603
1658 20.35103282961472
1659 20.839396849624425
1660 20.870858637732628
1661 20.499759161203258
1662 19.98678906331698
1663 20.728966007338855
1664 19.841088377720435
1665 19.518771518575896
1666 20.3260830184747
1667 20.535811016501253
1668 20.19277361757996
1669 20.55120546139912
1670 19.882983390721964
1671 18.97071038401435
1672 19.257151215429186
1673 20.239660485571818
1674 20.009876455419622
1675 19.269761310905064
1676 19.750014492568695
1677 19.363688827747538
1678 19.511448799102027
1679 19.339008505151433
1680 18.76521862945356
1681 19.922571431883245
1682 19.11925801635065
1683 19.162945257950195
1684 18.90515932599823
1685 20.121522794455565
1686 20.4553163487678
1687 19.00405795362875
1688 20.16141189927655
1689 20.387335262498038
1690 20.60518124329218
1691 20.846691536831415
1692 21.552902187663438
1693 20.95935811363544
1694 20.859017434770642
1695 20.671446955549232
1696 21.225596069185567
1697 20.909069139571415
1698 20.38673081028918
1699 20.70201818822514
1700 20.166500147643983
1701 18.607159339184697
1702 19.97111845435186
1703 21.128050828393267
1704 22.286324246698737
1705 22.144910049764597
1706 21.79342352074162
1707 22.915939179794588
1708 22.90994347377791
1709 22.031507182583493
1710 21.69761197606773
1711 22.062768608852334
1712 21.652745576093608
1713 21.840222943958317
1714 22.769632624172974
1715 21.981289864411615
1716 21.498619413872827
1717 21.817008471332283
1718 22.401499082266728
1719 22.06593464333803
1720 21.84045825525104
1721 22.49108130119337
1722 22.314877462771282
1723 21.94641504030425
1724 21.450911555331984
1725 22.140289799450745
1726 21.589663760015256
1727 21.858939386864183
1728 21.02012116155451
1729 21.977037447904472
1730 21.682495760838112
1731 22.081469150071328
1732 22.412072981463066
1733 22.387830275094
1734 21.541585102289698
1735 22.424048418981684
1736 22.628145006866273
1737 21.850596470499138
1738 21.464763444892924
1739 21.135380310229262
1740 21.04843286054725
1741 21.106057076620182
1742 21.981973570322094
1743 22.40536160607293
1744 22.5101278907545
1745 22.35870022579546
1746 22.897504650223766
1747 21.348081625451997
1748 21.39474208661744
1749 21.07356569057005
1750 22.33589555130066
1751 22.78324058132783
1752 22.715578704888184
1753 22.133284273480356
1754 22.48733861116966
1755 21.58446303651809
1756 21.518279362638978
1757 22.02903356358338
1758 22.15192603741039
1759 22.436705760266694
1760 22.453961117435412
1761 22.783364492026262
1762 23.073811299980566
1763 23.73554317507157
1764 23.52143260404467
1765 22.3718170445593
1766 22.635233058583488
1767 21.812936093596
1768 22.63842655104634
1769 22.45429952515913
1770 22.87693692011469
1771 22.862397054928508
1772 22.62288412925576
1773 23.30195129619101
1774 22.857300428365257
1775 22.58358418403653
1776 20.716591594161347
1777 21.6344635459696
1778 21.06346561958125
1779 22.216543158782947
1780 22.200928179034797
1781 22.03173195474395
1782 22.856676856924157
1783 21.209531254426967
1784 21.8192806400017
1785 22.255690047009722
1786 21.534296642940834
1787 21.442140222058544
1788 22.3540377350537
1789 21.57315385900312
1790 21.563951961604705
1791 21.519486281498402
1792 21.293067540650313
1793 21.956571423965965
1794 21.59022475172569
1795 22.285649952714877
1796 20.883852767894968
1797 23.276288652273095
1798 22.534782730037804
1799 22.166765942747382
1800 21.695220536498645
1801 20.180753291051662
1802 21.589307373023136
1803 21.874143134442892
1804 22.288206896048752
1805 22.73010083215364
1806 23.354891927583957
1807 23.898211953794757
1808 22.875863692787597
1809 23.05378778159789
1810 21.260230465136942
1811 22.471119923822048
1812 21.388328456591882
1813 21.782007773893337
1814 21.292925680677158
1815 21.632633738600823
1816 22.19940298410569
1817 21.927177075080035
1818 21.263395283623193
1819 22.44610681918913
1820 22.06677885165259
1821 22.42176159626216
1822 22.959257744945862
1823 22.954965425404964
1824 23.07118713062924
1825 22.674226374864645
1826 22.006061204534834
1827 22.429606142505396
1828 23.089386227347344
1829 22.307076343139457
1830 21.841244941932093
1831 22.942395529758812
1832 23.13968915949149
1833 23.612703762234855
1834 24.98948079281915
1835 25.072544816350593
1836 25.281917495724162
1837 25.791516757123087
1838 25.274021933987978
1839 25.098101377136302
1840 24.447045433025348
1841 25.835945887778024
1842 25.421909999702795
1843 25.037157752817137
1844 25.060269224874638
1845 24.54372566976358
1846 23.11141879758653
1847 23.106775032792168
1848 22.383627267865464
1849 22.99276059494817
1850 22.90879628018976
1851 23.17654672366732
1852 23.876314586358507
1853 24.726554110837046
1854 23.60523944362743
1855 23.258286282287756
1856 24.558289692166657
1857 23.694846348330987
1858 24.711830931059268
1859 25.238577261205474
1860 24.07683389328338
1861 24.187384142032307
1862 24.861705467441833
1863 24.5196758203193
1864 25.233060844408477
1865 25.19465679477606
1866 25.447739616891763
1867 24.12058762532372
1868 23.21745160821023
1869 22.421881834644406
1870 22.65137826687092
1871 23.409841549184335
1872 24.714744753468537
1873 23.712776362355175
1874 24.497405865192583
1875 23.95392079562713
1876 24.373960923905813
1877 24.238401323941652
1878 23.716289456735257
1879 23.422413355306457
1880 24.050693435862186
1881 24.028218757351322
1882 24.41894491257944
1883 23.674127866592638
1884 24.730699897503676
1885 25.740128568804767
1886 25.68110412751079
1887 25.90244022679696
1888 25.52502976820229
1889 25.096360500654118
1890 25.163305829932447
1891 25.747229821471887
1892 25.50103642352915
1893 25.756644371020705
1894 25.775923800415853
1895 27.00650020085761
1896 26.737586630881353
1897 27.585297966285214
1898 27.398639874801393
1899 28.705669504529876
1900 27.498374725887007
1901 28.120049986634346
1902 28.71481073160532
1903 29.00182590107017
1904 28.87858439834467
1905 28.017976060598247
1906 28.482080154363892
1907 26.899423185046484
1908 28.295443978851115
1909 28.000994026788657
1910 28.143637262029774
1911 28.117133645324312
1912 27.632987381082746
1913 28.07775754773553
1914 27.37797985607778
1915 27.3719141400113
1916 29.50112187929504
1917 28.42648627476315
1918 28.769739688561714
1919 29.083778528718145
1920 28.348224562309642
1921 28.017445873708724
1922 27.635653584276003
1923 27.54931025413504
1924 27.82957909058099
1925 26.61264447677818
1926 27.228837116070423
1927 28.71300448931273
1928 27.832564179814376
1929 26.278166350736807
1930 27.62568854777439
1931 27.90973124872905
1932 28.73538987049214
1933 27.74565220737505
1934 27.943588426872918
1935 28.287609868767102
1936 27.72667455898023
1937 27.68970578736703
1938 27.80597862715394
1939 28.32002443568641
1940 27.596318779455913
1941 27.75860609833141
1942 28.148205245193978
1943 28.661996145438877
1944 29.15554654935704
1945 28.459512238654337
1946 28.407712744551112
1947 28.296789030542577
1948 28.689005894465392
1949 28.222607311104735
1950 27.644571445248378
1951 28.657423951737393
1952 28.31709441065185
1953 27.808060084454514
1954 28.380592565636476
1955 29.04698269060019
1956 29.6550315337112
1957 29.640101773498312
1958 29.686113708386557
1959 28.89323543798157
1960 28.244022511301072
1961 29.520223340628785
1962 29.998058856765567
1963 30.43634741511601
1964 29.54699504559456
1965 29.541404616288713
1966 29.224965494103447
1967 29.226190589493545
1968 27.938690408560905
1969 27.98690522766624
1970 28.069024401313172
1971 28.794963797719046
1972 29.254644211631167
1973 28.963876945112528
1974 29.714545423739423
1975 29.837089578233908
1976 28.93718540543017
1977 29.920909682837657
1978 29.852417321280356
1979 30.163136122027158
1980 30.262051935594737
1981 30.774428338223693
1982 29.911474827818154
1983 30.03374037364573
1984 30.47947516170125
1985 30.794313618312515
1986 31.13822065179465
1987 30.924517936560154
1988 30.206971386869505
1989 31.036927015787086
1990 30.480556993506696
1991 30.23576786505308
1992 31.252968749578212
1993 30.565912680878057
1994 30.383657815540484
1995 30.152399866122305
1996 30.5674710157799
1997 29.95673765093351
1998 29.554452675569593
1999 30.437249130583066
