0 19.33667665889657
1 18.754838660869197
2 19.58890873589544
3 19.932588384848547
4 19.582584121137728
5 19.705495269827708
6 20.10067385587696
7 20.464658671384523
8 20.655082783790885
9 20.75220758654915
10 19.3771165805972
11 20.566338878975717
12 19.537367878048062
13 19.403780488803683
14 18.791018067650622
15 19.6937608791386
16 18.43947125101183
17 18.504014038643195
18 18.56877917770212
19 18.14305760484335
20 17.421241035371096
21 18.668486033028273
22 18.76756949985665
23 18.284401160449537
24 18.790226968696565
25 18.170517839866772
26 19.178803674150434
27 18.814751379317524
28 18.852566024845718
29 17.99554289078842
30 17.18835887474387
31 18.023572769762
32 18.35294225738171
33 18.522122522182336
34 18.774583237503833
35 19.49563825493923
36 19.329119709956146
37 19.04987640455573
38 19.539742503373564
39 19.070414343254278
40 19.20141292254147
41 18.87994488519087
42 19.512028939505132
43 19.690032512474158
44 19.3534710692401
45 19.519955794011363
46 19.345511876118405
47 19.930247950245548
48 19.57968438529273
49 19.130955629245676
50 18.81767940441555
51 19.00346142094269
52 18.96820331329076
53 18.746102036964363
54 18.39435016363325
55 18.81920957445846
56 18.1973307563439
57 17.672134352214698
58 17.61689090008805
59 18.423570199486612
60 18.47514635464446
61 19.07293466043663
62 18.251274110020976
63 18.701919580180853
64 17.588434563561727
65 18.306907568271583
66 18.24333817723664
67 18.703375965200415
68 19.784715509915607
69 17.998809229830076
70 19.25758749169307
71 18.950176940835583
72 18.605372276341708
73 18.47207439486249
74 18.530792213786228
75 18.198223751520104
76 17.18765348150623
77 17.784545033026845
78 18.208008473923744
79 18.1807391185234
80 17.567267435820543
81 17.08871126850581
82 17.951321661959106
83 18.209587466594225
84 17.87570250207866
85 17.98267653406234
86 19.006022653437565
87 19.148515643467206
88 18.695417133255482
89 19.267758702670633
90 19.938783102454657
91 19.786978262276254
92 18.57499866606634
93 18.837514725134863
94 18.493182315054035
95 19.57135989553677
96 19.576523493560007
97 19.626669984082813
98 19.75582561768004
99 20.477002104732815
100 20.737207960829892
101 20.760229872507193
102 20.12011495419884
103 20.186684985623355
104 19.014592990886978
105 18.343983674490214
106 18.306128512561543
107 18.283002951085795
108 17.81939193111347
109 18.141923331122484
110 18.08031694383027
111 17.849813631631267
112 18.67325383285104
113 18.558447275583543
114 18.380015477194338
115 17.889069929389365
116 17.389184245503817
117 17.77556244964456
118 17.60475621929069
119 17.992331354172986
120 16.78112948512226
121 17.202965670015235
122 17.034749344096515
123 16.85331333937231
124 16.863918020028027
125 17.20738908336922
126 16.726376800013227
127 18.14789264500363
128 17.842394938538614
129 17.898325290189838
130 17.830056290714985
131 18.25363401351218
132 17.802455825450682
133 17.731472436559454
134 17.80005552710582
135 18.415831105393835
136 17.88281537618458
137 18.200848476052
138 17.797297642224315
139 17.559296055495253
140 17.335021986201685
141 18.18018792527632
142 17.736882579716067
143 16.87517867574734
144 17.01372957387216
145 17.736199089598227
146 16.941041943603622
147 16.839848701191528
148 16.849473884221513
149 17.319361288139824
150 17.460781322411997
151 16.64420897738063
152 17.076951557345986
153 16.697693299280964
154 17.426131984178966
155 17.775849170291156
156 17.87079158660233
157 18.301878323200533
158 18.34620174703149
159 19.67092864265218
160 19.65887063792561
161 18.90816922297953
162 20.389279121073514
163 19.501791526475074
164 19.43974099988357
165 19.781100091092174
166 19.438832686969967
167 19.67821011356936
168 18.933814198733256
169 18.448604073172987
170 18.728572317164247
171 18.325160634720067
172 17.091726689146995
173 17.289956967744384
174 17.31390046715613
175 17.086588574383427
176 16.6751457184199
177 17.66592309983027
178 17.587139912827183
179 16.89064409758546
180 17.613719886344587
181 17.087711068478434
182 17.75673457447509
183 18.19625188300191
184 18.639666157400846
185 18.74743981565773
186 19.401843949565766
187 19.571648523751517
188 18.77348243081979
189 18.744610126180522
190 18.492734945099244
191 18.5661908488512
192 19.31445418449234
193 18.903958461164045
194 19.22959287247892
195 18.735360023523846
196 17.853325558474612
197 17.71161280419922
198 16.83184558254684
199 16.34720752197367
200 16.48173185878914
201 17.93758227816641
202 17.660472964639364
203 17.31223186637363
204 16.980146037016326
205 17.0782563269204
206 18.13359181086471
207 18.356935996157315
208 19.047579264302076
209 18.622554825539098
210 18.306564084323615
211 19.35813255681337
212 18.806366166188273
213 19.339031520948875
214 18.822787810837756
215 18.399186904779455
216 19.403656300475042
217 18.54588997319251
218 18.093515867546074
219 18.05837959996181
220 19.312450303869472
221 19.54823894683717
222 16.66234449389622
223 17.020721488864623
224 17.020589723362978
225 16.61528208705711
226 15.798478383341605
227 15.988443681351493
228 16.2066184010148
229 16.945221746030903
230 16.520254151661636
231 17.283083012561892
232 16.507458265438533
233 16.962878449677337
234 18.133693671300257
235 17.194455899895864
236 17.07421524023201
237 16.15800361854634
238 16.956186863672766
239 16.29419513987882
240 16.39466493514202
241 15.151466508868502
242 15.825322687376296
243 15.501384075281516
244 15.252250028320606
245 15.762891674203127
246 16.256146170312235
247 15.70921043369046
248 16.220370623470597
249 16.41762887456934
250 15.876128728487041
251 16.47464742230896
252 16.264677306144087
253 16.984828490254728
254 17.737820076645196
255 17.832382119402308
256 18.885998157948876
257 18.54263374374583
258 17.353243121843807
259 17.946138622198003
260 17.90749351567453
261 17.430817140462466
262 16.71280091728568
263 16.74348650606475
264 16.297606447184766
265 15.209844842378956
266 15.629121974983878
267 15.460945662440702
268 14.83747312845411
269 15.8131599192871
270 15.08531937155073
271 14.410728781174706
272 14.56169989860658
273 15.049567628930784
274 15.90599950280542
275 15.337420841644526
276 15.427521212315131
277 15.324241721540641
278 14.899003035990626
279 14.983882465488188
280 15.542932843357365
281 14.50020012525742
282 14.868757179404723
283 14.187567875583357
284 14.565189808494539
285 14.429276519563757
286 14.865580354331568
287 14.348009286476143
288 14.743158785109307
289 15.814673223713234
290 15.16808338668091
291 14.570370674641335
292 14.079147000833652
293 14.13643281568358
294 14.737440584560192
295 14.107088115072894
296 13.465939336961947
297 13.866715436691914
298 14.097202402941736
299 14.532041522706495
300 14.289632815541001
301 14.170318554753885
302 14.334012542468146
303 14.625448713053709
304 14.103412658184656
305 14.432998044150233
306 14.075842732111342
307 14.051902255624421
308 13.428100032356896
309 14.02322935247241
310 14.908163512659558
311 14.640189577673253
312 14.956198990277947
313 14.203391934318336
314 14.11980599323159
315 13.992433562269639
316 13.372634097802882
317 14.286838506183903
318 14.821011271335168
319 15.057165678198771
320 14.179564000510162
321 13.989259571977067
322 14.40857955416275
323 14.28055493178096
324 14.349651109488722
325 14.17568041254139
326 14.715796929577257
327 14.146704358172547
328 14.411615842993092
329 14.851508703611579
330 14.308251410440217
331 14.278386696197941
332 13.51499446354136
333 14.151165141150546
334 14.000837485860885
335 13.477419246660613
336 13.450419938157518
337 13.231403328434174
338 12.91754246833751
339 12.86875344185851
340 13.194251819328683
341 12.703214559955521
342 12.777155991883005
343 13.492326194416545
344 13.54150605965531
345 13.800430319603178
346 12.927743159419945
347 13.335708976259456
348 13.368768296807621
349 12.133347671497907
350 13.161920470636195
351 13.070351667188977
352 13.073779222909652
353 14.050426342907926
354 13.039092505916278
355 13.628796231412013
356 13.213704647953183
357 13.561903987710197
358 13.237402354900746
359 13.234096975792784
360 13.373421387235705
361 13.41870484750167
362 13.053279228911087
363 13.586610690206278
364 13.198205444698175
365 13.606691053276428
366 13.332394194585323
367 14.15180136877895
368 13.717189500892207
369 14.000006277414121
370 13.574856134259887
371 14.230427606553397
372 14.05188178197292
373 13.529771237957492
374 13.612141984651048
375 12.812857704735654
376 13.253524326678718
377 13.329446418208216
378 12.994589049793145
379 12.953680126285079
380 12.414653064564257
381 13.078918421589128
382 12.813578321746055
383 13.03434474443385
384 13.761083989063604
385 13.513398111038983
386 13.25238647536406
387 13.300551247251976
388 13.054982868969121
389 13.842665048125744
390 13.689951171933062
391 12.880841184493956
392 13.077979284433003
393 12.281694815216618
394 12.27926936176649
395 12.7168223119574
396 12.56771350813624
397 12.679300078406849
398 13.096994137365476
399 13.562165981590017
400 13.348233062484827
401 12.571793673476853
402 12.49818149361928
403 13.33487032092826
404 13.59499367919164
405 12.78836820510786
406 12.577710293083332
407 13.663697624460623
408 12.942786026289735
409 13.439859112559198
410 13.350103389833578
411 12.361001938616582
412 13.412576443813672
413 12.791506822784884
414 12.619273221769024
415 13.506369898970755
416 12.356195783199778
417 13.583987757419846
418 12.678248043583327
419 12.76635554334043
420 12.839034022684618
421 12.729262348172147
422 12.96919193481052
423 12.967037481503697
424 12.409529226889083
425 12.766180765879524
426 12.640418848100332
427 12.808168846689469
428 13.026833271322007
429 12.6399364630389
430 12.653119861274188
431 12.583833109355771
432 12.720652563014134
433 12.971125446462432
434 13.451734473199924
435 13.159689094482124
436 12.860000598743875
437 13.566752611816463
438 12.899505326814305
439 12.510407202703401
440 12.566680347657968
441 13.387813984717628
442 13.462534633354
443 12.679769062937886
444 12.118416594178823
445 11.64466098247292
446 10.9691213619226
447 11.616424699439355
448 11.751383921604344
449 12.208156090418063
450 11.218362678409921
451 11.12848788999747
452 10.700864200067874
453 10.680209886918867
454 9.90601715475372
455 10.00091354131158
456 9.457691790459894
457 9.477752214933657
458 10.830315530815595
459 9.700026476497383
460 10.194586217239
461 10.115712997666721
462 10.084095070909795
463 10.032606334890776
464 10.13590163050155
465 9.651330012742703
466 9.64900573859698
467 9.814321956548461
468 9.877072092486817
469 10.63974486145383
470 9.90503014428199
471 9.349360284930238
472 9.518567887597076
473 9.176612163932854
474 9.450521269776203
475 9.229508739283284
476 9.514274963086388
477 10.316674901661958
478 10.04588681533862
479 10.001293027464758
480 9.204747062252933
481 9.967052294382876
482 9.817857896254015
483 9.183815672635982
484 9.92934619321346
485 9.691094831025286
486 9.432166355114655
487 8.965587587312596
488 10.295274029689956
489 9.41256319635201
490 9.142095338447499
491 8.715209364744558
492 9.280479771142806
493 9.127584699853323
494 9.249668804012735
495 8.874115679983413
496 8.944673629519903
497 8.866237454942826
498 8.934741227186851
499 8.876245125833789
500 8.721599148937264
501 9.109124809319658
502 8.957028214798175
503 9.89304422737819
504 9.185916860313114
505 9.543063278222167
506 9.085641504881147
507 10.145716417573347
508 9.600436498766031
509 9.913822040780042
510 9.874156777492091
511 10.078455410433417
512 9.363068714736155
513 9.828316966230094
514 9.679696656355654
515 9.688941327029676
516 9.2346738390947
517 9.580025363408645
518 9.374333903448482
519 9.406433508179047
520 9.319965091897213
521 9.794163574063408
522 9.704398107967219
523 10.207822281715774
524 9.501489929368688
525 9.978035609916164
526 9.91512197148302
527 9.534399074564298
528 9.646132472822412
529 10.478119905250166
530 10.490879963347439
531 9.307889921166037
532 10.577756047865314
533 9.322119903521456
534 9.667883719587113
535 9.49714879157689
536 9.480921159242136
537 10.009776400291965
538 10.840275661537516
539 9.994824332913126
540 8.876182409352328
541 9.444688322212919
542 10.14495320895408
543 9.521323316050303
544 9.255293347901674
545 10.185759926159612
546 10.374720634414372
547 9.298763361026243
548 9.39125145536468
549 9.81596216844822
550 9.309650427315157
551 9.424537489691508
552 10.069169396105915
553 10.18328186299054
554 9.717343992863832
555 9.829743578166273
556 9.141816721863858
557 9.00625287579012
558 9.015031726332445
559 8.404450997176918
560 8.53247050412113
561 9.42954955032991
562 9.562441766518727
563 8.881935805290968
564 9.035089581563156
565 9.284391801248326
566 9.001908724621362
567 8.369514879436485
568 7.976946714304237
569 8.733739973860185
570 8.723714249301878
571 8.64828281322437
572 8.635509777116338
573 8.640714184880176
574 9.269900189397475
575 9.756765571912299
576 10.008992610044464
577 8.988653567125002
578 8.620405228501921
579 8.764890443699182
580 8.65981633460012
581 8.602410900155284
582 8.65324352940364
583 9.254100759505192
584 8.297922806759892
585 8.282207002913376
586 8.328693310699887
587 8.290379693881338
588 9.029213539914233
589 8.238153173967175
590 8.309248601849948
591 8.167448590639179
592 8.29661579513643
593 8.364164532903262
594 8.391505226769342
595 8.804492084470176
596 8.19268243094026
597 9.143480211046292
598 8.556880917530558
599 8.538856391494264
600 7.954069303343344
601 8.850353521313505
602 9.162716281673418
603 9.25177010712581
604 8.52423669163466
605 9.000455758224433
606 9.19266066766762
607 8.497896215127954
608 8.861857737791528
609 8.516777078699315
610 8.880474888881256
611 8.827922451558608
612 7.888130197938098
613 8.341336406669773
614 8.299188448547106
615 7.901829652280975
616 7.878425277607694
617 8.378353647247911
618 7.8992917596123515
619 8.046922332177825
620 8.735679765071563
621 8.698123271542986
622 9.13906816167069
623 8.736981727997774
624 8.923644149066577
625 8.62679235150173
626 8.340792980031061
627 8.836779510639731
628 8.577016507445627
629 8.7093362592764
630 8.131550374423101
631 8.719513429483953
632 9.324446459173704
633 8.597727854416311
634 8.822641276322551
635 8.775659152586476
636 8.502992474401644
637 8.671342160136549
638 8.622740391361184
639 8.687084581723767
640 8.92662848058251
641 9.488070142226613
642 8.750081458128445
643 9.259596754606124
644 8.584769746877614
645 7.915069248056702
646 8.690716812224439
647 9.076236438802226
648 8.95047035308405
649 8.965042355110922
650 8.948244767370078
651 8.774630019772534
652 8.73097878258843
653 9.507517117115803
654 8.935473460984769
655 8.865883515966337
656 8.621661104312109
657 8.196193581493754
658 8.881058334077125
659 8.590113155696116
660 8.458950027539085
661 8.641476943974888
662 8.696836069042972
663 8.738771526362425
664 8.329779986328626
665 8.530315742264278
666 8.612435910226564
667 8.429085418483828
668 8.820769973761976
669 8.317628715507727
670 7.782899193183726
671 8.265821583755981
672 7.729528631351249
673 8.490883068316617
674 8.161293336508077
675 8.523958763681506
676 8.261968732699204
677 8.109724624280283
678 7.64650167474771
679 8.349045822150194
680 8.233052823098793
681 7.772415173311407
682 8.091742882511328
683 8.141568818648953
684 8.14053055769104
685 8.30890887988478
686 8.423358241292403
687 7.8585152230177435
688 8.196069122147648
689 7.673816930138623
690 7.639177679116625
691 7.296443708966682
692 7.578639540957126
693 7.600541553639109
694 8.087980497169465
695 7.9360405045691635
696 8.301689359820184
697 8.2689216996518
698 7.813275480373627
699 8.504655079629341
700 8.64588720457688
701 7.835470682151192
702 8.517897332846973
703 8.009617798367943
704 8.463770322359661
705 8.347961773452386
706 8.11268147679726
707 8.09793583034465
708 8.01985496774824
709 7.973489871459793
710 7.468264151838036
711 7.329306760324283
712 8.190426717921936
713 8.167842261946143
714 7.771922529543575
715 8.18349824063598
716 8.586077523569129
717 8.057547774304544
718 8.15014739011597
719 8.380983905459475
720 8.596578659459109
721 8.54830861266836
722 8.36200631445553
723 7.970081361716268
724 7.748774726740817
725 7.7625642395409695
726 8.060222348457934
727 7.625455368792859
728 6.855894290474362
729 8.040639272074669
730 8.041758397310103
731 7.577549789588847
732 7.1791513015619755
733 7.932980023476738
734 7.716904516587806
735 7.627933062247807
736 8.103516238634848
737 8.286566994272812
738 8.535882501904492
739 8.13349158717099
740 8.032335494131383
741 8.039144205272946
742 7.707995724774938
743 8.352845600170145
744 8.131005074136464
745 8.531943910382891
746 8.18967796893554
747 7.916878765114542
748 7.275965496901076
749 7.6477744647082
750 8.483195205414006
751 8.604122154699263
752 9.859841544609333
753 9.602139629499067
754 9.099564609624087
755 9.522667009716624
756 9.316429371603496
757 9.74514983232044
758 8.93014358914762
759 9.080235507807256
760 9.053046221558919
761 8.066759902134137
762 8.340065597665692
763 8.154723677955584
764 7.948046931139797
765 8.308699345193107
766 8.461326708161364
767 8.430912752643074
768 8.484167199755591
769 8.390453741665858
770 7.496725434213431
771 7.801298426499943
772 8.09031632272004
773 9.062458249544406
774 7.486901975006073
775 7.368971247271835
776 7.177796857350566
777 7.3070923152827545
778 7.462690275261694
779 7.538581332939026
780 7.741053959416826
781 7.745055865981016
782 8.631935879114941
783 7.819833351776756
784 7.750337280659552
785 7.705534035045748
786 8.895042557648267
787 8.270935843694579
788 7.300593836476904
789 7.800461675697805
790 7.935867842098415
791 6.937835269487848
792 7.2328890388819715
793 7.61377901868741
794 7.403453176478915
795 6.953434156063501
796 7.5002056269958794
797 7.781034079547888
798 6.914852822595819
799 6.862688204404861
800 7.090147072782744
801 7.073448670408992
802 6.982804719341797
803 6.941714447929533
804 7.271670691077635
805 6.535328391329132
806 7.154768570208695
807 6.782615579980222
808 7.166811785719999
809 7.090105013793035
810 7.257157457221514
811 7.310857819938898
812 6.676204247898996
813 7.187542309751636
814 7.279354157274578
815 7.223533040050629
816 7.89801088130406
817 6.648336928462167
818 7.025921828327048
819 7.019006816087901
820 7.297641437048891
821 7.07657479741845
822 7.404802487887697
823 7.494251119339381
824 7.523153949698455
825 7.264955380874696
826 7.485007543063103
827 7.885813383731621
828 8.079726727765964
829 7.742062925367192
830 8.196711664787822
831 7.722974721499787
832 6.665134111670465
833 7.06826611711119
834 7.06708045969859
835 7.634334895742933
836 7.383356190897907
837 7.114585415852531
838 7.4638632369526645
839 7.370493529233268
840 7.823745992906317
841 8.595094517496275
842 8.038965943649314
843 8.140732381896836
844 7.852149882657298
845 8.320697331653466
846 7.567575999689194
847 7.889717730586667
848 7.783036327295657
849 7.28105046923599
850 7.040519112954118
851 7.042724983965535
852 7.8161814491221815
853 7.1872502241539316
854 7.2420987957870375
855 7.431627232859882
856 7.212045749757027
857 7.052904538017227
858 7.730432673593372
859 7.2059470177476115
860 6.856652090118611
861 6.951352466051312
862 6.084230761088084
863 6.144061071634664
864 6.276140342280083
865 6.062780625589241
866 5.497872789746156
867 6.037041383173574
868 6.028009660086027
869 6.095127926075398
870 5.92706746961195
871 5.623935971980421
872 5.126788626987327
873 5.624826780788213
874 5.876151956596388
875 4.427300844786433
876 5.0892183087891345
877 4.435282413809679
878 5.040886639337814
879 5.144530731024764
880 4.714427249803654
881 5.50644695678754
882 4.66857144348583
883 3.6508170185953954
884 3.6383695544260393
885 3.2048887731651714
886 3.2273427388258926
887 3.629652572275876
888 3.518868978053733
889 3.4752332726587647
890 3.3013777752003386
891 3.169172377432611
892 3.4404387216247763
893 3.5497743217241577
894 3.50460528809173
895 3.2066642246629082
896 3.195944758550336
897 3.2910796036848855
898 3.5192851429914795
899 3.2769676065902154
900 3.3495230311435695
901 3.2205763794849824
902 3.2168492865073977
903 3.5342838928303038
904 3.304862039076886
905 3.3817754514720177
906 3.2476631229867796
907 3.1756596726938735
908 3.582379864977858
909 3.461404698265695
910 3.750476125968325
911 3.390795039482623
912 3.44716829525216
913 3.695757169250999
914 3.2465112754231304
915 3.5610294593341987
916 3.278367917381999
917 3.389585878345414
918 3.0531972211025695
919 3.5004371183058147
920 3.310398560549414
921 3.3476539939625067
922 3.2669241469735097
923 3.551176244875037
924 3.3559178827500387
925 3.3431541140123553
926 3.303165792137382
927 3.3063090994996442
928 3.277863624174569
929 3.4540447838065704
930 3.481526839121847
931 3.297142769771271
932 3.5903347364199285
933 3.7116282180225895
934 3.605653673342288
935 3.4578944402476317
936 3.743335588703642
937 3.6185445763516
938 3.680172201390278
939 3.193666123666263
940 3.1658135791039475
941 3.387475708256955
942 3.6745153362016816
943 3.3837852508388617
944 3.5473320961665373
945 3.2253983541899203
946 3.517902527679588
947 3.606776482105504
948 3.403979439751002
949 3.5002732250262025
950 3.5946382094752503
951 3.350119857306253
952 3.3252714091661724
953 3.299800886611329
954 3.292251954563199
955 3.5625134939066934
956 3.2844925845950503
957 3.3427687289172168
958 3.239100002159151
959 3.3255848314289476
960 3.3067169436242976
961 3.2360300840725738
962 3.2224673840608076
963 3.2809109836246
964 3.1519085942416085
965 3.4813734850218183
966 3.608660245241439
967 3.4370979546336966
968 3.541903944150999
969 3.4612849037008955
970 3.5899151046278392
971 3.1589575268178325
972 3.507640020029913
973 3.5578522595684827
974 3.1676585194941236
975 3.634847588850279
976 3.565094218916435
977 3.1439238883800065
978 3.5106751053711562
979 3.397987247298304
980 3.483968999879768
981 3.456816804921058
982 3.4515292812535736
983 3.5818078315736566
984 3.6125820058904328
985 3.5012458949898737
986 3.4715025745685146
987 3.2900283295629777
988 3.1314704267341065
989 3.291970000956063
990 3.1209837474880713
991 3.1136071647516124
992 3.1982109622405415
993 3.2586332429320755
994 3.6800447276936743
995 3.289924251105308
996 3.1796760319668644
997 3.45583425416271
998 3.6015121668813515
999 3.1156826725167233
1000 3.085614056761251
1001 3.5659832163404017
1002 3.503894712661311
1003 3.334413003913235
1004 2.9838976534334885
1005 3.217477658273872
1006 3.189215790772802
1007 3.5435129322611725
1008 3.110922281096943
1009 3.405072240245909
1010 3.6108638623483253
1011 3.4075724266554155
1012 2.9726917892078397
1013 3.374006772274146
1014 3.5266873184793623
1015 3.349679339960175
1016 3.267517511110166
1017 3.4031375014532865
1018 3.0851707721655064
1019 3.399925805908828
1020 3.5863899132799317
1021 3.338666345908898
1022 3.002363291189766
1023 3.2598714370135955
1024 3.2231069572591715
1025 3.190756798675364
1026 3.145906703798131
1027 3.197639998848333
1028 3.4921771977625737
1029 3.31204705858885
1030 3.37766318314557
1031 3.1693539699926907
1032 3.6185435131310286
1033 3.1794884119470064
1034 3.507407254627376
1035 3.324960606991745
1036 3.1514743803844336
1037 3.2221616549884002
1038 3.298769728516851
1039 3.620459199600108
1040 3.46066748344278
1041 3.1571932496694632
1042 3.1671720383990225
1043 3.4615121467884595
1044 3.3947519747449038
1045 3.3390194005363965
1046 3.254162486504226
1047 3.1869045116192734
1048 3.4811827311202226
1049 3.4926414388629
1050 3.2767818048167174
1051 3.3831702943234934
1052 3.458265547899768
1053 3.4778699345224027
1054 3.152736751030224
1055 3.3364463979605836
1056 3.5379019166971366
1057 3.703434120244193
1058 3.244896133090421
1059 3.4991329543304275
1060 3.2345563256977092
1061 3.978764683655317
1062 3.6674252323256824
1063 3.400543700245463
1064 3.246012860584312
1065 3.522927846726777
1066 3.7385100758765026
1067 3.445057762192921
1068 3.173415074802586
1069 3.347202274110984
1070 3.1355531302854804
1071 3.291006322761831
1072 3.2149314132505293
1073 3.395061705365051
1074 3.4947435692050917
1075 3.2861631969952847
1076 3.5498783388098207
1077 3.459432612303966
1078 3.010984731136953
1079 3.570157328032709
1080 3.752792306251208
1081 3.475399663411513
1082 3.6260281717018414
1083 3.7790379509903445
1084 3.315103380996668
1085 3.6809641790250005
1086 3.485035718362015
1087 3.546016093869001
1088 3.3231163637544605
1089 3.479917010582163
1090 3.4463982631953582
1091 3.4728993848016776
1092 3.1947555879046505
1093 3.5132340160041355
1094 3.5089846615961546
1095 3.394302222103389
1096 3.611500940714392
1097 3.1240279380691884
1098 3.378726817392712
1099 3.6700786680756843
1100 3.528992544584199
1101 3.0371228331373623
1102 3.0549930871482203
1103 3.1618629890770653
1104 3.5094127271342135
1105 3.2038730189658673
1106 3.402485730045916
1107 3.4397838556234355
1108 3.4167628489313984
1109 3.5669387557103485
1110 3.619760208219745
1111 3.4502628076644863
1112 3.3719910007243086
1113 3.6062166448014947
1114 3.511713422923356
1115 3.4382203341887063
1116 3.5179465239741528
1117 3.4314353860607127
1118 3.769620609392468
1119 3.521670319894555
1120 4.016433868175529
1121 3.4474542093013087
1122 3.433538028891533
1123 3.544747100255652
1124 3.2834165215339506
1125 3.276377881101983
1126 3.296226406226421
1127 3.366977329012449
1128 3.203992422796293
1129 3.149279677271693
1130 3.427210927138496
1131 3.4503195427081885
1132 3.3648967138815835
1133 3.206322742819979
1134 3.3491166608779372
1135 3.426651427856491
1136 3.986824772403663
1137 3.240002702341724
1138 3.40017653495077
1139 3.5026418764778504
1140 3.709933767418909
1141 3.4616675428632306
1142 3.3930616142057257
1143 3.596278858064413
1144 3.222020390270285
1145 3.4726227595320633
1146 3.8908466439745686
1147 3.4503243921744713
1148 4.0056647280751045
1149 3.9908263815785574
1150 4.343668197158643
1151 3.3144979787076427
1152 3.4515469210240504
1153 3.485630061899595
1154 3.41299170162369
1155 3.313231487626548
1156 3.2627160476409016
1157 3.574821371548153
1158 3.782691317653904
1159 3.4281752583393774
1160 3.5761371243942324
1161 3.0772746697553726
1162 3.5370495445288057
1163 3.5864520967531113
1164 3.344766974442908
1165 3.4718163328170544
1166 3.1857653178484147
1167 3.5596798599828885
1168 3.4205106388248017
1169 3.416522960584522
1170 3.561004361469066
1171 3.4423930382681496
1172 3.5703883845550495
1173 3.336407576978238
1174 3.3529651249760644
1175 3.2302413246722192
1176 3.3535988344607643
1177 3.3080705843726834
1178 3.1937572373167837
1179 3.145652036230124
1180 3.427200154422076
1181 3.2561982597184245
1182 3.453205298714387
1183 3.2022567907527346
1184 3.0504552498735937
1185 3.2472724708612235
1186 3.402789748197629
1187 3.419263859493255
1188 3.5363588178595124
1189 4.03327570821328
1190 4.269618170439569
1191 3.287106402020363
1192 3.393828117717894
1193 3.673482504883083
1194 3.703687420051092
1195 3.683923973832609
1196 3.4681262256895384
1197 3.4508027641819665
1198 3.99842569992891
1199 3.396257132712995
1200 3.5210349001348438
1201 4.706355188366969
1202 4.081415491389754
1203 4.495591161695191
1204 4.258097702338137
1205 4.2400597964180395
1206 4.300568507738454
1207 4.406224752583349
1208 4.275075099421799
1209 4.209228102101732
1210 3.81039772164144
1211 3.989221331813408
1212 4.22377841574407
1213 4.3356384595293
1214 4.458179633973613
1215 4.342540591320306
1216 4.54560430203863
1217 4.290393953637405
1218 4.316768414493013
1219 4.501335259144514
1220 4.3080550182676225
1221 4.637206055424385
1222 4.215194957267249
1223 4.734316286485821
1224 4.375519811697202
1225 4.498411690172904
1226 3.824633317091057
1227 4.509501439117602
1228 4.498722616228741
1229 4.548478315296951
1230 5.097120086861854
1231 4.418532250344833
1232 4.511234504864848
1233 4.30054772133648
1234 4.227365571447168
1235 4.357759192843582
1236 4.929930165773099
1237 4.928159495716032
1238 4.196574583489106
1239 4.719484694807927
1240 5.323777415407863
1241 4.4044712238768176
1242 4.9113781054888515
1243 5.461646710578176
1244 4.912695287899578
1245 5.113254017814552
1246 5.4018093006084715
1247 6.104867969302824
1248 4.932605311678427
1249 4.996069807521503
1250 4.987677148465262
1251 5.511701909371299
1252 5.487943746905971
1253 5.345822683292409
1254 4.950395593259421
1255 5.443775187321008
1256 4.971074021777641
1257 4.8556564216889475
1258 4.485785932160941
1259 5.014581975049908
1260 4.743494202175672
1261 4.315218068384209
1262 4.8237025831045885
1263 4.546907468678259
1264 4.583676188942625
1265 4.986623107420854
1266 4.862149327174512
1267 5.213048656129887
1268 5.05561163420708
1269 4.921109511773886
1270 4.687989397507154
1271 5.371666276048126
1272 5.34180283174282
1273 4.924477100186441
1274 5.261695608560282
1275 4.59006122406046
1276 6.565160248338264
1277 5.610829953047464
1278 6.567992508605389
1279 5.923204581881905
1280 5.687720567400192
1281 5.285960171428511
1282 4.749896987992928
1283 5.152287013697333
1284 5.912464301932455
1285 5.895763483131834
1286 5.662017383378909
1287 4.823256430736526
1288 5.355352986323441
1289 4.652051114082349
1290 5.015743937853131
1291 5.689935419793928
1292 5.6656908167664
1293 4.896852199896794
1294 5.321965036864818
1295 4.936543847574588
1296 5.035303486654252
1297 4.943247708500802
1298 4.957894083355368
1299 6.204399935036825
1300 5.817600033815176
1301 6.45774626899872
1302 6.079750309064132
1303 4.984934241912907
1304 5.22061007158239
1305 5.480719436932093
1306 4.876612470333411
1307 5.291138129278412
1308 5.4357680808347
1309 5.54673684654038
1310 5.575853346861789
1311 5.306305920856157
1312 5.178886967794449
1313 5.72378921086823
1314 5.59046066718348
1315 5.121030843058138
1316 5.696460250240495
1317 5.421505805417617
1318 5.341663515836497
1319 6.057280075718892
1320 5.357468841539144
1321 5.578113494041206
1322 5.992586167516028
1323 6.403411722653473
1324 5.460557484058893
1325 5.381836893723402
1326 4.993193219074386
1327 4.351792287652382
1328 4.943843702520048
1329 5.73479432805001
1330 6.100788424879069
1331 5.470297074305029
1332 5.486976447274058
1333 5.354010993855041
1334 5.5045176199554495
1335 5.070385552156945
1336 5.39471964797957
1337 6.068835424220201
1338 6.389765478345961
1339 5.982232246208389
1340 5.682998887101583
1341 5.817981783757575
1342 6.049618889142148
1343 6.8767844599857
1344 6.213411652483286
1345 5.675166398493201
1346 5.648002587678824
1347 6.348965500402771
1348 6.519001954807215
1349 5.278497235069548
1350 5.160946888503478
1351 5.448741353156369
1352 5.542230609808508
1353 6.7294258936925
1354 7.371068402796604
1355 6.303966581330707
1356 5.16382713727473
1357 5.276501633302254
1358 4.988847633698326
1359 6.296736554028192
1360 6.058398140704097
1361 6.330816424174503
1362 6.3509584292572505
1363 6.824751695797885
1364 5.956226472667991
1365 6.6101015663207345
1366 5.873305671075466
1367 6.484058185648137
1368 6.410749371385771
1369 6.025713176042978
1370 5.146307178665283
1371 6.0809675155477345
1372 6.148255075982331
1373 5.950654215470149
1374 6.717810547915664
1375 6.414580977774336
1376 6.412303423670521
1377 6.861419847650081
1378 8.124128046761498
1379 7.429686438760423
1380 7.519320240596849
1381 6.495129884532909
1382 7.168392445555092
1383 7.362789638562006
1384 7.167257264180651
1385 6.792221409241641
1386 7.084259963488139
1387 6.946535417719321
1388 6.451578183279513
1389 7.5196186385601225
1390 7.4290179680837864
1391 8.453682116978563
1392 7.513435512013575
1393 7.8400832519174
1394 8.272305693314188
1395 8.142906174429944
1396 7.547282309756161
1397 7.261414655616834
1398 7.636553002937384
1399 7.244943768604891
1400 7.091701668480344
1401 7.1200435565589295
1402 7.246502716029581
1403 7.861832594054603
1404 7.604334980728018
1405 7.383868072373083
1406 7.2534962849763325
1407 7.435590137107953
1408 7.0116024223655495
1409 7.397349776731419
1410 7.536946582482375
1411 7.564708470013077
1412 6.883358343146876
1413 6.8641202633799026
1414 7.732190982154916
1415 7.235140921700061
1416 7.571775659670064
1417 7.5856054217337245
1418 7.448302468892852
1419 7.091407053325506
1420 7.325569880511005
1421 7.773179441493807
1422 7.686218682825256
1423 6.641015857493011
1424 7.51981218143393
1425 7.629072755168038
1426 7.007290025129864
1427 7.426644109355455
1428 7.8179430934351695
1429 7.803452631099648
1430 6.930632498231229
1431 7.5156736748410315
1432 7.571830243972481
1433 7.915821473307276
1434 8.030665030571937
1435 7.397315325658385
1436 7.305876660676976
1437 7.126042152035271
1438 7.18975201390527
1439 7.122818937886751
1440 7.090183951571975
1441 7.233023061472025
1442 6.573417968865956
1443 6.649307823544785
1444 7.295993769508219
1445 5.9132213686910555
1446 6.088562612339246
1447 6.755531684395534
1448 7.1629404261946386
1449 5.612691764847177
1450 5.751414000061733
1451 5.827488857872791
1452 5.937013540352347
1453 5.0599847805322735
1454 5.565184304054405
1455 5.730887477731029
1456 4.98532223951376
1457 5.603415627744115
1458 6.747227008451837
1459 7.119244194701656
1460 6.173695151126339
1461 6.635096330634605
1462 6.377639022567596
1463 6.53298172931419
1464 6.285196268585563
1465 6.211603064625516
1466 7.217848615363337
1467 6.589392922733929
1468 5.714952927140515
1469 4.468733603670442
1470 5.169208689176081
1471 4.840156386874722
1472 4.871821900083193
1473 4.170134902439745
1474 4.6550509501069275
1475 5.156425263067232
1476 5.75385160140897
1477 5.391655752843656
1478 5.8931093830494135
1479 5.979237273165743
1480 5.83306424758686
1481 6.651731326848828
1482 7.472952154710631
1483 8.300346665674622
1484 7.855791046263715
1485 8.129790739220697
1486 8.657618984948659
1487 8.99526844865061
1488 7.813283734017682
1489 7.782590273016377
1490 7.702604595539459
1491 6.834659946400752
1492 6.8485850161658055
1493 6.910621068859368
1494 7.307080215924372
1495 7.368025527330195
1496 7.536774725193387
1497 7.591290064472516
1498 7.472799405164229
1499 7.733568012736982
1500 6.663232945848872
1501 7.166390076546862
1502 7.1450667304044915
1503 7.733931117557413
1504 7.8996087257744385
1505 7.557245278638565
1506 7.889981291760161
1507 8.02771027363344
1508 7.62408030963304
1509 6.961931084298613
1510 7.606057752173325
1511 7.872815321241036
1512 7.950701284232169
1513 7.477067168247053
1514 7.260224758229659
1515 7.5520600244279965
1516 7.920701260704619
1517 8.483445477222302
1518 7.570188501996289
1519 7.541123409346441
1520 8.619746453476466
1521 7.726928062803824
1522 7.4609456118171735
1523 7.401314730697601
1524 6.937657590612275
1525 7.308573925778375
1526 7.455926890794829
1527 7.719292874496877
1528 7.809014192184216
1529 8.230024233543885
1530 7.494217150859928
1531 7.554620274396982
1532 8.971852796855968
1533 8.12646234074038
1534 8.282599527265548
1535 8.603819884151454
1536 7.780220864405245
1537 7.830751141454681
1538 8.576458375528384
1539 7.1674487088000705
1540 7.160091397825025
1541 7.439355266185304
1542 6.8604751398773445
1543 7.223861009269871
1544 6.830012497010189
1545 7.180757611417788
1546 7.884237884826882
1547 7.118740593246948
1548 7.588445333214521
1549 8.317842563843861
1550 8.911995781593545
1551 8.862798517238337
1552 8.83983714924829
1553 9.329237036326393
1554 9.988280294940779
1555 9.627098416620873
1556 9.132670368672565
1557 8.85921814853068
1558 10.191300223434743
1559 10.152773981201316
1560 9.413616205584619
1561 9.209594553130318
1562 9.761603165421992
1563 10.305563294743303
1564 10.046707376709522
1565 9.340378659761754
1566 9.651921424145845
1567 10.43966168252175
1568 10.506495449122557
1569 11.385827108078827
1570 11.327385940182758
1571 9.919239741086033
1572 10.190002180169603
1573 10.528132714992845
1574 10.879419112341756
1575 11.123502301996917
1576 11.15216333088471
1577 11.726339449767053
1578 11.433435760030312
1579 11.650265366253969
1580 10.870760379956227
1581 11.3786836216983
1582 11.614017325290503
1583 12.031664808504345
1584 11.873903012186796
1585 11.52713803693132
1586 12.081736248295293
1587 12.288997783494729
1588 11.74874166844551
1589 12.57448148686076
1590 12.071617182374728
1591 12.685231734013698
1592 12.961997123837738
1593 12.564480466450455
1594 13.660048010514528
1595 13.803493111096785
1596 14.479710064610614
1597 14.286655223558725
1598 14.211187117738074
1599 13.494738769548913
1600 12.955821876375598
1601 12.724014896627258
1602 13.523683043666939
1603 12.610032149422
1604 12.442579579445749
1605 11.984012424148604
1606 12.1789714745359
1607 12.444227128874532
1608 11.924110984055138
1609 12.10822666137407
1610 13.125293342402909
1611 12.503206914825148
1612 11.754829210055227
1613 12.49432081557423
1614 11.275096244612312
1615 11.811277566142271
1616 12.12656266622466
1617 12.724994405996561
1618 12.106639728704305
1619 11.946095075103171
1620 11.786953688281752
1621 12.027532010971557
1622 11.731441217063411
1623 12.10670445674722
1624 11.845983528991503
1625 11.984597768615282
1626 12.010661429100441
1627 11.589890505149818
1628 12.234099195924864
1629 11.335601960313483
1630 11.471027403651174
1631 11.291247061918085
1632 10.776008653085423
1633 12.383614904537918
1634 11.965633635392173
1635 12.303300374458486
1636 10.680204718762393
1637 11.59134928240352
1638 10.489828979077553
1639 9.678937807250401
1640 10.25753699780785
1641 11.194046266793105
1642 11.851044562718041
1643 11.586800575997772
1644 12.830420780913627
1645 11.322793848965576
1646 11.82720166029454
1647 11.97301294062698
1648 12.340731274974674
1649 11.3193218008215
1650 10.468536387025214
1651 9.608246008582968
1652 9.682094512483971
1653 10.563182845918519
1654 10.524444958909612
1655 11.018013565362875
1656 10.468666640882217
1657 10.366581319280595
1658 9.635951218841374
1659 9.760002187274958
1660 9.64828388141917
1661 9.47259173741315
1662 9.343179626999964
1663 8.75465594076673
1664 9.190603500527242
1665 8.669532612316463
1666 9.415547927048078
1667 9.87899067093988
1668 10.278782473375506
1669 9.023307249785557
1670 10.526851906027892
1671 10.740792056944793
1672 10.474361541180404
1673 10.746409588541765
1674 11.199940931489678
1675 9.391487131502807
1676 10.636986799369694
1677 10.738919961605454
1678 10.860918409273298
1679 13.796768350344154
1680 12.797564734775824
1681 11.05479410164554
1682 11.13135748480274
1683 11.145248304152263
1684 10.135651780776517
1685 11.912033782802657
1686 11.297857488640043
1687 11.934796082413056
1688 12.239527991446138
1689 11.792208920048829
1690 12.094442831246552
1691 11.724392575146808
1692 11.319440705308633
1693 11.215453897233052
1694 12.306058671786227
1695 12.380592913223294
1696 11.207305630107504
1697 11.485915362917138
1698 11.11097202662497
1699 11.718582033838977
1700 11.423136624584581
1701 10.119270089854266
1702 11.361817837922905
1703 10.8431263113374
1704 11.350908293578676
1705 10.917216964105297
1706 11.27820511834451
1707 10.544240737676917
1708 10.597862575607502
1709 11.96740590284494
1710 12.627436016811009
1711 11.447323673156706
1712 11.278994256824433
1713 11.064464632359853
1714 11.942356700329631
1715 12.079344785838664
1716 11.51336297714989
1717 11.871835855950877
1718 11.959126661812903
1719 12.256000375877063
1720 12.033699820230755
1721 13.007446861398403
1722 12.30761674813283
1723 12.332876344520534
1724 12.686853460610164
1725 13.260035448169097
1726 14.28909895716323
1727 13.976524318571348
1728 13.028793963374492
1729 12.331426025096027
1730 12.731319976103972
1731 12.88869929637522
1732 12.224071424055385
1733 12.183996826339996
1734 12.346269759519265
1735 12.644609161853706
1736 13.624991721207378
1737 12.58853532280879
1738 13.208909969822734
1739 12.360891758329892
1740 12.14095833432575
1741 12.661416609892303
1742 12.63617336618359
1743 12.730509036635352
1744 13.047786129699391
1745 12.923987624091785
1746 12.959799568992178
1747 13.228562156009982
1748 11.718608884405267
1749 12.231430734690496
1750 12.673838976380999
1751 12.164705495604165
1752 13.141167435280533
1753 13.16720770833484
1754 13.14134594243368
1755 12.895444385446956
1756 12.949279812220679
1757 14.275588578362813
1758 13.397938308858796
1759 13.7672883640777
1760 12.362835385523159
1761 13.14947575039458
1762 11.288599462228607
1763 12.374471083122256
1764 12.882483894846409
1765 14.22922498426643
1766 14.416764548993985
1767 13.815033500676806
1768 13.470414244120638
1769 13.614692058742742
1770 14.108253678663141
1771 13.38068026526805
1772 13.507854105717245
1773 12.9484411290866
1774 13.00347790950517
1775 13.504753330271514
1776 13.479786579995581
1777 13.844513072182215
1778 14.018068307666264
1779 13.286682654841638
1780 13.117834945447585
1781 12.922757425110163
1782 13.961339360323151
1783 13.60847364245673
1784 14.061581543775386
1785 13.296643934047538
1786 14.680932920676069
1787 14.199626256096456
1788 14.661663014676453
1789 14.296438383901444
1790 13.80192110498356
1791 14.102176528579594
1792 13.433736155130717
1793 15.305245347278824
1794 14.510213473562985
1795 15.94749817495194
1796 15.438552658792975
1797 14.72667576804232
1798 14.122727080853425
1799 14.784620545506746
1800 15.12428555022511
1801 14.838403984033835
1802 15.803813490670386
1803 15.69326260624838
1804 16.647952845737446
1805 16.539093627221845
1806 15.396700524536367
1807 16.367134294575628
1808 15.310357333036041
1809 16.300053899007747
1810 16.199404996295073
1811 16.61666959168225
1812 15.931294803874847
1813 15.051475666536323
1814 15.72738182804663
1815 15.658817396387104
1816 15.6899535347649
1817 15.29542736166644
1818 17.003265029501627
1819 15.92914029949652
1820 15.606524765101584
1821 16.127899073268477
1822 16.741325383118024
1823 15.710165078129814
1824 14.764215923370678
1825 14.530408009717046
1826 14.883937233528236
1827 15.237509535236438
1828 15.446786798583847
1829 14.885263800301804
1830 15.291339159770592
1831 15.925786172914895
1832 15.111705810717076
1833 15.96813104231408
1834 17.338317556996188
1835 16.346055777829307
1836 16.437838636278826
1837 15.273135611484078
1838 16.134755114898766
1839 15.383184954108458
1840 15.654237169740428
1841 15.418332591274064
1842 13.93134274713232
1843 15.12013281744866
1844 15.23056055080633
1845 15.22166758460074
1846 15.771695513611105
1847 15.070080799844
1848 16.9132820853205
1849 16.711304540623306
1850 18.755280718160773
1851 18.439387056884264
1852 18.170804123283034
1853 16.12827814039951
1854 15.971688511755199
1855 16.379088108424806
1856 16.732287726301255
1857 16.6669175780433
1858 16.071256725024924
1859 16.817338961924033
1860 16.25288321582135
1861 17.50955309144188
1862 16.646774412732693
1863 16.789748373364333
1864 16.689176402039514
1865 16.674364864341673
1866 17.23704615286486
1867 17.085097894009223
1868 16.47651231735351
1869 16.627065274029313
1870 15.620454590509238
1871 16.385893536739324
1872 17.300769372487355
1873 16.26321265895193
1874 15.558177514799475
1875 16.277593686233562
1876 16.242700701189698
1877 17.69399027711263
1878 17.91871588335799
1879 17.836816100277243
1880 17.91268134208534
1881 17.44160125436201
1882 18.516465212543306
1883 18.54615959417129
1884 17.997514858835224
1885 17.430019382853104
1886 16.65828234180329
1887 16.847315097259674
1888 16.83535201843752
1889 17.821663176411263
1890 18.07966511734163
1891 17.029736337524337
1892 17.352650574022462
1893 17.698786167970617
1894 17.613788191317255
1895 16.705557656035452
1896 16.515555741400966
1897 16.037695120420462
1898 15.821309408444444
1899 16.411392036123004
1900 17.552883435933968
1901 15.906277231874721
1902 16.331914669131933
1903 16.008329543621013
1904 17.507738123002763
1905 17.330253296403498
1906 16.559195427593917
1907 17.68462218214356
1908 18.314904590862035
1909 17.61158197545192
1910 18.73961217783983
1911 18.86842879242113
1912 18.542534007174506
1913 18.312257211216195
1914 18.482391195679764
1915 17.126993644508012
1916 16.772738427153843
1917 18.592829632001646
1918 18.566330586325336
1919 18.232848804027768
1920 19.57165263770157
1921 17.879484321703888
1922 16.97837200724083
1923 17.249128509287583
1924 18.637185721800037
1925 17.66374684014166
1926 17.108040887321177
1927 17.384395257394182
1928 17.498609957118486
1929 17.27410927069378
1930 17.547727845788415
1931 17.836567466833433
1932 17.53050889537364
1933 17.283305091446984
1934 17.7245740598561
1935 18.65031828718815
1936 17.93916764430857
1937 18.122640568268054
1938 18.139095507079826
1939 18.634274517358087
1940 17.972506794372684
1941 17.991289349433735
1942 17.581412214817444
1943 17.171432336602045
1944 17.333640615010633
1945 17.35937601915646
1946 17.290622404496926
1947 16.831746384942956
1948 16.826193628644226
1949 17.22101278727893
1950 16.50811739662716
1951 17.408466356468356
1952 17.798699102786973
1953 17.16945473667591
1954 17.909922641221986
1955 16.868875526577465
1956 17.375380532732446
1957 16.991040189458705
1958 16.599152659962076
1959 16.237582896982257
1960 17.176511948528237
1961 16.07628307091295
1962 16.60076481687176
1963 17.286961881167546
1964 18.012051352427438
1965 17.895067907811605
1966 18.164926833538825
1967 18.215158258933347
1968 17.263193088473365
1969 16.150824946248555
1970 16.81570062874536
1971 16.852650299839755
1972 16.583386389403977
1973 16.531581019356082
1974 17.153143441092816
1975 16.821866506192524
1976 17.030511704095744
1977 18.254757245117727
1978 17.593148032139744
1979 17.944957373798065
1980 18.37960561861724
1981 16.349608842496703
1982 17.695344632392285
1983 16.88259464988568
1984 16.358910307895428
1985 17.207023798019396
1986 16.48836786377211
1987 17.3220769614882
1988 17.28715007081371
1989 17.308646483197766
1990 16.71667038954257
1991 17.740275284174228
1992 17.190697418153956
1993 16.616242180175227
1994 16.463623000379698
1995 16.95773411092144
1996 16.92582878425657
1997 16.265102986179006
1998 17.173590819376358
1999 17.33692363501384
