0 19.727399513149575
1 19.044376703899186
2 17.944320048499623
3 19.730157863487804
4 19.109564551735797
5 18.74547955476258
6 18.664971266192918
7 18.93473531718081
8 18.761194844968283
9 18.890912239492014
10 18.73359578784195
11 19.255734169207724
12 20.166724374489856
13 18.771102981262718
14 18.924829603657873
15 19.215653732815234
16 18.777596415237863
17 19.449528961272357
18 19.606960749639235
19 19.97672528563283
20 19.70846028840825
21 18.823605295856765
22 18.671168159946976
23 19.205346390459688
24 20.11051956123925
25 19.898188422421278
26 21.08138661977095
27 18.906510182979847
28 19.313689287846767
29 19.845159002270783
30 20.51931361728109
31 19.56353249737257
32 19.684738816092217
33 20.72798216793316
34 19.37647611205844
35 19.20986259233453
36 19.738376649551267
37 19.637641125255094
38 19.052623284342
39 19.58337568546971
40 19.587939340537154
41 19.014959457025093
42 19.688224356578093
43 19.771455263172747
44 19.241518172057724
45 19.62273415312545
46 19.573089789523227
47 19.748509812928457
48 20.54472320806131
49 20.120613144095337
50 19.361042391806567
51 19.378529088610197
52 19.97243443693273
53 19.232923918547055
54 20.452380971558018
55 19.891063871517
56 20.91699951219047
57 20.54244183951856
58 19.217872732672465
59 20.808240729760442
60 20.031130478003792
61 19.73167254547605
62 18.61743089679377
63 18.562363278007798
64 18.612972118404514
65 19.250386793426255
66 19.112661953249706
67 19.012990973794846
68 18.975840316790823
69 19.21589928063825
70 18.3615554087636
71 19.69241643854744
72 19.15789361052812
73 18.12997460046707
74 18.427324261962344
75 18.59690050340887
76 18.195347673122708
77 18.453130658100314
78 18.9494496377334
79 18.24974198300095
80 18.888242302183823
81 18.70137079514591
82 18.900520476403067
83 18.001194388408944
84 18.56911212934643
85 17.91800286592842
86 18.511671887761068
87 19.45144956986574
88 17.974619228325864
89 18.363288005062802
90 18.839116716775717
91 18.4285551887496
92 18.77427281885004
93 18.383956533807254
94 19.08374678603851
95 18.54395822100326
96 18.0408593584596
97 18.22634659569543
98 18.451646466930352
99 18.228377167156477
100 17.400878567600873
101 18.568896290239692
102 19.441941783929188
103 18.532600210615637
104 19.305597525028155
105 18.09742671925993
106 18.811765313586097
107 19.593615570444054
108 19.235191488630278
109 19.77225282695806
110 20.121119335418875
111 20.617107513712394
112 20.074044595777153
113 19.91139847626436
114 20.47761038665643
115 20.264292193295525
116 19.913055984799843
117 19.45267212230071
118 19.255621215572333
119 19.232076169944563
120 20.205053709208425
121 20.67227383808078
122 21.176704848169404
123 19.30464951160397
124 20.245880986880213
125 18.908327812619877
126 17.409946074531153
127 18.655113100958868
128 18.248418056817084
129 18.09327676966056
130 19.16048385799824
131 18.541726180791642
132 18.462144395368615
133 19.610227782868243
134 19.86530342117461
135 19.760770715502403
136 19.610322282460576
137 19.581055441694687
138 19.658872367662344
139 19.80818089913078
140 20.206079834368854
141 19.9384108164404
142 20.45818809349009
143 20.698301099099314
144 19.53075191087657
145 19.7315065016887
146 19.950913176015117
147 20.100897950142848
148 20.316316705533268
149 19.508472538121538
150 19.56700431861734
151 20.70106579600732
152 20.216351210238287
153 20.053759047810843
154 21.033991853249532
155 19.883923859354784
156 19.83305792423656
157 19.946696245053513
158 21.112180309693947
159 19.98153950181974
160 19.296311305425167
161 19.489067788471992
162 19.52885982195578
163 19.55017615028486
164 19.949615298540895
165 20.424258799756917
166 20.21193593035403
167 19.720443254976676
168 19.66010131561026
169 19.085910210909997
170 18.928235851789225
171 18.595581956233474
172 18.311003321222945
173 18.30736742725918
174 18.439025056060977
175 18.24377936559057
176 18.25826740290337
177 18.1643358746129
178 18.41437165899328
179 19.466748906918347
180 19.403569662611968
181 19.1152045005489
182 19.36535664122208
183 18.91228798379027
184 19.27158801815056
185 19.091327485184102
186 18.660667551643424
187 19.77512580407558
188 17.60053915255105
189 18.070605626610128
190 19.051976569633513
191 19.006549796751656
192 19.077164954278647
193 20.404499562204357
194 19.225984756187795
195 18.094053989388172
196 18.94234354942369
197 19.41667497876899
198 19.508814446695474
199 19.49698154325452
200 18.72975459915559
201 19.447818815394598
202 18.40065483899029
203 17.70902120930933
204 18.156880773266046
205 17.148435394883744
206 17.195204972588186
207 17.228065017274396
208 18.334851823875848
209 17.13380881052972
210 17.777462888993288
211 16.959190886769814
212 17.519213411835164
213 16.51451220984867
214 17.167064206655997
215 17.477163067622698
216 17.163331520780535
217 17.82353296615667
218 17.77603010169841
219 17.76932730012851
220 17.888589634568604
221 18.210095580807913
222 17.373547630059274
223 17.62772440003668
224 17.484550637291303
225 17.419533989301556
226 17.126316362506127
227 17.536792479329556
228 17.43514407673789
229 17.451651733068704
230 17.36210325790631
231 17.47934249255594
232 16.939291126210268
233 16.7587461886774
234 16.09840817938604
235 16.01689774465519
236 16.95366706838376
237 17.297144957119546
238 15.633149723886515
239 16.726037403101998
240 17.44690695168239
241 16.93731184025007
242 16.899995844587814
243 16.64767860497498
244 16.71605081511161
245 16.798504533535386
246 16.830742984537927
247 17.02417086863247
248 16.791079330860033
249 17.093257398359928
250 17.997388442628697
251 17.329698868137147
252 17.5135490136984
253 17.70730802043371
254 17.502682151849836
255 17.419573275222152
256 16.674606119362497
257 16.192301704742846
258 16.842462372596792
259 16.873011686032065
260 17.56772958676649
261 17.706725194155077
262 18.464745232153938
263 18.17949878071014
264 15.990939867824931
265 16.36021003816916
266 16.22198374050308
267 16.557762271663794
268 16.04829447037062
269 16.15558111763979
270 16.74937401643136
271 15.731373938252982
272 16.448538196185623
273 16.529177484224984
274 16.292293486195156
275 16.081251065476746
276 16.858958402969606
277 17.046202325470485
278 15.980140649032306
279 16.367084055541383
280 15.89576727315743
281 15.78324906241206
282 15.520709212415476
283 16.147192788282645
284 15.924017949783984
285 15.256684460011607
286 16.3278055393566
287 15.898108877831463
288 15.971640001625861
289 16.28296606314051
290 15.756968807555833
291 16.3581496166801
292 16.452753415519037
293 15.993166513321999
294 16.47811646429676
295 16.27754595219519
296 16.04862472609028
297 16.290153906713094
298 15.792581618291637
299 15.636948406058654
300 15.115281082003166
301 15.943101565079994
302 15.846770104731988
303 14.597854022677344
304 14.703390510405791
305 14.157009892668412
306 14.540447414929194
307 15.42524591167701
308 15.907462897571401
309 15.633786348128229
310 15.65271429362639
311 16.53751213890965
312 16.847614734302955
313 16.615399562468625
314 16.296030157581228
315 16.269671499372485
316 16.38646387333539
317 15.819758546243465
318 15.748723337225476
319 15.653120444781546
320 15.859449895429336
321 15.83222812427997
322 16.54622685984797
323 14.85960796620529
324 15.543801579558133
325 15.881666072579224
326 16.757800393532687
327 16.03365255252585
328 14.955941979140263
329 16.029460953399358
330 16.24656800178157
331 15.281572748319828
332 15.783430688329654
333 14.993239298138311
334 16.288260286989804
335 15.2646050451642
336 15.668306131723078
337 15.79354013154733
338 15.408945591110243
339 15.735284479652861
340 16.149848020172037
341 15.928987131826917
342 14.682026480506734
343 16.12234328263749
344 15.669542100421763
345 15.42137509945402
346 16.517786459855927
347 16.892272164713706
348 16.286792690105145
349 16.255530133712067
350 15.923795373431355
351 15.70246213113984
352 15.786921259069855
353 15.464330335069281
354 16.20751389618433
355 16.045302300049492
356 15.6289126918159
357 15.568307222893504
358 15.895197011394385
359 15.37552703371613
360 16.023150499689972
361 16.0693657479972
362 15.847688866186768
363 15.734829817794584
364 16.791247503460067
365 16.04902280703177
366 16.094883031551873
367 15.606077110452581
368 15.236000325247728
369 14.574707696900987
370 13.90577671280001
371 15.004898404814659
372 14.447264379082242
373 15.136842980197024
374 15.255754881636772
375 15.760780706340364
376 15.644516217249418
377 15.636112192963585
378 15.71298372929005
379 15.801980868097427
380 16.051280191005382
381 15.332616543497794
382 15.237049048916866
383 15.634165709719989
384 15.45789706234336
385 15.435255108213914
386 16.060933417596996
387 16.242727044246394
388 15.381977200359318
389 15.249626551487752
390 15.021372202310697
391 15.481328995442801
392 15.003719687847182
393 15.122046041626403
394 14.977787628491672
395 15.511200240792695
396 14.401981783664668
397 15.789929499352452
398 15.514197181939217
399 14.791807292033068
400 15.258775849898234
401 14.517706501271544
402 14.920058398356403
403 14.935701649016057
404 15.299382611229564
405 14.56960161676514
406 14.394418164609506
407 14.583836437296345
408 14.732093741149386
409 14.543771077137059
410 14.170552398548047
411 13.886197797074693
412 14.457948416726646
413 14.812700488245337
414 14.409057915989314
415 14.007606160472825
416 14.077600117086256
417 14.587580499643588
418 14.40317930495264
419 14.207755870985542
420 14.68116283132585
421 14.884552566005814
422 14.38375774326993
423 13.743182623134656
424 13.86096017855368
425 14.509863651737332
426 14.24778917178695
427 14.77449560351698
428 13.551077306050466
429 13.795764273827924
430 13.614546775964447
431 14.603625684708579
432 14.371594319450326
433 14.530217206668686
434 14.474264044655309
435 15.120572642306179
436 15.306825189273148
437 14.671694178536242
438 15.373983203471077
439 15.435752105456084
440 14.59305318837665
441 14.2921298599913
442 14.735992073049246
443 15.08880759936423
444 14.861412366341794
445 13.558405177326685
446 13.182261974856992
447 12.852852389846202
448 12.480996350943505
449 12.407073993234746
450 12.848598563022662
451 13.185253142575302
452 13.096037302502717
453 13.916338086803199
454 13.884941769040891
455 12.7978279624982
456 13.077300451494821
457 13.673171812030786
458 12.680657308194853
459 12.254138002481309
460 11.754850563814795
461 12.291682687994758
462 11.527778014070728
463 11.802151672997432
464 11.958755263181981
465 12.127462361200553
466 12.60222707675218
467 11.89439075665216
468 11.59176208609081
469 11.621655323566094
470 11.184251703722852
471 12.03422779477766
472 11.457328948944207
473 11.497568950783927
474 10.721602429423982
475 10.157340718810229
476 10.11355152064375
477 10.132193474964945
478 9.888811049491979
479 9.830011610569423
480 10.119557671954144
481 9.818166164203962
482 10.056089399413025
483 10.031671676729783
484 9.66795060576998
485 9.86196304862089
486 10.553376632614599
487 10.27940326193851
488 10.74571729483266
489 9.976298987565944
490 10.076733009102929
491 9.993248071810557
492 10.213650711689528
493 10.074482344626595
494 9.715818558670351
495 9.685308286635278
496 9.937004248262514
497 10.093244316362403
498 9.732297347369538
499 9.911227349916407
500 9.780091340137146
501 10.032944010732203
502 10.041716943454082
503 9.416132677867038
504 9.524229722357344
505 9.603922059253863
506 9.497140609406197
507 9.639224997411493
508 9.763987266626485
509 10.371456379779536
510 10.240677393781963
511 9.686639554893311
512 9.515618755925576
513 10.313776617091683
514 9.520214750708002
515 9.845819080401805
516 9.785710062323405
517 9.474036952873714
518 9.688987149387673
519 9.864535484188364
520 10.081800641955262
521 10.49200930079835
522 9.878603675851952
523 9.699945806651693
524 9.60303127663192
525 9.21304783978637
526 10.015528852714976
527 9.844391814172061
528 10.404484262441153
529 9.556385710074704
530 9.75376520676028
531 9.452013341947875
532 9.80024888008117
533 9.421622401405445
534 9.949763311873443
535 9.748861376946467
536 10.039236433650096
537 9.967524483552523
538 9.676663712531665
539 10.324771163811501
540 9.313819336453236
541 9.103382511615173
542 9.836867309951375
543 9.952752502388915
544 9.805848947778367
545 9.812440996286302
546 9.292551993858574
547 8.991456589416856
548 9.63829986445089
549 9.727612533105003
550 9.09702258588966
551 9.313907871700183
552 9.790522767049636
553 9.718386397655081
554 9.938393638324687
555 9.349472220341623
556 10.074497366455839
557 9.831436737310453
558 9.78084039327822
559 9.8073969062074
560 9.272623782732904
561 9.584374737296088
562 9.215886754610679
563 8.98132663544849
564 9.024689325399605
565 9.60750589509666
566 9.343531820975004
567 8.900939055110987
568 9.685796973681114
569 9.571205104113101
570 9.729091888074832
571 9.323354919046722
572 9.187927731134502
573 9.863797534930894
574 9.735907204929719
575 9.286415129854854
576 9.527072481420374
577 9.136136423542586
578 9.788046747576866
579 9.3494125537952
580 10.128662549127611
581 9.458819372704157
582 10.250438912691651
583 9.28436161979565
584 9.495287073709239
585 9.057920784767521
586 8.721346214517235
587 8.628783362473987
588 9.84684355460578
589 9.980957732382734
590 9.491141796699969
591 9.799823218240064
592 9.476296248425987
593 9.72926416069779
594 9.433633858989309
595 9.938224675038192
596 9.673991285005497
597 9.49133648010081
598 9.707044359634244
599 9.629208415728229
600 9.844040698712309
601 10.107267495686989
602 9.644726541738947
603 9.79294500694687
604 9.538588913640616
605 10.03701761679815
606 9.937154697979212
607 9.569200442543174
608 9.838266665895235
609 9.201744341007275
610 9.805957326211317
611 9.418602522052415
612 9.981270614354074
613 9.466889194561393
614 9.229949039836024
615 9.306854351409154
616 9.803318854257528
617 9.790345376187293
618 9.71731888803502
619 9.920807720261939
620 8.92781936859981
621 10.054775959179619
622 9.204395274914082
623 9.488514236804729
624 9.158779144725468
625 8.635078023806978
626 9.948616400828152
627 9.33554233297696
628 9.20926475543821
629 10.21651868623281
630 9.620924269680637
631 9.7468043815527
632 10.228539163803479
633 9.97604642732193
634 9.432193380625176
635 9.98906583649022
636 9.923498278207592
637 9.361004176236195
638 8.911390729082477
639 9.326854384786719
640 8.437442612405542
641 8.233123814082223
642 7.3865316227902795
643 7.27386501949066
644 7.1025431499215514
645 7.343316666014279
646 6.929561653861682
647 7.218854970157602
648 7.102840817317179
649 6.987703590874107
650 6.612671102588582
651 7.14005447305776
652 6.539339172708121
653 6.9626260774556075
654 6.988859233875329
655 7.079245007321649
656 6.7075971338524765
657 7.41010162565903
658 7.806212845161672
659 7.405517871881617
660 6.944990048481882
661 7.033329551326744
662 6.98247228782812
663 6.90256844514498
664 6.910257954873024
665 7.1758996022635335
666 6.538207348344067
667 7.169999638726859
668 6.818868945872223
669 6.823034358553791
670 7.0540279731731745
671 6.547244365635521
672 7.021831137105649
673 6.814431625037084
674 6.971865189126025
675 7.241113309622646
676 6.6654383982044605
677 6.7990034719329735
678 6.132921272198028
679 6.335971032907279
680 6.875132081505666
681 6.2144503023816995
682 6.896834079636829
683 6.404077159371778
684 5.868078452068522
685 6.965083788848853
686 6.9068388694764025
687 6.918811241837093
688 6.462154281024719
689 6.991311829062211
690 6.847213151353463
691 6.678980788104233
692 6.804626295176938
693 6.759359641162173
694 6.558395569223414
695 6.8976216427458965
696 6.86977848695893
697 6.506432549341697
698 7.141841744131723
699 6.576649003310683
700 6.740765627360204
701 6.7374277388693935
702 6.47293932016555
703 6.89094194312617
704 6.816722203038404
705 6.041189162753378
706 6.578881316319544
707 6.2343908059458535
708 7.00296919044234
709 7.1139567710352996
710 6.380668200208526
711 6.77315300737051
712 6.778600485416316
713 6.387358942804259
714 7.068957561704008
715 7.294759267999024
716 6.925636081971667
717 7.323708421915236
718 7.4702184331486485
719 7.32097665538053
720 6.723160750063841
721 7.030044691635046
722 7.241711418751055
723 6.897019585806075
724 7.199396226347497
725 7.4360963757510845
726 7.684623670474272
727 6.833516304678697
728 6.29120047732902
729 6.0786094613021415
730 6.584419815327722
731 6.809890474616825
732 6.385772718634655
733 6.207046269917915
734 6.810096546153604
735 5.981142985770183
736 6.41379330136997
737 6.171730286286252
738 5.969682399336376
739 6.011482260704399
740 6.343526988649723
741 6.389194643224323
742 5.635219526676915
743 6.530049051450971
744 7.271396941018063
745 7.024037149016379
746 6.454203905093882
747 6.491107898622461
748 6.024424397084271
749 5.568501209582951
750 6.442866662296128
751 6.5341549101429
752 6.449504384696679
753 6.597752783263772
754 6.454031070205641
755 6.104738878023096
756 5.872605615937302
757 6.545510062781592
758 6.380057804208066
759 6.439160712825165
760 6.7341801478731504
761 6.5335476000825885
762 6.864250858732631
763 7.092453192347063
764 6.256504560271606
765 6.371183797762583
766 6.777580180909271
767 6.380185364057014
768 6.892562579562886
769 7.088768454097135
770 6.279513790231633
771 6.979218274754986
772 6.3967937486174495
773 6.3629501115478435
774 6.197435973104722
775 6.4774417942567855
776 6.533842910781674
777 6.1128853984880465
778 6.9818300316014295
779 6.056282475731611
780 6.930995196325028
781 6.960397870948245
782 7.081866426316501
783 6.355877678112407
784 6.287430422098509
785 6.411095317740841
786 6.662140902942617
787 6.319091486078545
788 6.597576790688706
789 7.094312504651581
790 6.760201618854284
791 6.504043083858904
792 6.71826266590503
793 6.249842211341433
794 6.155855681064067
795 5.511176907247252
796 6.086774589179022
797 6.317145375429106
798 5.694829477309679
799 5.756694458957962
800 5.8416382059666745
801 5.741602349014448
802 5.407718840272042
803 5.403111801030137
804 5.462219899456384
805 5.378680914240411
806 5.598054281682209
807 6.024492199426371
808 5.672928692835566
809 5.883492631482472
810 5.988201195600884
811 6.50719372723287
812 6.168920089010369
813 5.449583855404545
814 6.010188027246864
815 6.336772865029584
816 6.334797431494392
817 6.360174776924997
818 5.747635480665362
819 6.123538960577258
820 6.445597920261625
821 6.515507826256826
822 6.590863528521152
823 6.402024757674838
824 5.877873501495727
825 6.0718536483766705
826 6.122131107198539
827 7.346077907662794
828 6.863944106248593
829 6.693952940178382
830 6.272912875627727
831 6.6579634674051915
832 6.937483293167547
833 6.346234932987977
834 6.115539458828168
835 6.063545005826351
836 6.198082341762861
837 6.256022940380898
838 5.727111098284068
839 6.44003042363949
840 6.1180927548205
841 6.022128912466591
842 5.395855825420962
843 5.299946540354973
844 6.167616050178064
845 6.750092812117514
846 5.81470485017139
847 6.209751161535014
848 6.052884021044149
849 6.294585171160036
850 6.3654310974096315
851 5.533214635162036
852 6.539059510278829
853 6.4947617204408
854 6.483207610566701
855 5.848244868857872
856 5.9823977317229415
857 6.539417494703247
858 6.358081830669182
859 6.3657384132783905
860 6.584909693185479
861 6.585647012341007
862 6.780484140344769
863 6.294844152841641
864 5.476860661053632
865 5.927199705786975
866 5.452721531604622
867 5.064925322124576
868 4.4936080508603595
869 5.223385926264473
870 4.911103140884061
871 5.1602212527777915
872 5.049113064432962
873 5.673834131679769
874 5.738677117611903
875 4.909688576300073
876 5.7979876155636525
877 5.548112002014722
878 5.609780391270865
879 5.684619112351617
880 4.712773134220675
881 4.474546952233877
882 3.5045269320379684
883 4.495015413735247
884 3.7476793660298298
885 3.8178096403768347
886 4.002712442039291
887 3.892069938946737
888 3.8897999209047125
889 3.259842723035535
890 3.368431079239992
891 3.482710351064205
892 4.023951599395799
893 3.3887451170421494
894 3.590331878806769
895 3.4382755748291634
896 3.3814867117350316
897 3.806768298691342
898 3.2669334270812276
899 3.129536184577306
900 3.3093444443034667
901 3.3055714852237266
902 3.2102620929057375
903 3.165062557399466
904 3.2174659838353947
905 3.2761452923779353
906 3.3299291504199986
907 3.5331128270247802
908 3.2068675233661637
909 3.9865313841500414
910 3.3623869707049208
911 3.391014377397754
912 3.2224958203410203
913 3.4687848510469457
914 3.4003478894742227
915 3.5129633496178396
916 3.1328236204482973
917 3.3344591051892976
918 3.3751235415644776
919 3.2852756762183537
920 3.446964109452737
921 3.5505059882486596
922 3.3532015631526924
923 3.280991070483331
924 3.3712117251174227
925 3.3908936568037324
926 3.225712954627911
927 3.270170319689646
928 3.3813107685134884
929 3.3210761115663234
930 3.3200812316566193
931 3.537624923222327
932 3.325460819026816
933 3.8321679271665197
934 3.617399022954521
935 3.256176526695664
936 3.4755346172274573
937 3.718090801835747
938 3.475258746520049
939 3.3978677682586547
940 3.377590186705037
941 3.324883916992972
942 3.265536437010033
943 3.3391827959811065
944 3.586121452260734
945 3.477391959473925
946 3.2197864758030694
947 3.5695431865691534
948 3.466634987060897
949 3.714521691208126
950 3.2766580184626672
951 3.3727831646802
952 3.712987095739418
953 3.4220504824020277
954 3.3190650472531473
955 3.3761842914814504
956 3.448675221392902
957 3.199225410731823
958 3.4976586286746314
959 3.5628247015901215
960 3.406563023621021
961 3.2155199537893018
962 3.5390880173956347
963 3.776333580980187
964 3.7228918507243036
965 3.620163036973626
966 4.17402844460526
967 3.695256495722174
968 3.325033656350292
969 3.4495437332258176
970 3.5036929011128897
971 3.625722251678425
972 3.567659686569396
973 3.362751344545838
974 3.6294273672940056
975 3.63515714848021
976 3.635372418505834
977 3.6886701036468406
978 3.5400643143355466
979 3.275747934425596
980 3.4813781939870307
981 3.471430730405726
982 3.8171059685786446
983 3.3755766324507506
984 3.340832531763195
985 3.61340252243716
986 3.674432469949641
987 3.37660011547871
988 3.34493984222671
989 3.2422684002382836
990 3.653205917175516
991 3.3314609218692817
992 3.2926883154826347
993 3.506427984920325
994 3.4974060048252054
995 3.1884191000417363
996 3.6993522061512887
997 3.5269163365716016
998 3.540672121506781
999 3.5294884506849415
1000 3.7121214218322858
1001 3.5752307469721365
1002 3.6154423838314784
1003 3.3395425081897288
1004 3.5013869663500254
1005 3.2008495922496767
1006 3.7041307653296665
1007 3.4134447108702077
1008 3.2857742479468666
1009 3.5287884653547215
1010 3.538329686267535
1011 3.287435523880688
1012 3.210158741004201
1013 3.1992576834196815
1014 3.737084247232207
1015 3.489441554492298
1016 3.4448537877090613
1017 3.452640480102487
1018 3.590105566005518
1019 3.468710998187981
1020 3.4006986468545786
1021 3.773845271690958
1022 3.5310209439916505
1023 3.42619182466421
1024 3.75757175305385
1025 3.5650693626403154
1026 3.5881793438526777
1027 3.1104331026037744
1028 3.264483861888934
1029 3.4786783360364346
1030 3.640500844085214
1031 3.3590880760777115
1032 3.6392178726638384
1033 3.4565294495433245
1034 3.6012876786153325
1035 3.9775518733121826
1036 4.149209012006493
1037 3.712919667725538
1038 3.830418998994589
1039 3.822171000789936
1040 3.5751563241879247
1041 3.7973624147029943
1042 4.015918680852856
1043 3.8409168560480373
1044 3.633046202172088
1045 3.5103647270009017
1046 3.4827410189402666
1047 3.74013860540026
1048 3.8062866615461544
1049 3.3725377114606645
1050 3.6262297985354524
1051 3.6768189787173013
1052 3.6684167456830554
1053 3.613153330025143
1054 3.5187353990031727
1055 3.4503325365106443
1056 3.9052019870290073
1057 3.7484071565692676
1058 3.594539429847707
1059 3.387450217994358
1060 3.6145141297323664
1061 3.5660353993271867
1062 3.4361963352700244
1063 3.6717607705625674
1064 3.4407551551422038
1065 3.4764003770671743
1066 3.68988806626165
1067 3.4473865157156443
1068 3.7695386632752332
1069 3.665271677627582
1070 3.623424811384846
1071 3.8086939622398504
1072 4.277955007355228
1073 5.581871722797014
1074 4.345872922684663
1075 3.586502784383057
1076 3.6419670777921507
1077 3.872409807655948
1078 3.4873250633431923
1079 3.5093193888143848
1080 3.4350157714926683
1081 3.7598719012235113
1082 3.5663754618625223
1083 3.5752699853984176
1084 3.5501108016597542
1085 3.4823439003556502
1086 3.4852791641821836
1087 3.623877880789742
1088 3.6125826839792694
1089 3.5753744962677203
1090 3.4843086493139594
1091 3.550547474127785
1092 4.010647407634255
1093 3.261820053657696
1094 3.6892825661581017
1095 3.526315885237739
1096 3.4975861747041184
1097 3.681372754145677
1098 3.8689912151444275
1099 3.552940204621745
1100 3.652436130149302
1101 3.6044181966811406
1102 3.4313247221985383
1103 3.5558849542999296
1104 3.770991110518801
1105 3.3225060801298887
1106 3.5264684029925735
1107 3.3716926979692805
1108 3.3064381784153887
1109 3.474925871397434
1110 3.670261341238981
1111 3.6510250062851335
1112 3.996386477482194
1113 3.677031100901526
1114 3.8199595533094874
1115 3.4322774330011576
1116 3.574229474692701
1117 3.478524081201184
1118 3.6117583408905003
1119 3.561015940213612
1120 3.4106740672160036
1121 3.2702883275775827
1122 3.5943486788076098
1123 3.639056021293862
1124 3.56056136402012
1125 3.6714348705466264
1126 3.593809187032317
1127 3.5795677418154885
1128 3.4145346238825276
1129 3.534989455825211
1130 3.435572764202882
1131 3.6776276268770927
1132 3.4625188633766806
1133 3.6144422707819057
1134 3.5476899403836377
1135 3.485332502684497
1136 3.7674613669718497
1137 3.6498268833589527
1138 3.4478494532375064
1139 3.4055816311008953
1140 3.8273577667390746
1141 3.664610447289785
1142 3.6089497829188217
1143 3.5738611087987575
1144 3.9027509517179424
1145 3.674227187516568
1146 4.491399774280747
1147 3.7523852456686466
1148 3.4846956724367875
1149 3.717927470597137
1150 3.5710054292277658
1151 3.3662579166084035
1152 3.5258716667999006
1153 3.713041943948842
1154 3.5570755437230916
1155 3.2897873798895967
1156 3.5984005374190873
1157 3.5826277700949563
1158 3.4587677303635918
1159 3.338369209369412
1160 3.8903449556399243
1161 3.1975703531711575
1162 3.9700229899583817
1163 4.545136641034882
1164 3.936123124688183
1165 3.9941768453666175
1166 4.109710859930011
1167 4.086062558508452
1168 4.185041236633879
1169 4.466165882063077
1170 4.393106864116368
1171 4.261983763209093
1172 4.602518244040396
1173 4.312009380040982
1174 4.667546213960186
1175 4.168373049120603
1176 4.886955778019779
1177 4.684430155876764
1178 4.481317511148736
1179 4.165980556173794
1180 4.5124808954421045
1181 4.37234004469759
1182 4.837159393010746
1183 4.387684996104753
1184 4.866331767710675
1185 4.668390456632912
1186 4.779472655094003
1187 4.626599075779082
1188 4.810363249405723
1189 4.659336603978939
1190 4.851434592840766
1191 4.807262598894876
1192 4.498587775864304
1193 4.223007930635449
1194 4.339019522578258
1195 3.865623849190184
1196 4.6259738046587175
1197 4.573527462731819
1198 4.608055958418414
1199 3.994653827790704
1200 4.228000915570922
1201 4.190450494031733
1202 4.592041364246845
1203 4.730054949195457
1204 4.978242153466504
1205 5.199676865409591
1206 4.299266218646798
1207 4.637916078322518
1208 4.380767853477963
1209 3.736559408335182
1210 4.10326471400713
1211 3.7295774481441013
1212 4.789433908855679
1213 5.122241984654118
1214 4.45251731335276
1215 4.709808417916363
1216 4.5255029889863945
1217 4.605522995805445
1218 4.651204645217219
1219 5.011321194875342
1220 4.430509636596507
1221 4.63430962055839
1222 4.529787621453169
1223 4.635570532284766
1224 4.102154873355598
1225 5.177235048030686
1226 5.2186926189521206
1227 5.423238294553766
1228 5.737730204240833
1229 5.740364337084251
1230 5.330199010813862
1231 4.7742664172764675
1232 5.244596728220621
1233 5.521336715626974
1234 5.514833392235144
1235 5.560156828375591
1236 5.3061533295853565
1237 5.958303482161914
1238 6.653722196217491
1239 7.097341400823232
1240 6.380460845672138
1241 6.208393921341602
1242 5.462313411346661
1243 5.329186610094034
1244 5.439019287724732
1245 5.132922111172367
1246 5.755257259687641
1247 5.263200702892302
1248 5.660912491663851
1249 5.689798875626557
1250 5.804652324010236
1251 5.884396061106235
1252 5.855327164666553
1253 5.4603812300151855
1254 5.355384887184953
1255 5.305891193249515
1256 5.424643193477467
1257 5.71996057643538
1258 6.223579101379922
1259 5.829869648005707
1260 6.127247567695313
1261 6.093448039868691
1262 5.794338763038612
1263 5.667158912500917
1264 5.54623877052
1265 6.253797997082805
1266 5.264268987059407
1267 5.31655971413563
1268 5.441925005511796
1269 5.709685681084065
1270 6.117301513186543
1271 5.894871678541109
1272 5.55983279090026
1273 5.955885086380275
1274 5.498425571590596
1275 5.149046704103898
1276 5.972668024524948
1277 5.909842085024571
1278 6.009933248169225
1279 6.086312488721567
1280 5.926765130950797
1281 5.54896778474132
1282 4.768514522538325
1283 5.092754039547704
1284 5.437229268482662
1285 6.019153779801744
1286 7.376023324748196
1287 6.562651695060164
1288 6.035771386949488
1289 5.443625361751454
1290 5.9623018606597595
1291 6.983902052789873
1292 6.217736001721991
1293 6.6147719589536385
1294 6.009459141573815
1295 6.453479143930897
1296 5.8087173333778255
1297 5.825459477763352
1298 5.172790051402323
1299 5.477784503096077
1300 5.495171404021312
1301 5.5613568554647985
1302 5.8162070722554295
1303 5.916490445034041
1304 5.825361164920373
1305 5.6676193504495584
1306 5.654726320018194
1307 6.645945211393317
1308 6.334418540607824
1309 6.799554381234816
1310 6.265474786482961
1311 6.940815751400999
1312 6.097400732052865
1313 6.942145815972388
1314 6.708012003467857
1315 8.111481620031965
1316 7.50805069054632
1317 6.638800468252786
1318 7.90113231206436
1319 7.347633570953274
1320 7.370366053371204
1321 6.653653811506207
1322 5.36311508462313
1323 6.019424383141216
1324 6.760370231908346
1325 6.037466955339901
1326 5.705151629994316
1327 5.37717146358544
1328 5.356581789316133
1329 5.191624451362096
1330 5.687420350521245
1331 5.118569796099583
1332 5.638439698107332
1333 5.750449645252848
1334 5.583905074862212
1335 6.596539080533948
1336 6.926347599727177
1337 5.79916382010607
1338 5.84117128787033
1339 6.363820785824425
1340 6.266687128972674
1341 6.380904299787606
1342 5.652908264804585
1343 5.185060141515346
1344 5.485436287873292
1345 5.369427189582589
1346 5.5126207797745215
1347 5.717408783739565
1348 6.399117026133623
1349 5.72488866917018
1350 5.613432788641421
1351 5.648162330476207
1352 5.960450076174768
1353 5.811549748267952
1354 5.920614978158272
1355 5.7627905749288475
1356 5.69922312632129
1357 5.88358830165587
1358 6.544496604039843
1359 5.775687086439143
1360 5.608747412864826
1361 5.305452580370692
1362 5.741766938904427
1363 6.867894031757369
1364 6.279023957347167
1365 5.929481586032613
1366 5.255038529861326
1367 5.097306281529061
1368 5.570073030351576
1369 5.168155525097433
1370 5.542100944063409
1371 5.832480433962159
1372 5.258852727860607
1373 5.099329084014239
1374 5.822155979445785
1375 5.620742909506937
1376 6.048623574255829
1377 5.133718588854038
1378 5.214123326141282
1379 5.323202132790691
1380 5.283842908762606
1381 7.230015523802838
1382 6.36660745488538
1383 6.466357455660064
1384 7.230018546567534
1385 6.014833978347043
1386 5.8543576834777555
1387 5.757001903204469
1388 5.947268878657474
1389 6.018464048258003
1390 6.167593181379455
1391 6.485809372897978
1392 5.759181524429036
1393 7.154300009654106
1394 6.735421453851907
1395 6.23795649113677
1396 6.940181868620982
1397 6.969573886184337
1398 7.4822300892475155
1399 7.062514817127002
1400 7.197284651953749
1401 8.43656261136208
1402 7.583892790615601
1403 7.034411488503172
1404 6.962369682931643
1405 6.782929285969623
1406 7.9995346230149424
1407 8.856251650757036
1408 7.717244753177542
1409 7.75913344625812
1410 7.81348980321104
1411 8.186299948554515
1412 7.55941992637458
1413 7.698710478536499
1414 7.1084790604056485
1415 7.314770446978911
1416 6.792316043454164
1417 8.465907101313643
1418 7.268254100781776
1419 6.432039122234128
1420 6.983611727892377
1421 6.695181794300245
1422 7.408969620509186
1423 6.667458846019933
1424 6.225674441418841
1425 6.599887514940407
1426 7.2491103511477
1427 6.593295278517558
1428 6.5716828593736425
1429 6.544326917699562
1430 7.160422779191642
1431 6.557638983810696
1432 7.044000589573428
1433 7.233323037113781
1434 6.780641015926405
1435 6.454575422012743
1436 7.2267579120789325
1437 7.6332947702798695
1438 6.866178508501809
1439 6.729803118512214
1440 6.546850600704857
1441 6.257971785343066
1442 6.839356010011614
1443 6.617251191709177
1444 6.458576211920599
1445 7.479134996654103
1446 7.27214837079156
1447 7.385452062754154
1448 7.089594539524513
1449 7.200619071170003
1450 6.8853794923894345
1451 6.204579155993692
1452 7.378966002092497
1453 6.738394304329049
1454 6.938856728636249
1455 6.805160455186066
1456 6.864986631866101
1457 7.2233585469321415
1458 7.074947148290693
1459 7.406565105798506
1460 7.177228564683922
1461 7.159239986569394
1462 7.33507276804794
1463 6.523546710551023
1464 6.2834938993757055
1465 6.767531776404061
1466 5.847378155696462
1467 6.7561342109276685
1468 5.301366912029054
1469 7.120196660736096
1470 7.130460747175593
1471 7.4069807543753265
1472 7.282886448854359
1473 7.767376726512669
1474 6.845153674874987
1475 7.706835256577581
1476 7.953444939877798
1477 6.595749934834421
1478 6.957820723588749
1479 6.4886052459045525
1480 6.731436989514616
1481 7.301922090724306
1482 7.126932737498841
1483 6.763519447859233
1484 5.77881093680502
1485 6.796902473023109
1486 6.879375338713777
1487 6.991255624064356
1488 7.34831654781017
1489 6.300907592181684
1490 6.929804853840545
1491 7.6957493491143865
1492 8.090863933104862
1493 8.067090388035448
1494 7.386039745582178
1495 7.813539637878726
1496 7.784554758379777
1497 6.916929519176987
1498 7.208288043886229
1499 7.698086371703052
1500 7.05555346294918
1501 7.231655549190384
1502 7.6434594538305
1503 7.09805733361844
1504 6.458660234831257
1505 6.876835650523961
1506 7.060608441238381
1507 7.399567411133328
1508 7.5384720370648575
1509 7.514320446340486
1510 7.130078218390439
1511 7.376324247601865
1512 7.740972586551201
1513 7.795093778476685
1514 7.730925631117455
1515 7.603256998120405
1516 7.956777683013301
1517 7.6724424318248605
1518 7.6772036514945174
1519 7.4241131592389795
1520 7.135512107643922
1521 8.194831869750338
1522 6.906895521083883
1523 7.474043799796531
1524 7.1425405154696335
1525 6.928727985332474
1526 7.403492306099127
1527 7.482948843765661
1528 7.336005138355755
1529 6.925784300436935
1530 6.943902968792846
1531 6.845501281353883
1532 6.888344435912187
1533 8.079293805485133
1534 6.910377314888839
1535 7.477625911502016
1536 7.2582883522917445
1537 8.18424326035842
1538 7.794750031742464
1539 6.810039933699142
1540 7.344427487070784
1541 7.019166246039147
1542 7.911899075083505
1543 8.278327820795045
1544 8.171361810754151
1545 8.388853866457591
1546 9.105198825132996
1547 10.08295047643099
1548 10.505570190210506
1549 10.436154755171838
1550 10.921935497198671
1551 10.86632287278721
1552 11.19206894795665
1553 10.196501921174551
1554 10.538126440174219
1555 10.497722724235159
1556 10.9969935863055
1557 10.003254924227779
1558 9.906944755191233
1559 11.59440424032766
1560 11.004611889831764
1561 10.483796930513243
1562 10.624716595461189
1563 10.590352970271123
1564 10.287310966428409
1565 9.689650433777617
1566 11.482612980400349
1567 9.933898823077566
1568 9.826881319846647
1569 9.945127188648408
1570 10.901282596814383
1571 10.540462522288433
1572 9.690729301928608
1573 9.586538860646746
1574 9.957122906676405
1575 10.209456454730159
1576 11.698724213950946
1577 11.737926739587207
1578 11.037685338508425
1579 11.879801009151564
1580 11.426819119245348
1581 11.077194326146335
1582 11.526169063013343
1583 10.730276066802546
1584 10.606199343920546
1585 10.745877168600025
1586 9.889741024442417
1587 11.263654333087624
1588 10.611410943792922
1589 11.776924406133821
1590 10.428267151507866
1591 10.60172043977328
1592 10.275782842010917
1593 10.742756853064254
1594 10.197240917474968
1595 10.668060256787166
1596 10.482188164109802
1597 10.313945770760267
1598 10.001652537964675
1599 9.959261666453582
1600 10.191579872217298
1601 9.86221479840289
1602 10.438102605030585
1603 10.570793830669635
1604 10.824675295865207
1605 11.502430125403805
1606 11.103412696698056
1607 10.410434731840484
1608 11.583226363512972
1609 10.692328024300755
1610 10.755203465099113
1611 11.094542335389923
1612 12.142751432240354
1613 11.681071888989043
1614 10.770801317879185
1615 11.885048708183371
1616 11.915016505981841
1617 11.39123543999431
1618 12.178164579731401
1619 11.839942305076779
1620 12.516639306779743
1621 12.765600460913182
1622 11.788957104749556
1623 10.897875197275463
1624 12.909789253977628
1625 11.587165590842286
1626 12.560319896486748
1627 13.073071755254952
1628 13.351980028307478
1629 13.55459541495174
1630 13.279307971374882
1631 12.943842663985397
1632 12.479809323884906
1633 11.58047173854544
1634 13.090018172876253
1635 13.286852420418438
1636 14.028109959571605
1637 12.717103814222432
1638 12.44013274296992
1639 11.586045854051937
1640 12.271758848537882
1641 12.466060906865831
1642 11.920560024927545
1643 12.070577124066789
1644 12.420865678536135
1645 12.345668417470568
1646 12.271393275884956
1647 12.85540165431622
1648 12.96338484982452
1649 12.375187652275427
1650 12.620744631346225
1651 12.176839943347451
1652 12.45232194755881
1653 12.344645679470478
1654 12.673634733164942
1655 13.65022090956088
1656 13.856435676052374
1657 13.593727670798978
1658 13.707504799224257
1659 12.709422144596669
1660 12.325082324497808
1661 13.886931377092628
1662 13.394605434337123
1663 12.796705868260494
1664 13.746782222355025
1665 13.522501278905855
1666 12.704962337388084
1667 13.514911715403805
1668 14.322142499549033
1669 14.938197149195375
1670 15.18939356151557
1671 14.986456515777409
1672 14.522605004593535
1673 15.10211801983868
1674 14.34357237679629
1675 15.383846049110108
1676 14.513688054051721
1677 15.614266423627589
1678 14.916294775092153
1679 14.24934910957322
1680 14.46288465368378
1681 14.683635655205215
1682 13.216251185271522
1683 12.942086372405672
1684 13.269339560100287
1685 12.797971452059965
1686 12.950134831864275
1687 12.275000087198293
1688 12.819385090786886
1689 13.381488426601567
1690 13.071676373624179
1691 13.240357565057874
1692 12.980159878381869
1693 12.70787707460952
1694 12.337214924292791
1695 12.448947424817915
1696 12.226747675025115
1697 12.885042065071582
1698 12.63552367040562
1699 12.692979731491064
1700 12.900548059563063
1701 12.421169305908329
1702 13.628711652574248
1703 13.127296727080898
1704 13.061268783352155
1705 12.294616176615197
1706 12.866387466151036
1707 13.284092437368058
1708 13.784265447624135
1709 13.966525572419247
1710 13.804883911761332
1711 13.924442960358558
1712 13.532837528321917
1713 13.465349982118278
1714 14.261611107812815
1715 14.035584462538088
1716 14.570350829129088
1717 14.290155598927777
1718 14.357456052620929
1719 15.11458025399919
1720 14.408288509582512
1721 13.543613358408583
1722 14.138614208057248
1723 13.793413315162608
1724 14.985479654910781
1725 15.548572538142157
1726 14.711635792678402
1727 14.38997133620427
1728 14.511889277042052
1729 14.058015024917148
1730 14.9619684025993
1731 14.809512804947456
1732 15.388937866890092
1733 16.132690395747108
1734 15.448514732016566
1735 16.54942009914963
1736 16.99211080908683
1737 16.821014453891813
1738 16.518885563323558
1739 15.459970048611202
1740 17.280306263151893
1741 16.273557548209773
1742 16.245151494999906
1743 16.733894577716406
1744 17.073748830097884
1745 16.743505803978525
1746 17.59967015032623
1747 17.49960151369265
1748 17.124370788573287
1749 17.452515125649835
1750 18.75866434532139
1751 18.126366038239222
1752 18.342323302375437
1753 19.00870093077234
1754 17.948812667319086
1755 18.15988555897929
1756 19.042395983283637
1757 17.906100308525527
1758 17.656783363172423
1759 17.811663676791298
1760 18.935904327724696
1761 17.997198989407632
1762 18.947250679205485
1763 19.19259481656902
1764 20.25076974004652
1765 19.976503524081657
1766 20.3323151444612
1767 20.742788377154262
1768 20.15908615735837
1769 19.818527853622655
1770 20.116266858386318
1771 20.078537982783086
1772 19.79668079070492
1773 20.037903457281523
1774 20.00819695678673
1775 19.930641188632777
1776 19.328271783766773
1777 18.959421299668485
1778 18.870221040438622
1779 18.755657342545778
1780 18.51801156895592
1781 18.72591796618675
1782 18.917381024496063
1783 19.404554117780943
1784 18.58653009639693
1785 19.598124942172944
1786 19.120809155117854
1787 19.486537561899397
1788 19.294693355360454
1789 19.68948536974779
1790 19.15018388185647
1791 18.73289089379135
1792 19.899116097703025
1793 19.666396411189123
1794 19.817695700287267
1795 19.499726970166154
1796 19.070729698960818
1797 19.920659238232503
1798 20.044545226096062
1799 19.874120109174076
1800 19.50528501573943
1801 19.7719289797814
1802 19.239466603363994
1803 19.840106460678616
1804 18.55482128331564
1805 18.79490234612134
1806 18.3467604646284
1807 17.86977422685935
1808 17.9058693054448
1809 18.50067818321986
1810 18.31287535875919
1811 18.599792187170188
1812 19.349937276807776
1813 18.752175623448956
1814 18.240217622650604
1815 19.058189125717863
1816 18.812029635615154
1817 18.171917267847924
1818 18.8473312348957
1819 19.67569965422373
1820 18.81954475695813
1821 18.80970926003481
1822 19.89736085905122
1823 19.8657451757398
1824 20.812318346158865
1825 20.071368149455232
1826 20.217905190441034
1827 19.935091807185085
1828 20.40108655492547
1829 19.930477564201606
1830 19.823983053172658
1831 19.631913369464595
1832 19.75433103384872
1833 19.376557686619375
1834 19.993556836163133
1835 20.563528780903763
1836 21.469918588750268
1837 20.690890137469687
1838 21.057945160588922
1839 19.652587955200307
1840 18.475747367917258
1841 20.269091638348154
1842 19.912014795859896
1843 19.411255491729417
1844 19.21881289793699
1845 19.26927142732797
1846 18.86079542091708
1847 20.209356869723834
1848 22.391640228513577
1849 21.78242034381489
1850 20.757047191425254
1851 21.083725329078323
1852 20.842740992456825
1853 20.60442118470834
1854 20.74737184993391
1855 19.64074136795619
1856 21.205840579950365
1857 20.954153885164132
1858 20.3027062325492
1859 21.004924626994057
1860 20.812147548237757
1861 20.886243402020817
1862 21.065629204692982
1863 20.64713196045273
1864 21.136700759602586
1865 21.07998004594497
1866 21.696632892901082
1867 21.629379487593088
1868 20.552513022508943
1869 20.359533104756935
1870 19.956150967851528
1871 20.727961672783426
1872 19.38395534866764
1873 19.428080341331057
1874 20.866262642584214
1875 19.82474781461973
1876 21.198569225378442
1877 20.486958724285603
1878 20.838436862369754
1879 19.958245710351765
1880 19.019672840468193
1881 19.290825902154094
1882 20.111977839879568
1883 20.167024946576653
1884 19.72103186398507
1885 19.539556800824244
1886 21.63793036690975
1887 21.251066439137507
1888 20.311645079436712
1889 20.410215556536595
1890 19.828285943393812
1891 20.07349386398157
1892 19.4545047533804
1893 19.775707750815453
1894 21.12401811287839
1895 20.140328884887968
1896 21.158348971360954
1897 19.90322580592592
1898 20.757552948540592
1899 20.918992335847673
1900 19.908159483259816
1901 19.239854350857673
1902 19.372975186251402
1903 20.58157957596254
1904 21.036557896537563
1905 19.879341716925524
1906 19.783872922254254
1907 20.381861160867537
1908 20.407559867478618
1909 20.663206428318624
1910 21.505603496432556
1911 22.020342293858764
1912 22.935305109053555
1913 21.047627423605935
1914 22.243728193139642
1915 23.152527836679194
1916 23.2246054733242
1917 23.116777078804756
1918 22.689649889878535
1919 23.060062241939153
1920 21.996487862193757
1921 21.72804504639943
1922 21.07940206387658
1923 20.943240131645595
1924 21.61652254173487
1925 21.235707662323854
1926 20.065859268009113
1927 20.489232653482965
1928 19.336352667939227
1929 19.220656110896968
1930 19.094824240305254
1931 20.550625158818242
1932 19.502647027505894
1933 20.81845831045509
1934 20.24464292790416
1935 19.229432281554573
1936 20.75387793935258
1937 20.609022224338386
1938 21.226056804465
1939 21.26767205285652
1940 20.290332036788353
1941 19.776044962064258
1942 20.026392070530687
1943 19.691440435228497
1944 18.819728630097003
1945 19.544573197491918
1946 19.93049740349171
1947 19.635274776623252
1948 19.501465891077824
1949 19.735415999671016
1950 19.432801009010777
1951 19.95935892584946
1952 18.66677851141876
1953 19.916720552549698
1954 19.22981621429901
1955 19.638677793000976
1956 19.64185774192764
1957 19.930365767679763
1958 20.434310970437345
1959 20.10813428099852
1960 19.868024662577547
1961 19.200253835469447
1962 18.973464606537615
1963 20.73772163569259
1964 19.779489903666278
1965 19.775610717301937
1966 18.969201721873976
1967 20.042112573166847
1968 18.056382670291157
1969 18.737449872568167
1970 18.986214072072777
1971 19.917137697812528
1972 18.503431196645217
1973 19.590399326816307
1974 18.38895335851895
1975 18.121882202937936
1976 19.657046939683205
1977 19.675003446657417
1978 20.789274108035666
1979 21.440234132320988
1980 21.621592557622478
1981 21.532543010529334
1982 21.045592710924986
1983 20.594445968642138
1984 20.60064084889628
1985 20.11104950276552
1986 20.941773599988284
1987 21.219718511060655
1988 20.818058036884988
1989 22.153642395422533
1990 21.683597417394022
1991 22.112649706533052
1992 22.91179513711884
1993 22.32286209221087
1994 23.43215527337462
1995 23.344008091235285
1996 23.091047420652075
1997 22.573534407914085
1998 24.26373233768173
1999 23.193373803699522
