0 0.0
1 0.5261275172233582
2 0.5818769335746765
3 0.6632864475250244
4 1.2172293663024902
5 0.7644209861755371
6 0.6125198006629944
7 0.5102413892745972
8 0.9805378317832947
9 0.644019603729248
10 0.6900749802589417
11 0.9010088443756104
12 1.3727046251296997
13 0.8354067206382751
14 1.1580913066864014
15 0.8851709961891174
16 0.6437163352966309
17 1.205735683441162
18 0.5898060202598572
19 0.7445855736732483
20 1.0459604263305664
21 1.5033851861953735
22 1.2831451892852783
23 1.1066615581512451
24 1.061173915863037
25 0.8310439586639404
26 1.2475181818008423
27 1.1888338327407837
28 0.5845357775688171
29 1.45051908493042
30 1.3327383995056152
31 0.7300910949707031
32 1.0279117822647095
33 0.6076503396034241
34 1.4009259939193726
35 1.1593202352523804
36 0.918210506439209
37 0.8480376601219177
38 1.2939977645874023
39 0.9947558641433716
40 1.0859462022781372
41 1.1306158304214478
42 0.8303989171981812
43 1.098711371421814
44 1.215712308883667
45 1.4039157629013062
46 0.9328750967979431
47 0.8685120344161987
48 1.0205944776535034
49 1.4817566871643066
50 1.4010615348815918
51 1.2615057229995728
52 1.1460645198822021
53 0.5830596685409546
54 0.9694984555244446
55 0.9473498463630676
56 0.5401607751846313
57 0.40642982721328735
58 1.4478304386138916
59 0.5292748212814331
60 0.3434557020664215
61 0.9890079498291016
62 0.689064085483551
63 1.0505095720291138
64 0.7901325821876526
65 0.9269335865974426
66 1.0241968631744385
67 1.2680388689041138
68 1.1847623586654663
69 0.703786313533783
70 0.6446016430854797
71 0.9122226238250732
72 1.117304801940918
73 1.3638312816619873
74 1.5686970949172974
75 1.2224435806274414
76 1.225534200668335
77 1.5134543180465698
78 0.4179317355155945
79 0.6927080750465393
80 0.3726857304573059
81 0.3221951127052307
82 1.1169792413711548
83 0.9197025895118713
84 0.7732852697372437
85 1.2404420375823975
86 0.785732626914978
87 0.7904782295227051
88 0.7919684648513794
89 0.8990898132324219
90 0.578906774520874
91 0.7429072260856628
92 0.4412977695465088
93 0.6578227877616882
94 0.6907361149787903
95 0.6735890507698059
96 0.9879217147827148
97 1.2472957372665405
98 0.9832534193992615
99 0.8132721185684204
100 0.5771498084068298
101 0.6545911431312561
102 0.6160109043121338
103 0.549048900604248
104 0.5602124333381653
105 0.7952597737312317
106 0.6668413877487183
107 0.978526771068573
108 0.7613287568092346
109 0.8547689318656921
110 0.5760259032249451
111 0.7018322348594666
112 1.0538700819015503
113 0.7575573921203613
114 0.39794063568115234
115 0.5928060412406921
116 0.8975392580032349
117 0.9335650205612183
118 0.3526914715766907
119 0.3996320962905884
120 1.1832616329193115
121 0.7645635604858398
122 0.677372395992279
123 0.3935811221599579
124 1.4563610553741455
125 1.7480107545852661
126 1.527021884918213
127 2.0551915168762207
128 1.699094295501709
129 1.76945960521698
130 2.0321452617645264
131 1.7290898561477661
132 1.812788963317871
133 1.4940396547317505
134 1.6079413890838623
135 1.5417392253875732
136 1.5778770446777344
137 1.5950053930282593
138 1.4028129577636719
139 1.497515320777893
140 1.4907671213150024
141 1.2702558040618896
142 1.2728195190429688
143 1.3298050165176392
144 1.4511884450912476
145 1.4360487461090088
146 1.2886322736740112
147 1.4459906816482544
148 1.4276795387268066
149 1.5709210634231567
150 1.2654553651809692
151 1.4203351736068726
152 1.4419952630996704
153 1.455773949623108
154 1.39932119846344
155 1.5328632593154907
156 1.5017199516296387
157 1.4705259799957275
158 1.5074878931045532
159 1.4982020854949951
160 1.5429651737213135
161 1.0516544580459595
162 1.5269067287445068
163 1.4511770009994507
164 1.4187616109848022
165 1.5640970468521118
166 1.9460060596466064
167 1.421254277229309
168 1.4277116060256958
169 1.4061179161071777
170 1.2632458209991455
171 1.4472132921218872
172 1.5016273260116577
173 1.3959037065505981
174 1.3624775409698486
175 1.291251301765442
176 1.2638728618621826
177 1.3084503412246704
178 1.3374767303466797
179 0.9747655987739563
180 1.4764740467071533
181 1.4663103818893433
182 1.3578414916992188
183 1.516201376914978
184 1.5226126909255981
185 1.3521687984466553
186 1.4263712167739868
187 1.5294625759124756
188 1.4973396062850952
189 1.4616203308105469
190 1.532673954963684
191 1.429980754852295
192 1.4968554973602295
193 1.519425630569458
194 1.511763572692871
195 1.5645625591278076
196 1.4863406419754028
197 1.520732045173645
198 1.5591652393341064
199 1.524778962135315
200 1.5071847438812256
201 1.4900126457214355
202 1.5699962377548218
203 1.5549964904785156
204 1.4846512079238892
205 1.4221105575561523
206 1.4941643476486206
207 1.4960098266601563
208 1.6867258548736572
209 1.5354293584823608
210 1.366758942604065
211 1.4585580825805664
212 1.5333662033081055
213 1.5022685527801514
214 1.4655520915985107
215 1.4673388004302979
216 1.6134557723999023
217 1.522411584854126
218 1.4366899728775024
219 1.3779544830322266
220 1.5476739406585693
221 1.5512374639511108
222 1.5135645866394043
223 1.5166743993759155
224 1.45675528049469
225 1.6606453657150269
226 1.4816765785217285
227 1.5429612398147583
228 1.5719844102859497
229 1.5498578548431396
230 1.511181116104126
231 1.2913681268692017
232 1.5060759782791138
233 1.4750030040740967
234 1.4980355501174927
235 1.757361888885498
236 1.8130892515182495
237 1.7565654516220093
238 1.3808614015579224
239 1.5198781490325928
240 1.5368266105651855
241 1.584972858428955
242 1.2875701189041138
243 1.8213294744491577
244 1.4501397609710693
245 1.5733174085617065
246 1.4265284538269043
247 1.468058466911316
248 1.4732825756072998
249 1.3417946100234985
250 1.327114462852478
251 1.5137723684310913
252 1.4761936664581299
253 1.4864726066589355
254 1.5889617204666138
255 1.5114680528640747
256 1.54616379737854
257 1.4219739437103271
258 1.6184192895889282
259 1.5124248266220093
260 1.7346194982528687
261 1.3915951251983643
262 1.545425295829773
263 1.4255330562591553
264 1.5271857976913452
265 1.305482029914856
266 1.5107616186141968
267 1.92782461643219
268 1.5347843170166016
269 1.515041708946228
270 1.9093626737594604
271 1.440335750579834
272 1.3928532600402832
273 1.5216782093048096
274 1.5142775774002075
275 1.5377670526504517
276 1.5182547569274902
277 1.6098554134368896
278 1.5566692352294922
279 1.5157469511032104
280 1.489355206489563
281 1.4335246086120605
282 1.487526535987854
283 1.5326364040374756
284 1.5070961713790894
285 1.3734725713729858
286 1.6622761487960815
287 1.471134066581726
288 1.468221664428711
289 1.3633004426956177
290 1.4180186986923218
291 1.5563583374023438
292 1.4638606309890747
293 1.4838587045669556
294 1.2202779054641724
295 1.7172186374664307
296 1.329092025756836
297 1.192426085472107
298 1.3251705169677734
299 1.3934470415115356
300 1.3616633415222168
301 1.7876149415969849
302 1.324544906616211
303 1.6194158792495728
304 1.527746319770813
305 1.5489164590835571
306 1.5792511701583862
307 1.4931840896606445
308 1.7072585821151733
309 1.5025819540023804
310 1.6788934469223022
311 1.6495554447174072
312 1.4880176782608032
313 1.274745225906372
314 1.3656219244003296
315 1.4232183694839478
316 1.3517730236053467
317 1.4175879955291748
318 1.2077821493148804
319 1.4737906455993652
320 1.5366692543029785
321 1.5231503248214722
322 1.5585849285125732
323 1.4700270891189575
324 1.668210744857788
325 1.517614722251892
326 1.5149166584014893
327 1.5290182828903198
328 1.6123629808425903
329 1.4151675701141357
330 1.336567997932434
331 1.275212287902832
332 1.4036798477172852
333 1.4799206256866455
334 1.296547532081604
335 1.399513840675354
336 1.4885199069976807
337 1.4592348337173462
338 1.3440982103347778
339 1.5076724290847778
340 1.4858381748199463
341 1.4082022905349731
342 1.516687273979187
343 1.5069632530212402
344 1.4538004398345947
345 1.674380898475647
346 1.5412511825561523
347 1.4819406270980835
348 1.4799197912216187
349 1.517621636390686
350 1.6601749658584595
351 1.5984538793563843
352 1.5218170881271362
353 1.7388107776641846
354 1.691498875617981
355 1.454721212387085
356 1.460227370262146
357 1.4456406831741333
358 1.486765742301941
359 1.5633115768432617
360 1.6169209480285645
361 1.7255382537841797
362 1.5506250858306885
363 1.4741402864456177
364 1.3980200290679932
365 1.5155425071716309
366 1.4851648807525635
367 1.4784724712371826
368 1.490977168083191
369 1.5194028615951538
370 1.5211219787597656
371 1.4406782388687134
372 1.5843981504440308
373 1.3484489917755127
374 1.408532977104187
375 1.5691386461257935
376 1.542538046836853
377 1.5121285915374756
378 1.4672176837921143
379 1.446838617324829
380 1.4397257566452026
381 1.4951907396316528
382 1.4736021757125854
383 1.1505765914916992
384 1.3582415580749512
385 1.2746984958648682
386 1.5711666345596313
387 1.4945200681686401
388 1.4460300207138062
389 1.4069684743881226
390 1.5165135860443115
391 1.5506007671356201
392 1.413065791130066
393 1.640932559967041
394 1.5593682527542114
395 1.4847643375396729
396 1.5396397113800049
397 1.441784143447876
398 1.523499846458435
399 1.5174154043197632
400 1.4430135488510132
401 1.5325589179992676
402 1.6127763986587524
403 1.5038174390792847
404 1.582779049873352
405 1.4741301536560059
406 1.4422273635864258
407 1.580508828163147
408 1.544496774673462
409 1.5135306119918823
410 1.685969591140747
411 1.5011056661605835
412 1.4821492433547974
413 1.458166480064392
414 1.5101666450500488
415 1.5245448350906372
416 1.6713961362838745
417 1.4975522756576538
418 1.452041506767273
419 1.545460820198059
420 1.5352089405059814
421 1.554003119468689
422 1.493436336517334
423 1.5937812328338623
424 1.4430967569351196
425 1.4257915019989014
426 1.477015495300293
427 1.5719367265701294
428 1.5048788785934448
429 1.5514293909072876
430 1.5024909973144531
431 1.4736515283584595
432 1.4754945039749146
433 1.5569208860397339
434 1.5258679389953613
435 1.4800091981887817
436 1.4919326305389404
437 1.5888293981552124
438 1.517883539199829
439 1.4501676559448242
440 1.443986415863037
441 1.6861891746520996
442 1.7377676963806152
443 1.3957964181900024
444 1.3912001848220825
445 1.2816427946090698
446 1.4738035202026367
447 1.5492438077926636
448 1.3996515274047852
449 1.37990403175354
450 1.2721909284591675
451 1.3925206661224365
452 1.275168776512146
453 1.4575082063674927
454 1.4870402812957764
455 1.5289112329483032
456 1.4604014158248901
457 1.626429557800293
458 1.3887150287628174
459 1.2915374040603638
460 1.457069754600525
461 1.4272395372390747
462 1.462989091873169
463 1.499017357826233
464 1.5268810987472534
465 1.4358627796173096
466 1.5802052021026611
467 1.507224202156067
468 1.4657566547393799
469 1.4473118782043457
470 1.372794270515442
471 1.503294825553894
472 1.6104917526245117
473 1.5526390075683594
474 1.4523956775665283
475 1.44551420211792
476 1.3867900371551514
477 1.5215346813201904
478 1.393731713294983
479 1.4501489400863647
480 1.3784812688827515
481 1.4092671871185303
482 1.5583285093307495
483 1.417151689529419
484 1.418321967124939
485 1.647891640663147
486 1.4341857433319092
487 1.447287678718567
488 1.4747971296310425
489 1.5406454801559448
490 1.5310313701629639
491 1.5583031177520752
492 1.4885202646255493
493 1.4107271432876587
494 1.5403000116348267
495 1.4276530742645264
496 1.5410581827163696
497 1.5319443941116333
498 1.5552297830581665
499 1.4709242582321167
500 1.4662843942642212
501 1.6785200834274292
502 1.4290119409561157
503 1.40338933467865
504 1.53432035446167
505 1.4737011194229126
506 1.4508187770843506
507 1.5701957941055298
508 1.435968041419983
509 1.6075114011764526
510 1.481404423713684
511 1.390221357345581
512 1.4776090383529663
513 1.5374879837036133
514 1.5477149486541748
515 1.6878302097320557
516 1.3624763488769531
517 1.58830726146698
518 1.4921246767044067
519 1.5086239576339722
520 1.4865000247955322
521 1.486401081085205
522 1.5010185241699219
523 1.5006777048110962
524 1.580411434173584
525 1.4796547889709473
526 1.4707030057907104
527 1.5119889974594116
528 1.2992297410964966
529 1.4339789152145386
530 1.690222144126892
531 1.4844138622283936
532 1.4487954378128052
533 1.4550905227661133
534 1.479103922843933
535 1.4587937593460083
536 1.558824062347412
537 1.5390671491622925
538 1.3293362855911255
539 1.6934067010879517
540 1.6370849609375
541 1.570330262184143
542 1.4393984079360962
543 1.592834234237671
544 1.535058617591858
545 1.5288580656051636
546 1.5632959604263306
547 1.564369559288025
548 1.537529706954956
549 1.5433529615402222
550 1.603887915611267
551 1.6951419115066528
552 1.5362375974655151
553 1.3755476474761963
554 1.479401707649231
555 1.4167770147323608
556 1.4971635341644287
557 1.7106200456619263
558 1.505008339881897
559 1.597225308418274
560 1.6948941946029663
561 1.4802658557891846
562 1.4431339502334595
563 1.4987746477127075
564 1.5298104286193848
565 1.5060535669326782
566 1.4867768287658691
567 1.5392656326293945
568 1.5436253547668457
569 1.5279563665390015
570 1.5657892227172852
571 1.4878370761871338
572 1.438782811164856
573 1.4434181451797485
574 1.3908218145370483
575 1.5277222394943237
576 1.6375900506973267
577 1.5991404056549072
578 1.6842319965362549
579 1.4291032552719116
580 1.4320131540298462
581 1.6319533586502075
582 1.45732581615448
583 1.499748945236206
584 1.609796166419983
585 1.4975882768630981
586 1.4901771545410156
587 1.5561602115631104
588 1.4578701257705688
589 1.4292573928833008
590 1.4818049669265747
591 1.3618180751800537
592 1.4600133895874023
593 1.5172466039657593
594 1.793603777885437
595 1.501030445098877
596 1.43181312084198
597 1.3652056455612183
598 1.3776915073394775
599 1.546730399131775
600 1.5375747680664063
601 1.439212679862976
602 1.3579598665237427
603 1.4801101684570313
604 1.460449457168579
605 1.5163421630859375
606 1.7398991584777832
607 1.3619672060012817
608 1.4448717832565308
609 1.5616323947906494
610 1.325927734375
611 1.339638113975525
612 1.4088318347930908
613 1.5201324224472046
614 1.5739485025405884
615 1.4054678678512573
616 1.4420772790908813
617 1.515561819076538
618 1.4574329853057861
619 1.3913919925689697
620 1.4884285926818848
621 1.576414942741394
622 1.5493664741516113
623 1.578343391418457
624 1.5254074335098267
625 1.5128556489944458
626 1.4261391162872314
627 1.5132490396499634
628 1.4361076354980469
629 1.49520742893219
630 1.458592176437378
631 1.5444047451019287
632 1.4551206827163696
633 1.4532910585403442
634 1.5912443399429321
635 1.4606351852416992
636 1.4154720306396484
637 1.5822194814682007
638 1.5080478191375732
639 1.557961344718933
640 1.4075504541397095
641 1.4807156324386597
642 1.5922240018844604
643 1.3897981643676758
644 1.4765018224716187
645 1.5319732427597046
646 1.4307472705841064
647 1.5580816268920898
648 1.6638935804367065
649 1.4585952758789063
650 1.6671620607376099
651 1.7657021284103394
652 1.4847787618637085
653 1.6300172805786133
654 1.705827236175537
655 1.5189342498779297
656 1.4608384370803833
657 1.483801007270813
658 1.381344199180603
659 1.5120620727539063
660 1.5663442611694336
661 1.5415173768997192
662 1.5069024562835693
663 1.6556081771850586
664 1.6309995651245117
665 1.5665854215621948
666 1.4551030397415161
667 1.414020299911499
668 1.6095521450042725
669 1.672090768814087
670 1.4491230249404907
671 1.5280200242996216
672 1.5534770488739014
673 1.4011945724487305
674 1.621075987815857
675 1.685286045074463
676 1.4966042041778564
677 1.6449475288391113
678 1.4700120687484741
679 1.5841463804244995
680 1.5649659633636475
681 1.411476492881775
682 1.6093580722808838
683 1.4677722454071045
684 1.5496474504470825
685 1.44899582862854
686 1.5697282552719116
687 1.549260139465332
688 1.5874336957931519
689 1.4713078737258911
690 1.5016201734542847
691 1.4836626052856445
692 1.5104858875274658
693 1.465592861175537
694 1.4810168743133545
695 1.5013238191604614
696 1.4742915630340576
697 1.4801506996154785
698 1.5423837900161743
699 1.766957402229309
700 1.7012958526611328
701 1.4955661296844482
702 1.629207730293274
703 1.3874388933181763
704 1.6705238819122314
705 1.607117772102356
706 1.5790481567382813
707 1.5488629341125488
708 1.5303524732589722
709 1.6848458051681519
710 1.5574002265930176
711 1.509155035018921
712 1.4741634130477905
713 1.6617270708084106
714 1.7324128150939941
715 1.5859357118606567
716 1.5166659355163574
717 1.4343589544296265
718 1.5448188781738281
719 1.610064148902893
720 1.6601258516311646
721 1.7794610261917114
722 1.6290855407714844
723 1.664874792098999
724 1.6354440450668335
725 1.6356412172317505
726 1.6458066701889038
727 1.4540183544158936
728 1.55106782913208
729 1.5463124513626099
730 1.5360078811645508
731 1.568643569946289
732 1.4356616735458374
733 1.5073224306106567
734 1.566685438156128
735 1.4997867345809937
736 1.6072578430175781
737 1.3469740152359009
738 1.4207017421722412
739 1.474877953529358
740 1.5857291221618652
741 1.5012288093566895
742 1.5162752866744995
743 1.5595461130142212
744 1.5574933290481567
745 1.7204406261444092
746 1.5421860218048096
747 1.564444661140442
748 1.708429217338562
749 1.7185519933700562
750 1.5143945217132568
751 1.794071912765503
752 1.407560110092163
753 1.4323877096176147
754 1.6533184051513672
755 1.66724693775177
756 1.4780473709106445
757 1.4156935214996338
758 1.471084475517273
759 1.5716583728790283
760 1.4561494588851929
761 1.4576517343521118
762 1.555402398109436
763 1.6075419187545776
764 1.710121512413025
765 1.6437710523605347
766 1.4629205465316772
767 1.4905507564544678
768 1.527230978012085
769 1.377158522605896
770 1.4216499328613281
771 1.5994619131088257
772 1.5936790704727173
773 1.7261558771133423
774 1.6388155221939087
775 1.4980509281158447
776 1.5147932767868042
777 1.3709850311279297
778 1.5876169204711914
779 1.440782070159912
780 1.2635256052017212
781 1.476204514503479
782 1.5546704530715942
783 1.4657182693481445
784 1.619919776916504
785 1.4818592071533203
786 1.4492164850234985
787 1.4268049001693726
788 1.5180389881134033
789 1.5297467708587646
790 1.5119978189468384
791 1.4698638916015625
792 1.4051580429077148
793 1.3641537427902222
794 1.7269351482391357
795 1.5253101587295532
796 1.6197929382324219
797 1.5548546314239502
798 1.5676403045654297
799 1.6455063819885254
800 1.5624034404754639
801 1.5646297931671143
802 1.5068715810775757
803 1.4209110736846924
804 1.6689894199371338
805 1.6544935703277588
806 1.3696843385696411
807 1.585254430770874
808 1.9279944896697998
809 1.3981775045394897
810 1.528918981552124
811 1.5489405393600464
812 1.4449703693389893
813 1.4884265661239624
814 1.583312749862671
815 1.5184543132781982
816 1.5191841125488281
817 1.4594075679779053
818 1.412054419517517
819 1.5294314622879028
820 1.5784295797348022
821 1.422437071800232
822 1.32040536403656
823 1.5081418752670288
824 1.5394861698150635
825 1.348544955253601
826 1.4164841175079346
827 1.5555607080459595
828 1.5141257047653198
829 1.381940245628357
830 1.2527538537979126
831 1.537672758102417
832 1.5255708694458008
833 1.4550676345825195
834 1.7571762800216675
835 1.5866063833236694
836 1.5992976427078247
837 1.5993406772613525
838 1.460100769996643
839 1.9114526510238647
840 1.7790567874908447
841 1.6290488243103027
842 1.686893105506897
843 1.4801353216171265
844 1.791137933731079
845 1.857704997062683
846 1.7671177387237549
847 1.535078763961792
848 1.4819718599319458
849 1.6105090379714966
850 1.5176922082901
851 1.35721755027771
852 1.4025988578796387
853 1.6151412725448608
854 1.8308385610580444
855 1.6794610023498535
856 1.838905930519104
857 1.5378143787384033
858 1.4938641786575317
859 1.5625582933425903
860 1.5971505641937256
861 1.529543399810791
862 1.4238524436950684
863 1.630436658859253
864 1.5183486938476563
865 1.4138274192810059
866 1.5205775499343872
867 1.3769766092300415
868 1.5330017805099487
869 1.595868468284607
870 1.5960570573806763
871 1.705633282661438
872 1.5177819728851318
873 1.5496183633804321
874 1.7111114263534546
875 1.4295622110366821
876 1.5166038274765015
877 1.440691351890564
878 1.5287189483642578
879 1.6115050315856934
880 1.5971746444702148
881 1.683321237564087
882 1.8723043203353882
883 2.037548542022705
884 1.5862183570861816
885 1.4907077550888062
886 1.5344715118408203
887 1.7491894960403442
888 1.5505744218826294
889 1.5940529108047485
890 1.6062859296798706
891 1.5671818256378174
892 1.1653391122817993
893 1.4109691381454468
894 1.6315290927886963
895 1.547340750694275
896 1.4738435745239258
897 1.624464988708496
898 1.538051724433899
899 1.5358328819274902
900 1.5605913400650024
901 1.5027744770050049
902 1.6297268867492676
903 1.705206036567688
904 1.5332398414611816
905 1.5589245557785034
906 1.4962900876998901
907 1.5451874732971191
908 1.5339018106460571
909 1.5961360931396484
910 1.682243824005127
911 1.6409022808074951
912 1.6850701570510864
913 1.7780885696411133
914 1.6736382246017456
915 1.4466676712036133
916 1.4495950937271118
917 1.689560055732727
918 1.582375407218933
919 1.38236665725708
920 1.5475642681121826
921 0.9515200853347778
922 1.0711334943771362
923 1.343475580215454
924 1.3223495483398438
925 1.7817975282669067
926 1.824558973312378
927 1.4702997207641602
928 1.6207529306411743
929 1.4264216423034668
930 1.8114268779754639
931 1.500689148902893
932 1.6331292390823364
933 1.6243773698806763
934 1.6156208515167236
935 1.477677345275879
936 1.7306311130523682
937 1.4849988222122192
938 1.6131356954574585
939 1.6894832849502563
940 1.5384917259216309
941 1.5246772766113281
942 1.8150757551193237
943 1.5035762786865234
944 1.589377999305725
945 1.6585123538970947
946 1.4879624843597412
947 1.5694656372070313
948 1.6271353960037231
949 1.6269466876983643
950 1.5861058235168457
951 1.5970269441604614
952 1.6941720247268677
953 1.1979936361312866
954 0.9884490966796875
955 0.7950666546821594
956 0.6408692598342896
957 0.9645147919654846
958 0.8414040803909302
959 1.100555658340454
960 0.8373184204101563
961 0.7457149624824524
962 1.146698236465454
963 0.77824467420578
964 0.5936634540557861
965 1.0136688947677612
966 0.9308488965034485
967 1.019525408744812
968 0.9606143832206726
969 0.8006511330604553
970 1.0118838548660278
971 1.0953596830368042
972 1.1725435256958008
973 1.037468433380127
974 0.8836074471473694
975 0.9288539290428162
976 1.2371041774749756
977 1.0775983333587646
978 0.8670732975006104
979 1.2320387363433838
980 0.9051553606987
981 0.8723359704017639
982 1.0888983011245728
983 1.454936146736145
984 1.160056710243225
985 0.8020762801170349
986 0.8983713984489441
987 1.1008472442626953
988 1.0931808948516846
989 1.0419032573699951
990 0.8164463043212891
991 1.1983575820922852
992 0.8073726892471313
993 1.2009968757629395
994 0.9814762473106384
995 0.9830657243728638
996 1.3643579483032227
997 1.3211549520492554
998 1.2578849792480469
999 1.3493845462799072
1000 1.1722228527069092
1001 0.9572961926460266
1002 1.0432850122451782
1003 1.1327201128005981
1004 1.4344489574432373
1005 1.5095032453536987
1006 1.529310941696167
1007 0.903335452079773
1008 1.2982468605041504
1009 0.876515805721283
1010 1.1606714725494385
1011 1.0825473070144653
1012 1.114946961402893
1013 1.235068678855896
1014 1.1816025972366333
1015 1.1192415952682495
1016 1.3212867975234985
1017 0.8959455490112305
1018 1.297436237335205
1019 0.6638807058334351
1020 1.3119254112243652
1021 0.7503218650817871
1022 1.114028811454773
1023 1.516446828842163
1024 1.0593843460083008
1025 0.9247289299964905
1026 1.007590889930725
1027 1.2244877815246582
1028 1.2056901454925537
1029 0.7515609860420227
1030 0.9856764078140259
1031 1.459498643875122
1032 0.8905634880065918
1033 0.801390528678894
1034 0.94478839635849
1035 1.2774280309677124
1036 0.9014300107955933
1037 1.0017751455307007
1038 1.4441438913345337
1039 0.8630045652389526
1040 1.4307701587677002
1041 0.9239250421524048
1042 1.0714107751846313
1043 0.865527331829071
1044 1.067282795906067
1045 1.249948263168335
1046 0.9383467435836792
1047 1.787796974182129
1048 1.029654860496521
1049 1.2552073001861572
1050 1.215925931930542
1051 1.2876806259155273
1052 1.1493637561798096
1053 1.3394455909729004
1054 1.1928399801254272
1055 1.2364922761917114
1056 1.2568016052246094
1057 1.0651652812957764
1058 0.8946099877357483
1059 0.758988082408905
1060 0.9089140892028809
1061 0.9661297798156738
1062 1.1680711507797241
1063 1.0459651947021484
1064 0.9739504456520081
1065 1.0643442869186401
1066 1.4232558012008667
1067 0.9962397217750549
1068 1.01332426071167
1069 1.2649893760681152
1070 1.1106163263320923
1071 1.157983660697937
1072 0.8130106329917908
1073 1.1386651992797852
1074 1.379300832748413
1075 1.3435454368591309
1076 1.7047231197357178
1077 1.2590023279190063
1078 1.2645946741104126
1079 1.9578514099121094
1080 1.6924866437911987
1081 1.3421951532363892
1082 0.9973955750465393
1083 0.858496367931366
1084 1.4395575523376465
1085 0.7655497193336487
1086 0.6677466630935669
1087 1.0717649459838867
1088 1.141880989074707
1089 1.220880150794983
1090 1.7461615800857544
1091 1.379660964012146
1092 1.3233139514923096
1093 1.6779088973999023
1094 1.201537847518921
1095 1.379520058631897
1096 1.320542812347412
1097 1.2040257453918457
1098 1.2981969118118286
1099 1.1483948230743408
1100 1.3910038471221924
1101 1.2578850984573364
1102 1.4821141958236694
1103 0.8918889760971069
1104 1.4193834066390991
1105 0.8313144445419312
1106 1.0497066974639893
1107 1.2976782321929932
1108 1.2076867818832397
1109 1.1358484029769897
1110 0.957062840461731
1111 0.8430975079536438
1112 1.222934365272522
1113 1.5342117547988892
1114 0.7920840382575989
1115 1.2005451917648315
1116 1.035255789756775
1117 0.7439943552017212
1118 1.3169400691986084
1119 1.536182165145874
1120 1.860545039176941
1121 1.7763290405273438
1122 1.7809842824935913
1123 1.825750708580017
1124 1.6050374507904053
1125 1.687173843383789
1126 1.1032392978668213
1127 1.274027705192566
1128 1.1722537279129028
1129 1.1280181407928467
1130 1.2779828310012817
1131 1.2294986248016357
1132 1.342069149017334
1133 1.2344926595687866
1134 0.8397851586341858
1135 0.8586793541908264
1136 0.9031063318252563
1137 1.1132171154022217
1138 1.1778337955474854
1139 1.341571569442749
1140 1.3320392370224
1141 0.8147916793823242
1142 1.6178972721099854
1143 1.411147952079773
1144 1.2509158849716187
1145 1.1397713422775269
1146 1.0795730352401733
1147 0.9607721567153931
1148 1.1328117847442627
1149 0.9553385376930237
1150 1.0805379152297974
1151 1.175824522972107
1152 1.1750785112380981
1153 1.100290298461914
1154 1.0935146808624268
1155 0.8053473830223083
1156 1.139003038406372
1157 1.2117805480957031
1158 0.9929671883583069
1159 1.0436819791793823
1160 0.8479526042938232
1161 1.0132949352264404
1162 1.1797441244125366
1163 1.2274307012557983
1164 1.1267248392105103
1165 1.175112247467041
1166 1.161876916885376
1167 1.0931202173233032
1168 1.561072587966919
1169 1.1280299425125122
1170 0.8881040811538696
1171 1.1504337787628174
1172 1.0694869756698608
1173 1.3036396503448486
1174 1.0963152647018433
1175 0.7324309349060059
1176 0.8099732995033264
1177 1.248872995376587
1178 1.0279903411865234
1179 1.1759974956512451
1180 1.2128881216049194
1181 1.221515417098999
1182 0.969513475894928
1183 1.1814048290252686
1184 1.468996524810791
1185 1.0299201011657715
1186 1.0297150611877441
1187 1.3756195306777954
1188 1.0791999101638794
1189 0.9315122365951538
1190 1.2212679386138916
1191 1.1496168375015259
1192 1.5251638889312744
1193 1.12099027633667
1194 1.149052619934082
1195 1.385076642036438
1196 1.1408767700195313
1197 1.0933886766433716
1198 1.1514605283737183
1199 1.1462535858154297
1200 1.0565553903579712
1201 0.9877787232398987
1202 1.3499228954315186
1203 0.9760470390319824
1204 1.4158662557601929
1205 0.9837074875831604
1206 1.0415704250335693
1207 1.1367366313934326
1208 0.9536937475204468
1209 1.1693531274795532
1210 0.8591297268867493
1211 0.8950739502906799
1212 1.2406337261199951
1213 1.2080992460250854
1214 1.2650882005691528
1215 1.1788630485534668
1216 1.2460707426071167
1217 1.1713021993637085
1218 1.0428920984268188
1219 1.1446752548217773
1220 1.928814172744751
1221 1.3038735389709473
1222 1.2840464115142822
1223 1.0622062683105469
1224 0.6244438290596008
1225 1.1549981832504272
1226 1.3862303495407104
1227 1.249996304512024
1228 0.9016149640083313
1229 1.0995522737503052
1230 0.981662929058075
1231 0.8146051168441772
1232 1.2173868417739868
1233 1.2385634183883667
1234 1.098088264465332
1235 0.9819751381874084
1236 0.9331064820289612
1237 0.7939383387565613
1238 0.9198057651519775
1239 1.154176115989685
1240 1.1042145490646362
1241 1.4260152578353882
1242 1.3875144720077515
1243 1.2439428567886353
1244 1.4542263746261597
1245 0.931551992893219
1246 1.5217958688735962
1247 1.5005217790603638
1248 1.1656970977783203
1249 0.9616392850875854
1250 1.7657091617584229
1251 1.0978279113769531
1252 1.3489177227020264
1253 1.0396589040756226
1254 0.7608383297920227
1255 1.368227243423462
1256 0.9474979639053345
1257 1.1416031122207642
1258 1.0166304111480713
1259 1.0232871770858765
1260 0.9365000128746033
1261 1.1161599159240723
1262 1.28891921043396
1263 0.8183280825614929
1264 1.3127855062484741
1265 1.0496056079864502
1266 1.1865663528442383
1267 0.9947294592857361
1268 1.0291693210601807
1269 0.7628805637359619
1270 0.9315037131309509
1271 1.251702904701233
1272 1.5685982704162598
1273 1.2983036041259766
1274 1.446195363998413
1275 1.4485819339752197
1276 0.9065479636192322
1277 0.7988242506980896
1278 1.0597686767578125
1279 1.3392904996871948
1280 0.869005560874939
1281 1.7215548753738403
1282 1.4674551486968994
1283 1.5033191442489624
1284 1.7968244552612305
1285 1.5093055963516235
1286 1.1097092628479004
1287 1.2785871028900146
1288 1.190216064453125
1289 1.4317586421966553
1290 1.1647707223892212
1291 0.8322641253471375
1292 1.0066759586334229
1293 0.9071080684661865
1294 0.9458058476448059
1295 0.9005070328712463
1296 1.1902834177017212
1297 0.8699806928634644
1298 0.9234603047370911
1299 0.8231299519538879
1300 1.150694727897644
1301 0.9414413571357727
1302 1.0264450311660767
1303 1.1748701333999634
1304 1.6272623538970947
1305 1.0484660863876343
1306 1.297777533531189
1307 1.065807819366455
1308 1.257830262184143
1309 1.0886199474334717
1310 1.284500241279602
1311 1.1033495664596558
1312 1.2544647455215454
1313 1.4555864334106445
1314 1.1730419397354126
1315 1.1655867099761963
1316 1.2910792827606201
1317 0.7070041298866272
1318 2.151190757751465
1319 1.9232757091522217
1320 1.475825548171997
1321 1.9171000719070435
1322 2.102555990219116
1323 1.832260012626648
1324 1.327398419380188
1325 1.049330234527588
1326 0.8439128398895264
1327 1.3110452890396118
1328 0.7007588148117065
1329 0.9994933009147644
1330 0.7608697414398193
1331 0.850022554397583
1332 1.6379715204238892
1333 1.456315279006958
1334 0.9727246165275574
1335 1.3782179355621338
1336 1.095225214958191
1337 1.3585673570632935
1338 1.1419874429702759
1339 1.324473261833191
1340 1.2406327724456787
1341 1.1697237491607666
1342 1.1590240001678467
1343 1.2228353023529053
1344 1.1041089296340942
1345 0.6882790923118591
1346 1.2700092792510986
1347 1.0700974464416504
1348 0.8197870254516602
1349 0.8261765837669373
1350 1.6793620586395264
1351 0.9962088465690613
1352 0.768085777759552
1353 0.9614202380180359
1354 1.288609266281128
1355 0.8995701670646667
1356 1.276087760925293
1357 1.297377109527588
1358 1.1155227422714233
1359 1.1784350872039795
1360 1.2910689115524292
1361 1.5712506771087646
1362 1.6214252710342407
1363 1.411634087562561
1364 1.0138659477233887
1365 1.3928202390670776
1366 1.1514312028884888
1367 1.5113996267318726
1368 1.6855401992797852
1369 0.9456897377967834
1370 1.077860713005066
1371 0.9831166863441467
1372 0.8619384765625
1373 1.0142841339111328
1374 1.2086378335952759
1375 1.194235920906067
1376 1.1897343397140503
1377 1.6222140789031982
1378 1.530192255973816
1379 1.830739140510559
1380 1.5249965190887451
1381 1.5311259031295776
1382 1.5853914022445679
1383 1.4448883533477783
1384 1.4610154628753662
1385 1.6081448793411255
1386 1.6873689889907837
1387 1.6025582551956177
1388 1.5370738506317139
1389 1.7498780488967896
1390 0.9321026802062988
1391 0.8686063289642334
1392 0.8508626818656921
1393 1.378849983215332
1394 1.0082576274871826
1395 0.86250901222229
1396 0.9746365547180176
1397 0.9710124731063843
1398 0.7858925461769104
1399 0.8501449227333069
1400 1.0336862802505493
1401 1.0138365030288696
1402 1.34708571434021
1403 1.193317174911499
1404 0.973438560962677
1405 1.0371339321136475
1406 0.9207940101623535
1407 1.1174558401107788
1408 1.3136584758758545
1409 0.891342282295227
1410 0.8855589628219604
1411 0.7626566290855408
1412 0.8586868047714233
1413 1.182642936706543
1414 0.6695209741592407
1415 1.243944525718689
1416 1.2796134948730469
1417 1.0851484537124634
1418 1.4068467617034912
1419 1.4065732955932617
1420 1.3378510475158691
1421 1.5272610187530518
1422 1.9770210981369019
1423 1.7990859746932983
1424 1.685481071472168
1425 1.7355175018310547
1426 1.6418213844299316
1427 1.6403133869171143
1428 1.8411552906036377
1429 1.334506630897522
1430 1.6423174142837524
1431 1.780523657798767
1432 1.7763071060180664
1433 1.267336130142212
1434 1.5754711627960205
1435 1.6008086204528809
1436 1.5531753301620483
1437 1.629608392715454
1438 1.5451035499572754
1439 1.5086649656295776
1440 1.629811406135559
1441 1.6347969770431519
1442 1.5132696628570557
1443 1.834030270576477
1444 2.8263561725616455
1445 2.688638925552368
1446 2.6203856468200684
1447 2.7697932720184326
1448 2.290177822113037
1449 2.719271183013916
1450 1.8117122650146484
1451 2.2419981956481934
1452 2.5635032653808594
1453 2.9017727375030518
1454 2.177767515182495
1455 1.371677279472351
1456 1.4202734231948853
1457 1.8178080320358276
1458 1.5531753301620483
1459 1.543509602546692
1460 1.5475358963012695
1461 1.6703128814697266
1462 1.4362682104110718
1463 1.4084346294403076
1464 1.6000738143920898
1465 1.5380558967590332
1466 2.0518717765808105
1467 1.433064341545105
1468 1.1945801973342896
1469 1.2626086473464966
1470 1.4726014137268066
1471 1.4284367561340332
1472 1.5958406925201416
1473 1.2184782028198242
1474 1.4875762462615967
1475 1.397462248802185
1476 1.6149133443832397
1477 1.7043911218643188
1478 1.8346441984176636
1479 1.3702130317687988
1480 1.3870428800582886
1481 1.6139885187149048
1482 1.3262882232666016
1483 1.5806580781936646
1484 1.5752781629562378
1485 1.5234431028366089
1486 1.6399040222167969
1487 1.5332731008529663
1488 1.2921687364578247
1489 1.4970275163650513
1490 1.6112767457962036
1491 1.6951904296875
1492 1.7363038063049316
1493 1.682271957397461
1494 1.8527185916900635
1495 2.161993980407715
1496 1.416504979133606
1497 1.9237971305847168
1498 1.7336814403533936
1499 1.4763802289962769
1500 1.6765706539154053
1501 1.7102879285812378
1502 1.4887328147888184
1503 1.412683129310608
1504 1.0229705572128296
1505 0.6130894422531128
1506 0.4146806001663208
1507 1.9733750820159912
1508 1.3933061361312866
1509 1.4855549335479736
1510 1.586256504058838
1511 1.524149775505066
1512 2.0954034328460693
1513 1.7037125825881958
1514 1.6401535272598267
1515 1.581445336341858
1516 1.4496883153915405
1517 1.580599069595337
1518 1.5059943199157715
1519 1.5375748872756958
1520 1.4246381521224976
1521 1.7650830745697021
1522 1.5633538961410522
1523 1.5318639278411865
1524 1.7322108745574951
1525 1.6870323419570923
1526 1.2025991678237915
1527 1.2306631803512573
1528 1.1666871309280396
1529 1.3504024744033813
1530 1.5137903690338135
1531 1.483127474784851
1532 1.4409459829330444
1533 1.2693182229995728
1534 1.1768999099731445
1535 1.2246145009994507
1536 1.363223910331726
1537 1.4386440515518188
1538 1.4284477233886719
1539 1.5318608283996582
1540 1.492258071899414
1541 1.7619036436080933
1542 1.470024585723877
1543 1.3475569486618042
1544 1.4876606464385986
1545 1.1850693225860596
1546 1.3626246452331543
1547 1.6996084451675415
1548 1.4908488988876343
1549 1.6359139680862427
1550 1.4088988304138184
1551 1.6806657314300537
1552 1.4530822038650513
1553 1.6172922849655151
1554 1.7148997783660889
1555 1.7332886457443237
1556 1.5962152481079102
1557 2.0539186000823975
1558 1.514104962348938
1559 1.5404934883117676
1560 1.475337266921997
1561 1.8763619661331177
1562 1.6821324825286865
1563 2.110915422439575
1564 1.6669540405273438
1565 1.8372373580932617
1566 1.4893826246261597
1567 1.7211480140686035
1568 2.1263461112976074
1569 1.7877546548843384
1570 1.81360924243927
1571 1.647536039352417
1572 1.4306694269180298
1573 1.7845667600631714
1574 1.521665334701538
1575 1.4233546257019043
1576 1.8499395847320557
1577 1.889461874961853
1578 1.7998777627944946
1579 1.6250373125076294
1580 1.456890344619751
1581 1.261736273765564
1582 1.4736860990524292
1583 1.3823941946029663
1584 1.1543139219284058
1585 2.2579538822174072
1586 1.62285315990448
1587 1.5373098850250244
1588 1.4688315391540527
1589 1.6290371417999268
1590 1.5246975421905518
1591 1.6354066133499146
1592 1.6549203395843506
1593 1.4678518772125244
1594 1.1475356817245483
1595 1.6264766454696655
1596 1.2220654487609863
1597 1.5455573797225952
1598 1.602477788925171
1599 1.7147759199142456
1600 1.55079185962677
1601 1.6218425035476685
1602 1.5429091453552246
1603 1.516433835029602
1604 1.6219713687896729
1605 1.6431615352630615
1606 1.651664137840271
1607 1.5522810220718384
1608 1.5256164073944092
1609 1.5825309753417969
1610 1.392034888267517
1611 1.6891371011734009
1612 1.420862078666687
1613 1.6750882863998413
1614 1.3931037187576294
1615 1.6267974376678467
1616 1.765708565711975
1617 1.553226113319397
1618 1.7262994050979614
1619 1.5660865306854248
1620 1.5490386486053467
1621 1.5356987714767456
1622 1.3485485315322876
1623 1.4635076522827148
1624 1.366843819618225
1625 1.4831187725067139
1626 1.528308629989624
1627 1.4586490392684937
1628 1.6442716121673584
1629 1.5981762409210205
1630 1.5722402334213257
1631 1.6493778228759766
1632 1.4610692262649536
1633 1.5062922239303589
1634 1.3524121046066284
1635 0.8973706364631653
1636 0.5911218523979187
1637 1.0331217050552368
1638 1.0313550233840942
1639 0.6877568960189819
1640 0.902623176574707
1641 1.210692048072815
1642 1.4334825277328491
1643 1.4039843082427979
1644 2.2078325748443604
1645 1.5197855234146118
1646 1.8669095039367676
1647 1.9943592548370361
1648 1.5339925289154053
1649 1.5999443531036377
1650 1.6888941526412964
1651 1.7652256488800049
1652 1.559045433998108
1653 1.8878896236419678
1654 1.7881640195846558
1655 1.7768412828445435
1656 1.7481507062911987
1657 1.774236798286438
1658 1.6409173011779785
1659 1.6901533603668213
1660 1.764359712600708
1661 1.735535979270935
1662 1.3328107595443726
1663 1.6335859298706055
1664 1.6761763095855713
1665 1.7465698719024658
1666 1.7171863317489624
1667 1.5389113426208496
1668 1.7490417957305908
1669 1.5371990203857422
1670 1.905129075050354
1671 1.9586700201034546
1672 1.4835141897201538
1673 1.4526138305664063
1674 1.741628646850586
1675 1.5167790651321411
1676 1.8944474458694458
1677 1.355115532875061
1678 1.2883785963058472
1679 1.6298933029174805
1680 1.7170330286026
1681 1.4969853162765503
1682 1.5904964208602905
1683 1.6340103149414063
1684 1.4867830276489258
1685 1.7440109252929688
1686 1.6283636093139648
1687 1.5296112298965454
1688 1.3829368352890015
1689 1.5705896615982056
1690 1.540111780166626
1691 1.6132197380065918
1692 1.5483465194702148
1693 1.5186560153961182
1694 1.4987527132034302
1695 1.6249029636383057
1696 1.5711215734481812
1697 1.5284353494644165
1698 1.812140941619873
1699 1.3719581365585327
1700 1.4538469314575195
1701 1.422781229019165
1702 1.544748306274414
1703 1.771479606628418
1704 1.3246524333953857
1705 1.5166717767715454
1706 1.5588740110397339
1707 1.702751636505127
1708 1.6557621955871582
1709 1.8688770532608032
1710 1.4556864500045776
1711 1.5371043682098389
1712 1.322191834449768
1713 1.8205714225769043
1714 1.4030213356018066
1715 1.677804708480835
1716 1.7430497407913208
1717 1.510677456855774
1718 1.3876230716705322
1719 1.5507919788360596
1720 1.637264609336853
1721 1.4319690465927124
1722 1.494096040725708
1723 1.5450502634048462
1724 1.4890269041061401
1725 1.728135585784912
1726 1.4441989660263062
1727 1.080674648284912
1728 0.8929635286331177
1729 1.3732972145080566
1730 1.4003525972366333
1731 0.8917453289031982
1732 1.138128638267517
1733 1.2320741415023804
1734 0.8572014570236206
1735 1.2089862823486328
1736 1.3295814990997314
1737 1.3262052536010742
1738 1.2011386156082153
1739 1.1348309516906738
1740 1.0240885019302368
1741 1.0956951379776
1742 1.1174296140670776
1743 0.9378179907798767
1744 1.1940321922302246
1745 0.8984475135803223
1746 1.399318814277649
1747 1.1099766492843628
1748 1.0173581838607788
1749 1.4569213390350342
1750 0.9397569894790649
1751 1.2509430646896362
1752 0.8591518998146057
1753 1.4330321550369263
1754 0.9933868050575256
1755 1.1793731451034546
1756 1.2009581327438354
1757 1.0266367197036743
1758 0.8780217170715332
1759 1.3593496084213257
1760 0.9216195940971375
1761 0.948941707611084
1762 1.084395408630371
1763 1.193980097770691
1764 1.3961068391799927
1765 1.0686166286468506
1766 1.292842984199524
1767 0.685164213180542
1768 1.0231971740722656
1769 1.0113029479980469
1770 1.4574915170669556
1771 0.8917996287345886
1772 1.3945095539093018
1773 0.81055748462677
1774 0.9042578339576721
1775 1.2689998149871826
1776 1.3800431489944458
1777 1.1695750951766968
1778 1.0782707929611206
1779 1.3251794576644897
1780 1.0200880765914917
1781 1.3833613395690918
1782 1.5001544952392578
1783 1.3378947973251343
1784 1.3362352848052979
1785 1.10870361328125
1786 1.2499297857284546
1787 1.3596742153167725
1788 0.9187018871307373
1789 1.2587958574295044
1790 1.5982829332351685
1791 1.7529840469360352
1792 1.479142665863037
1793 1.0777196884155273
1794 1.4778355360031128
1795 1.2165976762771606
1796 1.1421878337860107
1797 1.3472251892089844
1798 1.3224858045578003
1799 1.4189833402633667
1800 1.5558537244796753
1801 1.4544048309326172
1802 1.4470738172531128
1803 1.1244215965270996
1804 1.5013066530227661
1805 1.0796111822128296
1806 2.1461856365203857
1807 1.7652263641357422
1808 1.628965973854065
1809 1.7045255899429321
1810 1.8953219652175903
1811 1.827321171760559
1812 2.1287262439727783
1813 2.0277650356292725
1814 1.81833815574646
1815 1.9307231903076172
1816 1.9135510921478271
1817 2.058148145675659
1818 1.5408172607421875
1819 2.0562055110931396
1820 1.891245722770691
1821 2.082580089569092
1822 1.882371425628662
1823 1.5206472873687744
1824 1.512770652770996
1825 1.7169734239578247
1826 1.8578988313674927
1827 1.7491694688796997
1828 2.0392367839813232
1829 1.4772650003433228
1830 1.854794979095459
1831 1.7773761749267578
1832 1.6142210960388184
1833 1.5876106023788452
1834 1.5775291919708252
1835 1.916945457458496
1836 1.4935904741287231
1837 1.9186762571334839
1838 1.7082996368408203
1839 2.0100417137145996
1840 2.187264919281006
1841 2.1507298946380615
1842 1.9061696529388428
1843 1.6762518882751465
1844 1.6200346946716309
1845 1.0830681324005127
1846 1.8214316368103027
1847 1.5182007551193237
1848 1.6146161556243896
1849 1.8300976753234863
1850 1.6224087476730347
1851 1.4115086793899536
1852 1.5322480201721191
1853 1.681989073753357
1854 1.5370410680770874
1855 1.588653326034546
1856 1.7637640237808228
1857 1.488296627998352
1858 1.5501011610031128
1859 1.7075822353363037
1860 1.981790542602539
1861 1.9666305780410767
1862 1.8066058158874512
1863 1.6549570560455322
1864 1.6275206804275513
1865 1.6597630977630615
1866 1.8061494827270508
1867 1.554545521736145
1868 1.5958067178726196
1869 1.7361294031143188
1870 2.406405448913574
1871 2.0339303016662598
1872 1.630996584892273
1873 1.6490204334259033
1874 1.6366897821426392
1875 1.6117206811904907
1876 1.565496802330017
1877 1.4869087934494019
1878 1.5973385572433472
1879 1.5876458883285522
1880 1.5629719495773315
1881 1.3368209600448608
1882 1.4940780401229858
1883 1.5622438192367554
1884 1.6201858520507813
1885 1.5609714984893799
1886 1.5805755853652954
1887 1.8058826923370361
1888 1.8664263486862183
1889 1.6088638305664063
1890 1.6882190704345703
1891 2.0419697761535645
1892 1.789668321609497
1893 1.7292323112487793
1894 1.7365407943725586
1895 1.5297633409500122
1896 1.3496416807174683
1897 1.4664441347122192
1898 1.7968475818634033
1899 1.7580986022949219
1900 1.9519389867782593
1901 1.6761727333068848
1902 1.5395069122314453
1903 1.6300002336502075
1904 1.9116934537887573
1905 1.8192291259765625
1906 1.8867331743240356
1907 1.6075119972229004
1908 1.5450831651687622
1909 1.846551537513733
1910 1.507641315460205
1911 1.4756557941436768
1912 1.3442665338516235
1913 1.616053819656372
1914 1.5630146265029907
1915 1.5915096998214722
1916 1.5117274522781372
1917 1.4983429908752441
1918 1.8551437854766846
1919 1.7833333015441895
1920 1.7932757139205933
1921 1.6918799877166748
1922 1.6060991287231445
1923 2.213111162185669
1924 1.8210070133209229
1925 1.454755425453186
1926 1.8906569480895996
1927 1.4574917554855347
1928 1.2389365434646606
1929 1.1448769569396973
1930 1.7085825204849243
1931 1.810151219367981
1932 1.959436297416687
1933 1.932614803314209
1934 1.8171583414077759
1935 1.788031816482544
1936 1.5870252847671509
1937 1.6073200702667236
1938 1.7082664966583252
1939 1.821292757987976
1940 1.5879020690917969
1941 1.7607107162475586
1942 1.6033809185028076
1943 1.7606549263000488
1944 1.3042832612991333
1945 1.5471583604812622
1946 1.1663380861282349
1947 1.6693400144577026
1948 2.2240798473358154
1949 1.9221296310424805
1950 2.0049080848693848
1951 1.8476755619049072
1952 1.6118048429489136
1953 1.662307858467102
1954 1.6093547344207764
1955 2.054845094680786
1956 1.499293565750122
1957 1.9195599555969238
1958 1.7775224447250366
1959 1.6500632762908936
1960 1.6795424222946167
1961 1.7045879364013672
1962 1.8319941759109497
1963 1.9411240816116333
1964 1.5434253215789795
1965 1.9399648904800415
1966 1.7725332975387573
1967 1.5879559516906738
1968 1.7421461343765259
1969 1.8318508863449097
1970 1.312243103981018
1971 1.6492810249328613
1972 1.732137680053711
1973 1.5121594667434692
1974 1.7558627128601074
1975 1.2872531414031982
1976 1.4679700136184692
1977 1.7035223245620728
1978 1.4868576526641846
1979 1.815625786781311
1980 1.6179908514022827
1981 1.6548815965652466
1982 1.7728564739227295
1983 1.9939666986465454
1984 1.5502341985702515
1985 1.879231333732605
1986 1.7137157917022705
1987 1.6621677875518799
1988 1.5549958944320679
1989 1.7560654878616333
1990 1.5045478343963623
1991 1.6508527994155884
1992 1.5710994005203247
1993 1.7504699230194092
1994 1.5876481533050537
1995 1.7379724979400635
1996 1.284972071647644
1997 1.7381885051727295
1998 1.6593846082687378
1999 1.4592475891113281
