0 10.687555709180003
1 10.341367997663061
2 11.972251279504695
3 11.533658504932493
4 11.586390947592704
5 10.848655848203048
6 11.563510928414708
7 11.570178178727181
8 11.46641530137157
9 12.292376414065375
10 12.18701878568236
11 11.303727919144103
12 11.933233144492501
13 11.648991321774462
14 12.717341390974484
15 13.258034253106194
16 12.951223147587624
17 13.1697693036296
18 12.269237982303649
19 11.579051891527993
20 11.476468252814326
21 11.680015155214742
22 11.602796477832918
23 12.1471105792455
24 11.561731843825623
25 11.298969868632716
26 10.651700545285623
27 9.948479148644175
28 10.306171687612977
29 11.447947948654857
30 11.696445288424021
31 12.160804642669872
32 12.108769154995944
33 11.436950669061968
34 12.294610680695953
35 12.48967854946865
36 12.784314723440557
37 11.81493885969327
38 13.064145179979795
39 12.242432413420197
40 12.726887641036827
41 12.35837544232468
42 11.449778291700895
43 11.34472473749116
44 11.155542215019643
45 11.512065711102919
46 10.659114675153301
47 11.149923498644863
48 9.992210129617078
49 10.876269950563929
50 11.573704468805456
51 10.988819705324513
52 11.908895227962502
53 11.824527483109517
54 12.594823796404777
55 12.18405745536069
56 11.724073059658005
57 11.752676648092992
58 12.004313152840586
59 11.974339825691914
60 11.716644351008341
61 11.913639561512301
62 11.880407189572752
63 11.929675722278457
64 11.49783646793764
65 11.459078350792188
66 10.441743841611924
67 11.14872086674852
68 10.868456722041087
69 11.122593850123812
70 11.734553544213814
71 11.793526649935153
72 10.965008523259897
73 11.744574537734998
74 12.263324783423595
75 12.334764966747942
76 12.337930052648302
77 12.247737157662138
78 11.93142824660737
79 12.553722171997405
80 13.12160346818164
81 13.161398624436025
82 12.476432474973109
83 12.715062933769934
84 11.3702128969302
85 11.906646213723326
86 11.625510499050483
87 11.589735760187024
88 11.775351594874131
89 12.179952235388313
90 12.779919228668403
91 12.094394561849272
92 12.757366147670211
93 12.137427870244139
94 12.038115910419089
95 11.639260649472272
96 12.497134556216075
97 12.071044038788987
98 11.582558061209193
99 11.74343405413275
100 11.697926559625504
101 12.216918272498914
102 11.78679128103314
103 12.144281830078047
104 11.397140870989395
105 11.879463982394421
106 11.672695303310118
107 12.013411253060669
108 10.605271682989923
109 12.075413873661939
110 11.218159535337113
111 10.41641231212913
112 9.69791982393505
113 10.322154798654438
114 11.088791453955315
115 10.89761156965119
116 10.563812767519158
117 10.305407517575555
118 10.824249225002603
119 11.642882021255195
120 11.939284019352698
121 11.850177494354567
122 11.450352364647285
123 12.639550056123669
124 11.927350714080445
125 12.065333228197533
126 12.740089329202531
127 13.227048013842403
128 13.577448985024539
129 13.406550016191034
130 13.004635980697405
131 13.19779248386426
132 12.230885638688902
133 12.444862747467228
134 11.832476557100426
135 12.35589573342687
136 13.222830189969587
137 13.810426765914624
138 12.621680613110883
139 12.99671596170316
140 12.049201905586747
141 12.531951133813472
142 12.572383997544675
143 13.067694679435895
144 13.348698075681263
145 13.305527446825122
146 13.07409973345981
147 13.997010683021657
148 14.196800236148997
149 13.655279045850145
150 13.544130827963919
151 13.377142824080298
152 13.296473257274007
153 13.239063197254538
154 12.583089095832058
155 13.129079365183507
156 11.799614162730759
157 11.620158322337726
158 11.349840407160055
159 10.971058492574567
160 10.604308332212414
161 9.885392629310978
162 11.206369351843763
163 11.59201899210058
164 11.97639242872434
165 11.361968709684849
166 11.408002064909343
167 11.716664292055512
168 11.471450222420078
169 11.01771473822583
170 11.578807810185891
171 12.149889470111273
172 11.849618031160231
173 11.555704745430921
174 11.877111829052163
175 11.56907470474736
176 11.186871010665143
177 11.693905890674277
178 11.74207810035723
179 12.14679710314922
180 11.669927367614559
181 12.096750413207168
182 11.52566694660158
183 11.338766857240875
184 11.065599845229414
185 11.339932263576001
186 11.445764279073536
187 12.325659218916755
188 11.45953706552324
189 11.755699034864234
190 11.818576032648064
191 11.199182718648064
192 11.550944788826909
193 11.662666698061166
194 11.195710509434294
195 10.77803616853902
196 11.32732531552103
197 10.538335298435399
198 11.242719893082167
199 10.906962156526388
200 10.917016410820974
201 10.737006347329224
202 10.819447451564448
203 10.527024546689807
204 11.530988420567418
205 11.62989829344559
206 10.805370697850098
207 11.7430843069491
208 11.170701563909608
209 10.992001638683416
210 11.29713487594798
211 10.643269862146713
212 10.81888259332083
213 10.954505784984399
214 11.109783255129049
215 10.607181074766336
216 11.271873114007072
217 10.701485037795159
218 10.49439039722919
219 10.317885631077651
220 10.05832493275594
221 10.861130575880134
222 10.784320617351884
223 10.609470941700417
224 10.81776495573573
225 10.127394079468905
226 10.953628599163741
227 11.072957125587624
228 10.659332028150631
229 10.845064699222895
230 10.630272274405954
231 10.427885888307658
232 10.205883112208909
233 11.305140689132896
234 10.771933677758621
235 10.839338741904593
236 10.229201247606106
237 10.034016522374475
238 10.185003316156267
239 10.899924926255746
240 10.427092211686903
241 10.406066827238057
242 10.722047723534805
243 10.494215347437185
244 9.907813229811035
245 10.146459730509319
246 10.341186604889778
247 10.509051556342426
248 11.03453191443726
249 10.626712334139983
250 10.285187940547377
251 10.311433022580978
252 10.55210790961025
253 10.503317916950355
254 10.534850561863937
255 9.837238848729312
256 10.452095648834314
257 10.238745767889572
258 10.354534922086197
259 10.80986895166253
260 10.757308276913147
261 10.172341800814728
262 10.286200289990052
263 10.071634367176229
264 10.159745099558604
265 10.84790472200306
266 11.241818938226396
267 10.81714734622259
268 10.968403081743984
269 10.811757686401945
270 12.252481838718646
271 12.236043839520745
272 11.9569716239674
273 12.0203874500205
274 11.258224516076186
275 11.4654895254093
276 11.261096478216741
277 11.110134879483818
278 11.70077469322026
279 11.282143601925423
280 11.853880394723744
281 12.35289476895117
282 12.014016779503278
283 11.39043178949061
284 11.013458533994067
285 11.87460376882703
286 11.207325756748052
287 10.99848307359665
288 10.526043615089543
289 10.816253043180021
290 9.866845730806952
291 9.348565777583097
292 9.472943276876563
293 8.605895595644052
294 9.05576931249253
295 10.08281181454165
296 9.420082181171667
297 9.513608730756626
298 8.49940778037461
299 8.657251319127704
300 8.347387932689127
301 8.675483427316447
302 8.66112710402873
303 8.448307494463096
304 8.816339968676093
305 9.013413934172284
306 9.316375320858532
307 9.9816059212364
308 9.49587637396894
309 9.810192076592825
310 10.039226990764613
311 10.191530400713654
312 11.720406393556319
313 10.401933947471216
314 11.650671702776316
315 10.96046135057083
316 10.9205247673792
317 11.003132922755487
318 11.52066959498647
319 10.92564082110518
320 12.160606926285137
321 11.475868953025703
322 10.874595595539905
323 10.603246726833783
324 11.214840501826632
325 10.006903985337958
326 9.601011997383072
327 10.253967783400135
328 11.348874770769566
329 11.274592246717626
330 11.419150279034122
331 11.804155746611011
332 12.911626100560094
333 12.763733666678169
334 12.244541890199649
335 11.72790827884112
336 11.577488206928292
337 11.261571197286317
338 10.561198616077194
339 10.678343204915567
340 9.716186748752694
341 9.900208498912654
342 9.929184422901836
343 10.015559928530436
344 9.906927370588383
345 10.207260851842351
346 10.698566098894787
347 10.28370448520933
348 10.543234529515052
349 11.134698269372047
350 11.473141567468726
351 11.15124827324834
352 12.560380232855655
353 11.43856465709081
354 10.748164124678212
355 11.84643551767321
356 12.364887783783098
357 11.909631016148273
358 10.780904695640677
359 10.866434437754073
360 11.856937781904117
361 11.323818897123548
362 10.424974464620949
363 10.563119921259007
364 11.04961727091588
365 10.341110580842418
366 11.25010347614523
367 11.653068500227262
368 11.069981750969204
369 11.332583453443348
370 11.255622820756539
371 10.01324040427768
372 10.457097455713312
373 10.609586722278987
374 10.525337454460661
375 10.550397833432825
376 10.050049767832805
377 10.202343807076167
378 10.182655853171445
379 9.152404948799402
380 10.2408874839917
381 10.505890803178795
382 10.912518307944309
383 10.577124917247902
384 10.719714743898274
385 10.452552018212925
386 10.007053437507613
387 10.561805767811583
388 10.989696577852074
389 10.803290710809657
390 10.592706155225134
391 10.917804469223466
392 10.485345816833046
393 10.31914441973287
394 11.140864931002719
395 10.572836307496038
396 9.595527011523702
397 9.567310564439369
398 10.833965607064444
399 9.988773501211707
400 9.748057497974528
401 10.358842149376539
402 10.685006538352354
403 10.776886331713335
404 10.222353855856094
405 10.598151743507994
406 11.13232405822502
407 11.137752005649823
408 10.771810256843356
409 10.33148752705291
410 10.296057374001549
411 11.005395511797978
412 10.019234282232663
413 10.583571468492257
414 10.418063586712881
415 10.472725293205052
416 10.942914831135782
417 11.198136578314143
418 10.34740432004135
419 10.877312859018565
420 10.357078735874685
421 10.73272775678866
422 10.49819939527889
423 11.203211264497627
424 11.282911668321448
425 10.302310138786943
426 10.194145498473626
427 9.864255151912577
428 10.445337738347012
429 10.35743737839313
430 9.897589610153839
431 9.7986163180841
432 10.116629729578136
433 9.614646518104518
434 10.248655340973176
435 10.012710338888759
436 9.718319898875587
437 10.591661986137742
438 9.967340150799131
439 9.97547439481358
440 9.673209397292252
441 9.70471723958493
442 10.252377584583503
443 10.321139856846703
444 9.685967226229081
445 10.388559702647088
446 10.570420880019674
447 10.064431315434614
448 9.564272419763869
449 9.550536228880102
450 10.048410293351505
451 10.198365880000544
452 10.577527077787956
453 10.3179316304744
454 11.14677669219815
455 11.025998470804973
456 10.565996347264187
457 10.658526413753235
458 10.67378466812264
459 9.971496976655123
460 10.09903582821303
461 9.684361214260477
462 9.481473827396314
463 10.762648701427256
464 10.157294518163905
465 9.793767875955607
466 9.514129147180537
467 9.772917385923721
468 9.699135907366534
469 11.21623520414385
470 10.83103643595351
471 11.272937167922498
472 11.309110596515318
473 11.326098020567729
474 11.34869797931833
475 11.801412913351564
476 11.594261385826494
477 11.343992657437871
478 11.43714502411132
479 11.107978977860173
480 10.105844088952917
481 11.533988443640792
482 11.03290171252901
483 11.332099448755956
484 10.82362402979029
485 10.52939615027439
486 10.583078433134398
487 9.726440110253016
488 10.075498866798526
489 10.293041646086634
490 9.724252656153153
491 9.549536231939971
492 10.397130994599182
493 10.337311008800922
494 10.473587733827511
495 10.85634944787345
496 10.64620896022303
497 9.988742491893849
498 10.586253093277746
499 10.328845152873443
500 10.170482243063933
501 10.912609122095454
502 10.923688618221425
503 9.446302238867107
504 9.948287452925172
505 10.21762505791495
506 10.175750742813205
507 10.572959316390792
508 9.311744510485157
509 10.132925517841329
510 10.11506559209708
511 9.37064049656343
512 10.078319111777509
513 9.300458944249918
514 9.879669431526821
515 10.156547202257423
516 9.256640277692386
517 9.099012399877468
518 9.313862531884347
519 9.166171749864219
520 9.68694435496496
521 9.163698496085937
522 9.798714449404862
523 9.95099828696578
524 10.348464209607727
525 9.95735010020666
526 9.421109102696631
527 9.472092960193136
528 9.781091504427929
529 9.519923222744522
530 9.440480648578891
531 9.024367516370686
532 9.96293410713209
533 9.490249319217934
534 10.332033396880142
535 9.389687639164869
536 9.970914505539168
537 9.99193029241515
538 10.433919121484763
539 10.639995040490467
540 10.469837940491423
541 10.194747686167977
542 10.209843126744087
543 10.18486741594038
544 10.680199992557078
545 9.993869357275432
546 10.304187723064604
547 10.014236073464929
548 10.62743390348197
549 10.515690608386228
550 10.049178609377817
551 10.437503193817365
552 9.49000963138236
553 10.14130250164474
554 9.75939081953573
555 9.302149669018052
556 10.04083134040993
557 9.802351206781095
558 9.195375665737968
559 10.901696395170637
560 10.267513505419826
561 10.317634607443603
562 10.370825578515792
563 9.488905301178747
564 9.233480627269484
565 9.39124650631184
566 9.568449004465982
567 9.725875009668293
568 9.407309043612234
569 10.105541686605827
570 10.344961062467831
571 9.477540869742823
572 10.13947541669454
573 10.68210170955959
574 10.308448141693617
575 10.387377758061543
576 10.85841779700265
577 10.087180995559793
578 9.594989047050655
579 10.136035077653617
580 10.12343431201909
581 10.704000101071266
582 9.409669508015526
583 9.499410747016642
584 9.66395100162019
585 10.590898221689542
586 11.136749859152872
587 10.412397963649264
588 10.650251900700859
589 10.13973505151918
590 9.815063088796652
591 9.656378735132062
592 10.503384510458034
593 10.207563612798012
594 10.289045552698912
595 10.172342617307358
596 9.928812746577316
597 10.094170325022688
598 10.280555254107348
599 10.190737200375114
600 10.022796234912656
601 9.705245016715878
602 9.208422706830254
603 9.18746908508216
604 9.084257264650784
605 9.227349903668495
606 9.347489849694727
607 8.50522954601574
608 8.243174030640672
609 8.030513329164727
610 8.81759318036777
611 8.271315276515882
612 9.34491539267691
613 9.359060774041202
614 9.533795608404674
615 9.517530716409198
616 9.347724085443167
617 10.460139442545278
618 9.688453492530986
619 10.064496402595045
620 9.50227749589364
621 9.966271914415767
622 10.297806828872195
623 10.310822813667837
624 9.789869548520844
625 9.404124665787469
626 8.7012463007654
627 10.125782690633066
628 9.60363328298739
629 9.199028970266037
630 9.393652792489743
631 9.727504205393728
632 10.525617303615602
633 10.0036155491563
634 10.723257603778752
635 10.894525558023123
636 10.922977651313362
637 11.50409623879507
638 10.615960583797431
639 11.766868392343953
640 11.072497048934155
641 11.833116984731868
642 11.524462211913578
643 10.308558856482156
644 10.307385246611153
645 9.898046444125113
646 9.339927052820682
647 9.984513313210233
648 9.204476212407315
649 10.140644408748548
650 10.057238235953287
651 10.327705174575678
652 11.076246392081625
653 10.243444626744314
654 10.534263594829527
655 10.384695549244393
656 10.447808593964801
657 10.468567057607304
658 11.06109301237998
659 10.022135739458747
660 10.22705148938948
661 10.136108462799795
662 9.538999004072796
663 10.262519101743957
664 10.411144004454611
665 10.180290777965844
666 8.96978461300217
667 9.604947941899587
668 10.17730097226031
669 10.88411180399887
670 10.434711623779183
671 10.662094576663913
672 10.528215173518527
673 11.072573638382002
674 10.398848138674602
675 10.96044365000093
676 10.712330803047058
677 10.21353253782606
678 10.225827567528443
679 10.447744343853124
680 10.711736306260565
681 10.901508412860457
682 11.026899623943924
683 10.631966770184626
684 11.062529457026812
685 10.236299313174891
686 10.664782016975824
687 10.848199246835884
688 10.680844841694105
689 10.69780005455473
690 11.33009171662494
691 10.685776822984952
692 10.414627829857142
693 11.032893424103474
694 10.37781710705101
695 10.883425551263818
696 9.978415465029373
697 10.013020132801433
698 10.928623676901042
699 11.197152087742934
700 11.235197432346627
701 11.595553432228286
702 11.593799998959938
703 11.362294419897347
704 11.68287251675062
705 11.435933924631165
706 10.842842581662502
707 11.842926311299944
708 11.373522916329533
709 11.194657995536762
710 11.429129675983212
711 11.646672690655572
712 11.501577714122538
713 11.660775457204846
714 10.797724643008653
715 11.651516013038236
716 11.677892841188076
717 11.768877449664632
718 11.717007947995617
719 11.970620977864778
720 11.695698418000429
721 11.804206658014051
722 11.727535889503722
723 11.362223790480003
724 10.767790685589286
725 12.2587811084904
726 11.555635817462857
727 11.549721366021982
728 11.459894676174576
729 11.896473991126351
730 12.38062722154021
731 11.85966809862144
732 12.356840855445542
733 11.870921468305239
734 11.585805839595363
735 11.140928163134745
736 11.734536704206908
737 11.901629035518237
738 11.145922897456852
739 11.740739857780119
740 11.297700664205017
741 11.23591001133912
742 11.441340149050314
743 12.254882912986844
744 11.284612740854884
745 11.703719108478658
746 11.032120620633714
747 10.9248713071319
748 10.722735365541038
749 10.845764729702676
750 10.867088381770959
751 11.013165956156717
752 11.241022833394434
753 11.446742587402957
754 10.033718228918689
755 9.90774530290116
756 9.998440593514315
757 10.077142498565157
758 9.731264397813861
759 10.232930669156032
760 10.108992408890098
761 10.379129555494723
762 10.514882949984626
763 9.956840726094116
764 10.522379588652925
765 10.21144375950703
766 10.045797664350571
767 10.028514696685297
768 10.180236931943663
769 9.837589267855217
770 10.28746878265589
771 10.763620083030467
772 10.286110968642479
773 10.2917638498291
774 10.649235780774518
775 10.34834224757755
776 10.134463267283492
777 10.134349949958507
778 10.344073850629758
779 10.042026776356597
780 10.11669770676188
781 9.953400738831553
782 10.124772091034089
783 10.032860204993929
784 9.840962281706016
785 10.029960288325674
786 10.295739975682341
787 9.687742917713518
788 10.325489441341258
789 10.225846358620212
790 10.54374712388809
791 9.922310190389519
792 10.35288502408554
793 10.329427660390495
794 9.814133670587651
795 9.761647393480025
796 10.179661731331993
797 9.885945454491123
798 9.967150022812026
799 10.31827181614975
800 9.771069343901555
801 10.234011601497414
802 9.90329359282284
803 9.848218697407953
804 10.060604569251915
805 10.114463021120834
806 10.421295210510264
807 10.54350006808699
808 10.25873380089007
809 10.51841680171036
810 10.174425172701278
811 10.092270684508627
812 9.897821683993497
813 10.809749227794226
814 10.01623344807578
815 10.166106420818563
816 10.387991028213449
817 10.08397871059546
818 10.711287930805899
819 11.25643846358754
820 10.422353903046094
821 10.02302842661078
822 10.309897503265523
823 10.056605801428876
824 10.08967458916555
825 10.056892772476852
826 10.377822234411074
827 10.437279669687221
828 10.549756171237918
829 9.818345606103634
830 10.340373808603788
831 10.56565505433367
832 11.058844162527308
833 10.704365796751473
834 10.440902413270466
835 10.5240227067365
836 10.655833011048985
837 10.99030094477712
838 10.293455747122245
839 10.443765320347156
840 10.282896184572998
841 10.238520424134874
842 10.134453123766406
843 9.73016825638652
844 9.841168884342272
845 9.597547555208038
846 9.478482665481593
847 9.799093041140981
848 10.048383335587904
849 9.924204826005475
850 10.124536720845473
851 9.888648525625468
852 9.529925243008579
853 9.153460727390923
854 9.379369173861177
855 9.501523231424173
856 9.872160018952089
857 9.898874355840537
858 9.506960593987184
859 9.306589322808358
860 9.95872451934814
861 9.98904741380934
862 9.783839436492478
863 9.703405284575897
864 9.282575218200021
865 9.568460829629808
866 9.89366988691088
867 10.08499487198999
868 9.717500668849738
869 9.787140587684029
870 9.920327699124547
871 9.42248691239086
872 9.327867731754235
873 8.974332687827978
874 9.37829514718548
875 9.618826504799298
876 9.243688342712796
877 9.583637497444542
878 9.164576620185098
879 9.549284236399211
880 9.492777426592642
881 9.252556502990824
882 9.854799311415263
883 9.518684541235269
884 9.389241968813517
885 8.929422828276898
886 9.179197289219942
887 9.106843294907687
888 9.253476907883819
889 9.427339329273389
890 9.449819352327262
891 9.458555160955127
892 9.157824971575996
893 9.78170380544454
894 9.035445229461516
895 9.903127691134138
896 9.817231581977623
897 9.445456997184351
898 8.95037456205016
899 9.58385709647164
900 9.769803330812813
901 9.654659223033185
902 10.098416819029035
903 9.267197657698174
904 9.847828374601642
905 9.370548409354994
906 9.459521105904946
907 9.699482351143047
908 9.157983519299043
909 9.534307404051448
910 9.414272594650539
911 9.118026346350597
912 9.333205487509892
913 9.096607859781825
914 9.461298098623352
915 10.197460751325492
916 9.294395780470264
917 9.43048556050636
918 9.330980370609204
919 9.316519509271718
920 9.038677279812145
921 9.623695775831735
922 8.925458207557533
923 9.926569016542569
924 9.05923119902426
925 9.375201515562296
926 9.480060412408726
927 9.988622258180328
928 8.974495616727891
929 9.473521885997233
930 9.171969433833791
931 9.250949672808163
932 9.718251557406784
933 9.26406618583871
934 9.105141112618405
935 9.47882716650139
936 9.184930669013616
937 9.48704571155417
938 9.397087836282694
939 9.057154112381646
940 8.961322039415014
941 9.729575460721913
942 8.92497426978486
943 8.984811114157885
944 9.311026307074956
945 9.112182039988257
946 8.790798498294784
947 9.135492371470987
948 9.14133222028246
949 8.909677217857768
950 8.570758195645661
951 9.154005214266224
952 8.976322348388422
953 8.519312127495503
954 8.977335228884446
955 8.666086656653416
956 8.333230523649224
957 8.446449442242773
958 8.569331390530554
959 8.852239014513902
960 8.72879742221189
961 8.72156909959453
962 9.50518082633166
963 8.685157244978686
964 8.873507729641085
965 9.068521358924796
966 9.17990656368937
967 9.402811686632186
968 9.418557878310406
969 9.134200041145407
970 8.98421696439897
971 9.463895609846992
972 8.718039778827878
973 9.28625785678801
974 9.034733079234929
975 8.960926744169294
976 8.991062910374216
977 9.412222810076036
978 8.769378146175983
979 9.019681369040894
980 8.940478476450552
981 8.820052240304358
982 8.912064984106987
983 8.605294631594404
984 9.22424718476927
985 9.171056056321616
986 8.647255051961565
987 8.732311122436471
988 8.602620578949283
989 8.827770424231238
990 8.932700502381957
991 8.833506310413496
992 8.384408690115492
993 8.551113911625082
994 8.605590326044197
995 8.328625983213362
996 8.006131846923813
997 8.4278187782756
998 8.83852548988265
999 7.9568015438034285
1000 8.684809846673899
1001 8.671899661649508
1002 8.704284271569678
1003 8.61383192046916
1004 8.759051350400613
1005 8.580675461689331
1006 8.847879179421788
1007 8.765827843410854
1008 9.05693364226148
1009 8.365041790178934
1010 8.573002440777703
1011 8.86886017037336
1012 8.60053592337352
1013 8.58348275204914
1014 8.322256175225546
1015 8.738820134133908
1016 9.002127071717451
1017 8.687587768637751
1018 8.39251064803118
1019 9.440523747886797
1020 9.20520173717843
1021 9.481551695827218
1022 9.233830482948953
1023 8.671570346688608
1024 9.201436691270242
1025 8.826410581471357
1026 8.936605723307544
1027 9.141687411783504
1028 10.095668581512408
1029 8.84606286666851
1030 9.04039643244356
1031 8.606502793333943
1032 8.593183644641803
1033 8.572447134855752
1034 8.567386321447051
1035 8.556006174365399
1036 8.762087181654318
1037 9.028589557168466
1038 8.784355082848077
1039 9.205575472862211
1040 9.180000096933131
1041 8.903775683474056
1042 9.231984103879222
1043 8.858128168984067
1044 8.938549279821654
1045 9.229893931461245
1046 8.968441006236114
1047 8.717911556815308
1048 9.598571092716664
1049 9.003731190807466
1050 8.912501853565217
1051 9.627162253184547
1052 8.574154039549477
1053 8.954065166082732
1054 9.264332613765198
1055 9.282796009449589
1056 9.426851309951198
1057 9.473739919223657
1058 9.621790051626016
1059 9.042451759888362
1060 10.195289129522653
1061 10.25110984748639
1062 10.099248183939123
1063 9.799881892507537
1064 9.088533799243267
1065 9.03564797853895
1066 9.129253418993455
1067 9.03738417108061
1068 8.669750167976671
1069 9.144073496458011
1070 9.175671188079173
1071 9.172283619114747
1072 9.573032477697836
1073 9.56136433294676
1074 9.577484345005134
1075 9.45079844006256
1076 9.976318412025728
1077 9.829862367189447
1078 10.906746304640855
1079 10.367907069713633
1080 11.146941410613735
1081 10.909918186338578
1082 10.523948668062783
1083 9.965011772599071
1084 9.352748225846234
1085 9.679981523706491
1086 9.067811147693828
1087 10.546732158568858
1088 10.617322176544867
1089 10.039539488094302
1090 9.10353214928562
1091 11.050483440138029
1092 9.997514725943038
1093 10.82417841869241
1094 10.866408415752808
1095 11.910990819575439
1096 11.978771444236834
1097 10.920413025638574
1098 11.298731231557799
1099 10.993299830466515
1100 11.933019300457925
1101 11.46371196751752
1102 11.796988983528077
1103 10.987218248029555
1104 11.779504088510059
1105 11.705422116297324
1106 11.218429583404312
1107 11.257882375619527
1108 11.273356039537962
1109 11.600833936090703
1110 10.837383759962327
1111 11.495258549974366
1112 10.714568653002791
1113 10.246425673638448
1114 10.900196676308342
1115 9.817457447845822
1116 10.607282006461515
1117 9.69139685055654
1118 10.271524521949733
1119 10.514408712334001
1120 9.999793843826792
1121 9.84981808641908
1122 10.908327680391606
1123 10.75865236568802
1124 10.639786224624705
1125 10.730446717116765
1126 10.291435397457876
1127 10.325960878661904
1128 10.808292954429328
1129 10.019261262795862
1130 10.223123965302491
1131 10.381276614771636
1132 9.844732687793247
1133 10.485446334227431
1134 10.88836134495972
1135 9.897505779902346
1136 9.985347840083769
1137 10.662073088665556
1138 10.188343806250058
1139 10.32411115074224
1140 12.352354311187172
1141 11.897587764867415
1142 11.736396584379403
1143 12.094129099813408
1144 11.059354414712908
1145 11.373667576135135
1146 12.225205039619107
1147 11.651888348750878
1148 11.762515399627267
1149 11.720630321501082
1150 11.554646026388774
1151 11.719779915250864
1152 12.196926559652809
1153 11.573057261855997
1154 11.674901019256772
1155 12.039762367301835
1156 12.069215283323533
1157 12.227867436364596
1158 11.992322392282698
1159 12.526267539634445
1160 11.354132983458413
1161 12.134137805827745
1162 11.835165232825107
1163 11.952297597163698
1164 11.789289799259823
1165 12.065073044513854
1166 11.910287058437357
1167 11.617572351382558
1168 10.78614476396329
1169 11.156338179857974
1170 11.815982613385497
1171 11.876515935548863
1172 11.603744629505305
1173 11.847725336820153
1174 11.97931333268959
1175 11.455450433572816
1176 12.197896838019254
1177 12.363655871621264
1178 12.961528163535414
1179 12.667528516316306
1180 12.796904639026938
1181 13.211634025769849
1182 12.362429530905882
1183 12.334517107336385
1184 12.58163682938678
1185 12.031408810853693
1186 11.178481753619048
1187 10.25493489323582
1188 11.354124643190763
1189 11.237819099612194
1190 10.546530440387423
1191 11.198812646590884
1192 11.026733524084012
1193 11.561599986049568
1194 11.261044028198278
1195 12.22722396634709
1196 11.537022150297735
1197 11.424369753418336
1198 11.083275079247585
1199 10.913767280484471
1200 12.297590723937251
1201 10.640761519016099
1202 12.052245787125853
1203 11.332809036576501
1204 11.269865626869239
1205 11.238422505399631
1206 10.987582957314736
1207 10.894543838782116
1208 11.588346958115128
1209 11.90861428060902
1210 11.525598926947511
1211 11.50421806951995
1212 11.68612853501347
1213 11.542357436593736
1214 11.556611625340604
1215 11.90235134185397
1216 12.897171179226937
1217 11.27112666582791
1218 12.219645736531819
1219 11.703980438727008
1220 11.209842717735198
1221 11.635916292612704
1222 11.540002093382638
1223 11.037412220262118
1224 11.35992453208562
1225 11.028210403781307
1226 11.3335710474694
1227 10.417638330776978
1228 10.35735671110729
1229 11.5133454826649
1230 10.841444411641142
1231 11.305537556874814
1232 11.215624598437675
1233 10.986067216207466
1234 11.089473744505225
1235 11.061746075541292
1236 11.14205577121112
1237 12.236168963862328
1238 11.469278529466115
1239 11.005557525361247
1240 11.62191240771
1241 11.633179810600655
1242 11.51409983291443
1243 11.849314796195257
1244 11.811102617703186
1245 10.921395997418282
1246 11.951174180794114
1247 11.487927424104303
1248 11.801124172634102
1249 12.238269888558737
1250 11.285001172088041
1251 10.332122332089124
1252 11.508104332783665
1253 12.02689330826073
1254 11.820753912706872
1255 11.276409861736932
1256 11.218509241463899
1257 11.425119305929009
1258 12.097345761936838
1259 11.340936083608224
1260 11.686923056875242
1261 11.609206420952635
1262 11.400577488142206
1263 11.19785518175849
1264 11.255639869271254
1265 11.475431126836206
1266 11.221889052373252
1267 11.460984388411077
1268 11.329646260141883
1269 11.746695631317365
1270 11.42831259489099
1271 11.061995576919438
1272 11.756163781592743
1273 10.95299019193368
1274 11.243434184772148
1275 11.556901755839304
1276 11.501841274110593
1277 12.072647659827647
1278 11.4773454661705
1279 11.69315699302741
1280 11.594899453218297
1281 12.042430153722782
1282 11.684284931512808
1283 11.295092626144815
1284 11.78763237315581
1285 11.997719081295445
1286 11.67141990544757
1287 12.218384115100747
1288 12.354133134634047
1289 11.74361805440489
1290 11.867425613245569
1291 12.351279933252297
1292 11.932122160729644
1293 12.15219947948206
1294 12.097682240016177
1295 12.327304378012679
1296 12.851284256301591
1297 12.976633963432615
1298 12.313965861698128
1299 12.162013510017182
1300 12.369866521857944
1301 12.781785628823597
1302 12.539871305845796
1303 12.185412344811384
1304 12.417876262454332
1305 12.29369068842445
1306 12.441203774258835
1307 12.754759378826247
1308 13.486513962255472
1309 12.2767932662151
1310 12.988579283936412
1311 12.483144441600581
1312 13.108415249445066
1313 12.830098368212035
1314 12.776396663761322
1315 12.883298803786479
1316 13.051357532910716
1317 12.662321325047568
1318 12.296817017602104
1319 12.897600834452764
1320 12.282461926668931
1321 12.00625970842808
1322 12.508020688210667
1323 12.363201264866424
1324 13.169378418094372
1325 11.819265812781971
1326 12.450148102145945
1327 12.14485588585757
1328 11.928413091300431
1329 12.362275404180343
1330 12.140139352903368
1331 11.667554314190923
1332 12.310004543097925
1333 12.210021885892406
1334 12.895693646468922
1335 12.790689859956831
1336 12.921562919189451
1337 11.848385906112592
1338 12.181666258251635
1339 12.715105399989072
1340 12.404721319465702
1341 13.106025115705389
1342 12.512552225996073
1343 12.535055898108228
1344 12.047401464051598
1345 12.384340799034309
1346 12.39250850675238
1347 11.849910320367542
1348 12.286575792746449
1349 12.409424770262186
1350 12.631326507759042
1351 12.783202036228593
1352 12.460815138230458
1353 12.206894082753974
1354 12.542836393656184
1355 12.657879607473978
1356 12.151069613967959
1357 12.32847055961398
1358 12.880351618222482
1359 12.705169090401963
1360 12.764099785955066
1361 12.713250026044227
1362 12.750030838352433
1363 12.76722058214894
1364 12.813505153491473
1365 12.778248876559093
1366 12.373895821676875
1367 13.272197326521358
1368 12.659020359107418
1369 12.997816428058988
1370 12.655417025769392
1371 13.072049342658088
1372 12.582871645624188
1373 12.822854718273076
1374 13.304907134511083
1375 12.586846347450997
1376 12.1933799092858
1377 12.642994878450306
1378 12.905433796997384
1379 12.765812312828203
1380 12.374195697561493
1381 12.535207717658336
1382 12.449577665706258
1383 12.71834061576404
1384 12.849936269584639
1385 12.666673373028617
1386 13.026342891424461
1387 13.00667894422884
1388 12.653954291107805
1389 12.311799561998345
1390 12.271809190197036
1391 12.290395983343585
1392 12.756730971029233
1393 12.530570894587969
1394 12.512721697767084
1395 12.130202681000593
1396 13.08050136208476
1397 12.719467883727402
1398 12.292364245991768
1399 12.315554303122042
1400 12.50601249537497
1401 12.590867456160856
1402 12.739034293596317
1403 13.033436467124247
1404 12.670551269812615
1405 12.16481071981982
1406 12.420508737252323
1407 12.799016891475631
1408 12.384161347975011
1409 13.045146422197426
1410 13.016151418517415
1411 12.893295975531789
1412 13.05650408627373
1413 13.114602283945045
1414 12.517614677174892
1415 13.170378528563319
1416 12.482384135533321
1417 12.590762833554495
1418 12.828963247077835
1419 12.752554728373516
1420 12.66043037124514
1421 12.873591276401537
1422 12.548061826391349
1423 12.652187684788085
1424 13.004016134938395
1425 13.511597022657492
1426 12.786972395268876
1427 13.622320667773414
1428 12.900228512341508
1429 12.500324094336912
1430 12.705194744398169
1431 13.400685184386296
1432 12.584640317833689
1433 12.855519384995361
1434 13.182338341105627
1435 13.359854159871988
1436 13.247752728566818
1437 13.442682409110082
1438 12.627949559855777
1439 12.952853676285164
1440 12.84778283322672
1441 12.340290116083127
1442 13.553391983573507
1443 13.393832440420544
1444 13.475419562335304
1445 13.562470814133192
1446 12.877424610899007
1447 12.76058828783337
1448 13.238582101062805
1449 14.031725178124205
1450 13.679898259527112
1451 13.379313821495588
1452 12.853308725974106
1453 13.798408885510593
1454 13.120476217998341
1455 13.027536294886218
1456 13.291547459390442
1457 12.79223764320777
1458 13.15086459979407
1459 13.95726646650004
1460 14.118156962540382
1461 14.06204812357864
1462 13.958528108425902
1463 13.76754922309356
1464 14.206758711964179
1465 13.588228758577293
1466 14.576908745653387
1467 14.252368887239555
1468 13.916683543241932
1469 13.619665848687823
1470 13.73945490204125
1471 13.795229528510731
1472 14.322340399318971
1473 14.616743289627
1474 13.628386939535236
1475 13.437461128993927
1476 14.027631109389802
1477 14.627998217210195
1478 14.745634447035483
1479 15.912413426867156
1480 15.347143807664247
1481 15.074297522337076
1482 14.340309440299299
1483 14.537502501690637
1484 15.476556237344361
1485 14.63948703772019
1486 14.78060443755517
1487 14.985020392936839
1488 14.917614713357299
1489 14.705521848637552
1490 15.583663784032996
1491 15.41721009744073
1492 15.661135966714554
1493 15.499385225106632
1494 15.152621857794573
1495 14.474252542513694
1496 14.877526157460458
1497 14.714056715794788
1498 15.726848760789425
1499 15.256194535931485
1500 15.158952324683654
1501 14.594288376801702
1502 14.29752692203394
1503 15.137742179706992
1504 14.702891534834935
1505 15.139533152810753
1506 15.048928833061597
1507 14.876181167707596
1508 15.224468467710372
1509 15.284092341189588
1510 15.156838689620885
1511 14.322902700552909
1512 13.922381490726604
1513 14.239359253514683
1514 15.077997535868032
1515 15.22478512095289
1516 15.390281897992447
1517 15.352063704360136
1518 14.546483619225848
1519 15.002706204391396
1520 15.200452471619732
1521 15.48549106741346
1522 15.303270827258535
1523 16.072048987342708
1524 15.997052858255438
1525 16.015220928101044
1526 16.202397661359306
1527 16.146201526600365
1528 16.551548745300437
1529 16.42775209368806
1530 15.928652841358073
1531 16.126791965798382
1532 16.061991690018267
1533 16.82638074006449
1534 16.18493549579843
1535 16.651056955007952
1536 15.832164705253525
1537 15.884838188050065
1538 15.76185696579277
1539 15.85988214741903
1540 16.660847214592287
1541 15.497597544219339
1542 15.621767740508854
1543 15.756026660402995
1544 15.741025901899796
1545 16.016593426095863
1546 15.388096845786906
1547 15.356101543656381
1548 15.188926101163204
1549 15.278476698001638
1550 15.68646178768712
1551 15.716721518740767
1552 16.0802246350906
1553 16.893005907781426
1554 16.542135918381863
1555 16.937762828505203
1556 17.669575106912106
1557 16.087772972685876
1558 16.161236885150384
1559 16.713118355461315
1560 16.41997479552199
1561 16.409584390934747
1562 15.670570073358743
1563 16.227207576443398
1564 16.24050125861471
1565 15.248321103325818
1566 15.959075924083017
1567 15.516025831982878
1568 16.13445075825393
1569 16.008753714327355
1570 16.064195690145613
1571 15.892413016315714
1572 16.340302762317837
1573 16.49193959511317
1574 16.04640785811287
1575 16.41904679635096
1576 16.193507761590713
1577 16.702893869798814
1578 17.282463613718992
1579 17.214147377764927
1580 17.686417696216164
1581 17.172309283894634
1582 17.22781760113355
1583 17.813199235399036
1584 17.42692847365476
1585 17.60148512109469
1586 18.129830139542367
1587 17.68529081930559
1588 18.42251002298595
1589 18.240741036569304
1590 18.742240635024473
1591 18.064654291672625
1592 17.11261243036911
1593 16.933706671803535
1594 17.774872317539128
1595 17.870329685443696
1596 16.801710472841712
1597 17.312654408509047
1598 17.141528491250853
1599 17.571257443392604
1600 17.33293237413395
1601 17.544399477697624
1602 16.852602066271785
1603 17.149198723569924
1604 16.75402163370223
1605 17.029033856168034
1606 17.4951697748094
1607 17.50255178068466
1608 17.03983157646954
1609 18.6621776557001
1610 18.521769442037986
1611 18.41177900837748
1612 18.117381735493197
1613 17.59146994810624
1614 17.58304398217847
1615 17.2761362352313
1616 17.283959318041184
1617 17.125856740436223
1618 17.125290652948603
1619 17.182582000115566
1620 17.720236778111023
1621 18.142567988687446
1622 18.389523792643327
1623 18.271350363375483
1624 17.829486410029027
1625 18.805014190604506
1626 18.925904545785123
1627 17.976861581270548
1628 18.629773555077673
1629 18.510547081251346
1630 17.78496691489949
1631 17.71913621718152
1632 18.4284320150289
1633 18.02578541335112
1634 18.417711247875644
1635 17.786143574257522
1636 17.473498723760596
1637 17.545068922757373
1638 18.380180181024656
1639 18.979658415268567
1640 18.125333843888786
1641 18.432081844129286
1642 18.958321697447936
1643 17.925769631716562
1644 17.656741972899948
1645 18.292821468204682
1646 17.93175964777405
1647 18.433705493781776
1648 18.690740352975705
1649 18.323639442373008
1650 18.196310325622385
1651 17.811158348571862
1652 18.109535249867935
1653 17.65623676335323
1654 18.12174786647588
1655 17.249575223311314
1656 17.636315181662116
1657 17.686385231762117
1658 18.267296670176282
1659 18.228811925750144
1660 17.791239392356
1661 17.756136081276097
1662 19.639973217327533
1663 20.11761120170416
1664 18.924954199688667
1665 20.039307647822465
1666 20.147462928464606
1667 18.296678599987978
1668 19.34912712289375
1669 19.001160080649516
1670 20.93777217149969
1671 19.35993117131092
1672 21.2776984127696
1673 21.874440256059007
1674 21.468303515439885
1675 20.225613053413205
1676 21.40464785896512
1677 20.80817995567151
1678 20.592493063878056
1679 21.318313557633193
1680 19.90396931828357
1681 19.611493371796527
1682 20.929209855627693
1683 19.810736493109577
1684 20.299977065184354
1685 21.49210072854065
1686 20.93520968987978
1687 20.443897935858622
1688 20.985512465168146
1689 20.77041933227867
1690 21.20818722275686
1691 20.49497734663066
1692 21.70920722857269
1693 21.552050445853865
1694 20.70427869524225
1695 20.513981442277053
1696 21.575038974817648
1697 20.66160217761402
1698 20.62365653753696
1699 20.505522860415034
1700 20.475139651308282
1701 20.421053148267855
1702 19.714963340163138
1703 20.38197800840566
1704 22.61623920821268
1705 22.404214542082183
1706 22.92258842893514
1707 22.245877880699158
1708 22.475672184950085
1709 21.95189082726325
1710 23.33033600732818
1711 23.338023679739734
1712 23.36646657129775
1713 23.123190537651205
1714 23.309999774539715
1715 22.915733239674307
1716 23.58273312660328
1717 23.13369426141835
1718 23.454759127134412
1719 23.604254014603598
1720 22.76078157738426
1721 23.076516554663215
1722 22.771332216418465
1723 22.916681378678
1724 22.657669394868275
1725 22.6139549061623
1726 22.597853197454015
1727 23.21255444770768
1728 23.342202244986307
1729 23.160418429362608
1730 23.740081468974566
1731 23.44547697642568
1732 23.04227687675443
1733 23.727191432083675
1734 22.698833479595162
1735 22.971707901874225
1736 22.567017744510515
1737 23.060789656564108
1738 22.92369185247303
1739 23.74428833879078
1740 24.474646155902697
1741 22.84499493292664
1742 23.860215019572472
1743 23.434495711581462
1744 23.192128309797983
1745 23.01354733414059
1746 23.13580694611507
1747 23.54096825550589
1748 23.085346731822522
1749 22.701403736215262
1750 22.349859641709457
1751 23.296639304386982
1752 23.98780055166338
1753 24.803739632690856
1754 24.661015515458722
1755 23.41048856739938
1756 24.66263954103504
1757 24.562301571979013
1758 24.897314278214626
1759 24.08384643368139
1760 25.54027434515065
1761 24.530512346806876
1762 25.60053817376426
1763 25.54308148204743
1764 24.47200075804015
1765 25.226433008939924
1766 25.527703593993248
1767 24.609349443144772
1768 25.17937407931952
1769 25.69096933338325
1770 25.245563226003785
1771 25.898882437588266
1772 26.517377825844882
1773 25.667977363037554
1774 25.352160861697968
1775 25.910232931423078
1776 25.146834265040177
1777 25.751467130367857
1778 26.062356853397933
1779 26.742600184502738
1780 26.486355995919904
1781 26.03929854618969
1782 25.82935068627824
1783 25.79668368057127
1784 26.053561393224342
1785 25.126182994354785
1786 25.579802081289483
1787 25.054127028519922
1788 25.918120836487034
1789 26.52729372643546
1790 26.330462009986572
1791 26.133677453249785
1792 26.54960818672706
1793 26.27714565519617
1794 26.994184298335618
1795 27.214058981160264
1796 27.292947564062814
1797 26.41999041135849
1798 26.37065458162705
1799 26.744985430747917
1800 26.45684053454697
1801 27.00224201908196
1802 27.044041781214236
1803 25.831739066373874
1804 25.263540834814155
1805 26.22272593207578
1806 26.381721474454633
1807 27.192169530099566
1808 25.900760939223073
1809 25.681513297042006
1810 26.498663539973045
1811 26.459603367051923
1812 25.451576584682208
1813 25.889056744413654
1814 25.54705665731117
1815 25.143592001060277
1816 26.37330436714261
1817 24.804026341121272
1818 24.826718051247408
1819 25.648818809674317
1820 25.792840346480567
1821 25.625530257617246
1822 26.13916471336488
1823 26.750285936559674
1824 25.80083469138695
1825 25.97888961773025
1826 26.423423329763096
1827 26.565744445597424
1828 26.465065090828844
1829 26.570094801518227
1830 26.79354108468897
1831 25.679409999384394
1832 26.02999720572745
1833 26.33014985177464
1834 26.233722721905863
1835 26.55907200534359
1836 26.608634212240982
1837 26.466625225871258
1838 26.611392093729208
1839 27.03854431355937
1840 26.202196588193264
1841 26.99507652978889
1842 26.561268805400015
1843 25.662725307571453
1844 26.1004385295217
1845 24.78634585826519
1846 25.42348386910401
1847 25.078996467527194
1848 26.230116439287468
1849 25.56908907790362
1850 26.881092632205284
1851 26.647778567448512
1852 27.676219402418784
1853 27.576275994026265
1854 27.17347372912428
1855 27.042648132215053
1856 27.79049748564784
1857 28.353151943644214
1858 28.19461956708259
1859 28.14997416224493
1860 28.809980235741328
1861 28.32108311234385
1862 27.965038527932343
1863 27.674191363174184
1864 27.94206199012696
1865 28.068588611882205
1866 27.499571932922848
1867 26.69291675088686
1868 26.527932316416084
1869 27.66182482135402
1870 27.417099849777596
1871 27.895834022689172
1872 27.940272745773946
1873 28.389704153556217
1874 27.266609471826587
1875 27.3356299216575
1876 28.605310887720062
1877 27.541878681574573
1878 26.595768173541245
1879 27.695599087142828
1880 27.02318125574442
1881 27.767236900355535
1882 28.202935650325742
1883 28.032130438975845
1884 28.255431514311354
1885 28.499194653787747
1886 27.79464248905787
1887 27.60141423797321
1888 27.753249392129373
1889 27.796256511053475
1890 27.96107694189601
1891 27.351311097689244
1892 27.579163724125248
1893 27.43484607753806
1894 27.671838725227037
1895 26.50791304071728
1896 26.328151784277487
1897 26.91607849346275
1898 27.326504486120655
1899 26.78975692262098
1900 26.83134278767297
1901 27.981221711243776
1902 27.58746452840158
1903 28.57313018812235
1904 29.07180889832051
1905 28.31885796156361
1906 27.78288704913065
1907 28.4886839290415
1908 27.99917275399459
1909 28.15225780422702
1910 28.27604156084251
1911 28.42074608486174
1912 28.340908822449038
1913 28.004498210647558
1914 28.21317604173707
1915 27.568358337766977
1916 27.490740741455806
1917 28.192501302986383
1918 27.81046363053465
1919 27.9592571547925
1920 28.10115643747821
1921 27.560593705772018
1922 27.671895434972622
1923 28.63736881040975
1924 28.634941559122876
1925 28.71025082907279
1926 29.23399302216863
1927 29.035802163636724
1928 29.246048954927005
1929 29.482608255319427
1930 29.698058227076675
1931 29.565565842082968
1932 29.455778386950644
1933 30.281610684593925
1934 29.59574242723701
1935 30.726447010915244
1936 29.426910923133065
1937 29.521983825088753
1938 29.591723692768642
1939 28.55253573945077
1940 29.15948171639945
1941 28.945173163498577
1942 28.957080641205625
1943 29.56158658355537
1944 28.519748581425887
1945 29.455027880754773
1946 29.935502031406045
1947 29.645708070662327
1948 29.91309247120147
1949 29.840030017908298
1950 29.743530286473387
1951 29.432938023364624
1952 28.787183583941985
1953 29.450471170720675
1954 28.608809126128875
1955 27.693201596032246
1956 28.79547666139013
1957 28.602321606259302
1958 28.180845479704406
1959 29.061465135105543
1960 29.04265550540057
1961 28.974791084798525
1962 28.478751138780716
1963 29.718383614185974
1964 29.565924235607625
1965 30.129604737757795
1966 30.613837908748884
1967 29.447727061380625
1968 29.234014934161173
1969 30.01383092811086
1970 30.012406889240715
1971 31.533629035855906
1972 30.24182121923589
1973 30.59167861328108
1974 30.114649108169967
1975 30.57191052440545
1976 29.10830494799162
1977 30.417244947259938
1978 29.079825415083345
1979 29.122872908668274
1980 29.408565711596463
1981 28.217313757158706
1982 28.900146775011375
1983 28.06942907625513
1984 28.622219896306945
1985 28.583418995789053
1986 28.272814077146485
1987 26.1312589225968
1988 27.59419335841238
1989 26.64545886288132
1990 27.54722610456526
1991 27.467551386758405
1992 27.744898993499394
1993 27.905037372253805
1994 26.89161220389455
1995 27.130810793705816
1996 27.553303035970423
1997 27.470279693746075
1998 27.178574160807408
1999 28.700126526470182
