0 19.93819300489598
1 19.739864219050272
2 20.144546828525833
3 19.889946215606347
4 20.35698028269742
5 19.627988212232285
6 20.51655100643696
7 20.137935894773676
8 20.44469034723877
9 20.061572358145117
10 20.035084524232506
11 19.557369620996923
12 20.022213010836964
13 19.372001199887258
14 19.308229960587777
15 19.580037733576702
16 20.21236577332644
17 20.42712707286471
18 20.058058383618373
19 21.02280836458277
20 20.396023553757548
21 19.917836711494243
22 18.8125012062459
23 19.72683945357053
24 20.06571516046767
25 19.724816292843027
26 19.807522303007644
27 19.68979455859944
28 18.815479328923416
29 19.955285884657147
30 18.408976529666024
31 18.87998669309466
32 18.86520534404367
33 18.56037428283113
34 19.621903515022815
35 19.303046798303363
36 18.99770144687468
37 18.87876768647184
38 18.417866776687873
39 18.838549860377878
40 17.81527897926736
41 18.0681675989589
42 17.66660673009182
43 18.179685543364663
44 18.76502029175571
45 18.229575401217428
46 17.907658620083254
47 17.846260620146314
48 17.517791222631498
49 18.02215360572065
50 18.868787258462678
51 18.90266116266887
52 18.807545421848197
53 17.631413783909476
54 17.77329976632646
55 17.813376809052006
56 17.445540451634805
57 18.52964682702792
58 19.015132197662258
59 18.300171755852947
60 17.530103644004864
61 16.868092657840094
62 18.819807840824918
63 18.26888652842447
64 18.148780173601207
65 17.884184469868575
66 18.179039780997165
67 18.952095514037506
68 19.72128457212743
69 18.84547054252256
70 19.35815232067701
71 20.04755875014218
72 20.348193434567357
73 19.596170534820658
74 19.279050897274324
75 18.626533875336015
76 19.478687355693477
77 18.92440214958743
78 19.310668848889993
79 19.756267890471598
80 18.764748346330528
81 18.50150354842444
82 20.619947807070346
83 20.086931074994542
84 19.42174194182675
85 19.5306876836068
86 19.065180763139587
87 19.28727445657014
88 18.66169576747471
89 20.006419288750195
90 19.71719131727508
91 19.60721893308289
92 19.884734480001224
93 19.37629240738316
94 19.81243300945466
95 19.678834726608315
96 19.82081478271698
97 19.757221332212907
98 19.256539559933543
99 19.287006120637866
100 18.98893713371996
101 19.433616342357904
102 19.630463656379696
103 19.129345984063956
104 19.415227501681002
105 19.2679360481624
106 18.234987665057723
107 19.167845164565186
108 18.583379941119418
109 18.96369381372963
110 18.72020523707135
111 19.145209264140718
112 18.44352866700877
113 19.550178916201922
114 18.415151226268105
115 18.781514263771935
116 17.91747377100444
117 17.181314904431883
118 17.84004273042069
119 18.102622271080893
120 18.23259010117063
121 18.594527047039158
122 18.080121830274887
123 18.53245856685651
124 18.381323538869907
125 18.849612145388402
126 19.31372069933503
127 19.04025742205567
128 19.37093245019008
129 19.302854051386245
130 18.419610253987404
131 17.95229553870104
132 18.40647919289354
133 18.058009517759128
134 18.755728254136407
135 19.284088417100403
136 18.14768234737751
137 19.186305815207035
138 18.611868396737403
139 19.033786406227183
140 19.033585163006606
141 18.737374718453303
142 19.592068971907892
143 17.40139679278297
144 17.929416842271305
145 17.926826603337737
146 17.905159217851196
147 18.44778439413717
148 17.823826366564226
149 18.41096732678184
150 18.80197106238669
151 19.157982241481633
152 18.480815634959765
153 18.966600100556462
154 18.22218816368227
155 18.03329263937424
156 18.89767789786373
157 19.464880752931354
158 18.86198169018062
159 18.408375930759465
160 18.586470068348397
161 18.41175497339592
162 18.703375826065546
163 19.029908578686157
164 18.697416052139783
165 18.457087542645148
166 18.334237862473728
167 17.840585197831096
168 18.51521427062324
169 19.036446113036874
170 18.48301129058326
171 19.577545857440978
172 18.477301833257506
173 18.111482118218618
174 18.46807772677919
175 17.422841576534932
176 17.464553906175446
177 17.429268692912736
178 16.8446122740413
179 16.355824139198088
180 16.54901270414425
181 16.84127134794143
182 17.758803805067256
183 17.82462528475958
184 17.476447182106607
185 18.914414077429917
186 18.309107482509837
187 18.216485176758262
188 18.317177157136253
189 17.89933362952473
190 16.66831038862084
191 17.200725669572748
192 17.567616258958086
193 17.317102103071907
194 16.97477263290537
195 16.40511689976458
196 16.47320527894129
197 17.282639477045777
198 16.83737047504787
199 17.57566288174901
200 17.150902520817315
201 16.89717317373311
202 17.03010832076371
203 17.46638712966853
204 17.30552874403611
205 18.40588984841481
206 17.328659296204627
207 17.18834628602218
208 17.658104847491252
209 17.122668032678316
210 18.05354945632402
211 17.232921013742647
212 16.78983088930007
213 17.50194536085584
214 16.5246485537615
215 16.87498815182927
216 16.835788897864788
217 17.404122784260696
218 16.95104015826856
219 17.463792922614797
220 16.447863917317385
221 17.484362605112594
222 16.282388102387085
223 16.899101069846544
224 16.73763823392383
225 17.16124395036858
226 17.559220484029535
227 17.37992858741738
228 17.04712105050997
229 15.452595859473155
230 16.349954921763242
231 15.643520002140146
232 15.536191851982132
233 15.688255697044749
234 16.393691051639166
235 15.290568476015796
236 14.726390111515851
237 14.76830625721435
238 14.36777619833967
239 14.221278394404386
240 14.869574901892934
241 15.23449758586529
242 15.305825492314902
243 15.125054063558418
244 15.828234062836847
245 15.242497158673585
246 16.38466738033628
247 15.988162916236638
248 15.020617570036029
249 15.148697851596658
250 14.44823546986543
251 15.716075087044663
252 14.580716093696864
253 15.908776793969867
254 14.738764932141335
255 15.42823985334134
256 14.252644620642645
257 14.60541811555503
258 14.22303959784363
259 14.690752307534325
260 14.256945099812743
261 14.415336806233132
262 14.213723834176323
263 14.003526734277102
264 13.885956715452727
265 13.821552030510727
266 13.56490525554515
267 13.925180697576875
268 14.544028106080702
269 13.02037406508453
270 13.69090314581948
271 14.085544489600332
272 14.07345590822321
273 14.18919716316828
274 14.3068104294525
275 13.965588057562488
276 14.372512373080179
277 14.507215036840885
278 15.102665190492301
279 15.954631796542941
280 14.768611515875888
281 15.065576806037772
282 16.311463594574814
283 15.590560132176092
284 15.657617211534724
285 14.424554383263144
286 14.243770410965826
287 14.718662674086561
288 14.393516065357748
289 13.93878811280492
290 14.267001404623034
291 14.163660280457153
292 13.460310343676143
293 13.2677906405851
294 13.381333510478836
295 13.4236558373645
296 13.338825291528227
297 13.281448229078578
298 13.334308025118471
299 13.984657746447468
300 13.870593587759535
301 13.82012955768815
302 14.166555257082248
303 12.587854970822539
304 13.354592633850407
305 13.585897552697233
306 13.696817826463286
307 12.948885223131256
308 13.38786683114046
309 13.3644287441153
310 13.816920650794287
311 13.050593959125829
312 13.277822936266713
313 14.247370201234268
314 13.325937422918987
315 13.646072908346088
316 13.767903923897865
317 13.73434851263292
318 13.336197134153235
319 13.463631554005271
320 13.429389913642174
321 13.906947981361498
322 13.281028971992807
323 13.231049206563787
324 13.460892749575656
325 13.070087391075454
326 13.47833472837067
327 12.713505954801269
328 12.690169557926112
329 12.906102649933606
330 13.205650894524513
331 12.810110892600745
332 12.939905714828715
333 13.329955718869495
334 13.287039456977244
335 13.2912050421557
336 12.955047193524875
337 13.477684110211506
338 13.272473566600103
339 13.325986959718161
340 13.122735813365967
341 13.244457344380276
342 12.881263119681481
343 13.320916250573129
344 13.051094654597238
345 12.882063086866083
346 12.767576140946886
347 13.122029974881324
348 13.14955936539647
349 13.431507737527852
350 13.225228173947695
351 13.487166767961618
352 12.6817868685938
353 13.287381122462671
354 13.05211181337816
355 13.062534317843726
356 13.644011882036324
357 13.666625451795783
358 12.435031665783347
359 13.464562276535418
360 12.872916759370204
361 13.248828824006567
362 13.269991396002235
363 12.545066173253034
364 12.590885929714277
365 12.284036142764117
366 12.71005651491943
367 12.485077620736215
368 12.859726182972768
369 13.230534707190435
370 12.965143321220546
371 12.602537750020922
372 12.520091291071585
373 12.517413687156077
374 12.952708126119674
375 13.248015400778188
376 13.010466086900985
377 13.012886041598026
378 12.857142175376195
379 13.156357677447662
380 13.1832267141504
381 12.709257110295544
382 12.861070304415748
383 12.597602913134162
384 12.363152164743981
385 12.328443373990293
386 12.895855124372588
387 12.959195286199588
388 12.943906191272577
389 12.459241661403547
390 13.007924871290298
391 12.41216364632199
392 13.020571391173773
393 12.505413085178958
394 13.083916008843769
395 12.52321130777562
396 12.285549770035864
397 12.711634376394016
398 12.59597660460848
399 13.196178944276431
400 12.845853891165572
401 13.008035577292032
402 13.15558655690976
403 12.710050749465033
404 12.879838706296406
405 12.91224038686088
406 12.441586026031665
407 12.99986426119406
408 12.928350459287111
409 13.152161780805288
410 13.296585124779025
411 12.777071514899845
412 12.997535227548104
413 12.653414200272708
414 11.834534946578646
415 14.038118795829897
416 13.07474539129622
417 12.907568087547235
418 13.272478280363902
419 13.77049434216637
420 13.637809692929844
421 13.068665063314166
422 13.26975935082712
423 14.081741246039664
424 13.369494062330595
425 13.56269167359305
426 13.513026667402151
427 12.930906185489192
428 13.166469245146331
429 12.685911355147912
430 13.661496952343606
431 12.893405192850746
432 13.422916384472975
433 13.219939433338729
434 13.810229839947874
435 13.619321993650818
436 13.2049205510787
437 12.869936091704174
438 14.583990882471278
439 13.48895883658156
440 13.670914552282541
441 13.804609613610246
442 13.996408582930451
443 13.234600920595295
444 12.69670637184077
445 13.215953794054426
446 13.151314545376534
447 12.063375278048424
448 12.097038772113805
449 12.755915813240012
450 12.760851134616418
451 13.079178081333731
452 12.998943002064024
453 13.673256396601088
454 12.814463124256978
455 12.97990430394401
456 12.93135794499221
457 12.274544681046242
458 12.564495427805742
459 12.183381246436708
460 11.504832275398424
461 11.613057473828846
462 11.669440368560304
463 10.58662737847736
464 10.035975120741856
465 10.672129996282097
466 10.693649600850485
467 10.248029216401216
468 10.008101361439168
469 10.171671983004154
470 9.519260457691383
471 9.964301091135331
472 9.816795104763207
473 9.916856696474726
474 9.714061267798149
475 10.114365255912508
476 9.623565313306576
477 10.13739565181544
478 9.69406863990911
479 11.109662402791065
480 9.852863404635597
481 9.784053570515066
482 8.8272413052212
483 9.619154174969538
484 9.09844361577447
485 9.520325456582968
486 9.503692715419117
487 9.37974577711173
488 9.415280329098142
489 9.093796201023473
490 9.831416367096692
491 9.599782920036288
492 9.707152468654673
493 9.601185430106542
494 9.45675155669864
495 9.684869967287215
496 10.39504209958258
497 10.499629490412477
498 10.273248040406274
499 10.676437814505187
500 9.95959544189124
501 9.658969310048182
502 10.196721560541935
503 10.307800258926134
504 9.906962869740786
505 10.409685524511115
506 10.70776170750745
507 10.366390422034502
508 10.027679840909185
509 9.60822559833893
510 10.051593514127426
511 10.174826615006443
512 10.53366972774966
513 10.190479757899611
514 9.90549264328241
515 9.079566083678849
516 9.59581948768068
517 10.060222786391758
518 9.914259312958828
519 10.06753621309092
520 10.140537717708
521 11.045893925096228
522 10.4079873730899
523 9.889731439603018
524 9.87527799321707
525 9.765736330688167
526 9.237417756424957
527 8.535822462983994
528 8.610609523824811
529 8.147820931639018
530 8.981001223091406
531 8.468037022584033
532 8.377456885118043
533 8.596868463897328
534 8.854145060211279
535 8.249713657941697
536 8.280949072031744
537 8.602381463778377
538 8.431305263399306
539 7.555073795300924
540 8.55591895543347
541 8.583186379150366
542 8.079230136973713
543 8.761967402507036
544 8.965922979489607
545 8.731190524994402
546 9.158560454570242
547 9.30029099104858
548 8.912439832449895
549 8.840522243372643
550 9.329498143749653
551 9.552467893612253
552 9.426600046063172
553 9.33835513348071
554 8.990652614617723
555 9.325926407108224
556 9.14927801141901
557 9.399304309406675
558 8.926116523851334
559 9.810113003647354
560 8.929453341194447
561 9.086858142599507
562 9.243801196295628
563 9.374265999016
564 8.828887005465912
565 8.53287724873543
566 9.029169270711451
567 8.92542850192702
568 9.153259129369415
569 9.306573265596201
570 9.116361933413096
571 9.118016148860997
572 9.305134718373836
573 9.291128713847545
574 9.137534725401569
575 9.115776616536742
576 9.406271366260349
577 9.49240501653252
578 10.086391784866398
579 9.88341103713204
580 9.992283046343983
581 9.828163290432808
582 10.231612302248834
583 8.913423830226373
584 9.295246766600998
585 9.695042479027663
586 9.190172396800039
587 8.841713495787143
588 8.598464088309044
589 9.505472598863008
590 9.486274226527637
591 9.615809703274762
592 9.75931981291235
593 9.834749805992699
594 9.15323091237026
595 9.286390618276936
596 8.825359980393834
597 8.737656020475544
598 9.611892374575328
599 9.131553786305924
600 9.725929864785359
601 9.44895808088666
602 8.17090677889657
603 8.713426763149771
604 8.542865328773209
605 9.47941191790208
606 9.24390817864937
607 8.77411136826957
608 8.619891359851415
609 8.907154533498678
610 9.3309861380557
611 8.856089564903764
612 9.666939105520566
613 9.20832284548185
614 9.283772077917108
615 8.796859979677624
616 8.648803640878036
617 7.929230863320972
618 8.955421289292893
619 8.516181843880297
620 8.931175378895194
621 8.441010674066774
622 8.19211254397319
623 7.913828470040338
624 7.342418420227465
625 8.059991546519207
626 8.319143602659967
627 8.420938064140843
628 7.608458488294426
629 7.516497043024703
630 8.045003504600613
631 8.298859794438927
632 7.741995164403377
633 7.656753579636451
634 7.485201774584552
635 7.580831502055609
636 8.229354683446493
637 8.263518191213757
638 8.560394241676454
639 8.34108387857296
640 8.53214444734533
641 8.246514607062114
642 8.044231895436257
643 7.808581085768528
644 7.067958366373998
645 7.47031204297669
646 7.929021025239047
647 7.81849001861261
648 7.969027969710288
649 7.966138901286314
650 8.017699179762616
651 7.496783748167038
652 7.517592410693883
653 8.411243853387672
654 7.322809547334803
655 7.4407066619873525
656 7.395415552891531
657 7.785249454114018
658 8.301866713413398
659 7.628222683885099
660 8.367427132032127
661 7.933729037835414
662 7.638714204336903
663 7.818828045854923
664 7.904548622488153
665 7.81032383766961
666 7.198418360718112
667 7.50827398375764
668 8.709015595703072
669 7.74394525154382
670 8.67692785383127
671 7.760408210869949
672 7.752594084558462
673 7.991113729835996
674 6.794562293052349
675 7.427055834204854
676 7.696465016244364
677 7.7628230418737605
678 7.5781363335521315
679 7.88488946977263
680 8.33056185594908
681 8.030612243044565
682 7.727001535380694
683 7.820471096062298
684 7.43291153844435
685 6.938732627227455
686 6.845808833309915
687 7.0809112797410325
688 8.113292714150946
689 7.177914335938631
690 7.394057328967277
691 6.896565431150153
692 6.947071888386613
693 7.59267022350744
694 7.444231558290545
695 7.056729160621174
696 6.890020774010915
697 6.971285445803261
698 6.496928955099147
699 6.575931303695974
700 7.126132023414162
701 6.433184464768936
702 6.812330600992136
703 7.608628300637352
704 7.486077473467245
705 7.745629939358013
706 7.759459996567575
707 8.029219041715288
708 7.892948695316654
709 7.745452316443249
710 7.8347116964777985
711 6.821722562303503
712 7.157141843769758
713 7.2455250979316395
714 7.4578652464720046
715 6.374319843188277
716 6.3189284923978715
717 7.1948841375518935
718 6.736939954439579
719 7.035472039099499
720 7.25607801800265
721 7.146990385118404
722 7.263731918796714
723 7.65603223760061
724 7.6061534741867165
725 8.046600127592503
726 6.6613926256694205
727 7.678381889929109
728 7.657514811029385
729 7.349198669774795
730 7.7985791783630445
731 7.607966412031824
732 7.566589754583546
733 6.774569074798695
734 6.613423737142897
735 7.238402366027945
736 7.027624627461621
737 7.633697942357505
738 7.5963036536188735
739 6.64699522513687
740 6.52344276777213
741 7.284961731021573
742 7.53475549403702
743 7.367928240790666
744 6.944517076603366
745 6.861035025226507
746 6.695037598581822
747 6.266292128987514
748 6.12091363465214
749 6.676810825017656
750 6.543717197940062
751 6.693511533227599
752 6.3765624720488985
753 7.116999364089233
754 6.977505916025251
755 6.7116262761515895
756 6.448272997551667
757 7.074570691939522
758 6.8163046303508805
759 6.440409948768612
760 6.985619539726186
761 6.626036735009076
762 6.576448764451687
763 7.006311732115135
764 7.19046427437203
765 7.247230952833276
766 6.91925270813597
767 6.82073931077651
768 7.290613968761984
769 6.831840160237815
770 6.661958033532848
771 6.81575575156402
772 6.880195379345167
773 7.311354230813071
774 7.1396439716894164
775 7.6406605389905256
776 6.868413155993871
777 6.927460252297928
778 6.999906743354933
779 6.435156186239191
780 6.802963530076233
781 6.42331736036677
782 7.382043916612649
783 6.736946633842027
784 6.501284057337923
785 6.590594207754998
786 6.9179076597574
787 6.630323405818682
788 6.795553331260411
789 6.7057856171252705
790 6.790573059285491
791 6.356049878115076
792 6.761886652769939
793 6.549529637965109
794 7.1874403281024275
795 6.585398284059031
796 6.495817153345049
797 6.136743175465694
798 6.14826601425628
799 6.5596989071629705
800 6.033192799420393
801 6.658989255798141
802 6.830619790518891
803 6.9411284829110595
804 6.913677151840945
805 6.240437181139653
806 7.135213492781892
807 6.96059137263425
808 6.785570735181839
809 7.089382100080349
810 6.946911782140061
811 6.664610352016394
812 6.896830337145318
813 6.663336890925629
814 6.932929342711431
815 7.540671161068316
816 6.605573396894376
817 7.645390965188235
818 6.8892906448218705
819 7.039577564165601
820 7.629456094155859
821 6.921184159681656
822 7.053948510953906
823 6.7046938407264065
824 6.93376928370979
825 6.361139113091593
826 6.896125154683374
827 6.559078267373811
828 6.905287537370465
829 7.139795543275908
830 7.03103980498614
831 6.832843510261194
832 6.637829331209761
833 7.371016061123142
834 7.008499376444725
835 7.31424255702112
836 7.112688400393333
837 6.93289069278919
838 7.070045807115233
839 7.37959721483427
840 6.888841853070147
841 7.658521893744323
842 7.516959101638287
843 7.6270014548706335
844 7.104575765290019
845 8.332529174757838
846 8.471528578474787
847 8.53777323275647
848 8.339556528224556
849 8.89305812930615
850 8.692164512496081
851 8.763288101337354
852 8.735280601671706
853 9.019417990918416
854 9.831515457701943
855 8.891090589457832
856 9.130143471932021
857 9.352387821910941
858 8.583701150022513
859 8.843740175138555
860 8.738405644074644
861 8.659581772238285
862 8.8549004308866
863 9.179653024207358
864 8.961442293542955
865 9.122344865516
866 9.339118970854635
867 8.934510761965063
868 8.673726631291439
869 9.445612991761916
870 9.01120552400045
871 9.097340614399574
872 8.435076064168165
873 8.976228741773859
874 9.226763372436109
875 8.851761539840505
876 9.10696038140179
877 8.937009201784596
878 8.642475407664412
879 8.573267530674615
880 8.24772773083356
881 8.676636617085274
882 8.685223957000161
883 8.823116484514165
884 8.764567389292205
885 9.101734277119911
886 9.081894139420656
887 9.394751128162278
888 8.701358880930979
889 8.863974669620957
890 9.279856121363077
891 9.433228469397037
892 9.516763181239066
893 8.853338972638271
894 8.945006646025243
895 8.870184157879656
896 9.29410609477236
897 8.960729602411933
898 9.396676018107081
899 8.687503358771707
900 9.205045270545918
901 9.07277688636037
902 8.993919256841446
903 8.9148577061425
904 9.231579640222442
905 9.410199629046673
906 8.904951196699392
907 8.880376177726458
908 9.025633037134813
909 9.096379640552149
910 9.180169407805929
911 8.937360350880681
912 9.336768178956717
913 9.050328979940614
914 8.813748553322066
915 8.716599689797789
916 9.018021290851317
917 9.138195389060934
918 8.873687237684159
919 9.119328987233507
920 8.913938862938386
921 9.875597238480761
922 9.23862912987631
923 8.897555500657296
924 9.119770160973587
925 8.951235248729803
926 9.083980586329863
927 8.716391354044925
928 8.853430902154122
929 8.843178839989578
930 8.652350774776073
931 8.457225789208138
932 8.728929439685277
933 8.893385896346627
934 8.34750125257018
935 8.542706096880568
936 9.162058847394135
937 8.818761766144638
938 9.010298495905028
939 8.983880205732747
940 8.656383929111252
941 8.297744793830754
942 9.022680020902785
943 8.783406751104046
944 9.00787329983762
945 8.665168258157145
946 8.930222990548407
947 8.880370729885247
948 8.954021905276212
949 8.94741169964002
950 9.282685286571137
951 8.907594489624678
952 8.302866068352001
953 9.93523670586923
954 9.432478061907782
955 9.043008859549584
956 8.891824073537238
957 8.685843196603047
958 8.959820317963759
959 8.677238683035052
960 8.52112314411257
961 8.726787445691754
962 8.57496084330676
963 8.617572391961392
964 8.413630293131519
965 8.539539882052361
966 8.83677638010044
967 8.462557708055213
968 8.682171561147738
969 8.583755625087203
970 8.689075371113917
971 8.879998831255056
972 8.887005997486572
973 8.319898404854575
974 8.335160097891448
975 8.301772324378195
976 8.424400672130155
977 8.443985391364969
978 8.275628056426514
979 8.751872007881564
980 8.473497258192463
981 8.731783013071658
982 8.502696900254932
983 9.224582980515246
984 8.428512202600805
985 8.434172403766478
986 8.38402843507719
987 8.170930636773532
988 7.929941930392144
989 8.493026029086282
990 8.339208047069546
991 8.38189605776423
992 8.846109403479023
993 8.59583867959899
994 8.682922639542303
995 8.555313373450947
996 8.204934888259151
997 8.490291809724672
998 8.564333524978382
999 8.423852230309375
1000 8.66811281096637
1001 8.793210805333084
1002 9.92514797791915
1003 8.466452008168993
1004 8.211256674333267
1005 8.073933797095453
1006 8.547253148818594
1007 8.7631122223686
1008 8.72436525806611
1009 8.580100069788461
1010 8.911329271866387
1011 8.932967928538892
1012 8.899284817288013
1013 9.150989031728297
1014 8.447775003030578
1015 8.84249018333475
1016 8.135163798649877
1017 8.228848884801554
1018 8.354925515685682
1019 8.413807087661086
1020 9.062183117175827
1021 8.525329543906826
1022 8.547609728025582
1023 8.80373863959188
1024 8.801618671710544
1025 8.776158071692485
1026 8.332836509047214
1027 8.799608897257846
1028 8.239617234556471
1029 8.817164336285327
1030 8.745795630369097
1031 8.761695258072512
1032 8.03425299947881
1033 8.981228100329309
1034 8.645060679597421
1035 8.622059992838766
1036 8.91144579395225
1037 8.425162210605018
1038 8.473469795442565
1039 8.862783818650847
1040 8.923496922353982
1041 8.487085483913077
1042 9.029299181054046
1043 8.261674468762903
1044 8.711531881459058
1045 9.078188102057275
1046 8.18763740149824
1047 8.311864824103996
1048 8.16301875818072
1049 8.469385420128773
1050 8.69166045424065
1051 8.022297944584444
1052 8.17443178989205
1053 7.86742061730451
1054 8.381418086968113
1055 7.97770432394303
1056 8.373038963775656
1057 7.820140031976872
1058 7.972135384033117
1059 8.294282347233096
1060 8.090789835243227
1061 8.563124476066317
1062 8.767401561659787
1063 8.802595063581888
1064 8.83895949793874
1065 8.238955140114063
1066 7.989939509468431
1067 8.355884891173126
1068 8.123060513873387
1069 8.171512003614058
1070 8.512258985613123
1071 8.055073360530404
1072 8.414549372722291
1073 8.93151663096457
1074 8.582501072935456
1075 8.500631776050016
1076 8.176396425702622
1077 8.762307100084247
1078 8.106650757272737
1079 8.250438778546961
1080 8.266718714651427
1081 8.219333929418708
1082 8.159152796925564
1083 7.856965369872487
1084 8.59769649211989
1085 8.0546200787416
1086 8.04632115899349
1087 7.669545392095349
1088 7.835211132286133
1089 7.878915075427623
1090 8.322170109494046
1091 8.716373383959308
1092 8.360899331659546
1093 8.018413802876747
1094 7.4789676216265075
1095 8.136831349425552
1096 7.934249721831489
1097 8.074738275047796
1098 8.530426096586476
1099 8.484821812773571
1100 7.781881007274016
1101 8.428984690104064
1102 8.48347081014305
1103 7.7028371676180205
1104 7.803167442709211
1105 8.704901492768622
1106 8.748949169869455
1107 8.515136061618726
1108 8.17444156728402
1109 8.311356410319258
1110 7.5312405163658465
1111 8.362656742534073
1112 7.922349039030337
1113 8.19293569667679
1114 8.060585598814614
1115 8.334079241371404
1116 8.602302697819704
1117 8.302720140491237
1118 8.191594017846109
1119 8.229860442043343
1120 8.488488878436069
1121 8.249568879160677
1122 8.403263595583303
1123 8.305428158309068
1124 8.071404802815879
1125 8.620757719335753
1126 7.696303440663791
1127 7.975648954131979
1128 8.091347902951497
1129 8.257598841027361
1130 8.516894658297158
1131 8.044158478142737
1132 8.822145374500202
1133 7.779091514193778
1134 7.826439933549224
1135 8.69109612092169
1136 8.9179857272953
1137 8.370238531203684
1138 8.512960145057216
1139 8.130474578437735
1140 8.308990871949002
1141 8.706185659145012
1142 8.460064842735068
1143 9.589814092698395
1144 9.72521424530483
1145 9.927650372230206
1146 9.245098090434396
1147 9.229011470090173
1148 9.226525526363313
1149 9.586094646542865
1150 9.474749981807953
1151 8.995970149459206
1152 9.220667549364281
1153 9.424257546099167
1154 9.392963514376408
1155 8.903583048012162
1156 9.163692703237645
1157 9.54153115865994
1158 8.583473938939537
1159 8.807465542650123
1160 9.07076774274821
1161 8.775102700216614
1162 9.027297937211584
1163 10.272000572821327
1164 9.496299569207812
1165 9.536750707143089
1166 9.081639344184966
1167 9.731733259957169
1168 8.600090100067163
1169 9.13401722209076
1170 9.031525691253755
1171 9.338137030291822
1172 8.775076640760862
1173 9.146036176120395
1174 9.312119891384903
1175 8.407479420131942
1176 9.356408895561236
1177 8.664892242814245
1178 8.677101695165955
1179 8.830637913083288
1180 9.014158449981455
1181 8.6833415109769
1182 8.30501732292946
1183 8.416664607645925
1184 9.036456219404212
1185 9.845030741616084
1186 9.203358704690004
1187 9.233459807045577
1188 9.001385030075898
1189 9.242273139455799
1190 8.751067641394016
1191 9.327793520172781
1192 9.07584853157159
1193 8.746768474432667
1194 9.225068860101324
1195 8.562988459851534
1196 8.72016582137709
1197 9.133395863956784
1198 8.854893532170248
1199 8.546461462130722
1200 8.6097984591793
1201 8.904027120063386
1202 9.27666916265333
1203 8.94799444915793
1204 9.164381237212268
1205 8.736180793829941
1206 8.543718725976175
1207 8.949281495735603
1208 8.991161480515363
1209 9.378164489804204
1210 8.812829383601716
1211 9.19625827854522
1212 8.664227464177435
1213 8.739432861067284
1214 8.874239228105148
1215 8.882856045802923
1216 8.29011650272991
1217 9.150965823275296
1218 8.729174132170003
1219 9.33668486858391
1220 8.702912919902511
1221 8.708816639304494
1222 9.017803653976284
1223 8.668140073149452
1224 8.649890422457053
1225 9.138857587024559
1226 8.654648560426615
1227 9.199070464756884
1228 8.41106623899274
1229 9.101613641742981
1230 8.818908695221761
1231 8.199146189216787
1232 8.945736352677029
1233 8.76791597118801
1234 8.427786331941688
1235 8.982639749028493
1236 9.476130308673637
1237 9.499747536410613
1238 10.107563893394152
1239 9.86353817774282
1240 9.764935123131407
1241 9.493679515907578
1242 8.884237157069155
1243 9.128151659934822
1244 9.367298292077031
1245 9.308807139879269
1246 8.950204610314504
1247 8.629321208576366
1248 8.680506786329211
1249 8.88840971505799
1250 8.565236112595734
1251 9.092450548173577
1252 8.898750669024784
1253 9.777829415840689
1254 9.521426793826997
1255 9.411698540726125
1256 9.251988016155549
1257 9.180275982377758
1258 9.067776827508462
1259 8.713937887878288
1260 8.697363753004355
1261 8.942019813724254
1262 9.385235882913294
1263 9.772528341675464
1264 9.17229472786219
1265 9.325199164348458
1266 8.533960993084127
1267 9.66357441336937
1268 8.919608994401415
1269 9.171286712354556
1270 8.98252524955044
1271 8.729755297321871
1272 9.337303464412022
1273 9.635003375146953
1274 8.629898073877234
1275 8.453028213376653
1276 8.847643741090074
1277 8.67946268825073
1278 9.034006924236541
1279 8.449827238524959
1280 7.714801775555354
1281 8.88780527666483
1282 9.061679821833371
1283 8.008221804635916
1284 8.222074648868105
1285 8.297029945661047
1286 7.999013855739906
1287 8.811994592496324
1288 7.7690394987688665
1289 8.000322067134544
1290 8.62852266950138
1291 8.482854646513156
1292 8.004697404570736
1293 7.9132968971403965
1294 7.2945150013166105
1295 6.726544371527567
1296 7.202051317402794
1297 6.7137177336004985
1298 7.308110969571548
1299 6.920533197066984
1300 7.067227790777042
1301 7.209757898769602
1302 7.582787039746068
1303 6.90428373348219
1304 7.3860898821708325
1305 6.945193259796275
1306 6.196990409861371
1307 6.579391698084054
1308 6.117118884856483
1309 6.674062317335876
1310 6.827549242998912
1311 6.136977087679908
1312 6.362384728027442
1313 6.215846728677656
1314 5.808353811453495
1315 5.909947333777102
1316 6.208155066914381
1317 5.534770397442654
1318 6.328298867174902
1319 6.062460958825097
1320 6.249183562544459
1321 6.481784851699261
1322 5.614292611805123
1323 5.7128448593069105
1324 5.556888533322514
1325 6.4386139163155125
1326 5.991797932594009
1327 6.285990442188158
1328 6.655874838929929
1329 6.674967294375159
1330 6.570261060369699
1331 6.397173157637212
1332 5.9995071166545175
1333 6.163830546201596
1334 6.263864947240994
1335 5.576460045574531
1336 5.757362340496104
1337 6.50006217369346
1338 6.196918089073719
1339 5.669885442964353
1340 5.8413230548336275
1341 5.860903303330183
1342 5.592833690827207
1343 5.905726149702481
1344 6.523587098748531
1345 6.5657620257683424
1346 6.722147231483151
1347 6.396341753863643
1348 6.242955943116253
1349 6.092608664052167
1350 6.236522663400116
1351 6.316985588010489
1352 6.09004905401899
1353 5.946011062290747
1354 6.112089500787091
1355 6.812636509069484
1356 6.169811648257084
1357 6.524973900333819
1358 6.0533693040291485
1359 6.232302664138234
1360 6.4533649326575775
1361 6.25346568275002
1362 5.564073326709854
1363 6.216005872687831
1364 5.559901839473543
1365 5.596775638947408
1366 6.501936859154022
1367 5.87881499336666
1368 5.913923668029054
1369 6.153325385787866
1370 6.092680463760793
1371 5.777421806514297
1372 6.240146336337816
1373 6.610314733568249
1374 6.045770466270345
1375 6.325751634423321
1376 5.403877512846194
1377 5.694938950541306
1378 5.993429276362123
1379 6.972998333139413
1380 6.066300630415013
1381 5.8516808992907965
1382 5.776216134809548
1383 5.951306367756567
1384 6.350194431398937
1385 6.868972936766938
1386 6.9407190611188305
1387 6.311311833019442
1388 6.413070438860096
1389 6.391182083795208
1390 6.509383058216607
1391 6.201486570783062
1392 6.268848504310051
1393 6.388982501691735
1394 6.104307973909502
1395 6.233193706906738
1396 6.939814569558235
1397 6.867560162658283
1398 6.422236717345049
1399 6.174701856131476
1400 6.212798942759488
1401 6.113523251389535
1402 6.941015204431991
1403 6.193526144212557
1404 6.6198790726795
1405 7.736080242351996
1406 7.131929890672672
1407 6.5127899621640175
1408 6.54968051256107
1409 6.6575194706883885
1410 6.051357948341224
1411 5.511910174843461
1412 5.491901055615018
1413 5.9432273350988165
1414 6.208052496151813
1415 6.4912236340399145
1416 7.590908964743017
1417 5.833223698502751
1418 6.223941007548662
1419 5.897338770714367
1420 6.110380695113387
1421 5.522868016662924
1422 5.617731228114907
1423 5.275849558476831
1424 5.728262563327657
1425 5.914715367008244
1426 5.589572870196746
1427 5.393835700114682
1428 5.501897464477245
1429 5.18882701308431
1430 5.2714986070632275
1431 5.5144131828423255
1432 6.48916851566288
1433 6.3676298322188165
1434 5.752539257620924
1435 5.56109158689008
1436 5.721952025677256
1437 5.6327583435676685
1438 5.418041412332779
1439 5.462897775341513
1440 5.035408788097264
1441 5.371359767519729
1442 5.091987359194388
1443 3.8571059894629984
1444 3.6301735630071406
1445 3.9407503676440636
1446 4.173949288917443
1447 4.248546335801133
1448 3.968327022586081
1449 4.957638297660953
1450 5.382412372828093
1451 5.235534093286361
1452 4.9949464843116
1453 4.785778851703091
1454 5.079969119905351
1455 4.681765241493733
1456 4.558279289815607
1457 4.901371932215931
1458 4.273087042935158
1459 4.183414254787832
1460 3.66497335123203
1461 4.276516342040314
1462 3.8033015194436737
1463 5.119673218851811
1464 3.908753563174357
1465 4.317389443330156
1466 4.420928483318551
1467 4.977650279933741
1468 4.663640975061292
1469 3.9955108503877255
1470 4.443451330768907
1471 3.9374930778525816
1472 4.49455164637882
1473 3.96197595937588
1474 4.6388886008669
1475 5.69455976477297
1476 6.070061039282244
1477 5.603651262669465
1478 5.847655579720812
1479 6.5320404390100695
1480 5.675017200961667
1481 5.898162545162883
1482 6.135425506768243
1483 6.2486183349843625
1484 5.885306551705333
1485 5.942494690097302
1486 7.138743058885439
1487 6.768709811806211
1488 6.178171560628649
1489 6.4301590024098205
1490 6.270529866808565
1491 6.324651774162876
1492 6.049625059913564
1493 6.615528964727954
1494 6.39762756121888
1495 7.198584445338747
1496 7.970796282971426
1497 7.161631315597982
1498 6.993638781812194
1499 6.81302140306194
1500 7.069424402618057
1501 6.491165996134944
1502 7.05607059412287
1503 6.878352988411247
1504 7.15872143830518
1505 6.953459908784039
1506 5.9972457418756
1507 7.155116547630268
1508 7.256259674350406
1509 6.764943176562993
1510 6.390368883742391
1511 7.150614153697144
1512 6.760390295679167
1513 6.6159518320725015
1514 6.933479691527204
1515 6.9190574696305225
1516 7.318034857718508
1517 7.515518339576465
1518 6.695260383433508
1519 6.799070052421074
1520 7.274688990990316
1521 7.174231081744875
1522 7.377992390058596
1523 7.278588958467264
1524 7.542713021875139
1525 7.693485339367256
1526 7.407739208276128
1527 8.550237707643886
1528 7.647798994957084
1529 8.552676455892305
1530 9.386544802066085
1531 9.666906859228517
1532 8.508356624520076
1533 9.111394119675143
1534 8.568202415589099
1535 8.503248988351801
1536 9.53895071861284
1537 8.955494314776614
1538 8.768066696136502
1539 8.732588147087863
1540 8.358053856515435
1541 9.291645685731638
1542 10.35260916092481
1543 9.708157431376693
1544 9.810980711254231
1545 8.717598180739973
1546 10.504282737542045
1547 9.870276554736337
1548 10.205175694492384
1549 9.555882821080374
1550 9.957520875990859
1551 9.867530049328508
1552 9.842814750934657
1553 9.031370144833694
1554 8.84022435324861
1555 9.703431341470997
1556 9.627464672760095
1557 9.705739725399718
1558 9.982988726241258
1559 9.727264893745458
1560 9.599079340459896
1561 9.083588975625139
1562 9.604325759113355
1563 8.577118129752536
1564 8.438856854006152
1565 8.169024340968573
1566 8.52022580887003
1567 9.365011667394432
1568 9.18835137994391
1569 8.599391749279109
1570 9.142301638326735
1571 8.843639395976169
1572 9.233446455511952
1573 9.633906725732114
1574 9.979239052695165
1575 8.783635183641834
1576 9.019822409649862
1577 9.483569719773183
1578 10.265265047457639
1579 9.381985903730277
1580 9.698877458378034
1581 9.101834614799468
1582 9.560728304869269
1583 9.226120500534606
1584 8.627104770981191
1585 9.484547929928564
1586 8.604676514094189
1587 9.60369250751501
1588 9.39550377952531
1589 9.176829291085081
1590 8.979782849988583
1591 8.305349695893739
1592 8.413794830506772
1593 9.35983558310539
1594 8.551195101418113
1595 9.471461567998752
1596 9.131700006177175
1597 9.858989830916958
1598 8.89198807521442
1599 9.77824487611499
1600 9.773599311377955
1601 10.255260874628625
1602 10.738634384164829
1603 10.207498226526077
1604 10.308508277624025
1605 9.829841624518112
1606 9.927448422963455
1607 9.747555205027957
1608 10.35466448699035
1609 9.728413737806735
1610 10.06604135512862
1611 11.321236650554432
1612 11.07011629133905
1613 10.730090844201992
1614 10.388453322936451
1615 9.694630436633108
1616 10.373378875871566
1617 10.907415851317865
1618 10.187087247031043
1619 10.328398126012697
1620 10.347328848409322
1621 9.816829963677984
1622 9.460005593693337
1623 9.674053994168881
1624 10.3592599588948
1625 9.698137592346255
1626 9.69818000326585
1627 8.676805969902954
1628 9.169567951570633
1629 9.611351062416748
1630 9.481515757870115
1631 9.076560742476783
1632 9.715517403603059
1633 9.657383217827512
1634 9.799608763928523
1635 9.340415378077015
1636 9.16203492084969
1637 10.341822143323789
1638 10.381840165665748
1639 10.512551751598945
1640 10.554932883714216
1641 9.578075478587712
1642 10.396062738665162
1643 9.80500859557185
1644 9.765897675701188
1645 10.030623172134199
1646 10.790263178034838
1647 10.60569418325854
1648 10.365639006105946
1649 11.462717153664707
1650 10.97886528001604
1651 11.655512968759034
1652 10.332875354602924
1653 10.295765885054246
1654 10.899208406620575
1655 11.266649789047612
1656 10.028860764789624
1657 9.753476177395969
1658 9.364377732281795
1659 10.464630915079317
1660 9.326975237295375
1661 10.408931689195096
1662 9.684685476975655
1663 9.203498915956738
1664 9.610335337901574
1665 10.303895131369732
1666 9.742276606736597
1667 9.34864817614918
1668 9.806291122501847
1669 10.672646957745481
1670 11.307808704593242
1671 10.627950537594705
1672 9.873715914601014
1673 9.254099101640609
1674 9.220774622690145
1675 10.096417865204845
1676 9.329596061358805
1677 10.003477573597369
1678 10.291152197352725
1679 10.398769874587684
1680 10.493471564037607
1681 10.610699895212
1682 9.489799295385836
1683 10.477885343881477
1684 10.272272162209878
1685 10.672463493565129
1686 10.819417969455943
1687 11.078815603028476
1688 11.015558902499844
1689 10.842983801563532
1690 11.01584964969215
1691 9.891645367091547
1692 9.577298300677212
1693 10.221581775518981
1694 10.179828255373566
1695 10.37051499675873
1696 11.255240299752511
1697 11.110658446380395
1698 10.264129582275215
1699 10.592501554299801
1700 10.492839650032106
1701 11.027879846351492
1702 11.02593029474821
1703 10.679961388815332
1704 10.871902543829501
1705 10.977403880945035
1706 10.481104583764884
1707 12.102191819416232
1708 11.500718001820848
1709 10.979709940922433
1710 11.103340628309137
1711 11.729899950708672
1712 11.486063738426202
1713 11.263634870736986
1714 11.391142621916943
1715 11.62468657105791
1716 11.54100033908482
1717 11.34800660179435
1718 13.144566324515544
1719 11.731583916708129
1720 11.310041842872113
1721 11.63247279859835
1722 11.546152158683984
1723 11.324032441117525
1724 11.758765938318229
1725 12.25016583170106
1726 11.990014927342665
1727 11.40477498697461
1728 11.652477946332521
1729 12.014391584500313
1730 12.290830074707632
1731 12.143896670185159
1732 11.06198606466965
1733 11.916644497869632
1734 11.06103849480322
1735 12.76145357137822
1736 13.752170648221416
1737 13.468978069991667
1738 13.963801285727001
1739 14.342625994770515
1740 13.863880414978096
1741 13.516640138280751
1742 14.218792392436772
1743 14.727668233280683
1744 14.713088238992205
1745 15.071537877392434
1746 13.597026836541193
1747 13.35642622326552
1748 13.036620392983197
1749 12.843878477690492
1750 13.563704580491184
1751 14.067209811964686
1752 13.500475548425362
1753 13.218719322935161
1754 13.30777456409856
1755 13.787183190798178
1756 12.732709641767327
1757 12.601323649474338
1758 13.266231316778823
1759 13.387947408350092
1760 14.113391108365844
1761 14.572871420996938
1762 14.000286305923272
1763 15.092032094191248
1764 15.394931999306873
1765 14.671776401751
1766 13.988007467253057
1767 14.861545529439635
1768 14.582939842620798
1769 13.899387049336886
1770 13.015835500311583
1771 12.92426015748521
1772 13.9331588063555
1773 14.017831002228107
1774 13.248643540376568
1775 12.95799563611833
1776 11.916394355209263
1777 12.666353675389066
1778 12.538441211867156
1779 12.759117622678499
1780 13.355486712540662
1781 13.028401292174356
1782 13.205748767813061
1783 13.054650249866222
1784 13.605660238723644
1785 12.929981164596937
1786 12.445212884254913
1787 13.313782928058824
1788 12.673299390401525
1789 12.390422866803181
1790 12.509914995836308
1791 11.914813339620872
1792 11.016232905306683
1793 12.239292286834594
1794 12.245260177799294
1795 13.312767557021143
1796 13.538168032639241
1797 13.941027872992908
1798 13.448827503287058
1799 13.377833196639594
1800 13.864262283213739
1801 12.944751107885725
1802 13.620677085515679
1803 12.38318597783742
1804 12.171025876643919
1805 12.537404087968124
1806 12.535931459446934
1807 12.745042029938345
1808 12.267905508479245
1809 12.903218896017034
1810 12.409264276173754
1811 13.320972757579929
1812 14.142834529941059
1813 13.689836172718637
1814 13.903002015690243
1815 15.246410967446506
1816 16.055625911926068
1817 14.48239783979818
1818 15.005573918701042
1819 14.779931564097769
1820 14.687047633620955
1821 13.496412932452934
1822 13.834513423528216
1823 13.435218035113643
1824 13.275715049041596
1825 12.5050201067644
1826 12.036977467368517
1827 11.631297079419937
1828 13.262739509068679
1829 12.733647664940554
1830 13.030067581165865
1831 11.70811367030091
1832 12.37001918782424
1833 12.561257424639216
1834 12.112301797456322
1835 12.155126744024052
1836 12.651951141578614
1837 12.910726312612855
1838 12.656408304715791
1839 13.345176370699392
1840 12.51479420809198
1841 12.818368387718065
1842 12.494698381099553
1843 13.363725472265696
1844 12.891502545178604
1845 13.509715313316663
1846 12.92282290389785
1847 12.460822350322323
1848 12.198257262426315
1849 12.70952574212528
1850 13.45747146397188
1851 13.830365171612595
1852 14.628561008053616
1853 14.197226348366389
1854 13.470676007404782
1855 13.493058690292594
1856 12.582158846687472
1857 12.713718873974384
1858 13.006981602575477
1859 13.270165867594635
1860 14.343825646531933
1861 14.120303134269422
1862 14.620883027627157
1863 14.509656760991449
1864 14.764856090013842
1865 15.267580315134483
1866 15.064240511268448
1867 15.04367935995106
1868 15.90807205241099
1869 16.12013661469909
1870 15.087621973985817
1871 15.16714422073186
1872 15.196340417794406
1873 15.153858134267711
1874 13.91905684910586
1875 13.970342249398561
1876 14.342805762284836
1877 14.332086870223444
1878 14.240225333265606
1879 13.369927315455504
1880 13.409605661064585
1881 14.322788534010447
1882 14.374342334587816
1883 13.966831872222743
1884 14.59666609414157
1885 14.77732032990576
1886 14.564352992175827
1887 14.337050418031863
1888 14.02697208818233
1889 14.218076820369376
1890 14.706144491555193
1891 13.829066625547354
1892 12.869205685372217
1893 13.822376574335268
1894 13.610944907516878
1895 14.679625539419757
1896 14.750836144004367
1897 14.463992782365045
1898 13.973388196106269
1899 14.502881577973314
1900 14.495078239461028
1901 15.513504152027773
1902 15.947455400651988
1903 15.944318109045227
1904 16.404499131105407
1905 16.321287592030075
1906 17.40291180621404
1907 17.503955602954687
1908 17.982194256723645
1909 16.8354610453963
1910 17.249220467332947
1911 16.176135094589647
1912 16.90614229321031
1913 17.381350255647916
1914 17.549967907780047
1915 18.851335898179258
1916 18.210753781980763
1917 17.788888704763
1918 17.866943591780956
1919 19.082263149282607
1920 19.334121720797786
1921 18.92909226902186
1922 19.055381573817233
1923 19.842100904290742
1924 18.879472651671467
1925 18.71069601207919
1926 18.974898929121345
1927 19.18244242493574
1928 19.547202990404205
1929 19.668713510739696
1930 19.637968800196465
1931 19.13335713742736
1932 19.69712162487241
1933 18.373417363000314
1934 17.990317912453538
1935 17.79563577955746
1936 17.78592545896021
1937 17.500578081437705
1938 18.007131380795894
1939 18.245078058006623
1940 18.012651248088023
1941 17.103434628781894
1942 17.53089931432829
1943 18.37276016750391
1944 18.63221868480202
1945 19.297437820855126
1946 19.614164635933868
1947 19.004881773061868
1948 18.76575905440088
1949 18.633157125809035
1950 18.465677642726625
1951 19.50536238420576
1952 19.31047472387884
1953 19.195377797949483
1954 18.717698707571884
1955 18.539987202278084
1956 18.12418834531388
1957 17.834105810468795
1958 16.592461819792444
1959 16.71477841476707
1960 16.898215224924417
1961 17.049723225461662
1962 17.1448929002761
1963 16.718097015217463
1964 18.864332649492418
1965 19.46599596892612
1966 18.451811670204364
1967 19.029645689710733
1968 18.111131808343224
1969 18.73615830882794
1970 18.200976062964607
1971 17.485983319414554
1972 18.674328259412786
1973 18.878908596361164
1974 18.123371471337457
1975 17.7328721311273
1976 16.95089747168338
1977 16.89298095880694
1978 17.177386907776597
1979 17.510291200097388
1980 16.853174035132792
1981 17.313750817562248
1982 17.10037266484291
1983 15.858673430372995
1984 17.589664602327687
1985 17.044198402459724
1986 17.050204191505976
1987 16.983037150460355
1988 16.975215940731246
1989 16.695476523703523
1990 16.289731811303607
1991 16.059017322326454
1992 15.67592600028005
1993 15.38302702887616
1994 16.033752511834884
1995 16.168172354735994
1996 16.080790680827572
1997 15.732862183570433
1998 16.993607404123534
1999 15.921914014311223
