0 0.0
1 0.6644074320793152
2 0.8613288402557373
3 0.6757821440696716
4 0.5204115509986877
5 0.706469714641571
6 0.6654589772224426
7 0.4077180027961731
8 0.7271625399589539
9 0.6979647278785706
10 0.6101506352424622
11 0.7951253652572632
12 0.4654008746147156
13 0.6497644782066345
14 0.6414455771446228
15 0.6468914151191711
16 0.9559476375579834
17 0.6321480870246887
18 1.1250920295715332
19 0.5831137895584106
20 0.730008602142334
21 0.6864333152770996
22 0.5984892249107361
23 0.4496628940105438
24 0.5158462524414063
25 0.720889151096344
26 0.8690240979194641
27 0.27597030997276306
28 0.5662432312965393
29 0.6819177865982056
30 0.4758374094963074
31 0.9327780604362488
32 0.7154039144515991
33 0.3826879560947418
34 0.7072358727455139
35 0.645919144153595
36 0.8453977704048157
37 0.6762544512748718
38 0.8183420300483704
39 0.53047114610672
40 0.7761644721031189
41 0.6301754117012024
42 0.6454806923866272
43 0.4655202627182007
44 0.49839138984680176
45 0.5215895175933838
46 0.5033884048461914
47 0.7111485600471497
48 0.5547572374343872
49 0.48673495650291443
50 0.39992913603782654
51 0.6679486632347107
52 0.41432124376296997
53 0.4630625247955322
54 0.7176972031593323
55 0.760645866394043
56 0.4912320077419281
57 0.6625171899795532
58 0.5799387097358704
59 0.5688444972038269
60 1.0656933784484863
61 0.51511150598526
62 0.7497509717941284
63 0.561241865158081
64 0.6698024868965149
65 0.3289138376712799
66 0.6283454298973083
67 1.0169318914413452
68 0.9035660624504089
69 0.5337037444114685
70 0.5349515080451965
71 0.7560944557189941
72 0.36515089869499207
73 0.8619601130485535
74 1.0076295137405396
75 0.37890952825546265
76 0.5799131393432617
77 0.4074401259422302
78 0.5886344909667969
79 0.9075772762298584
80 0.5167466402053833
81 0.3949059247970581
82 0.5944417119026184
83 0.7472160458564758
84 0.9439582228660583
85 0.5590764284133911
86 0.49476921558380127
87 0.6299667954444885
88 0.7073635458946228
89 0.7841295003890991
90 0.7687417268753052
91 1.0154279470443726
92 0.7002218961715698
93 0.6556840538978577
94 0.4986453056335449
95 0.807766318321228
96 0.6162579655647278
97 0.875543475151062
98 0.7755903601646423
99 0.8931499123573303
100 0.533022403717041
101 0.6591497659683228
102 0.700518786907196
103 0.7851927876472473
104 0.5947144627571106
105 0.7493926286697388
106 0.6480453610420227
107 0.5009483098983765
108 0.716558039188385
109 0.5976787209510803
110 0.56434166431427
111 0.7611261606216431
112 0.4338027834892273
113 0.4997073709964752
114 0.7542346119880676
115 0.6840479373931885
116 0.2766258716583252
117 0.3874064087867737
118 0.5355661511421204
119 0.8073484897613525
120 0.7644540667533875
121 1.159841775894165
122 0.5997076630592346
123 0.5793676972389221
124 0.6751419901847839
125 0.7291932106018066
126 0.6036743521690369
127 1.1885557174682617
128 0.6433102488517761
129 0.815889298915863
130 0.6129367351531982
131 0.7945659160614014
132 0.5616868734359741
133 0.5908344388008118
134 0.2176092267036438
135 0.3289136290550232
136 0.6019547581672668
137 0.4363666772842407
138 0.7053139209747314
139 0.5238053202629089
140 0.7123090624809265
141 0.6684929728507996
142 0.6842737197875977
143 0.7046735286712646
144 0.8735831379890442
145 0.5879284143447876
146 0.4510803818702698
147 1.0595537424087524
148 0.5012274980545044
149 0.6941642761230469
150 0.6607152223587036
151 0.5146782994270325
152 0.5579047799110413
153 0.7540446519851685
154 0.9471539258956909
155 0.5309472680091858
156 0.9077337980270386
157 0.8156541585922241
158 0.6754330992698669
159 0.7995604872703552
160 0.6404119729995728
161 0.5987893342971802
162 0.4772161841392517
163 0.8207117319107056
164 0.649962306022644
165 0.6361836194992065
166 0.49567335844039917
167 0.7618853449821472
168 0.6619027853012085
169 0.6783629059791565
170 0.7192032933235168
171 0.9072708487510681
172 0.5541078448295593
173 0.5099416971206665
174 0.7113378047943115
175 0.7292584776878357
176 0.822345495223999
177 0.8786841034889221
178 0.6399980783462524
179 0.41514310240745544
180 0.8182557821273804
181 0.8698665499687195
182 0.8873426914215088
183 0.7583836317062378
184 0.7846556305885315
185 0.8698720932006836
186 0.5487337112426758
187 0.6734058856964111
188 0.6323002576828003
189 0.8344303369522095
190 0.49930253624916077
191 0.5149598717689514
192 0.8340135216712952
193 0.7707288861274719
194 0.44814833998680115
195 0.7781966924667358
196 0.5965102910995483
197 0.46786484122276306
198 0.3994777202606201
199 0.5047764778137207
200 0.6123557090759277
201 0.7292301654815674
202 0.9047861695289612
203 0.6712471842765808
204 0.6467154622077942
205 0.45718756318092346
206 0.8046644330024719
207 0.5324772000312805
208 0.9487664103507996
209 0.5686100721359253
210 0.5931131839752197
211 0.7241787314414978
212 0.3027266561985016
213 0.6864414811134338
214 0.8609635233879089
215 0.6962742805480957
216 0.7956888675689697
217 0.8320088386535645
218 0.7540892362594604
219 0.6116535067558289
220 0.37859010696411133
221 0.9576601386070251
222 0.9712569713592529
223 0.5750487446784973
224 0.6084163784980774
225 0.6833011507987976
226 0.5906029939651489
227 0.5917717814445496
228 0.2236318141222
229 0.4294184744358063
230 0.5397728085517883
231 0.5467399954795837
232 0.6388710737228394
233 0.5654070377349854
234 0.3600904643535614
235 0.4207577407360077
236 0.8772090077400208
237 0.6722407937049866
238 0.9875749945640564
239 0.6570221781730652
240 0.47978782653808594
241 0.9466263055801392
242 1.0091681480407715
243 0.8227654099464417
244 0.5329287648200989
245 0.629550039768219
246 0.6406984925270081
247 0.42224743962287903
248 0.24586914479732513
249 0.4053955674171448
250 0.6198389530181885
251 0.5605780482292175
252 0.33855047821998596
253 0.5346365571022034
254 0.3487245738506317
255 0.6845675706863403
256 0.5563121438026428
257 0.910264253616333
258 0.512518584728241
259 0.6373622417449951
260 0.7110504508018494
261 0.41096463799476624
262 0.6052259206771851
263 0.6603244543075562
264 0.63080894947052
265 0.6666210293769836
266 0.7901812791824341
267 0.7431198954582214
268 0.649319052696228
269 0.5408456325531006
270 0.3924241065979004
271 0.620878279209137
272 0.5805925130844116
273 0.771757960319519
274 0.7000328898429871
275 0.5487188100814819
276 0.49589216709136963
277 0.7168398499488831
278 0.6893756985664368
279 0.9151949286460876
280 0.6239179968833923
281 0.9115352034568787
282 0.39042678475379944
283 0.39473825693130493
284 0.8914847373962402
285 0.6404402852058411
286 0.39255717396736145
287 0.7343342900276184
288 0.9223626852035522
289 0.821130096912384
290 0.8249970078468323
291 0.9420714378356934
292 0.614949643611908
293 0.53263920545578
294 0.8196362257003784
295 1.0365856885910034
296 0.8393789529800415
297 0.5912086963653564
298 0.8632745742797852
299 0.8322579264640808
300 0.9071834087371826
301 0.5415240526199341
302 0.8508129715919495
303 0.7986681461334229
304 0.6960757970809937
305 0.9803525805473328
306 1.2838592529296875
307 0.9913897514343262
308 1.4233543872833252
309 0.6404544711112976
310 0.7660360932350159
311 0.7267240881919861
312 0.7540750503540039
313 0.5789669156074524
314 0.9814637899398804
315 0.8708846569061279
316 0.9096378684043884
317 0.6555891633033752
318 0.7853487730026245
319 0.8157934546470642
320 0.9313631653785706
321 0.685274064540863
322 0.9847658276557922
323 0.8970284461975098
324 0.681903600692749
325 0.7799769639968872
326 0.8225252628326416
327 0.8744519948959351
328 0.8239434957504272
329 0.7403191328048706
330 0.8965620994567871
331 0.3960748314857483
332 0.9455623030662537
333 0.667507529258728
334 0.6263943314552307
335 0.5146739482879639
336 0.9342401027679443
337 0.947107195854187
338 0.8109756112098694
339 0.7659838795661926
340 0.5850138664245605
341 0.7287632822990417
342 0.9053556323051453
343 0.78387850522995
344 0.8785730004310608
345 1.1570509672164917
346 0.4741249084472656
347 0.6235030889511108
348 0.6049940586090088
349 1.0620348453521729
350 0.8553673624992371
351 0.6981341242790222
352 0.4575005769729614
353 0.4770510196685791
354 0.5535771250724792
355 0.7005807757377625
356 0.6992507576942444
357 1.004818081855774
358 0.685480535030365
359 0.5434733033180237
360 0.8110232353210449
361 0.680793821811676
362 0.89531409740448
363 0.9456086158752441
364 0.8198774456977844
365 0.6105093359947205
366 0.6941558718681335
367 0.7021491527557373
368 0.6785525679588318
369 0.8818117380142212
370 0.7626439332962036
371 0.8085060715675354
372 0.8121561408042908
373 0.5360199809074402
374 0.6527929902076721
375 0.5750262141227722
376 0.6340844035148621
377 0.5504181385040283
378 0.5710117816925049
379 0.5366672277450562
380 0.49132972955703735
381 0.7718116641044617
382 0.5513423085212708
383 0.6445122957229614
384 0.32256659865379333
385 0.4715912342071533
386 0.31728777289390564
387 0.4275881052017212
388 0.6939108371734619
389 0.6729697585105896
390 0.6543667316436768
391 0.6384417414665222
392 0.6994439959526062
393 0.9043267369270325
394 0.8170600533485413
395 0.7693970203399658
396 0.6430209875106812
397 0.7727653384208679
398 0.8846850991249084
399 0.49995681643486023
400 0.6104617714881897
401 0.8162053823471069
402 0.6419551372528076
403 0.7640416026115417
404 0.695527970790863
405 0.659948468208313
406 0.8027743101119995
407 0.7709839344024658
408 0.7270274758338928
409 0.37413913011550903
410 0.6116408705711365
411 1.0171256065368652
412 0.27845266461372375
413 0.7648988366127014
414 0.5997230410575867
415 0.6804639101028442
416 0.4371732175350189
417 0.6995131373405457
418 0.7086536884307861
419 0.6567840576171875
420 0.5908731818199158
421 0.6174607276916504
422 0.7626417279243469
423 0.763726532459259
424 0.647374153137207
425 0.6247692108154297
426 0.9322862029075623
427 0.758925199508667
428 0.8694971799850464
429 0.7289851903915405
430 0.7243621349334717
431 0.5677709579467773
432 0.857949435710907
433 0.373667448759079
434 0.5273900032043457
435 0.634404182434082
436 1.0381625890731812
437 0.740664005279541
438 0.5087994933128357
439 0.5230467915534973
440 0.6529017686843872
441 0.5921141505241394
442 1.0934504270553589
443 0.5786871910095215
444 0.6782345175743103
445 0.6185491681098938
446 0.8854963183403015
447 1.1155229806900024
448 0.9555208086967468
449 0.9163678884506226
450 0.5377245545387268
451 0.9304443597793579
452 0.6328542828559875
453 0.7671244144439697
454 0.8807336688041687
455 1.186294436454773
456 0.7122759819030762
457 0.8104975819587708
458 0.6693525910377502
459 0.7019774913787842
460 0.8522523045539856
461 0.8487886786460876
462 1.0341309309005737
463 0.9729248285293579
464 0.8209286332130432
465 0.5773354768753052
466 1.0041370391845703
467 0.4719231128692627
468 0.8692421913146973
469 0.6152945756912231
470 0.745337963104248
471 0.5929250717163086
472 0.5457764863967896
473 0.4862711429595947
474 0.6983413100242615
475 0.3728264272212982
476 0.8734566569328308
477 0.5666838884353638
478 0.3800300359725952
479 0.47378382086753845
480 0.5286258459091187
481 0.40666550397872925
482 0.3881000876426697
483 0.5862711071968079
484 0.6374077200889587
485 0.8158026337623596
486 0.7094717025756836
487 0.7399371266365051
488 0.7471742033958435
489 0.9107065200805664
490 0.6711685061454773
491 0.7269555330276489
492 0.8152062296867371
493 0.5570576190948486
494 0.40162622928619385
495 0.5328774452209473
496 0.6330254077911377
497 0.7109966278076172
498 0.8829370737075806
499 0.8695022463798523
500 0.4874189496040344
501 0.8592157363891602
502 0.7577202320098877
503 0.7199455499649048
504 0.8705355525016785
505 0.6408057808876038
506 0.7410812973976135
507 0.556268036365509
508 0.8633091449737549
509 0.8465074896812439
510 0.6863043904304504
511 0.7471420168876648
512 0.5700381398200989
513 0.8733257055282593
514 0.9616265892982483
515 0.9147900938987732
516 0.7900499105453491
517 0.7079312205314636
518 0.7135859131813049
519 0.8633416891098022
520 0.9114797115325928
521 0.974134087562561
522 0.6957487463951111
523 0.9210967421531677
524 0.9488686919212341
525 0.8787192702293396
526 0.6030037999153137
527 0.8192568421363831
528 1.0915096998214722
529 0.7610172033309937
530 0.32683688402175903
531 0.53071528673172
532 0.7614612579345703
533 0.8102684020996094
534 0.9797431230545044
535 0.8311036229133606
536 0.599845290184021
537 0.8959689140319824
538 0.7890991568565369
539 0.9059060215950012
540 1.1797930002212524
541 0.5925284028053284
542 0.7525631785392761
543 1.2865098714828491
544 0.9123038649559021
545 0.4115068316459656
546 0.6488445401191711
547 0.684094250202179
548 0.5411014556884766
549 0.5406418442726135
550 0.8373156785964966
551 0.9345515370368958
552 0.828503429889679
553 0.5548679828643799
554 0.5925374627113342
555 1.0200639963150024
556 0.8101964592933655
557 0.6216696500778198
558 0.42596566677093506
559 0.4604371190071106
560 0.7780611515045166
561 0.7070778608322144
562 0.5425732135772705
563 0.7280121445655823
564 0.47397565841674805
565 0.4445092976093292
566 0.36157873272895813
567 1.0926392078399658
568 0.7413609027862549
569 0.7535139918327332
570 0.9899225234985352
571 0.6793766021728516
572 0.5078352093696594
573 0.9339437484741211
574 0.619274914264679
575 0.7669581770896912
576 0.42885056138038635
577 0.4331093728542328
578 0.526854395866394
579 0.8437886238098145
580 0.7227659821510315
581 0.557054877281189
582 0.5929406881332397
583 0.5294857621192932
584 0.35502931475639343
585 0.533069372177124
586 0.4825119078159332
587 0.6329057216644287
588 0.568543553352356
589 0.571932315826416
590 0.8148183226585388
591 0.7828751802444458
592 0.4010310769081116
593 0.45122000575065613
594 0.9029515385627747
595 0.5444020628929138
596 0.4381299316883087
597 0.3631553053855896
598 0.30066749453544617
599 0.258167564868927
600 0.3194076418876648
601 0.5306283235549927
602 0.6376582980155945
603 0.5284450650215149
604 0.716113805770874
605 0.941239058971405
606 0.7082670331001282
607 0.6253435611724854
608 0.6651480197906494
609 0.8783062100410461
610 0.6458792686462402
611 0.5967335104942322
612 0.5469800233840942
613 0.8736552000045776
614 0.7930225133895874
615 0.6959829926490784
616 0.49175316095352173
617 1.050328254699707
618 1.1862040758132935
619 0.8175824284553528
620 0.4995216131210327
621 0.8718899488449097
622 0.7672513723373413
623 1.2350382804870605
624 0.8568958640098572
625 0.7980319857597351
626 0.8311258554458618
627 0.7717471122741699
628 1.066131830215454
629 0.500604510307312
630 1.1167449951171875
631 0.668099045753479
632 0.9442547559738159
633 0.96039879322052
634 0.6105636954307556
635 1.0864739418029785
636 0.9369546175003052
637 0.9807435274124146
638 0.8419937491416931
639 0.8198031187057495
640 0.5455119013786316
641 0.5112708806991577
642 0.5595043301582336
643 0.672472357749939
644 0.5478217005729675
645 0.6443668007850647
646 0.6156235337257385
647 0.6983945965766907
648 0.745723307132721
649 0.5214502215385437
650 0.8000425100326538
651 0.7920360565185547
652 0.7064924836158752
653 0.8252557516098022
654 0.7657596468925476
655 0.7349045276641846
656 0.9270703792572021
657 0.9042665362358093
658 0.6753686666488647
659 0.763159990310669
660 0.6230947375297546
661 0.8575554490089417
662 0.5384229421615601
663 0.5596972107887268
664 0.4726215600967407
665 0.8058196902275085
666 0.8675945401191711
667 0.6368869543075562
668 0.882074236869812
669 0.6021765470504761
670 0.8741631507873535
671 0.8924368619918823
672 0.5801174640655518
673 0.7702959179878235
674 0.653721272945404
675 0.7648653388023376
676 0.7536135315895081
677 0.8857707977294922
678 0.6635057926177979
679 1.0778309106826782
680 0.9622784852981567
681 0.5972944498062134
682 0.5800554752349854
683 0.6487444043159485
684 0.8051329851150513
685 0.7437387704849243
686 1.1243488788604736
687 1.056398630142212
688 0.6788098216056824
689 0.7024186253547668
690 1.0992519855499268
691 0.9640563726425171
692 0.6989203691482544
693 0.650962233543396
694 0.7888281941413879
695 0.70086669921875
696 1.0289382934570313
697 0.8060988783836365
698 0.8037052154541016
699 0.6735131740570068
700 0.8944213390350342
701 0.973828911781311
702 0.9873876571655273
703 1.092606544494629
704 0.6893646717071533
705 1.114498257637024
706 1.3921170234680176
707 0.6949965357780457
708 0.7182822227478027
709 0.4088267385959625
710 0.8431267142295837
711 0.7820466160774231
712 0.7842997908592224
713 0.9885730147361755
714 0.7199212908744812
715 0.4413806200027466
716 0.541159987449646
717 0.6951795816421509
718 0.48941195011138916
719 0.6526008248329163
720 0.9128806591033936
721 0.6026008725166321
722 0.9825580716133118
723 0.8915224671363831
724 0.5187793970108032
725 0.937778890132904
726 1.0660427808761597
727 0.8456966876983643
728 1.0799696445465088
729 0.9596765041351318
730 1.0926539897918701
731 1.0929887294769287
732 0.8401186466217041
733 0.908592700958252
734 0.6068414449691772
735 0.5260483622550964
736 0.7111268043518066
737 0.8527873754501343
738 0.8187844753265381
739 0.896376371383667
740 1.2886134386062622
741 1.1500513553619385
742 0.8616267442703247
743 0.9151015281677246
744 0.6923339366912842
745 0.8297747373580933
746 0.7637665867805481
747 1.3170809745788574
748 0.9397497773170471
749 1.1731610298156738
750 1.1693795919418335
751 0.8666558861732483
752 1.1637835502624512
753 0.7686246037483215
754 0.9393201470375061
755 0.8276517987251282
756 0.761237382888794
757 1.285002589225769
758 0.8101387023925781
759 0.841336727142334
760 0.8383737206459045
761 0.8965886831283569
762 0.7494312524795532
763 0.9878017902374268
764 0.6181910634040833
765 0.9444816708564758
766 0.7348129749298096
767 0.8437424898147583
768 0.4822007417678833
769 0.6225922703742981
770 0.6995417475700378
771 1.219002366065979
772 0.9248437881469727
773 0.6767845153808594
774 0.6030226349830627
775 1.1086304187774658
776 0.848971426486969
777 0.869168758392334
778 1.086862564086914
779 0.9438642859458923
780 0.6073329448699951
781 0.7962598204612732
782 0.7767603993415833
783 0.4256931245326996
784 0.5507689118385315
785 0.4231116771697998
786 0.5940980315208435
787 0.8847604990005493
788 0.4225272536277771
789 0.3112815320491791
790 0.5478990077972412
791 0.7615768313407898
792 0.6208409070968628
793 1.2755208015441895
794 1.106310248374939
795 0.7903291583061218
796 0.6581940054893494
797 0.7304801940917969
798 0.7683059573173523
799 0.785278856754303
800 0.764641523361206
801 0.7007207274436951
802 0.6870267391204834
803 0.4900801479816437
804 0.935731828212738
805 0.7002004384994507
806 0.8685198426246643
807 1.117098331451416
808 0.8643799424171448
809 0.7861012816429138
810 0.6179679036140442
811 0.5740363597869873
812 0.8401649594306946
813 0.6216137409210205
814 0.7918218374252319
815 1.092241883277893
816 1.2514241933822632
817 0.8602473735809326
818 0.7809931039810181
819 1.10486900806427
820 0.9507463574409485
821 0.923309326171875
822 0.954289972782135
823 0.766389787197113
824 0.8721629977226257
825 1.1335840225219727
826 0.8509817123413086
827 0.966508686542511
828 0.9393618106842041
829 0.9413465857505798
830 0.9185090661048889
831 0.8359330296516418
832 1.1434543132781982
833 1.1731477975845337
834 1.3531957864761353
835 1.5751608610153198
836 1.4951444864273071
837 1.1789472103118896
838 1.1670407056808472
839 1.315477967262268
840 1.1609879732131958
841 0.8606270551681519
842 0.9988985061645508
843 1.2200682163238525
844 0.7094999551773071
845 0.7975044250488281
846 1.1175278425216675
847 0.70399409532547
848 0.7747106552124023
849 1.14327871799469
850 0.909620463848114
851 0.8561229109764099
852 0.8902332186698914
853 0.8036389946937561
854 0.9216159582138062
855 1.1884069442749023
856 0.9675763249397278
857 0.828373372554779
858 1.0013736486434937
859 1.2065542936325073
860 1.0538618564605713
861 0.912768542766571
862 0.6188240647315979
863 0.8501429557800293
864 0.7184594869613647
865 0.5169205665588379
866 0.6778367161750793
867 0.8192786574363708
868 0.9174004793167114
869 1.1363482475280762
870 0.7773696780204773
871 1.4640183448791504
872 1.2190691232681274
873 0.8153496384620667
874 0.8639628291130066
875 0.7253994345664978
876 0.7778666019439697
877 0.7328996062278748
878 0.5208610892295837
879 0.5650979280471802
880 0.6863268613815308
881 0.6757951378822327
882 0.7570400834083557
883 0.6788004040718079
884 0.8399940729141235
885 1.073996901512146
886 0.6232519745826721
887 0.8802099823951721
888 0.9629600048065186
889 0.7519843578338623
890 1.0380386114120483
891 0.7036657929420471
892 0.8227094411849976
893 0.739356279373169
894 0.9384143352508545
895 0.798633873462677
896 0.7256912589073181
897 1.0288794040679932
898 0.6571118831634521
899 1.002940058708191
900 0.7445316314697266
901 0.5731199383735657
902 0.8189284205436707
903 0.6613138914108276
904 0.8784281611442566
905 0.7171981334686279
906 0.8983180522918701
907 0.612628698348999
908 0.7517318725585938
909 1.1724164485931396
910 0.9309476017951965
911 0.9990727305412292
912 0.5306469798088074
913 0.7251670956611633
914 0.7705004215240479
915 0.9235610365867615
916 0.6771482825279236
917 1.0474518537521362
918 0.5262510776519775
919 1.1150023937225342
920 0.685657799243927
921 0.8127232193946838
922 0.8960067629814148
923 0.7503466010093689
924 0.6622844934463501
925 0.509320855140686
926 0.6801322102546692
927 0.4792112708091736
928 0.5178744196891785
929 0.9930399656295776
930 0.8136706352233887
931 0.44462502002716064
932 0.7975354790687561
933 0.819334089756012
934 0.8497976660728455
935 0.8507430553436279
936 0.8959589004516602
937 0.6977201104164124
938 0.8575798869132996
939 0.8682756423950195
940 0.866019606590271
941 0.8485525250434875
942 0.7008857727050781
943 0.9165852069854736
944 0.9063083529472351
945 0.7011554837226868
946 1.1812762022018433
947 0.8416033387184143
948 0.9177196621894836
949 0.6240115165710449
950 0.9119811058044434
951 0.8997862935066223
952 0.7335830926895142
953 0.5723835825920105
954 0.617918074131012
955 0.6701297760009766
956 0.8320605754852295
957 0.6021007299423218
958 1.0989935398101807
959 0.6219767928123474
960 0.4245073199272156
961 0.7696154117584229
962 0.5694296360015869
963 0.4873928427696228
964 0.5583301186561584
965 0.3842198848724365
966 0.8753514885902405
967 0.3264472484588623
968 0.4581018090248108
969 0.656258225440979
970 0.4648958444595337
971 0.6814647912979126
972 0.688840925693512
973 0.7762893438339233
974 0.8658762574195862
975 1.0532554388046265
976 0.6792054772377014
977 0.7302518486976624
978 0.5410738587379456
979 0.6604664921760559
980 0.5715210437774658
981 0.6309061646461487
982 0.7030490636825562
983 0.3984430432319641
984 0.6189804077148438
985 0.5099982619285583
986 0.6589612364768982
987 0.683453381061554
988 0.7601629495620728
989 0.5228796601295471
990 0.6675964593887329
991 0.4434273838996887
992 0.8991444706916809
993 0.650688111782074
994 0.9429655075073242
995 0.5914666056632996
996 0.4951249361038208
997 0.5826941132545471
998 0.3587137758731842
999 0.37592336535453796
1000 0.5786807537078857
1001 0.8361397385597229
1002 0.6675048470497131
1003 0.5289099812507629
1004 0.49067604541778564
1005 0.529256284236908
1006 0.6651761531829834
1007 0.6943128108978271
1008 0.5994317531585693
1009 0.7067893147468567
1010 0.5132184028625488
1011 0.47334736585617065
1012 0.42319145798683167
1013 0.588921308517456
1014 0.9894002079963684
1015 0.6214280724525452
1016 0.7269498705863953
1017 0.7276860475540161
1018 0.5560487508773804
1019 0.7914747595787048
1020 0.4334285855293274
1021 0.5016841888427734
1022 0.6287184357643127
1023 0.4483610689640045
1024 0.3903462290763855
1025 0.41059619188308716
1026 0.7298871874809265
1027 0.3475905954837799
1028 0.6085977554321289
1029 0.6796495318412781
1030 0.6165446043014526
1031 0.7166123986244202
1032 0.7782082557678223
1033 1.126373529434204
1034 0.6855742931365967
1035 0.4170370399951935
1036 0.35348188877105713
1037 0.8073062300682068
1038 0.6472803950309753
1039 0.5241866707801819
1040 0.4441882073879242
1041 0.6871364712715149
1042 0.7128096222877502
1043 0.5511618852615356
1044 0.4194689393043518
1045 0.3472263514995575
1046 0.4933425486087799
1047 0.5995722413063049
1048 0.4770687222480774
1049 0.5521511435508728
1050 0.6784955859184265
1051 0.813978374004364
1052 0.3600446581840515
1053 0.839881956577301
1054 0.8676392436027527
1055 0.8369295001029968
1056 1.0282455682754517
1057 0.7539180517196655
1058 0.39426013827323914
1059 0.5254499316215515
1060 0.6103426814079285
1061 0.43975818157196045
1062 0.73952716588974
1063 0.4247380793094635
1064 0.45628201961517334
1065 0.6133059859275818
1066 0.8484943509101868
1067 0.8061220049858093
1068 0.6262228488922119
1069 0.7904767990112305
1070 0.518047034740448
1071 0.522112250328064
1072 0.6790518760681152
1073 1.0968120098114014
1074 0.6851210594177246
1075 0.768689751625061
1076 0.8607626557350159
1077 0.52810138463974
1078 0.72913658618927
1079 0.8263985514640808
1080 0.6166988611221313
1081 0.7618012428283691
1082 0.5398916006088257
1083 0.48895418643951416
1084 0.513639509677887
1085 0.6540870666503906
1086 0.42753711342811584
1087 0.7678276300430298
1088 0.6249012351036072
1089 0.5649322867393494
1090 0.8610033988952637
1091 0.624002993106842
1092 0.6433152556419373
1093 1.0212159156799316
1094 1.0697827339172363
1095 0.8293078541755676
1096 0.9062358736991882
1097 0.6837467551231384
1098 0.9288031458854675
1099 1.2755696773529053
1100 0.8518590331077576
1101 1.1649481058120728
1102 0.6878650188446045
1103 0.9846798181533813
1104 0.8206038475036621
1105 0.8352980017662048
1106 1.121270775794983
1107 0.8705250024795532
1108 0.5743416547775269
1109 0.8205776214599609
1110 0.9031574130058289
1111 0.7512891888618469
1112 0.7922245264053345
1113 0.6728681325912476
1114 0.5228167176246643
1115 0.6029259562492371
1116 0.9635810256004333
1117 0.6368504762649536
1118 0.5408084988594055
1119 0.6562511324882507
1120 0.701808512210846
1121 1.011879324913025
1122 1.2592052221298218
1123 1.156260371208191
1124 0.9388750195503235
1125 0.6447579860687256
1126 0.5535677075386047
1127 0.8212845921516418
1128 1.3404817581176758
1129 0.9852388501167297
1130 0.7216426730155945
1131 1.1596802473068237
1132 0.6234530806541443
1133 1.1986083984375
1134 1.2909491062164307
1135 0.9500955939292908
1136 0.8069649338722229
1137 0.7358211278915405
1138 0.8420425653457642
1139 0.8321807980537415
1140 0.4964655637741089
1141 1.3224812746047974
1142 1.09379243850708
1143 1.1628992557525635
1144 0.9673689603805542
1145 0.930202305316925
1146 0.8415663242340088
1147 1.0643757581710815
1148 0.7553055882453918
1149 1.0585644245147705
1150 1.0886595249176025
1151 1.0230162143707275
1152 1.3342640399932861
1153 1.1701959371566772
1154 1.0498013496398926
1155 1.1678386926651
1156 0.6959571838378906
1157 0.6042293310165405
1158 0.6082668900489807
1159 1.0327978134155273
1160 0.8129732012748718
1161 0.6502976417541504
1162 1.0754474401474
1163 0.7667450308799744
1164 0.9715134501457214
1165 1.0552725791931152
1166 1.0206325054168701
1167 0.9121175408363342
1168 0.983746349811554
1169 1.0582109689712524
1170 0.9163158535957336
1171 0.5716205835342407
1172 1.0593920946121216
1173 0.9383352994918823
1174 1.3391634225845337
1175 1.1152846813201904
1176 1.0578029155731201
1177 0.9615777730941772
1178 1.2453274726867676
1179 1.1523772478103638
1180 0.8678538203239441
1181 1.0763059854507446
1182 1.0266833305358887
1183 1.0312598943710327
1184 1.245194673538208
1185 1.2532321214675903
1186 1.0370641946792603
1187 0.8231447339057922
1188 0.993191659450531
1189 0.9015471935272217
1190 0.9194678068161011
1191 0.7505001425743103
1192 0.9428094625473022
1193 0.7398320436477661
1194 0.9938948750495911
1195 0.6979202628135681
1196 0.9480324983596802
1197 1.3042553663253784
1198 1.0649834871292114
1199 1.0512874126434326
1200 1.1549715995788574
1201 0.8006999492645264
1202 1.043428659439087
1203 1.052908182144165
1204 1.0502221584320068
1205 1.0042245388031006
1206 0.9345269799232483
1207 0.8355007767677307
1208 0.9667468070983887
1209 1.2455623149871826
1210 1.0204591751098633
1211 1.2101370096206665
1212 0.8866227269172668
1213 0.8945080637931824
1214 1.2163110971450806
1215 1.1365885734558105
1216 1.0065994262695313
1217 0.8546345233917236
1218 1.2843784093856812
1219 0.7767210602760315
1220 0.7554739713668823
1221 0.905297040939331
1222 1.354775071144104
1223 0.6824967861175537
1224 0.9855220913887024
1225 1.0442304611206055
1226 0.9779007434844971
1227 1.2079964876174927
1228 0.9998059868812561
1229 0.9139653444290161
1230 1.0296117067337036
1231 1.005893588066101
1232 1.211426019668579
1233 0.881211519241333
1234 0.8773275017738342
1235 1.2282663583755493
1236 1.1859829425811768
1237 1.0086727142333984
1238 1.0403674840927124
1239 1.4772694110870361
1240 0.995516300201416
1241 0.8231633305549622
1242 1.2613627910614014
1243 0.9032600522041321
1244 1.020028829574585
1245 0.863141655921936
1246 1.116442084312439
1247 1.257066249847412
1248 1.0462583303451538
1249 0.7170050740242004
1250 0.9424527883529663
1251 0.623404860496521
1252 1.0040289163589478
1253 1.3357346057891846
1254 1.3470569849014282
1255 0.7594196796417236
1256 1.0253267288208008
1257 1.1966984272003174
1258 1.1701111793518066
1259 0.9732558131217957
1260 1.085996150970459
1261 1.3497940301895142
1262 1.345483422279358
1263 1.2419968843460083
1264 1.3506354093551636
1265 0.8791142106056213
1266 0.9181731939315796
1267 1.0174380540847778
1268 1.138364315032959
1269 0.7891400456428528
1270 0.6336207389831543
1271 1.2944364547729492
1272 1.003595232963562
1273 1.2332528829574585
1274 0.9530738592147827
1275 1.2532613277435303
1276 1.4287464618682861
1277 0.8702269196510315
1278 0.9850168824195862
1279 1.743775486946106
1280 0.9705394506454468
1281 1.3230183124542236
1282 1.3809733390808105
1283 0.9270706176757813
1284 1.4311290979385376
1285 1.200387716293335
1286 0.7219181656837463
1287 0.9434493184089661
1288 1.1670405864715576
1289 1.5804802179336548
1290 1.815382957458496
1291 1.8183194398880005
1292 1.4193421602249146
1293 0.9557086229324341
1294 1.0460299253463745
1295 1.0078890323638916
1296 0.8348748683929443
1297 1.1264123916625977
1298 0.9144550561904907
1299 1.2099778652191162
1300 1.0319801568984985
1301 1.015152096748352
1302 0.8314236402511597
1303 1.039276361465454
1304 1.114807367324829
1305 1.1895480155944824
1306 1.2964822053909302
1307 0.916447639465332
1308 0.8590096831321716
1309 0.8886867761611938
1310 1.3192989826202393
1311 0.8499733209609985
1312 1.3613256216049194
1313 0.8812960982322693
1314 1.1560087203979492
1315 0.9494917988777161
1316 1.3905810117721558
1317 1.1239899396896362
1318 1.0777581930160522
1319 1.3880176544189453
1320 1.4239423274993896
1321 0.6638309955596924
1322 1.062832236289978
1323 0.5998948216438293
1324 1.0909618139266968
1325 0.9410430788993835
1326 0.6711874604225159
1327 0.7903934717178345
1328 0.8447229266166687
1329 0.6590706706047058
1330 0.5622159242630005
1331 0.5392920970916748
1332 0.7689303159713745
1333 0.658933162689209
1334 0.7682990431785583
1335 0.9751258492469788
1336 0.8878470063209534
1337 0.5241808891296387
1338 0.515916109085083
1339 0.7733584046363831
1340 0.6999906897544861
1341 0.6893154382705688
1342 0.8332465291023254
1343 1.2052441835403442
1344 0.43775901198387146
1345 1.0030841827392578
1346 0.929713249206543
1347 0.5431756973266602
1348 0.85713130235672
1349 0.6173680424690247
1350 0.5556800365447998
1351 0.37141531705856323
1352 0.5285476446151733
1353 0.8856365084648132
1354 0.8436948657035828
1355 0.6879149675369263
1356 0.7048356533050537
1357 0.8157913088798523
1358 0.9240307211875916
1359 0.8114161491394043
1360 0.8080187439918518
1361 0.7065431475639343
1362 0.796350359916687
1363 0.5642543435096741
1364 0.578914999961853
1365 0.5252812504768372
1366 0.6210263967514038
1367 0.8597031831741333
1368 0.4317125976085663
1369 0.6201992630958557
1370 0.6291481852531433
1371 0.7456141114234924
1372 0.5955890417098999
1373 0.6483154296875
1374 0.8790051937103271
1375 0.3865957260131836
1376 0.6907274127006531
1377 0.8905621767044067
1378 0.6957553029060364
1379 0.7275791168212891
1380 0.5681545734405518
1381 0.7015123963356018
1382 0.7724501490592957
1383 0.8917028307914734
1384 0.7756839990615845
1385 0.49365273118019104
1386 0.8546000719070435
1387 0.5967712998390198
1388 0.9380207657814026
1389 0.5867390036582947
1390 0.4799082577228546
1391 0.580973744392395
1392 0.6101593971252441
1393 0.7840728759765625
1394 0.7242357730865479
1395 0.6001952886581421
1396 0.8535786867141724
1397 0.37845537066459656
1398 0.2734719514846802
1399 0.5180294513702393
1400 0.5602073669433594
1401 0.5271397233009338
1402 0.752834141254425
1403 0.46674999594688416
1404 0.8455538749694824
1405 0.5497369766235352
1406 0.9103286862373352
1407 0.8146052360534668
1408 0.7290953397750854
1409 0.8343528509140015
1410 0.6366918087005615
1411 0.8797423243522644
1412 0.9913514852523804
1413 0.7187044024467468
1414 1.1878055334091187
1415 1.0317938327789307
1416 0.7026659250259399
1417 0.7447794675827026
1418 0.8609147071838379
1419 0.8037270903587341
1420 0.8141325116157532
1421 0.7097368836402893
1422 0.8372880816459656
1423 0.8189145922660828
1424 0.8525132536888123
1425 1.1033393144607544
1426 0.797473669052124
1427 0.9453192949295044
1428 1.0495388507843018
1429 1.0512741804122925
1430 1.1991337537765503
1431 1.2011737823486328
1432 0.9562116861343384
1433 0.950078010559082
1434 0.8922159671783447
1435 1.0651180744171143
1436 1.3053183555603027
1437 1.2903050184249878
1438 0.853223443031311
1439 1.1125390529632568
1440 1.309918999671936
1441 1.3057836294174194
1442 1.1567944288253784
1443 1.03619384765625
1444 0.93293297290802
1445 1.3407883644104004
1446 1.3168072700500488
1447 1.198512315750122
1448 1.043012261390686
1449 1.140605092048645
1450 1.5021514892578125
1451 1.5638518333435059
1452 1.2755740880966187
1453 1.2253937721252441
1454 0.7816336750984192
1455 1.243069052696228
1456 1.4201761484146118
1457 1.2451804876327515
1458 1.1636985540390015
1459 1.2300835847854614
1460 0.8888731002807617
1461 0.958598256111145
1462 1.2628973722457886
1463 1.2473944425582886
1464 0.7497206926345825
1465 1.3710628747940063
1466 1.2086938619613647
1467 1.313315510749817
1468 0.963238000869751
1469 1.6418927907943726
1470 2.111328125
1471 1.4076135158538818
1472 1.458176851272583
1473 1.32680344581604
1474 1.908310055732727
1475 2.2668137550354004
1476 1.6047723293304443
1477 1.732241153717041
1478 1.9850356578826904
1479 2.037400960922241
1480 1.9174481630325317
1481 1.6954916715621948
1482 1.949627161026001
1483 1.769821286201477
1484 1.7548182010650635
1485 1.9409880638122559
1486 2.0236103534698486
1487 1.942008376121521
1488 2.2578561305999756
1489 1.820051670074463
1490 2.0035717487335205
1491 2.1121959686279297
1492 1.71628999710083
1493 1.5104460716247559
1494 1.5296385288238525
1495 2.114583969116211
1496 2.199666738510132
1497 2.0575881004333496
1498 2.0977137088775635
1499 0.7841855883598328
1500 1.211922287940979
1501 0.9687744975090027
1502 1.002112627029419
1503 1.097294807434082
1504 1.0746408700942993
1505 1.080863356590271
1506 1.1108949184417725
1507 1.2966549396514893
1508 1.3838131427764893
1509 1.0955755710601807
1510 1.1047946214675903
1511 0.8274673223495483
1512 1.4568570852279663
1513 1.1310646533966064
1514 0.8766633868217468
1515 1.0604352951049805
1516 1.130347490310669
1517 0.8411246538162231
1518 1.0586069822311401
1519 0.7389629483222961
1520 1.2805790901184082
1521 0.9924167394638062
1522 0.9018716216087341
1523 1.4398550987243652
1524 1.3071385622024536
1525 0.9844014048576355
1526 1.526610016822815
1527 1.1136529445648193
1528 0.9345240592956543
1529 1.085882306098938
1530 0.893351674079895
1531 0.7114118337631226
1532 1.4963055849075317
1533 0.894736111164093
1534 0.6866984963417053
1535 1.1709381341934204
1536 0.6803929805755615
1537 0.8425365090370178
1538 0.5865703821182251
1539 0.47624698281288147
1540 0.970884382724762
1541 0.9623782634735107
1542 1.0889569520950317
1543 1.2071177959442139
1544 1.295663595199585
1545 1.1214587688446045
1546 1.5188629627227783
1547 1.5080386400222778
1548 1.506819248199463
1549 1.478161096572876
1550 2.131588935852051
1551 1.4089394807815552
1552 1.6154870986938477
1553 1.5027107000350952
1554 1.630257487297058
1555 1.8302862644195557
1556 1.499415397644043
1557 1.4466500282287598
1558 2.0352511405944824
1559 1.2201740741729736
1560 1.3707044124603271
1561 1.086673378944397
1562 1.4201105833053589
1563 1.714895486831665
1564 1.4133622646331787
1565 1.2866744995117188
1566 2.072180986404419
1567 1.7128353118896484
1568 1.376893401145935
1569 0.7630704045295715
1570 1.2350167036056519
1571 1.044071078300476
1572 0.7364348769187927
1573 0.7584001421928406
1574 1.0362192392349243
1575 1.0687265396118164
1576 0.7100698947906494
1577 0.9677814841270447
1578 0.6194367408752441
1579 0.6016373634338379
1580 0.7315195202827454
1581 0.899682343006134
1582 1.1076256036758423
1583 0.8177610039710999
1584 0.5201277136802673
1585 0.5843285918235779
1586 1.188612937927246
1587 0.5702261328697205
1588 0.8603892922401428
1589 0.6305368542671204
1590 0.721788763999939
1591 0.9777461290359497
1592 0.8145825862884521
1593 1.1846327781677246
1594 0.9159709811210632
1595 1.041878581047058
1596 0.4375659227371216
1597 0.9400195479393005
1598 0.8974009156227112
1599 0.9457753896713257
1600 1.0496177673339844
1601 0.4846205711364746
1602 0.7345658540725708
1603 0.9284749031066895
1604 1.0630055665969849
1605 0.5652055144309998
1606 1.0322058200836182
1607 1.0172958374023438
1608 0.6119017601013184
1609 0.5811517238616943
1610 0.5025247931480408
1611 0.4999552369117737
1612 0.7273205518722534
1613 0.589089572429657
1614 1.0464930534362793
1615 0.6919971108436584
1616 0.9733656644821167
1617 0.4850772023200989
1618 0.4581696689128876
1619 0.9248343110084534
1620 0.6974145174026489
1621 0.8269140720367432
1622 0.9570959806442261
1623 1.0944042205810547
1624 1.0081149339675903
1625 0.6876599192619324
1626 0.9436632990837097
1627 0.9020302891731262
1628 0.26947811245918274
1629 0.7992804646492004
1630 0.6347252130508423
1631 0.9968269467353821
1632 1.245680570602417
1633 0.5975406169891357
1634 0.8859279751777649
1635 0.9066756367683411
1636 1.2029625177383423
1637 1.1308032274246216
1638 0.9041091799736023
1639 0.7660542130470276
1640 0.5140478014945984
1641 0.47327229380607605
1642 0.6667906641960144
1643 0.6294784545898438
1644 0.8235833048820496
1645 0.7111625671386719
1646 0.8860844969749451
1647 0.6385284066200256
1648 0.6001077890396118
1649 0.7657109498977661
1650 0.7530761957168579
1651 1.039294719696045
1652 0.7275843620300293
1653 0.8303532004356384
1654 0.9781500101089478
1655 1.3668780326843262
1656 0.7210586071014404
1657 0.9135367274284363
1658 0.9938733577728271
1659 0.7694584131240845
1660 1.3075060844421387
1661 0.8431235551834106
1662 0.35949355363845825
1663 0.783012866973877
1664 1.156525731086731
1665 1.0805797576904297
1666 0.8733360171318054
1667 0.6019149422645569
1668 0.9711173176765442
1669 0.7061901688575745
1670 0.4869403839111328
1671 0.5751585364341736
1672 0.6082722544670105
1673 0.7431967854499817
1674 0.6844697594642639
1675 0.6416803002357483
1676 0.7293704748153687
1677 0.7280247807502747
1678 0.7031736373901367
1679 0.8831684589385986
1680 0.7892947196960449
1681 0.825831413269043
1682 0.7154592275619507
1683 0.8487475514411926
1684 1.0257331132888794
1685 1.064957857131958
1686 0.7214694619178772
1687 0.5791149139404297
1688 0.5974056720733643
1689 0.49614500999450684
1690 0.8283958435058594
1691 0.8912360072135925
1692 0.796855092048645
1693 0.5455855131149292
1694 0.6955156922340393
1695 0.4176878035068512
1696 0.5734790563583374
1697 0.6766024231910706
1698 0.846174955368042
1699 0.5811721086502075
1700 0.693378746509552
1701 0.7930837273597717
1702 0.39511099457740784
1703 0.9301414489746094
1704 0.7106255292892456
1705 0.7837836742401123
1706 0.5422827005386353
1707 1.2018775939941406
1708 0.6209308505058289
1709 0.573589563369751
1710 0.5918264985084534
1711 0.8780321478843689
1712 0.7102543115615845
1713 0.9748198390007019
1714 0.8979066014289856
1715 0.30242034792900085
1716 0.9307323694229126
1717 0.4400756061077118
1718 0.4279954135417938
1719 0.7145059108734131
1720 0.5056594014167786
1721 0.5506969094276428
1722 0.7328478693962097
1723 0.5014546513557434
1724 1.0518410205841064
1725 0.9244349002838135
1726 0.8313366770744324
1727 1.0486950874328613
1728 1.0612505674362183
1729 0.7970269918441772
1730 0.9030169248580933
1731 0.8101372122764587
1732 0.6937963366508484
1733 0.804118812084198
1734 0.5356659293174744
1735 0.785225510597229
1736 0.5633580684661865
1737 0.8571851253509521
1738 0.7710918188095093
1739 0.6436412930488586
1740 1.0464491844177246
1741 0.7891244888305664
1742 0.4615890085697174
1743 0.9812735319137573
1744 0.5932064056396484
1745 1.1005733013153076
1746 0.5621148943901062
1747 0.7338477969169617
1748 0.3807523846626282
1749 0.591086208820343
1750 0.8000161051750183
1751 0.6439529657363892
1752 0.679684042930603
1753 0.4853174090385437
1754 0.9234239459037781
1755 1.097662329673767
1756 0.6297305822372437
1757 0.619231104850769
1758 0.8619641661643982
1759 0.7929814457893372
1760 0.6254320740699768
1761 1.0785168409347534
1762 0.6722240447998047
1763 0.7175333499908447
1764 0.36716732382774353
1765 0.42125093936920166
1766 0.6742164492607117
1767 0.7015972137451172
1768 0.8739773631095886
1769 0.4390004575252533
1770 0.39689570665359497
1771 0.5797478556632996
1772 0.7024343013763428
1773 0.6742029786109924
1774 0.7161346077919006
1775 0.4610990285873413
1776 0.6658690571784973
1777 0.5173543095588684
1778 0.8793203830718994
1779 0.4892527163028717
1780 0.6097598671913147
1781 0.7745679020881653
1782 0.6786202192306519
1783 0.7034931182861328
1784 0.5101965665817261
1785 0.7185526490211487
1786 0.46058720350265503
1787 0.8058108687400818
1788 0.4205661118030548
1789 0.6227443218231201
1790 0.5763627290725708
1791 0.9957708716392517
1792 0.930300235748291
1793 0.6911154389381409
1794 0.5766098499298096
1795 0.5828998684883118
1796 1.0216506719589233
1797 1.150438904762268
1798 0.8692203760147095
1799 0.88995361328125
1800 0.743224024772644
1801 0.8348183035850525
1802 0.7762734293937683
1803 0.8537265062332153
1804 0.5226542353630066
1805 0.5380756855010986
1806 0.8101813793182373
1807 0.8732545971870422
1808 0.9838837385177612
1809 0.662692129611969
1810 0.5157023072242737
1811 0.5293760299682617
1812 0.6014648079872131
1813 0.6916080713272095
1814 0.6412927508354187
1815 0.32529082894325256
1816 1.2485400438308716
1817 0.7130023837089539
1818 1.2835686206817627
1819 1.236277461051941
1820 0.49709001183509827
1821 0.7674427032470703
1822 1.0276741981506348
1823 1.519328236579895
1824 0.6752997040748596
1825 0.7585863471031189
1826 0.48079633712768555
1827 0.5558168292045593
1828 1.355130910873413
1829 0.8088328838348389
1830 0.9078221321105957
1831 1.5209200382232666
1832 1.3791170120239258
1833 0.6827744841575623
1834 0.578406035900116
1835 0.8827130198478699
1836 0.6171385049819946
1837 0.5113255977630615
1838 0.6943016052246094
1839 0.7608996629714966
1840 1.3012394905090332
1841 1.004115343093872
1842 0.7429131269454956
1843 1.0294069051742554
1844 0.8618779182434082
1845 1.2128679752349854
1846 0.8022851347923279
1847 1.2259752750396729
1848 1.3705087900161743
1849 0.5588558912277222
1850 1.1555246114730835
1851 0.8339236974716187
1852 1.489891767501831
1853 0.6550149917602539
1854 1.117094874382019
1855 0.8496608734130859
1856 1.1349940299987793
1857 0.7543210387229919
1858 0.40975308418273926
1859 0.7034684419631958
1860 0.7594744563102722
1861 0.8956669569015503
1862 0.6237953901290894
1863 0.7806580662727356
1864 0.6050513982772827
1865 0.6584716439247131
1866 0.5114890933036804
1867 0.816717803478241
1868 1.2223211526870728
1869 0.9320177435874939
1870 0.8940539956092834
1871 0.7504333257675171
1872 0.7346905469894409
1873 0.7158836722373962
1874 0.7925858497619629
1875 1.284571886062622
1876 1.1293785572052002
1877 0.8118594288825989
1878 0.9893307685852051
1879 1.1293810606002808
1880 1.041581153869629
1881 1.010736346244812
1882 0.7806096076965332
1883 0.4623803198337555
1884 0.8651374578475952
1885 1.2011680603027344
1886 0.9614577889442444
1887 1.1587549448013306
1888 0.9133100509643555
1889 0.6421634554862976
1890 1.1511380672454834
1891 0.6382583379745483
1892 0.819619357585907
1893 0.81938236951828
1894 0.6182233691215515
1895 0.5724424123764038
1896 0.8452052474021912
1897 1.0919336080551147
1898 0.7385332584381104
1899 1.0002596378326416
1900 1.299068808555603
1901 0.7454257607460022
1902 0.6929962635040283
1903 0.8261210322380066
1904 0.5938921570777893
1905 1.2871342897415161
1906 0.5437189340591431
1907 1.0381066799163818
1908 0.7511072158813477
1909 0.9927184581756592
1910 0.7586826086044312
1911 0.8439638018608093
1912 0.8951767683029175
1913 0.9183976650238037
1914 1.2471145391464233
1915 1.1701462268829346
1916 0.682934045791626
1917 1.0066756010055542
1918 1.179999589920044
1919 0.9839369058609009
1920 0.8132815361022949
1921 1.3955986499786377
1922 0.9431357979774475
1923 0.8903475403785706
1924 0.7223263382911682
1925 0.7229440212249756
1926 1.21063232421875
1927 0.7718095183372498
1928 0.9410560727119446
1929 0.9126376509666443
1930 0.6059471964836121
1931 0.6742157340049744
1932 0.7129279375076294
1933 1.0050352811813354
1934 0.6590253710746765
1935 1.0632351636886597
1936 0.8319358825683594
1937 1.003106951713562
1938 0.899356484413147
1939 0.8978658318519592
1940 1.0185816287994385
1941 0.7096186876296997
1942 0.9587103724479675
1943 0.8051545023918152
1944 0.736341655254364
1945 1.0277460813522339
1946 1.2163643836975098
1947 0.6733682155609131
1948 0.6586114764213562
1949 1.161923885345459
1950 0.877804160118103
1951 0.6320914626121521
1952 1.1217021942138672
1953 1.2407206296920776
1954 1.0251786708831787
1955 0.7076184153556824
1956 1.0514768362045288
1957 0.8606783747673035
1958 1.1534112691879272
1959 1.2930625677108765
1960 1.1181108951568604
1961 0.9967113137245178
1962 0.8860622644424438
1963 1.2612016201019287
1964 0.8251447081565857
1965 0.8993235230445862
1966 1.0242524147033691
1967 1.3143885135650635
1968 1.2160680294036865
1969 0.947024941444397
1970 1.2655924558639526
1971 1.3960312604904175
1972 1.46224045753479
1973 1.2627068758010864
1974 1.0427660942077637
1975 0.7559440732002258
1976 1.0543839931488037
1977 0.7722128033638
1978 0.660674512386322
1979 1.2123099565505981
1980 1.0677348375320435
1981 1.0417872667312622
1982 1.1098612546920776
1983 1.4417511224746704
1984 1.1006258726119995
1985 0.7263986468315125
1986 1.3527255058288574
1987 0.9167001843452454
1988 1.3356339931488037
1989 1.1396456956863403
1990 1.3649452924728394
1991 1.761083960533142
1992 0.9352213740348816
1993 1.113914966583252
1994 1.2085226774215698
1995 0.6965482234954834
1996 0.8818157911300659
1997 0.9490879774093628
1998 0.8017125129699707
1999 0.8546154499053955
