0 19.03121033825985
1 18.99668476871657
2 18.485296225454867
3 19.706225225892155
4 18.45615239464937
5 17.970891352828122
6 19.257496255394223
7 18.681531611602356
8 19.3604349794716
9 18.591626300209025
10 18.13940786013045
11 18.75758931955064
12 18.291278797890932
13 18.599612258715897
14 18.855154415517813
15 19.53426670021805
16 19.92482437694152
17 18.599240285582514
18 19.18111654910633
19 19.10716651944362
20 19.451739757177208
21 19.895210647838518
22 19.079102575499963
23 18.794346781246972
24 19.83983301137449
25 19.790012438688585
26 19.422572263371585
27 20.078340585191885
28 20.755883259177075
29 20.927373196846336
30 20.47637235494505
31 20.69598327376311
32 20.228861045824942
33 20.403908509884992
34 20.17256938623308
35 20.349872076292023
36 20.196282236612284
37 19.53965792097397
38 19.01110035788269
39 19.741461407068005
40 18.828002393239743
41 18.895724161353435
42 19.109419059833904
43 19.07843576418679
44 19.295458131197087
45 19.265612720619018
46 19.517124856646966
47 19.455984989761166
48 19.91681801565003
49 19.070088311192656
50 19.183960873470014
51 18.229750109572738
52 18.507460468174457
53 19.181558704982805
54 18.380483764346945
55 18.552615220240575
56 17.442204373665486
57 18.75577569762537
58 18.23638566573547
59 19.080880912482446
60 18.429313585500303
61 17.903504900074264
62 19.38106999689267
63 19.491029730201433
64 17.29379444800045
65 17.520862881242675
66 18.551364836271397
67 19.02207409402766
68 18.740500541683925
69 18.333475807226062
70 18.791418831426082
71 18.19020599743056
72 17.869961907250648
73 16.325048739266396
74 16.627486728448154
75 17.21272349662348
76 16.856549037318135
77 17.297525761748055
78 16.76910853774409
79 17.99114589855324
80 17.30660323536271
81 17.255660568282433
82 17.466523051072436
83 17.51978688882521
84 18.409299109081676
85 18.361253740592964
86 17.283143246769637
87 18.483037159754794
88 17.944836049753587
89 18.017598521289553
90 17.919477626326277
91 17.866318555436134
92 17.660087723443183
93 17.641778713552835
94 17.751109979781535
95 18.00345211599381
96 17.02850034317015
97 17.003697491519375
98 17.61344821761776
99 17.500481803308112
100 17.089361530967196
101 18.339619474212753
102 18.613174534187106
103 18.480242114537685
104 17.96526998444739
105 18.015166404579976
106 18.654957978040134
107 17.537710231260494
108 17.585243208959408
109 18.07889812799419
110 19.27495855622883
111 18.986667792195796
112 18.81290340531145
113 18.15541133280233
114 17.856485137245613
115 18.604566775486415
116 17.84177467121619
117 17.697041741012825
118 17.816364572604385
119 18.22348800614537
120 17.986672113601898
121 18.000231807976267
122 17.401542146443624
123 18.037223100634847
124 17.588462197757167
125 17.688891143000244
126 18.332080643428082
127 18.35064833875403
128 17.96875093051793
129 18.3251024050558
130 18.25767034591168
131 18.22558543725161
132 17.620459946532808
133 18.632287767024216
134 18.833345070299153
135 17.0267386420024
136 16.821500108746474
137 16.441409477752146
138 17.30429674262693
139 17.277046551187492
140 18.071085472316692
141 17.713819741773925
142 17.933633298717147
143 16.64508990182767
144 17.312775336009516
145 18.734721387719723
146 18.16644500529272
147 19.210475577934446
148 19.1859362584584
149 19.170207703184403
150 18.881147400314262
151 19.730887364142863
152 19.475896758309805
153 19.933248625669737
154 20.031890600753925
155 18.87542171906408
156 19.798785538863378
157 19.362232341629444
158 20.575414363228404
159 20.645030872844867
160 19.631091845570403
161 20.456206148331184
162 19.446786887591117
163 20.40338325381463
164 19.87512552290742
165 19.8139805823217
166 20.174457225010954
167 19.619969118749374
168 20.71098202321818
169 20.298166852832786
170 20.04078431617812
171 20.55052395202064
172 20.031046487827197
173 20.30479534454618
174 20.31011242148251
175 20.689971638870354
176 20.598305909490126
177 20.68877071819268
178 19.5829834296092
179 19.085516736172046
180 19.965323384466178
181 20.03831868391025
182 19.913150552262262
183 18.57187716685122
184 19.12102813670173
185 19.7406470159723
186 18.680656961206484
187 18.345443701037546
188 18.342915837257806
189 18.861663118791043
190 18.55272500162836
191 18.524876851695687
192 18.132613883724463
193 17.805244084383595
194 17.990196948670683
195 18.530892476543826
196 17.81876724657019
197 17.66799843855281
198 17.18356941988126
199 17.58606853769772
200 16.99643412521001
201 18.01510753847109
202 16.474979522302434
203 18.410818477385188
204 17.5895901858041
205 18.264360318747503
206 18.144542028790593
207 17.961651081627522
208 17.763188651997748
209 18.606143015963276
210 17.998012845561355
211 17.696752465980687
212 17.911403822997247
213 17.93227309516361
214 17.337066413910552
215 17.263459474001905
216 17.43091516571705
217 19.101401150723852
218 17.478872994486547
219 17.785861025419607
220 17.076568301595525
221 17.320712507659323
222 18.20406907236224
223 17.625426200154774
224 16.643005404315826
225 16.275360258887297
226 16.298897688967212
227 16.387376758241537
228 16.496561469432997
229 16.20181344069462
230 16.932495428953153
231 17.07590673327915
232 16.807377698959158
233 16.70290841166034
234 16.736365591584327
235 17.78662233944218
236 17.967400288624102
237 17.91071339049372
238 17.20197474467558
239 16.94281851291867
240 17.32741105208746
241 17.430686728407604
242 17.572279433914847
243 17.715532295897905
244 17.397248934952245
245 17.443459228294056
246 17.473043669855393
247 16.36746576366531
248 16.178251214287435
249 16.482897399736107
250 16.883762542693255
251 15.203459650834517
252 15.845436410046311
253 16.282708500674886
254 15.46001699431783
255 16.167096840633516
256 16.344047955334492
257 16.713382364729483
258 15.378861167353687
259 15.610748283994802
260 16.5513925538772
261 16.62256560682191
262 16.567324712420472
263 16.990379016261656
264 15.91664067572025
265 17.132723352939387
266 17.77346769411699
267 15.71015404480292
268 16.855119192214726
269 16.580500584442433
270 16.23015267432981
271 16.75072347878246
272 16.745559167281403
273 17.184375821579852
274 16.56641005014156
275 15.973857460058927
276 15.434078070081858
277 15.495157409068593
278 15.305393796498326
279 16.298065043109904
280 14.95336983347419
281 15.956343874758485
282 15.530996157525804
283 15.235049981098816
284 15.574418801448637
285 16.32843120039568
286 16.21748479767514
287 16.284623677022108
288 16.129913549667087
289 16.681457912734704
290 16.109260906157463
291 15.044908453258536
292 15.312584150762882
293 14.742956764044639
294 13.94456414381023
295 13.70787337623036
296 14.705483518197106
297 14.56043174286086
298 15.167358848282413
299 14.215096068666035
300 14.64187382967001
301 15.41528040963422
302 15.890354136479532
303 15.788076944426008
304 15.798850805811439
305 15.511171459812312
306 15.696912393068976
307 15.474111383013867
308 16.384040280689415
309 15.490227088436436
310 16.557645382574812
311 15.27863196949085
312 15.306450408380792
313 15.98413695760925
314 15.914368338628018
315 14.830018289173774
316 15.241718437214805
317 15.223799421283843
318 15.076503347140328
319 15.325170610432243
320 15.894142423363562
321 16.242663786621993
322 16.57750908139325
323 16.459244490564146
324 16.839497535238515
325 16.427113110200125
326 15.978837821451133
327 16.07668440783261
328 16.699720697300336
329 16.341088223730125
330 15.549269195969304
331 14.98948170175075
332 14.46875922432636
333 14.513444757478618
334 14.051309510753724
335 15.432750273410631
336 15.272808563314616
337 15.435996672795728
338 14.827780941894618
339 14.26638508116559
340 14.503994558560812
341 14.845082527774533
342 14.11671877741517
343 13.555265100482908
344 13.977009200815978
345 14.855816848448502
346 13.920025689905733
347 14.505089517375238
348 13.856246222395148
349 13.308965432987195
350 13.07172287319498
351 12.759044099753533
352 13.929225510188258
353 13.422617561352524
354 12.88478219484205
355 13.298514058184855
356 13.621498291080924
357 14.459608076388948
358 12.951725419143953
359 13.619810887925066
360 13.572854077430875
361 13.936978645440771
362 14.543587765035628
363 13.49839401977447
364 13.69569585356489
365 13.581909289935648
366 13.87759702586434
367 14.26490815800484
368 13.91705950102355
369 14.588521966305272
370 13.863524079339642
371 14.487959150564397
372 13.351449111786655
373 14.02108305487615
374 13.18052066109131
375 14.179264710380561
376 14.247294427430049
377 13.810036457525019
378 13.33518572076116
379 12.961179846415966
380 12.176084882927402
381 13.047357593198194
382 12.035152054478177
383 11.832361734151831
384 11.795311883638966
385 12.123715120668573
386 12.364711300789784
387 12.14397625096125
388 12.618465015667569
389 13.139190857563376
390 12.873318106728558
391 12.513784875678839
392 12.086842820074144
393 11.050644613322953
394 11.69462171552278
395 12.073408514368618
396 12.997808773976935
397 11.646151972061348
398 13.443004230539714
399 11.56295788286101
400 11.069593279010016
401 11.80322624987978
402 10.965331152056484
403 11.036903122810193
404 11.353629453935163
405 11.796947855102061
406 10.744819441801951
407 11.675353787161958
408 11.839218059310372
409 11.865279791710067
410 11.707561138539987
411 11.494201081602561
412 11.656164452736924
413 11.134234518292574
414 10.877887998850678
415 12.195541059440695
416 11.176891467732878
417 10.840686138316439
418 10.939359975148957
419 11.312207533906959
420 11.355282682280812
421 10.756209435852092
422 10.831588680744762
423 12.430455949618993
424 12.094317035999648
425 12.184699414155197
426 11.550206676169628
427 11.694950454951938
428 11.787925243276202
429 11.972877470449255
430 12.899797732867809
431 13.631496166648246
432 12.574193092151777
433 12.933809515775279
434 12.94651576054894
435 13.690507137660044
436 13.926474204404933
437 14.472896946870959
438 13.70881517735679
439 12.201146871706564
440 13.402046655734825
441 13.541994427116029
442 13.114953633325221
443 13.140727234838973
444 12.688422222553971
445 12.858578325095214
446 13.81897369625859
447 12.097220018292
448 11.891511207587541
449 11.886091667559386
450 12.389725325623242
451 11.57914873669025
452 11.186588005283419
453 11.554950704886867
454 12.732061171579916
455 12.48489743267303
456 11.822393907597485
457 11.993252148979531
458 12.001073416746866
459 11.71762167462192
460 11.243646279315303
461 9.647861832658194
462 9.792456567314275
463 11.47385726884963
464 10.550345358261488
465 11.172717690316997
466 11.570522512725972
467 10.362578490637597
468 11.231923706562501
469 9.663539784614724
470 10.58685097434711
471 11.001112660989456
472 10.377957330526332
473 10.896215816704435
474 11.005623436460986
475 11.043169400239908
476 10.033622862942424
477 9.835467548977105
478 9.69515028844678
479 9.923213965889557
480 10.707225448638457
481 10.568645476662327
482 10.094286820536649
483 10.552937185708235
484 11.083128798962113
485 10.564465822455796
486 11.003273663882899
487 11.520337057522136
488 11.714094520657035
489 11.09964158553359
490 11.033721361637665
491 10.972627363403266
492 11.443999083683593
493 11.181379091872673
494 10.342359274587873
495 10.482480284592734
496 10.620030165053029
497 10.802348891725694
498 11.01671831061986
499 10.86735553470288
500 10.767499611174426
501 10.996480659169139
502 10.779298228937131
503 10.968851274350254
504 10.672059254067372
505 11.24620979705583
506 10.611877689334296
507 10.968615324329502
508 10.289021906223095
509 11.699506525689912
510 11.170563298397171
511 10.676032018066572
512 10.885064129338167
513 12.064690376470178
514 11.196582888311244
515 9.843228421097177
516 10.457873562026768
517 9.560532734351634
518 10.165063731887546
519 10.095407755511491
520 9.810667200913137
521 10.403161437765075
522 10.528499842777316
523 11.358831154354426
524 11.759938478587328
525 11.772772300869795
526 12.079636522931777
527 12.367110474787205
528 11.241252181960611
529 12.213794236328336
530 12.55124522164679
531 12.107270840330552
532 12.188134229078019
533 12.609788895630295
534 11.65007926916837
535 11.833712196582837
536 11.345407887980695
537 11.135292334274695
538 11.323904264028718
539 10.89207374598373
540 10.830642899235164
541 10.378988333014002
542 11.127196861708848
543 10.70145742208117
544 10.492635126928326
545 10.56574035822849
546 10.735998777598752
547 11.83834407527555
548 11.825173341387426
549 11.10807118691413
550 11.127449092035594
551 10.913877603801376
552 11.218466121844092
553 11.43048535682063
554 11.425562855693636
555 10.776558971940636
556 10.159217974469016
557 9.656589962309932
558 9.043591195476637
559 8.862829763966062
560 9.062821817179188
561 9.432207717812373
562 8.92206753850021
563 9.595690334962434
564 9.355374038972357
565 9.212874207267285
566 8.860690837532957
567 9.43185631520497
568 8.968828431075497
569 9.183019056116198
570 9.35786910038109
571 8.935674720937069
572 9.974876762501198
573 9.57625171013297
574 8.703839516659952
575 8.651402203243709
576 8.849154544780152
577 7.894656090279681
578 8.58184525045784
579 8.671035418688906
580 8.352384524729649
581 9.05041595049007
582 8.48215647058464
583 8.463540423741446
584 8.510817891548943
585 8.436147208474566
586 8.466100772920875
587 8.811340372085235
588 8.981661738743291
589 8.147598535569596
590 8.289504654778513
591 8.261737060352464
592 7.83748447492354
593 8.620551609455319
594 7.787918919248739
595 8.372313392939501
596 8.561525742791991
597 8.322948223756029
598 8.322141011015685
599 8.616135967694326
600 8.059591870770237
601 8.628817715755185
602 8.138902330936213
603 8.183761852260242
604 8.997946706453918
605 9.038757426662466
606 8.77576570228424
607 8.572252778217905
608 8.64208266521809
609 8.788421821245745
610 8.360386560580691
611 8.284034966403741
612 8.644912273619695
613 8.308036503346504
614 8.591006549660266
615 8.528606549413963
616 8.405172150546456
617 8.831478537461338
618 9.274497483579804
619 9.09440718911684
620 8.503897617602373
621 8.090027207583734
622 8.213689532131353
623 8.172848636113775
624 8.160166709480045
625 7.868440438766779
626 8.250326097629548
627 8.211910875631744
628 9.486583181029674
629 8.432740621107452
630 9.044022473135302
631 9.066246770752588
632 9.490895063264125
633 9.269456115098754
634 8.85405792609711
635 8.512593373358662
636 8.915624316348264
637 9.290549164582725
638 8.33704276340956
639 8.268415081943695
640 7.335707494703146
641 7.540088940254574
642 8.212595871196987
643 7.776185723301128
644 7.486335986638671
645 8.661547354937474
646 7.685476484841991
647 7.9981690464372965
648 8.260212386133714
649 7.713959177198727
650 8.416053918927068
651 8.365901715286999
652 8.232701901720242
653 8.640877457676805
654 8.325339462384727
655 8.1680149658851
656 8.378535606950468
657 8.679209569802786
658 8.1948977113583
659 8.51818849675427
660 8.818610964968695
661 8.319351426748517
662 8.702020633910122
663 8.308037131331243
664 8.466098237326962
665 8.567087897653478
666 9.038487436196597
667 8.560441485256469
668 8.943009298950988
669 8.074767930359476
670 8.052870097993672
671 8.67024209976342
672 7.877998148986689
673 7.920522031441168
674 8.66690917040137
675 8.351342479175479
676 8.679117469488586
677 8.62169901449837
678 8.04174868521981
679 8.128039959118583
680 8.678863048074172
681 8.675752343917566
682 8.396138242633485
683 7.706375171685678
684 8.797685668558493
685 8.304343334069303
686 8.331565254156116
687 8.840542347950684
688 8.33502120486333
689 8.327492210610897
690 8.413461054944984
691 8.60288025044803
692 8.76476370775967
693 8.63619044230564
694 8.005477972046398
695 8.431591053074781
696 8.855056442270575
697 8.03376789799898
698 8.188052809683546
699 8.457083796902163
700 8.819894683514567
701 8.992221878547175
702 8.803343654723783
703 8.851360914353585
704 9.036223142289522
705 9.27247066219336
706 9.38930055534258
707 9.160332274836309
708 8.427974510953236
709 9.021480733556412
710 9.645233228076824
711 8.47366213416963
712 8.758759004913681
713 9.007029632856009
714 8.741087245299656
715 9.274946824537349
716 8.406824651112164
717 8.821081988108164
718 7.7489906066125815
719 8.999180574896144
720 7.543920726490952
721 6.7127518369170405
722 7.519963055218793
723 7.676403768970147
724 7.756966702099244
725 7.143154333421014
726 7.493776583893021
727 7.765528557238369
728 6.631372443105447
729 7.720751066454286
730 7.322287371388745
731 7.9897866548213035
732 7.767387112815062
733 6.872947019487371
734 7.231241445616886
735 7.173250647364227
736 7.547846688503927
737 6.9677064456717686
738 7.449066490955672
739 7.41650951046312
740 6.988583877499561
741 6.143533090404196
742 7.0669142933322675
743 6.957520628835268
744 6.802592172138121
745 7.118920337391676
746 6.890953273809699
747 6.612647135653066
748 6.215367454134154
749 5.713339658561394
750 6.690358528333337
751 6.044648009084163
752 6.153693230903608
753 6.794053974907652
754 6.04006043541353
755 7.879621492943751
756 6.977906207748683
757 8.102628733895905
758 6.986305094197157
759 6.889243717778029
760 6.999357687575433
761 6.700543797321256
762 7.057231354863935
763 6.350875859408622
764 6.395719332244282
765 6.430093769758182
766 6.558583039157907
767 6.400429385664337
768 6.376472914878138
769 6.152344146477326
770 6.537872839770288
771 6.214497291978483
772 6.3241103089538475
773 6.205386075163223
774 5.427682052189773
775 5.6674980316481
776 5.690385431463787
777 5.731489848118996
778 5.88639773923171
779 5.839488022457904
780 5.6881068507768315
781 6.3559491159703185
782 6.073185751683968
783 5.858117836783122
784 6.058917544551574
785 5.929391485619618
786 6.065226729304482
787 6.051686774826903
788 4.7491801357746946
789 5.978983690979889
790 5.791034553618341
791 5.86802479582564
792 6.278122818745925
793 6.657966303164744
794 6.136113095596834
795 6.344254215105476
796 5.973419357076046
797 5.899625252071102
798 5.778877447801886
799 6.448617970385102
800 5.96506124174575
801 6.199411141927561
802 6.226877844178334
803 5.755506866917282
804 6.718467089677288
805 6.228961982543082
806 6.274110157261508
807 5.813749381432428
808 6.292904795843467
809 6.414651840828242
810 6.169384767574873
811 5.962892428043483
812 6.179192768221634
813 6.295522094481905
814 6.118658367082429
815 6.37432786061159
816 5.824660378930292
817 5.895243773812072
818 6.4230811453747165
819 6.278772871313382
820 5.901770150851503
821 5.7781142834864125
822 6.010899171288666
823 5.388250412658625
824 5.963277486111988
825 6.243218304956931
826 5.9907879423952615
827 6.038270453021432
828 6.362787278971315
829 6.371693094321506
830 6.084208893188603
831 6.140687793860059
832 5.344087575129453
833 5.439840627736378
834 5.339124576657279
835 5.358722510024504
836 5.159108999245324
837 5.438560405931689
838 5.306586806983228
839 4.905958932818942
840 5.154497077796089
841 5.632349658369398
842 5.4676333421446515
843 5.651330768332231
844 5.991886851648796
845 6.28799004070793
846 4.922394994546037
847 5.420885692459387
848 5.305506755784213
849 5.4744928786586975
850 5.039530062008169
851 5.038033824266983
852 5.0646858215951545
853 5.089562268457185
854 4.968831718783488
855 5.195890637083972
856 5.091347293309242
857 5.81304572750483
858 5.989325609084774
859 5.973435795768264
860 5.177386479521787
861 5.700278319935224
862 5.563178258227108
863 6.007410333081401
864 5.805608993431504
865 5.766896295920471
866 5.0737037964182905
867 5.583621527966731
868 5.539859589923391
869 4.774455781030557
870 4.970911134264644
871 3.3417709752584543
872 4.95873620285305
873 5.6228607655974265
874 5.515738258930034
875 4.78868583044205
876 5.205544018419173
877 5.631256334781729
878 5.252246694412954
879 5.499887158378336
880 4.701794783579202
881 4.9301386975957495
882 5.39643638738835
883 5.470314877398107
884 5.484090013680917
885 5.883096073260118
886 5.725129503020727
887 5.508871184165194
888 5.690625509030155
889 5.580483132598414
890 5.700715836424794
891 5.108486724516678
892 5.386611601781326
893 5.543306291074611
894 5.7886043514883765
895 5.73386033816442
896 5.653086863721013
897 5.645005788492008
898 5.2859547487848815
899 5.590348077839501
900 5.099031549074065
901 4.573971145745452
902 5.143630176037743
903 4.902707787963482
904 4.70735387384021
905 3.719870659120668
906 3.5643627175685615
907 3.6024314828928845
908 3.4024848030147643
909 3.450443907522334
910 3.4393018066436145
911 3.5762189067451966
912 3.74057157324441
913 3.656364279538617
914 3.6467205498759587
915 3.5326466043805897
916 3.638637125996793
917 3.461811201853534
918 3.676385708704174
919 3.5612765811186504
920 3.50924121530838
921 3.513691730815833
922 3.2220587932586295
923 3.6614211658052542
924 3.4226965727246728
925 3.7087710841216683
926 3.3946250595937806
927 3.6731264507582604
928 3.599338834095764
929 3.5231403628092104
930 3.756991457813512
931 3.6458458070585125
932 3.573599985243066
933 3.623659837016141
934 3.532699578461606
935 3.5976721144001096
936 3.4222658944615025
937 3.36372021045873
938 3.5707040805430763
939 3.664400811830894
940 3.6826783038837756
941 3.6013231753650454
942 3.524925814706798
943 3.4580190223052107
944 3.50938246623995
945 3.7135173059966933
946 3.633283717103258
947 3.5670960760767034
948 3.453443815799518
949 3.76124723451387
950 3.501798395813808
951 3.523950589941778
952 3.5129954579334544
953 3.5819967288023475
954 3.7605073003463594
955 3.545929594897535
956 3.962571507419606
957 3.4929224796780343
958 3.3597329374938174
959 3.6374354248651883
960 3.586200860921262
961 3.7668673578885676
962 3.585706041700023
963 3.6055760560999124
964 3.47431826894114
965 3.648088735782204
966 3.7821853659788256
967 3.5574813671219223
968 3.563789747504584
969 3.5291197499830163
970 3.613060003935732
971 3.7747569082003065
972 3.7346288824487464
973 3.6826952725994
974 3.761301239391761
975 3.446215499232831
976 3.7195572969953963
977 3.608514756595873
978 3.6206272020349592
979 3.497903460279177
980 3.7063015587112953
981 3.7460714489814135
982 3.7219663026630347
983 3.686768346576285
984 3.6030385777157568
985 3.71395486510359
986 3.714928294063161
987 3.9417320019482904
988 3.744124073266307
989 3.4336283575906665
990 3.539645771627009
991 3.7538270209595392
992 3.752784711289629
993 3.6856471638880524
994 3.4537207408203328
995 3.6311399686352943
996 3.723298389962737
997 3.617354899130284
998 3.7372816188244737
999 3.753491872506104
1000 3.604507575174674
1001 3.730865674039739
1002 3.635050297104004
1003 3.707933207517415
1004 3.7289010305865316
1005 3.799066356083358
1006 3.6527502282481863
1007 3.706296936116674
1008 3.8549087110209923
1009 3.938426094015573
1010 3.629019742574883
1011 3.87509912461203
1012 3.623061046186698
1013 3.756267212662192
1014 3.691402337915016
1015 3.6741673872307685
1016 3.7332419661258602
1017 3.757123406662679
1018 3.8827234021684864
1019 3.678676540684482
1020 3.753749104128506
1021 3.8424644397589325
1022 3.761696626716744
1023 3.5799777474638974
1024 3.7656427313515577
1025 3.8385622510261928
1026 3.8171494768966667
1027 3.699156606301261
1028 3.8657384376085044
1029 3.771981183716861
1030 3.9902940024199918
1031 3.645633917473582
1032 3.67370264350401
1033 3.8425367817039544
1034 3.764969961980232
1035 3.52142009000779
1036 3.6622136250168955
1037 3.4877553117367266
1038 3.741247074967264
1039 3.6548796846501315
1040 3.850827308228438
1041 3.573165208238497
1042 3.7408278504480217
1043 3.8426474683827037
1044 3.778421463753614
1045 3.6989715393596168
1046 3.632940521771631
1047 3.80522630126208
1048 3.9681382375025525
1049 3.6305508445185524
1050 3.836186857702157
1051 3.9406127709967125
1052 3.652902671509373
1053 3.9025876787600198
1054 3.702384434537352
1055 3.8079091994478698
1056 3.704931189609657
1057 3.7450931339262095
1058 3.874774679382701
1059 3.7907903976136894
1060 3.737740368864732
1061 3.611115588149833
1062 3.7929612988068833
1063 3.7743017921979987
1064 3.9517427427318417
1065 3.7361887748558154
1066 3.882361694775597
1067 3.695071078740879
1068 3.8292790192519566
1069 3.7833052916387655
1070 3.9572598353310364
1071 3.7467454841173744
1072 3.7893197639933893
1073 3.706656786041445
1074 3.847243855650128
1075 3.9586970935616135
1076 3.656550144693494
1077 3.5167338931917085
1078 3.7761965211017956
1079 3.8902389805105444
1080 3.817306882614482
1081 3.699163554957132
1082 3.8329573306843785
1083 3.593706690589119
1084 3.7669806653320457
1085 3.709455712616339
1086 3.7856752748821516
1087 3.8479009746616675
1088 3.748418720634378
1089 3.765138231484352
1090 3.649294550313155
1091 4.003115067604883
1092 3.6277944446856307
1093 4.117265641233454
1094 3.61086556168225
1095 3.7014551543184413
1096 3.6084741032963903
1097 3.9106693670703283
1098 3.524036701666944
1099 3.6155876475278395
1100 3.7882303231953025
1101 3.667675882245453
1102 3.978138108634412
1103 3.7778044403679756
1104 3.848744738276207
1105 3.9536179122570805
1106 3.586971828286844
1107 3.5818741421346965
1108 3.824900210499957
1109 4.232396053058102
1110 3.898842869210252
1111 3.684259471503015
1112 3.985082410046151
1113 3.4022422049603533
1114 3.6254895127853604
1115 3.4827757858332906
1116 3.693765793698998
1117 3.557784131679638
1118 3.650820384114093
1119 3.6736989959236945
1120 3.8685085753925446
1121 3.6502636644764266
1122 3.9028526804391785
1123 3.786793297470204
1124 3.8907623947622314
1125 3.726503244028108
1126 3.4270029318666295
1127 3.8504102386918766
1128 3.968264846322755
1129 3.9148594630935354
1130 3.556079757566895
1131 3.8669877108050366
1132 3.651542407881271
1133 3.638715176652683
1134 3.7520416639638063
1135 3.8361061505245586
1136 3.7056612622393152
1137 3.6004037976775
1138 3.724585076678807
1139 3.849914039152829
1140 3.4879763665765657
1141 3.5991946971685564
1142 3.696681342418666
1143 3.87654299688602
1144 3.859023973046366
1145 3.6339560770847332
1146 3.738906837731911
1147 3.8317694464079444
1148 3.8738656934659863
1149 4.156327626817656
1150 3.862751015503762
1151 3.7686774884148906
1152 3.794525075107297
1153 3.9218225517651164
1154 3.832102143017891
1155 3.769657326269248
1156 3.6542727399266814
1157 3.6496652410235217
1158 3.666083610720078
1159 3.8219170077044575
1160 3.7626365738729373
1161 3.659612141227551
1162 3.9377888459288974
1163 3.7183372225703
1164 3.6028190606000194
1165 3.792009989535722
1166 3.269542475927363
1167 3.5544735904528766
1168 3.722111533009755
1169 3.625628996582143
1170 4.149643550796161
1171 3.8681648549196663
1172 3.772698209389666
1173 3.6673311741276122
1174 4.001351887666398
1175 3.6336545500838886
1176 3.440175537634288
1177 3.5400395429593865
1178 3.99244505581546
1179 3.5042207413755446
1180 3.3067815817620025
1181 3.4753500695839614
1182 3.4667297514898148
1183 3.331990265454395
1184 3.474244406474783
1185 3.410560994419832
1186 3.303036276504234
1187 3.455782744524923
1188 3.287595491103491
1189 3.2044217731086766
1190 3.0548275142998564
1191 3.150514273829297
1192 3.4024064730948416
1193 3.263083036232251
1194 3.08694385932216
1195 3.1004597063873955
1196 3.5182508390499234
1197 3.73458868519927
1198 3.51875431544334
1199 3.3118719512934556
1200 3.5949471551600327
1201 3.458414690052838
1202 3.3516247129313026
1203 3.6966052423447873
1204 3.559886848518472
1205 3.7960837862093753
1206 3.8722006218033465
1207 3.389795705417473
1208 3.412412563157447
1209 3.5564655285008104
1210 3.3662602809430284
1211 4.12209861075348
1212 3.2166722702126167
1213 3.6799701785403505
1214 4.00318717445776
1215 3.8616560642991864
1216 3.531871707187422
1217 4.606414419510581
1218 3.4865976957336264
1219 3.974446816700919
1220 3.5711683574014814
1221 3.199295865179972
1222 3.718468749148977
1223 4.303324430725052
1224 3.588933448788465
1225 4.109202718195053
1226 4.0972969038001334
1227 3.8983119404275084
1228 3.5584312681433032
1229 3.3125037294964326
1230 3.7910253841635364
1231 3.137385934718934
1232 3.308088628463518
1233 4.066561072498321
1234 3.52900232845311
1235 3.1045760885864206
1236 3.6302319388049034
1237 3.5165028289885885
1238 3.5419927557457105
1239 3.3164563810263217
1240 3.606944920771367
1241 3.59679663125512
1242 3.7445512470441527
1243 3.3144829740964252
1244 3.5586809332585925
1245 3.3475620555018684
1246 3.039128680935523
1247 3.3843788963503885
1248 3.3468886385557024
1249 3.3414747715955704
1250 3.1568846250244023
1251 3.3384644319797947
1252 3.2867872164098078
1253 3.218742701825439
1254 3.457000363948746
1255 3.3537704093773257
1256 3.1588317197655145
1257 3.0211731508149953
1258 3.0931534730789867
1259 3.3096268465265912
1260 3.134621023323731
1261 3.443513589662757
1262 3.048713173024657
1263 3.388952202561521
1264 3.20167925735425
1265 3.3884406140656465
1266 3.3527707475398274
1267 3.3262933084040553
1268 3.1513873803499477
1269 3.132788954515763
1270 3.697692416880935
1271 3.1958820913210784
1272 3.423521480998705
1273 3.1831587240757635
1274 3.4043454720910926
1275 3.4592501706404994
1276 3.5846376452193027
1277 3.4126024442759246
1278 3.3240891073456216
1279 3.0579773918060056
1280 3.4348439647931674
1281 3.05907197523043
1282 3.483954791078528
1283 3.6143752559472384
1284 3.4194541733747896
1285 3.51203339117064
1286 3.469182378403981
1287 3.5474188319417235
1288 3.5006241907028226
1289 3.650024238164448
1290 3.5019695114982037
1291 3.1007571499302555
1292 3.2013017174577914
1293 3.285094477989062
1294 3.377791065093095
1295 3.235616240887657
1296 3.505043186806044
1297 3.3027691271129584
1298 3.2099824725337194
1299 3.639066100868876
1300 3.31143502288945
1301 3.468512325729373
1302 3.427313215796996
1303 3.448353073132387
1304 3.3228163923055396
1305 3.466433795480931
1306 3.23417570873262
1307 3.416960435312725
1308 3.408533830956701
1309 3.634905808064733
1310 3.380795642486818
1311 3.512952932495227
1312 3.3857691503714893
1313 3.461868930956113
1314 3.464271240569039
1315 3.4910907257509667
1316 3.256733386823934
1317 3.340816129315382
1318 3.5204204446515672
1319 2.9185981376588686
1320 3.165135918433974
1321 4.447422801153819
1322 4.756682527513916
1323 4.482273162902253
1324 4.840061606989126
1325 3.9052920890128475
1326 4.336060424206686
1327 4.3194112920405665
1328 4.0936893116128825
1329 4.051691577633228
1330 4.168703401474596
1331 4.714306021412969
1332 4.682538792004104
1333 4.356200557445361
1334 5.103234068647856
1335 4.691651772906023
1336 4.594290004256032
1337 4.500298799252512
1338 4.534309727517335
1339 4.4299812390719895
1340 4.414579508270588
1341 4.518920792438482
1342 4.071243944768276
1343 3.489911918109364
1344 4.918410620403213
1345 4.25303746199383
1346 3.8041890855773506
1347 4.176656914047712
1348 3.9648119300686475
1349 4.396424682751732
1350 4.285205755423826
1351 4.916958452990573
1352 4.182100760866625
1353 4.306679114955276
1354 4.584530994851564
1355 4.182882335662066
1356 4.068987513864123
1357 4.5517646524604425
1358 4.917940996408679
1359 4.315705890933763
1360 4.103534134935708
1361 4.858757961755068
1362 3.763862774767174
1363 4.3090955670560005
1364 4.915219122281238
1365 4.618161055275595
1366 4.205866268815725
1367 4.217683631750725
1368 4.462196001363018
1369 4.496379532768707
1370 4.409776205043508
1371 4.2392891880177
1372 4.31934559299883
1373 4.584502504564283
1374 4.761883587097613
1375 4.665852540294976
1376 4.318141497279022
1377 4.458044405902796
1378 4.170147114334016
1379 4.680085336675182
1380 4.206616371802982
1381 4.69092774902823
1382 4.803631979119782
1383 4.57729150869223
1384 4.5480171592246235
1385 4.6503694718865765
1386 4.298661681592009
1387 5.42912451504182
1388 5.2437214714243705
1389 6.164341099993014
1390 5.4055261502016165
1391 5.3779876281614065
1392 5.330875710731402
1393 5.501575976131893
1394 4.800799798082551
1395 4.608960323316836
1396 5.814240378020788
1397 4.9500844254150085
1398 4.641590443008802
1399 4.683662826353916
1400 4.515653671621761
1401 4.732168977456984
1402 4.810489706706681
1403 4.780458147448601
1404 5.58806696088279
1405 5.101833854867307
1406 5.055401426701028
1407 4.687116201348908
1408 5.140323542715167
1409 4.867046704510612
1410 5.2259602000676395
1411 5.349459595784444
1412 4.799705339071484
1413 4.986184443931762
1414 4.86141706113824
1415 3.9469821207691145
1416 4.84272562533009
1417 4.969840230803158
1418 4.783568195155007
1419 5.357754462019187
1420 4.715291319773342
1421 4.911744690905654
1422 5.080094996875257
1423 4.9267903691078825
1424 4.737444341386562
1425 4.330665566896126
1426 4.7650054427015975
1427 4.544248720821215
1428 4.3109307348158055
1429 4.49402837527651
1430 4.2185709560454825
1431 4.411954383821598
1432 4.839327987153978
1433 4.425422129562235
1434 3.9498525888336107
1435 3.385035614030868
1436 3.2927044055721533
1437 3.7127319339018023
1438 3.6989181867638377
1439 3.43499296967017
1440 3.3761115819038983
1441 3.5669041413361064
1442 3.5017932565178715
1443 3.3288367111462884
1444 3.60739099143577
1445 3.536189906979951
1446 3.2374285438239765
1447 3.6234435871824355
1448 3.580575970177239
1449 3.4776787721158704
1450 3.3804653447954465
1451 3.065089220658499
1452 3.2615621519722207
1453 3.5487197468523584
1454 4.079759683123932
1455 3.418349159448335
1456 3.386947816161882
1457 3.62435734698767
1458 3.7773302594373264
1459 3.693988970094537
1460 3.8260753953760993
1461 3.548102773006217
1462 3.5676163058785124
1463 3.5573250253947752
1464 4.114187175390804
1465 3.3990047017090794
1466 3.702430911819122
1467 3.5320009423398826
1468 3.6307773284200784
1469 3.6554139036004014
1470 3.698515101720821
1471 3.418698546439615
1472 3.3457848001018373
1473 3.707280792658889
1474 3.6184341568188065
1475 3.30338039499978
1476 3.415585493313132
1477 3.2994931112366097
1478 3.78292640572223
1479 3.420948192626522
1480 3.514864643349617
1481 3.4834611962238635
1482 3.5718321083295343
1483 3.3583833921857478
1484 3.5610252318010107
1485 3.2891036642097164
1486 3.494936942318729
1487 3.4583856677043117
1488 3.398325222870257
1489 3.439732402758138
1490 3.4094349076255486
1491 3.7909592757141644
1492 3.4435810141529095
1493 3.37340955938511
1494 3.6555610278505286
1495 3.5354060270172254
1496 3.774168231368132
1497 3.6987429940847605
1498 3.4016554617776924
1499 4.8816886538290385
1500 4.201774644224527
1501 4.468945365698583
1502 4.714884792087264
1503 4.40789023527976
1504 4.503922176324716
1505 5.180243527152878
1506 4.854192640392734
1507 4.868484798615658
1508 4.508544003027648
1509 4.897049795107633
1510 5.0112840008648245
1511 5.188025190156616
1512 4.86125129580651
1513 4.991974443799889
1514 4.958912356557215
1515 4.776540801756269
1516 4.590154092863914
1517 5.065766731882131
1518 5.059387489703267
1519 5.153063040559676
1520 3.9472413537397877
1521 4.519629521694585
1522 4.842575540408299
1523 4.921772431726836
1524 5.2555368678620145
1525 4.818529182488474
1526 4.497369519605763
1527 4.778349857105348
1528 4.849345370472641
1529 5.737388699918135
1530 5.223557386475013
1531 5.195203243871141
1532 5.216025172788377
1533 4.924094345705808
1534 5.278267797080487
1535 4.894759986789406
1536 5.769149233994144
1537 6.412881406661715
1538 6.139220511900576
1539 5.607962960463039
1540 5.143356166817282
1541 6.0361916451859665
1542 5.582631921482441
1543 5.283310410117849
1544 5.2242478504964405
1545 5.541534903060359
1546 4.849597124162515
1547 5.275353652381779
1548 5.066703065927586
1549 5.244245256338834
1550 4.588308685111983
1551 5.636616360122051
1552 5.456068117936372
1553 4.953125902996238
1554 5.284274927242925
1555 4.775029309079549
1556 4.9339421904846406
1557 4.891063530181131
1558 4.218297989291957
1559 5.615291548585188
1560 6.041047310273698
1561 6.343320602781779
1562 5.607943745021662
1563 5.783553491424353
1564 6.133247741212809
1565 6.3732992118206715
1566 5.042336084874778
1567 6.190732092343752
1568 5.61429186695763
1569 6.210517336443509
1570 5.858074474142289
1571 5.606766368640764
1572 6.114147051599818
1573 6.109277888060463
1574 6.51029756298571
1575 6.273213202320512
1576 6.812264203189656
1577 6.384843048359026
1578 7.250092172313961
1579 7.243838631053128
1580 7.056280831527926
1581 7.553149220201589
1582 6.802428661787605
1583 6.722753396209261
1584 7.479132527001189
1585 7.5861280078097115
1586 7.0086387294535735
1587 8.18372400260403
1588 8.007698544373735
1589 8.382858977010178
1590 8.34681900633442
1591 8.14694969528063
1592 7.608161373410995
1593 7.812255013784977
1594 8.157091863699367
1595 8.709748425958768
1596 8.472687821072148
1597 7.901259869929891
1598 8.266148794029828
1599 9.111057504621979
1600 9.011306431175301
1601 8.612614206994602
1602 8.930856935284986
1603 9.279166540359281
1604 10.04211258962375
1605 9.389081057460272
1606 8.19461410311272
1607 10.131739939158845
1608 9.149689172776364
1609 9.820379912197616
1610 9.688277894873698
1611 9.725789782525823
1612 9.241536972199127
1613 9.836263616442086
1614 10.262249332278476
1615 10.253451516318822
1616 9.984782326806107
1617 10.217329867373776
1618 9.95950701196303
1619 10.509466286326466
1620 11.33669063581211
1621 10.392652658021875
1622 10.4912980194744
1623 10.307595322184543
1624 10.49943683745509
1625 9.918730037124007
1626 10.113751989864337
1627 10.033060547433957
1628 10.598134065603535
1629 9.80903437837414
1630 9.991626663561767
1631 9.37585255061128
1632 9.265986678316846
1633 10.125436387268852
1634 10.582929850603735
1635 10.298075949539777
1636 10.200542481323268
1637 9.716251973153222
1638 10.442272330769182
1639 11.152642684999273
1640 10.42465482754511
1641 9.942880513484553
1642 9.769051003983002
1643 9.883586922007112
1644 9.989862113653407
1645 10.662693424058348
1646 10.619441123214987
1647 10.583202914270961
1648 10.68184169181991
1649 10.882591015820692
1650 10.7615484070644
1651 10.768623624962762
1652 11.682373675415372
1653 11.087868359205428
1654 11.031193257494316
1655 11.060191382332217
1656 12.277306024491017
1657 11.706611777823467
1658 11.851442308354361
1659 12.318813166054547
1660 11.787759698418252
1661 12.21781444796367
1662 11.511137476259437
1663 13.014211850060939
1664 11.151505627156011
1665 11.2924141812426
1666 11.95594928888231
1667 12.45135542322627
1668 11.431667004287457
1669 12.128781909337832
1670 11.41782586294325
1671 10.710504223982191
1672 10.811130032613317
1673 11.522693185461131
1674 11.399248550914285
1675 11.534284610588644
1676 11.187823985101742
1677 11.145416511463841
1678 10.965173417050963
1679 9.920748696068149
1680 10.594125345816197
1681 11.43757590414166
1682 11.158590403462311
1683 10.786445006109918
1684 10.193995784824535
1685 10.85297934070751
1686 11.762915123267465
1687 10.986256427640484
1688 11.797183311236514
1689 11.86444640675835
1690 13.017786145031415
1691 12.77360014034667
1692 13.748881337033401
1693 12.885352939309996
1694 12.607725524505758
1695 11.926338621057184
1696 12.930722237318433
1697 11.817611999630357
1698 11.631703705986277
1699 11.547816435135143
1700 11.08155681200376
1701 10.143087287872298
1702 11.939970649422023
1703 12.509827322061783
1704 14.476103361626004
1705 14.450252284513239
1706 13.755441945321532
1707 14.44015030920308
1708 14.876924061719624
1709 13.784020863064972
1710 13.279877024594668
1711 13.97140635089163
1712 13.483136674073242
1713 13.661125388523029
1714 13.901828663008482
1715 13.879385520861197
1716 12.736223539680283
1717 13.63892147558157
1718 14.053886605031217
1719 13.549958859844937
1720 13.759457016993618
1721 14.442045254530386
1722 13.89251953722632
1723 13.603371211336453
1724 13.483524255246152
1725 13.433791080489163
1726 12.821166684359502
1727 12.94115341987093
1728 11.950358673745411
1729 13.26724732868853
1730 12.597674639353828
1731 13.129484681821868
1732 13.599530544156847
1733 14.143425078981943
1734 13.084610720967904
1735 14.28629676442581
1736 13.846111271954523
1737 13.533644672815372
1738 13.221579126419373
1739 12.911405276473214
1740 12.513698519969008
1741 12.572615530002102
1742 13.586996226687052
1743 13.606984638405054
1744 14.143728423241674
1745 13.786141454402472
1746 14.332168682782486
1747 13.06560091724795
1748 13.723360295502022
1749 13.881160066755319
1750 13.532189955988413
1751 14.369597254066628
1752 14.887767475282061
1753 15.101118763793306
1754 13.999529334015238
1755 13.078622682782528
1756 13.958396853029186
1757 14.184247766640105
1758 13.84346693288962
1759 14.050223990241012
1760 14.060036122032088
1761 15.059446390230393
1762 15.119142862661361
1763 15.540840822797707
1764 15.921678906082299
1765 14.39066949312309
1766 14.178951508353498
1767 13.86027079122721
1768 14.23862465015136
1769 14.280399946311642
1770 14.954031548993369
1771 14.206764784362095
1772 15.143534400045123
1773 15.336409838312864
1774 14.509105359683932
1775 14.191253741176062
1776 12.827000408720663
1777 13.215715855468732
1778 12.796230651659993
1779 13.960939423621362
1780 13.395768022597363
1781 13.381702079538556
1782 13.99761653130962
1783 13.23381176069723
1784 13.230914340505375
1785 13.828307355073504
1786 13.713391861848885
1787 13.412772489535765
1788 14.180756146586575
1789 13.746889973217327
1790 13.778203288643681
1791 13.687643811118159
1792 13.37756993455261
1793 13.891491621459172
1794 13.365634767295568
1795 13.881528457444846
1796 13.513290145988902
1797 14.30686371668619
1798 13.914669464576267
1799 13.729966360161809
1800 13.855350728782966
1801 11.713887986559158
1802 12.88923068959059
1803 13.297508897150374
1804 13.803820182440496
1805 13.838471629788115
1806 14.871311242002491
1807 15.23419626907165
1808 14.01960382907779
1809 14.251858352706417
1810 12.57159038408494
1811 13.58510926555654
1812 13.46686000973063
1813 13.48962863221215
1814 12.833426139576055
1815 12.90105608344061
1816 12.495763175691717
1817 12.95725104567067
1818 11.665279163952828
1819 12.81418756097845
1820 12.91783186151432
1821 13.462907873190474
1822 13.430016781925168
1823 13.057697077913547
1824 14.196418952446757
1825 14.369433021112105
1826 13.8291075378625
1827 14.303888346791561
1828 13.667924352361528
1829 13.822793530479805
1830 13.02698742074465
1831 13.262170450872935
1832 14.085555452859234
1833 14.634612106991211
1834 16.88576273100039
1835 16.483627923051817
1836 17.185901321719925
1837 17.333977640686587
1838 16.58342392066743
1839 16.832518537247118
1840 15.762929000986658
1841 17.13509853293209
1842 16.51221715640388
1843 16.26035904783641
1844 16.55579696534075
1845 14.891724981303648
1846 14.798778590441074
1847 14.457186361470116
1848 13.748028949328212
1849 15.664615232296438
1850 15.201261592363068
1851 14.982453090804855
1852 15.348724410027803
1853 16.906371257919318
1854 15.894053463199473
1855 15.678359973142731
1856 16.992882801424805
1857 16.192816700161305
1858 17.624644782246026
1859 18.212893768429446
1860 17.557489544587956
1861 16.872795028664125
1862 17.691344417480117
1863 17.177562665047283
1864 17.773323927221583
1865 18.221300744036512
1866 17.42680190049857
1867 15.654051953383005
1868 14.855150930339342
1869 14.291484950454736
1870 14.49914075161534
1871 15.195727858933436
1872 16.645254939849575
1873 15.878634029133904
1874 16.151993261419403
1875 15.4732197416854
1876 15.905185770795162
1877 15.89508839067627
1878 15.287415278187574
1879 14.89197153323313
1880 15.966333943878768
1881 15.50252105375651
1882 15.520244412438117
1883 15.115190858464818
1884 16.61823631704342
1885 16.94020681464591
1886 17.44302553939664
1887 17.67418294717872
1888 16.92796231301982
1889 17.14858287202159
1890 16.3781491967946
1891 17.798735087130076
1892 17.96545624308968
1893 17.96488373661825
1894 18.140888221579353
1895 18.78056033462108
1896 18.836961277454677
1897 18.91985364370627
1898 19.227165214364454
1899 20.234422268797935
1900 18.868707157659966
1901 19.892065058910482
1902 20.75107851751259
1903 20.693901445917113
1904 20.943946992057807
1905 19.29039706537201
1906 20.04967337806397
1907 18.75769097688953
1908 20.08616141121397
1909 19.49907963529024
1910 19.91290968042519
1911 20.01332339877501
1912 19.333997937926195
1913 19.813614518397223
1914 18.25217310646965
1915 18.682028086876855
1916 21.629671654937287
1917 20.147713253478837
1918 19.901142834260504
1919 20.510736337581566
1920 20.54638211073878
1921 19.286469540711
1922 19.73183605992182
1923 19.580467252885562
1924 19.418438843137015
1925 19.506911540245433
1926 19.086310605225815
1927 21.01818088626141
1928 19.43297491051982
1929 17.95067242643081
1930 19.07334010418611
1931 19.53563226732777
1932 20.008912527183753
1933 18.675780016287515
1934 19.263522310722223
1935 18.980413882930687
1936 18.816488593791004
1937 18.97569675768919
1938 19.07259157986607
1939 19.015155598176506
1940 18.907488504131564
1941 18.718439641261046
1942 19.642629316039958
1943 19.785334919539974
1944 20.100980710687928
1945 19.198230485105377
1946 19.513097396502715
1947 20.06218769081398
1948 19.721796028770957
1949 18.79251062041668
1950 18.63705720417753
1951 19.543588845199153
1952 18.754111953046095
1953 18.387593992683716
1954 18.998505774272164
1955 20.241246191617556
1956 21.235906371567005
1957 21.469215149397098
1958 20.987463512669162
1959 19.53708087073041
1960 19.489606458751087
1961 20.825609342320845
1962 21.50025525275209
1963 21.184405583459437
1964 20.897497302731587
1965 21.360785036409084
1966 20.445377363817084
1967 20.048941908945636
1968 19.36853753950181
1969 19.640320229327486
1970 19.079556430192664
1971 20.232431257049104
1972 20.335167594939563
1973 20.343300658116913
1974 20.625978499514304
1975 21.58994396931372
1976 20.48100496828062
1977 21.735469509985855
1978 21.96831858577417
1979 21.3120538230057
1980 21.928435485482833
1981 21.667405445333596
1982 21.507550585679255
1983 21.31329157901972
1984 21.719787075131908
1985 22.56348212762675
1986 21.937523349999132
1987 22.036939548996912
1988 21.394065951835838
1989 22.32703276548748
1990 21.43304304673498
1991 20.46881555351145
1992 22.392607290717965
1993 21.291282544159102
1994 20.996565635810782
1995 21.53609060099566
1996 21.887775901487352
1997 21.31469362794153
1998 21.689455074311912
1999 21.899778516658476
