0 0.0
1 1.0703190565109253
2 1.7000535726547241
3 1.891433835029602
4 1.7473539113998413
5 1.448920488357544
6 1.0574508905410767
7 1.2827647924423218
8 1.1640084981918335
9 1.213661551475525
10 1.0459954738616943
11 1.5777678489685059
12 1.341341495513916
13 1.4243898391723633
14 1.1152008771896362
15 1.4445083141326904
16 1.5113649368286133
17 1.5612657070159912
18 1.4283050298690796
19 1.6310230493545532
20 1.638303279876709
21 1.7123996019363403
22 1.6085152626037598
23 1.548301100730896
24 1.3754774332046509
25 1.1844942569732666
26 0.8432288765907288
27 1.36228609085083
28 1.4983028173446655
29 1.3790329694747925
30 1.1237766742706299
31 1.5976744890213013
32 1.3298314809799194
33 1.0961036682128906
34 1.4867991209030151
35 1.406436562538147
36 1.103071689605713
37 1.3345955610275269
38 1.2675310373306274
39 1.7426650524139404
40 1.3183348178863525
41 1.784401535987854
42 1.9237114191055298
43 1.7720221281051636
44 1.383548378944397
45 1.641929268836975
46 1.4018043279647827
47 1.1919153928756714
48 1.0731650590896606
49 1.1555001735687256
50 0.926706075668335
51 1.1785073280334473
52 1.3604190349578857
53 0.9984540939331055
54 1.4346916675567627
55 1.2847381830215454
56 0.9600382447242737
57 1.439481258392334
58 1.1484172344207764
59 1.4781386852264404
60 1.3911669254302979
61 1.3782634735107422
62 0.9262920618057251
63 1.6135973930358887
64 1.4807935953140259
65 1.2934318780899048
66 1.4157689809799194
67 1.2347716093063354
68 1.119081735610962
69 1.319473385810852
70 1.2142791748046875
71 1.2327040433883667
72 1.4162825345993042
73 1.2761566638946533
74 1.4617303609848022
75 1.2295682430267334
76 1.2076694965362549
77 1.286385178565979
78 1.3405566215515137
79 1.1754940748214722
80 1.0502580404281616
81 0.9315638542175293
82 1.2174361944198608
83 1.5826090574264526
84 1.322815179824829
85 1.253820538520813
86 1.1017884016036987
87 1.113675832748413
88 1.158769965171814
89 1.1252667903900146
90 1.1375880241394043
91 1.2408255338668823
92 1.252507209777832
93 1.4412527084350586
94 1.3051586151123047
95 1.234532356262207
96 1.287732720375061
97 1.3245269060134888
98 1.3800135850906372
99 1.181928277015686
100 1.195896029472351
101 1.0991888046264648
102 1.3419331312179565
103 0.9631004333496094
104 1.2516740560531616
105 1.1810861825942993
106 1.2379274368286133
107 1.1450495719909668
108 1.2680143117904663
109 1.466625690460205
110 1.1443811655044556
111 1.3836979866027832
112 1.5943466424942017
113 1.1597301959991455
114 1.4410862922668457
115 1.4793637990951538
116 1.366969108581543
117 1.5600825548171997
118 1.4154080152511597
119 1.5769524574279785
120 1.537140965461731
121 0.9458914995193481
122 1.0612257719039917
123 0.9059340953826904
124 1.0763306617736816
125 1.0997390747070313
126 1.4175339937210083
127 0.9915205836296082
128 1.1331565380096436
129 1.2378956079483032
130 1.124273419380188
131 1.3328107595443726
132 1.12021803855896
133 1.1923298835754395
134 1.2427384853363037
135 1.3588016033172607
136 1.5104068517684937
137 1.2939132452011108
138 1.2904760837554932
139 1.1566489934921265
140 1.1250884532928467
141 1.0982773303985596
142 1.2561346292495728
143 1.1796925067901611
144 1.3701409101486206
145 1.191692590713501
146 1.1220364570617676
147 1.1525307893753052
148 1.0427370071411133
149 1.049781322479248
150 1.319503664970398
151 1.3842726945877075
152 1.131861925125122
153 1.4568029642105103
154 1.445448637008667
155 1.444322943687439
156 1.3436578512191772
157 1.4070608615875244
158 1.3279870748519897
159 1.6131483316421509
160 1.1717767715454102
161 1.242957592010498
162 1.223537564277649
163 1.0364078283309937
164 1.0834702253341675
165 1.2140334844589233
166 1.130415439605713
167 1.1618069410324097
168 1.3198261260986328
169 1.227654218673706
170 1.169295310974121
171 1.3188636302947998
172 1.170616626739502
173 1.1428759098052979
174 1.3708852529525757
175 1.0320180654525757
176 0.9461368918418884
177 1.2571384906768799
178 1.408153772354126
179 1.4187194108963013
180 1.0753604173660278
181 1.13318932056427
182 1.2214491367340088
183 1.4547842741012573
184 1.4444730281829834
185 1.3152331113815308
186 1.5601117610931396
187 1.4380719661712646
188 1.459837794303894
189 1.4191659688949585
190 1.434880256652832
191 1.35238778591156
192 1.7022203207015991
193 1.6122709512710571
194 1.3746179342269897
195 1.4910088777542114
196 1.503292441368103
197 1.1597810983657837
198 1.4935047626495361
199 1.498769998550415
200 1.2642614841461182
201 1.4702106714248657
202 1.380636215209961
203 0.6751176714897156
204 0.7911289930343628
205 1.14100980758667
206 1.041979432106018
207 0.4852890074253082
208 0.6863414645195007
209 0.6452805399894714
210 0.49490928649902344
211 0.8528282642364502
212 0.6377337574958801
213 0.8620240092277527
214 1.0962090492248535
215 0.9629584550857544
216 1.0191868543624878
217 1.2707667350769043
218 1.8484891653060913
219 1.4867690801620483
220 1.3825818300247192
221 1.4066345691680908
222 1.5938640832901
223 1.544371247291565
224 1.9078714847564697
225 1.3761759996414185
226 1.8563368320465088
227 1.8992420434951782
228 1.473238229751587
229 1.6203596591949463
230 1.6670106649398804
231 2.082954168319702
232 1.8475806713104248
233 2.1325247287750244
234 1.777226209640503
235 1.6252315044403076
236 1.6833499670028687
237 1.616902232170105
238 1.6560053825378418
239 1.6281006336212158
240 1.6957186460494995
241 1.6732686758041382
242 1.633142113685608
243 1.6099388599395752
244 1.5786985158920288
245 1.647207498550415
246 1.530095100402832
247 1.3844200372695923
248 1.1491132974624634
249 1.187611699104309
250 1.2514373064041138
251 1.1564087867736816
252 1.2090380191802979
253 1.7035601139068604
254 1.222630500793457
255 1.2954946756362915
256 1.4555824995040894
257 1.4190874099731445
258 1.2410316467285156
259 1.099158763885498
260 1.3924851417541504
261 1.5221655368804932
262 1.248552680015564
263 1.3375062942504883
264 1.3804205656051636
265 1.5671383142471313
266 1.3776253461837769
267 1.1351919174194336
268 1.2060191631317139
269 1.0367553234100342
270 1.1626778841018677
271 1.3436229228973389
272 1.3600833415985107
273 1.0592068433761597
274 1.0916179418563843
275 1.3399147987365723
276 1.0398945808410645
277 1.217024803161621
278 1.1422754526138306
279 0.9095019102096558
280 1.1271133422851563
281 1.1700847148895264
282 1.2140557765960693
283 1.2828497886657715
284 1.1740295886993408
285 1.2095147371292114
286 1.1234867572784424
287 1.4320242404937744
288 1.3249412775039673
289 1.4965494871139526
290 1.4019430875778198
291 1.335780382156372
292 1.137164831161499
293 1.5290364027023315
294 1.340749740600586
295 1.3088619709014893
296 1.1417518854141235
297 1.3220818042755127
298 1.4308404922485352
299 1.4006731510162354
300 1.420001745223999
301 1.0936812162399292
302 1.1895502805709839
303 1.6920779943466187
304 1.2662922143936157
305 1.1477296352386475
306 0.9905955195426941
307 1.538573145866394
308 1.4256696701049805
309 1.3573591709136963
310 1.7032047510147095
311 1.5680458545684814
312 1.1903096437454224
313 1.115291953086853
314 1.2413095235824585
315 1.2077162265777588
316 1.0592087507247925
317 1.3089325428009033
318 1.5255171060562134
319 1.2750507593154907
320 1.4139420986175537
321 1.5231866836547852
322 1.361506462097168
323 1.527329444885254
324 1.601060390472412
325 1.6716856956481934
326 1.6711915731430054
327 1.3810412883758545
328 1.6087714433670044
329 1.4007408618927002
330 1.2494114637374878
331 1.3059473037719727
332 1.4484180212020874
333 1.3446873426437378
334 1.4172534942626953
335 1.5631709098815918
336 1.606909155845642
337 1.3184574842453003
338 1.3033565282821655
339 1.5156084299087524
340 1.2405132055282593
341 1.6531965732574463
342 1.5181279182434082
343 1.7805092334747314
344 1.638645887374878
345 1.6042687892913818
346 1.3492027521133423
347 1.7170822620391846
348 1.6515538692474365
349 1.5141074657440186
350 1.4701169729232788
351 1.3255287408828735
352 1.699023723602295
353 1.4581644535064697
354 1.4077001810073853
355 1.3950378894805908
356 1.4397985935211182
357 1.3868739604949951
358 1.234984040260315
359 1.3614475727081299
360 1.4462653398513794
361 1.5349966287612915
362 1.4030040502548218
363 1.4529969692230225
364 1.4938687086105347
365 1.4312655925750732
366 1.3490893840789795
367 1.3176226615905762
368 1.2499778270721436
369 1.45819890499115
370 1.4727176427841187
371 1.531575083732605
372 1.3504012823104858
373 1.3523226976394653
374 1.2983005046844482
375 1.489443302154541
376 1.477817177772522
377 1.2183070182800293
378 1.4500659704208374
379 1.37566339969635
380 1.37091064453125
381 1.4089500904083252
382 1.6839512586593628
383 1.3501802682876587
384 1.1841647624969482
385 1.428231954574585
386 1.460953950881958
387 1.5802764892578125
388 1.1911975145339966
389 1.424593448638916
390 1.4908100366592407
391 1.3113938570022583
392 1.3083778619766235
393 1.310460090637207
394 1.2477651834487915
395 1.4645191431045532
396 1.3459111452102661
397 1.5963165760040283
398 1.3853262662887573
399 1.4829391241073608
400 1.3813267946243286
401 1.264206051826477
402 1.55389404296875
403 1.448173999786377
404 1.5355429649353027
405 1.6139012575149536
406 1.365657091140747
407 1.1537768840789795
408 1.39680016040802
409 1.6469305753707886
410 1.742090106010437
411 1.4128503799438477
412 1.3849667310714722
413 1.6302679777145386
414 2.3927319049835205
415 2.294978380203247
416 1.8611092567443848
417 1.8460323810577393
418 1.9829901456832886
419 1.739183783531189
420 1.6176114082336426
421 2.100346326828003
422 2.0145785808563232
423 2.1600680351257324
424 2.1313061714172363
425 1.5846718549728394
426 1.9560115337371826
427 2.174696207046509
428 2.06644606590271
429 2.0909814834594727
430 2.479480266571045
431 2.094689130783081
432 1.770342469215393
433 1.863408088684082
434 1.7530697584152222
435 2.2129693031311035
436 1.694883108139038
437 2.1254844665527344
438 2.195556402206421
439 2.2136456966400146
440 2.2044601440429688
441 1.897070050239563
442 1.6348727941513062
443 1.498314380645752
444 1.5949883460998535
445 1.332493543624878
446 1.6003077030181885
447 1.2700107097625732
448 1.2845603227615356
449 1.2615870237350464
450 1.4740114212036133
451 1.320839285850525
452 1.4347726106643677
453 1.6104214191436768
454 1.4058964252471924
455 1.4695717096328735
456 1.2007017135620117
457 1.4117851257324219
458 1.4082289934158325
459 1.5661789178848267
460 1.9361073970794678
461 1.4927940368652344
462 1.5350168943405151
463 1.1815035343170166
464 1.3914201259613037
465 1.4899981021881104
466 1.441870927810669
467 1.6498525142669678
468 1.3968085050582886
469 1.339616298675537
470 1.2219570875167847
471 1.4091941118240356
472 1.3828357458114624
473 1.299020528793335
474 1.3558200597763062
475 1.3224197626113892
476 1.3580844402313232
477 1.3971961736679077
478 1.2012470960617065
479 1.4124341011047363
480 1.1891602277755737
481 1.2845162153244019
482 1.295513391494751
483 1.3865749835968018
484 1.3974609375
485 1.3865554332733154
486 1.1513135433197021
487 1.4510221481323242
488 1.5041654109954834
489 1.228560209274292
490 1.2457393407821655
491 1.242363691329956
492 1.5688766241073608
493 1.1916701793670654
494 1.3727630376815796
495 1.4443926811218262
496 1.0783113241195679
497 1.4120630025863647
498 1.2271431684494019
499 1.372382402420044
500 1.3313485383987427
501 1.4954458475112915
502 1.2335554361343384
503 1.382459044456482
504 1.5134022235870361
505 1.4818390607833862
506 1.5170906782150269
507 1.5436755418777466
508 1.4712517261505127
509 1.221401572227478
510 1.3372294902801514
511 1.5045287609100342
512 1.6777184009552002
513 1.5420392751693726
514 1.6788554191589355
515 1.5426498651504517
516 1.46123206615448
517 1.369112253189087
518 1.4365888833999634
519 1.1715607643127441
520 1.3184984922409058
521 1.9916965961456299
522 1.1260842084884644
523 1.2991386651992798
524 1.3394883871078491
525 1.3867319822311401
526 1.3148638010025024
527 1.0493582487106323
528 1.3370596170425415
529 1.2095365524291992
530 1.2488843202590942
531 1.133750557899475
532 1.21451735496521
533 1.1794981956481934
534 0.9973969459533691
535 1.5814329385757446
536 1.218958854675293
537 1.3739187717437744
538 1.2234256267547607
539 1.3212993144989014
540 1.6462194919586182
541 1.5488814115524292
542 1.4264591932296753
543 1.608612060546875
544 1.29744553565979
545 1.2977780103683472
546 1.393892526626587
547 1.7299535274505615
548 1.3437045812606812
549 1.400091290473938
550 1.524449110031128
551 1.2510076761245728
552 1.4801044464111328
553 1.6636896133422852
554 1.6004565954208374
555 1.4115095138549805
556 1.6227688789367676
557 1.6735317707061768
558 1.3818097114562988
559 1.3999593257904053
560 1.3836703300476074
561 1.2194058895111084
562 1.435334324836731
563 1.4065568447113037
564 1.2596944570541382
565 1.1743348836898804
566 1.2956013679504395
567 1.4277187585830688
568 1.3143054246902466
569 1.3679113388061523
570 1.580864429473877
571 1.4345179796218872
572 1.2339345216751099
573 1.5488914251327515
574 1.5330708026885986
575 1.2424843311309814
576 1.4257097244262695
577 1.4642717838287354
578 1.7500677108764648
579 1.4010933637619019
580 1.4860764741897583
581 1.5353280305862427
582 1.436521291732788
583 1.3331305980682373
584 1.82884681224823
585 1.3621660470962524
586 1.4990146160125732
587 1.6293565034866333
588 1.5894041061401367
589 1.679150938987732
590 1.297468662261963
591 1.494257926940918
592 1.2293838262557983
593 1.605388879776001
594 1.9252053499221802
595 1.9825822114944458
596 1.5773019790649414
597 1.5151152610778809
598 1.5833494663238525
599 1.7176672220230103
600 1.374795913696289
601 1.438219428062439
602 1.6753050088882446
603 1.893944263458252
604 1.6744632720947266
605 1.7411748170852661
606 1.5353658199310303
607 1.463903784751892
608 1.1520229578018188
609 1.5975236892700195
610 1.829818606376648
611 1.7823351621627808
612 1.6848211288452148
613 1.8347258567810059
614 1.5341755151748657
615 1.7683504819869995
616 1.3721195459365845
617 1.4099410772323608
618 1.5013924837112427
619 1.40375554561615
620 1.1391249895095825
621 1.4249128103256226
622 1.2540743350982666
623 1.3941516876220703
624 1.2647851705551147
625 1.2155299186706543
626 1.5980843305587769
627 1.5156749486923218
628 0.8808755874633789
629 1.0995768308639526
630 1.266970157623291
631 1.5501012802124023
632 1.180662989616394
633 1.314176082611084
634 1.3379098176956177
635 1.2376418113708496
636 1.1278183460235596
637 1.6866306066513062
638 1.187332272529602
639 1.1549423933029175
640 1.1986112594604492
641 1.3520468473434448
642 1.28902006149292
643 1.0212079286575317
644 1.2284228801727295
645 1.2190396785736084
646 1.4359636306762695
647 1.1981161832809448
648 1.1735725402832031
649 1.3343499898910522
650 1.1529842615127563
651 1.2976411581039429
652 1.2036529779434204
653 1.1380314826965332
654 1.2920475006103516
655 1.0892680883407593
656 1.4592220783233643
657 1.1375799179077148
658 1.1847760677337646
659 1.1857892274856567
660 1.1499520540237427
661 1.0667779445648193
662 1.1871860027313232
663 1.0721606016159058
664 1.0502361059188843
665 1.2900080680847168
666 1.318077802658081
667 1.2833880186080933
668 1.2863249778747559
669 1.583526849746704
670 1.6123487949371338
671 1.4382579326629639
672 1.3955308198928833
673 1.4380632638931274
674 1.1449083089828491
675 1.0688062906265259
676 1.3207910060882568
677 1.39524245262146
678 1.0299524068832397
679 1.4615405797958374
680 1.1929194927215576
681 1.532324194908142
682 1.2752331495285034
683 1.2965244054794312
684 1.2016775608062744
685 1.1367082595825195
686 1.3902093172073364
687 1.2024579048156738
688 1.2135992050170898
689 1.1711201667785645
690 1.247591495513916
691 0.9115164279937744
692 1.0766249895095825
693 1.4152910709381104
694 1.4722239971160889
695 1.2131459712982178
696 1.1377426385879517
697 1.3282051086425781
698 1.0135447978973389
699 0.9707214832305908
700 1.196662187576294
701 1.1372106075286865
702 0.982154905796051
703 1.2309398651123047
704 1.3555749654769897
705 1.2398463487625122
706 1.263822078704834
707 1.3125619888305664
708 1.336367130279541
709 1.1865365505218506
710 1.2626641988754272
711 1.1381728649139404
712 1.036129355430603
713 0.9825593829154968
714 1.410796046257019
715 1.1729594469070435
716 1.1858434677124023
717 1.1410187482833862
718 1.1502548456192017
719 1.0606321096420288
720 1.1569093465805054
721 1.1568434238433838
722 1.388802170753479
723 1.2047902345657349
724 1.255751132965088
725 1.4159642457962036
726 1.1139768362045288
727 1.3273379802703857
728 1.3470373153686523
729 1.317272424697876
730 1.288954257965088
731 1.0257073640823364
732 1.2589771747589111
733 1.2839016914367676
734 1.1631546020507813
735 1.4974957704544067
736 1.0077546834945679
737 1.6534295082092285
738 1.5475220680236816
739 1.2497485876083374
740 1.3523813486099243
741 1.5067417621612549
742 1.4805889129638672
743 1.0793665647506714
744 1.3614801168441772
745 1.083733320236206
746 1.2680741548538208
747 0.9265686273574829
748 1.1616443395614624
749 1.0605907440185547
750 0.7487974166870117
751 1.4647314548492432
752 1.1808651685714722
753 1.12140691280365
754 1.1191012859344482
755 0.9366153478622437
756 1.0955166816711426
757 0.8966686725616455
758 1.013332724571228
759 1.24168860912323
760 1.6765742301940918
761 1.3330014944076538
762 1.3345205783843994
763 1.6921803951263428
764 1.1872241497039795
765 1.2787801027297974
766 1.2358901500701904
767 1.1743069887161255
768 1.3188222646713257
769 1.165480136871338
770 1.3846863508224487
771 1.0958757400512695
772 1.3154491186141968
773 1.1294373273849487
774 1.2212119102478027
775 1.107620120048523
776 1.1679059267044067
777 1.180325984954834
778 1.4211206436157227
779 1.4222804307937622
780 1.0594815015792847
781 1.283827781677246
782 1.3172924518585205
783 1.210253119468689
784 1.2264224290847778
785 1.2212309837341309
786 1.28257417678833
787 1.075327754020691
788 1.1833305358886719
789 1.036691665649414
790 1.3387103080749512
791 0.8937889337539673
792 1.117966890335083
793 1.347581148147583
794 1.1563999652862549
795 1.318183183670044
796 1.169120192527771
797 1.1455962657928467
798 1.1406103372573853
799 1.3880913257598877
800 1.308058500289917
801 1.1207168102264404
802 1.0709131956100464
803 1.1005139350891113
804 1.1210960149765015
805 1.0432409048080444
806 1.0006561279296875
807 1.243107795715332
808 1.2089009284973145
809 1.1384029388427734
810 1.4044315814971924
811 1.3985806703567505
812 1.0871504545211792
813 1.2011470794677734
814 1.1045424938201904
815 1.2469090223312378
816 1.343395471572876
817 1.0774714946746826
818 1.2673072814941406
819 1.3654423952102661
820 1.1867278814315796
821 1.3504433631896973
822 1.3921010494232178
823 1.3848241567611694
824 1.1196315288543701
825 1.5039571523666382
826 1.3290928602218628
827 1.2845914363861084
828 0.8315577507019043
829 1.054607629776001
830 1.2604554891586304
831 1.037076711654663
832 1.3217079639434814
833 1.4704819917678833
834 1.0712857246398926
835 1.0305942296981812
836 0.9801344871520996
837 1.1082133054733276
838 1.249127984046936
839 1.2134791612625122
840 1.4800961017608643
841 1.4395791292190552
842 1.2701514959335327
843 1.2907133102416992
844 1.2631644010543823
845 1.408504605293274
846 0.9578140377998352
847 1.0665295124053955
848 1.07030189037323
849 1.2306334972381592
850 1.1600595712661743
851 1.2259464263916016
852 1.0710567235946655
853 1.3597221374511719
854 1.2184396982192993
855 1.0655250549316406
856 1.0952272415161133
857 1.2075836658477783
858 1.2330423593521118
859 1.354390263557434
860 1.1741766929626465
861 1.1107609272003174
862 1.307126522064209
863 1.5897961854934692
864 1.3667711019515991
865 1.5826904773712158
866 1.2034131288528442
867 1.139599084854126
868 1.382763147354126
869 1.3346461057662964
870 1.1940230131149292
871 1.327374815940857
872 1.4264347553253174
873 1.292008638381958
874 1.33231520652771
875 1.2777314186096191
876 0.6948067545890808
877 1.2481558322906494
878 1.0765831470489502
879 1.208020567893982
880 1.255538821220398
881 1.255963683128357
882 1.2386579513549805
883 1.0270048379898071
884 1.5511196851730347
885 1.5117462873458862
886 1.7235114574432373
887 1.3450089693069458
888 1.0617165565490723
889 1.058907389640808
890 1.1366279125213623
891 0.9696679711341858
892 1.1783136129379272
893 1.098799228668213
894 1.425694465637207
895 1.3760346174240112
896 1.5241588354110718
897 1.2442677021026611
898 1.111026644706726
899 0.9190503358840942
900 1.3497803211212158
901 1.1274981498718262
902 1.031921625137329
903 1.386042594909668
904 1.3340462446212769
905 1.1691685914993286
906 1.0703351497650146
907 0.9886401295661926
908 1.3742314577102661
909 1.1528222560882568
910 1.3736655712127686
911 1.1271718740463257
912 1.1221810579299927
913 1.3955209255218506
914 1.2737388610839844
915 1.1373792886734009
916 1.0272836685180664
917 1.0347809791564941
918 1.1311942338943481
919 1.456008791923523
920 1.0912319421768188
921 1.2106292247772217
922 1.3535382747650146
923 0.9361909627914429
924 1.6005628108978271
925 1.455155611038208
926 1.1723363399505615
927 1.2179433107376099
928 1.4692596197128296
929 1.0131688117980957
930 1.137060284614563
931 1.4255177974700928
932 1.3131458759307861
933 1.1593518257141113
934 1.0606393814086914
935 0.9609198570251465
936 1.3852981328964233
937 1.535225749015808
938 1.5012394189834595
939 1.5225269794464111
940 1.2447372674942017
941 0.9982988834381104
942 1.2621904611587524
943 1.1293765306472778
944 1.4466544389724731
945 1.1667660474777222
946 1.356719970703125
947 0.9201803207397461
948 1.0990275144577026
949 1.3513494729995728
950 1.115036129951477
951 1.2809185981750488
952 1.2617710828781128
953 1.3010427951812744
954 1.234652042388916
955 1.4343042373657227
956 1.174667239189148
957 1.2629671096801758
958 1.2816823720932007
959 1.5916587114334106
960 1.649347186088562
961 1.385948896408081
962 1.5256422758102417
963 1.4440813064575195
964 1.229608416557312
965 1.0206654071807861
966 1.1581242084503174
967 1.4048930406570435
968 1.626335620880127
969 1.0328373908996582
970 1.3778668642044067
971 1.1842079162597656
972 1.1481926441192627
973 1.058562159538269
974 1.1412546634674072
975 1.3583383560180664
976 1.049681544303894
977 1.2012020349502563
978 1.1837825775146484
979 1.1107245683670044
980 0.9092940092086792
981 1.38960599899292
982 1.164068341255188
983 1.4170926809310913
984 1.4838824272155762
985 1.311063289642334
986 1.0841708183288574
987 1.611189603805542
988 1.39360773563385
989 1.2214313745498657
990 1.2606406211853027
991 1.3132737874984741
992 1.6230484247207642
993 1.4775282144546509
994 1.176316261291504
995 1.0580506324768066
996 1.392541766166687
997 1.0823452472686768
998 1.2286639213562012
999 1.3404862880706787
1000 1.0361449718475342
1001 1.33017098903656
1002 1.6585476398468018
1003 1.3153672218322754
1004 1.142024040222168
1005 1.2104992866516113
1006 1.5697423219680786
1007 1.364894986152649
1008 1.6584748029708862
1009 1.8945239782333374
1010 1.4135868549346924
1011 1.3626056909561157
1012 1.3367607593536377
1013 1.400477409362793
1014 1.3138809204101563
1015 1.3667240142822266
1016 1.1986467838287354
1017 1.2673851251602173
1018 1.2411906719207764
1019 1.5629914999008179
1020 1.6306390762329102
1021 1.4990034103393555
1022 1.206692099571228
1023 1.2733337879180908
1024 1.3034052848815918
1025 1.5444499254226685
1026 1.2199277877807617
1027 1.1634924411773682
1028 1.2194159030914307
1029 1.0516217947006226
1030 1.3001697063446045
1031 1.3641926050186157
1032 1.2767812013626099
1033 1.4407844543457031
1034 1.1758143901824951
1035 1.4854365587234497
1036 1.2713334560394287
1037 1.2721712589263916
1038 1.4650158882141113
1039 1.2503480911254883
1040 1.3425087928771973
1041 1.3491820096969604
1042 1.2898117303848267
1043 1.2117716073989868
1044 1.4532901048660278
1045 1.237723469734192
1046 1.2855106592178345
1047 1.0840591192245483
1048 0.9386953115463257
1049 1.2689027786254883
1050 1.2888329029083252
1051 1.1705032587051392
1052 1.124581217765808
1053 1.3182735443115234
1054 1.3564794063568115
1055 1.1271580457687378
1056 1.1130434274673462
1057 1.3809287548065186
1058 1.3445318937301636
1059 1.122380018234253
1060 1.3491079807281494
1061 1.1901377439498901
1062 1.3223849534988403
1063 1.4642621278762817
1064 1.4247466325759888
1065 1.2887064218521118
1066 1.3545291423797607
1067 1.3459959030151367
1068 1.2260242700576782
1069 1.080435872077942
1070 1.2304116487503052
1071 1.2282071113586426
1072 1.2731287479400635
1073 1.2394050359725952
1074 1.2632153034210205
1075 1.2542797327041626
1076 1.3666822910308838
1077 1.4702892303466797
1078 1.291089653968811
1079 1.1394827365875244
1080 1.2739895582199097
1081 1.473872184753418
1082 1.461047887802124
1083 1.3160631656646729
1084 1.2371710538864136
1085 1.1931142807006836
1086 1.1449960470199585
1087 1.6260029077529907
1088 1.3217471837997437
1089 1.4570891857147217
1090 1.250169038772583
1091 1.2409712076187134
1092 1.2225075960159302
1093 1.560329794883728
1094 1.375697135925293
1095 1.3768806457519531
1096 1.3254921436309814
1097 1.8146135807037354
1098 1.3098864555358887
1099 1.0640802383422852
1100 1.354787826538086
1101 1.5023926496505737
1102 1.4481502771377563
1103 1.4301667213439941
1104 1.599686622619629
1105 1.2147791385650635
1106 1.5332772731781006
1107 1.4543043375015259
1108 1.380608320236206
1109 1.457704782485962
1110 1.5144764184951782
1111 1.2949399948120117
1112 0.9914682507514954
1113 1.375665545463562
1114 1.4270563125610352
1115 1.4259310960769653
1116 1.2845470905303955
1117 1.586647629737854
1118 1.1953223943710327
1119 1.510144829750061
1120 1.441447138786316
1121 1.4580652713775635
1122 1.2088172435760498
1123 1.6027246713638306
1124 1.113120198249817
1125 1.1705468893051147
1126 1.5129719972610474
1127 1.2691121101379395
1128 1.5181095600128174
1129 1.3993620872497559
1130 1.458486557006836
1131 1.23751699924469
1132 1.304526925086975
1133 1.2702586650848389
1134 1.429974913597107
1135 1.7675025463104248
1136 1.2333468198776245
1137 1.4452487230300903
1138 1.4084129333496094
1139 1.0988134145736694
1140 1.3432238101959229
1141 1.047939419746399
1142 1.0993098020553589
1143 1.2483203411102295
1144 0.993384063243866
1145 1.1444586515426636
1146 1.4670515060424805
1147 1.156337857246399
1148 1.2667280435562134
1149 1.1098664999008179
1150 1.6340640783309937
1151 1.2109196186065674
1152 1.2648457288742065
1153 1.3265466690063477
1154 1.218696117401123
1155 1.1512318849563599
1156 1.1969393491744995
1157 1.1248854398727417
1158 1.1827473640441895
1159 1.237207293510437
1160 1.3793816566467285
1161 1.6072040796279907
1162 1.3374515771865845
1163 1.0340458154678345
1164 1.2090445756912231
1165 1.1889201402664185
1166 1.1107531785964966
1167 1.0863327980041504
1168 1.060181736946106
1169 0.8836672902107239
1170 1.0984998941421509
1171 1.1084558963775635
1172 1.3014813661575317
1173 1.1711901426315308
1174 1.2395603656768799
1175 1.01091730594635
1176 1.345874309539795
1177 0.9839891195297241
1178 1.3992717266082764
1179 1.3053194284439087
1180 1.5495412349700928
1181 1.197426199913025
1182 1.1877834796905518
1183 1.2720392942428589
1184 1.3769657611846924
1185 1.2117149829864502
1186 1.3471934795379639
1187 0.9977005124092102
1188 1.217232346534729
1189 1.4389050006866455
1190 1.18315589427948
1191 1.325939416885376
1192 1.2422242164611816
1193 0.9107701778411865
1194 1.2474589347839355
1195 1.2942408323287964
1196 1.013444185256958
1197 1.3530560731887817
1198 0.9354873299598694
1199 1.391950011253357
1200 1.2741565704345703
1201 1.208365797996521
1202 1.231237769126892
1203 1.2953816652297974
1204 1.353653073310852
1205 1.1253052949905396
1206 1.1087068319320679
1207 1.346313714981079
1208 1.2444860935211182
1209 0.8059425354003906
1210 1.4558242559432983
1211 0.9093677997589111
1212 1.1525880098342896
1213 1.1829578876495361
1214 1.341886043548584
1215 1.229729175567627
1216 1.0354212522506714
1217 1.3716298341751099
1218 0.9600847959518433
1219 1.045836091041565
1220 1.1449830532073975
1221 1.2148305177688599
1222 0.9833230972290039
1223 1.1709849834442139
1224 1.1515145301818848
1225 1.1297553777694702
1226 1.4985138177871704
1227 1.0964442491531372
1228 1.5978273153305054
1229 1.3243340253829956
1230 1.1160739660263062
1231 1.1094906330108643
1232 1.2467608451843262
1233 1.6930937767028809
1234 1.2911663055419922
1235 1.189954400062561
1236 1.1601144075393677
1237 1.023129940032959
1238 1.4405572414398193
1239 1.1781991720199585
1240 1.106574535369873
1241 1.2415227890014648
1242 1.201067328453064
1243 1.4977645874023438
1244 1.4694693088531494
1245 1.1592727899551392
1246 1.2667208909988403
1247 1.3132919073104858
1248 1.0963270664215088
1249 1.0483555793762207
1250 1.3478225469589233
1251 1.0391098260879517
1252 1.4017009735107422
1253 1.1685088872909546
1254 1.1035821437835693
1255 1.124635100364685
1256 1.0541508197784424
1257 1.5239096879959106
1258 1.3771837949752808
1259 1.0348650217056274
1260 1.114540696144104
1261 1.0910091400146484
1262 1.0756462812423706
1263 1.2290023565292358
1264 1.386861801147461
1265 1.1747784614562988
1266 1.1248942613601685
1267 1.6108261346817017
1268 1.149781346321106
1269 1.0159862041473389
1270 0.894635796546936
1271 1.1845877170562744
1272 1.219136357307434
1273 1.2894175052642822
1274 1.316618800163269
1275 1.041877031326294
1276 1.2606652975082397
1277 1.21781325340271
1278 1.2019376754760742
1279 1.3696925640106201
1280 1.477265477180481
1281 1.3392969369888306
1282 1.2689707279205322
1283 1.2518349885940552
1284 1.0720877647399902
1285 1.3447991609573364
1286 0.9346004724502563
1287 1.4940956830978394
1288 1.1433407068252563
1289 1.1515920162200928
1290 0.9905623197555542
1291 1.370486855506897
1292 1.3900831937789917
1293 1.0521106719970703
1294 1.3814224004745483
1295 1.0933284759521484
1296 1.3800705671310425
1297 1.3310121297836304
1298 1.518408179283142
1299 1.136779546737671
1300 1.236860990524292
1301 1.1726194620132446
1302 1.1855099201202393
1303 1.0529239177703857
1304 1.479500651359558
1305 1.273325800895691
1306 1.0903877019882202
1307 1.4030603170394897
1308 1.2794941663742065
1309 1.6106263399124146
1310 1.2377283573150635
1311 1.115161657333374
1312 1.5248428583145142
1313 1.534611463546753
1314 1.0365461111068726
1315 1.2451967000961304
1316 1.180834174156189
1317 1.413766622543335
1318 1.2545092105865479
1319 0.937470018863678
1320 1.9729775190353394
1321 1.4051861763000488
1322 1.307809591293335
1323 1.4039725065231323
1324 1.5243128538131714
1325 1.5076875686645508
1326 1.242688775062561
1327 1.4693572521209717
1328 1.1362190246582031
1329 1.645896553993225
1330 1.478026270866394
1331 1.1805636882781982
1332 1.3439749479293823
1333 1.7484264373779297
1334 1.655174732208252
1335 1.446007490158081
1336 1.2918063402175903
1337 1.7082492113113403
1338 1.802807092666626
1339 1.1887168884277344
1340 1.5697650909423828
1341 1.2285453081130981
1342 1.4584075212478638
1343 1.1533011198043823
1344 1.1555371284484863
1345 0.9645958542823792
1346 1.4665443897247314
1347 1.2418113946914673
1348 1.111212968826294
1349 1.2214090824127197
1350 1.0985379219055176
1351 1.5449639558792114
1352 1.1057512760162354
1353 0.6711767911911011
1354 1.1763272285461426
1355 1.3928958177566528
1356 1.2592225074768066
1357 1.2356418371200562
1358 1.301875352859497
1359 1.2542364597320557
1360 1.1113187074661255
1361 1.3170814514160156
1362 1.2281839847564697
1363 1.389506459236145
1364 1.4213565587997437
1365 1.2815600633621216
1366 1.0178924798965454
1367 1.0379213094711304
1368 1.2658694982528687
1369 1.1990846395492554
1370 1.1334681510925293
1371 1.434259057044983
1372 1.1435025930404663
1373 1.3759866952896118
1374 1.213391900062561
1375 1.4303019046783447
1376 1.2958447933197021
1377 1.464539647102356
1378 1.4374829530715942
1379 1.2690356969833374
1380 1.3736398220062256
1381 1.3999788761138916
1382 1.3299509286880493
1383 1.3864623308181763
1384 1.4604625701904297
1385 1.1571879386901855
1386 1.0707817077636719
1387 1.2259206771850586
1388 1.2427202463150024
1389 1.5784639120101929
1390 1.5592604875564575
1391 1.6593008041381836
1392 1.2768362760543823
1393 1.3852508068084717
1394 1.1719062328338623
1395 1.0767252445220947
1396 1.4069809913635254
1397 1.2946102619171143
1398 1.3160886764526367
1399 0.9807493090629578
1400 1.049750804901123
1401 1.0511974096298218
1402 1.1346542835235596
1403 1.1824854612350464
1404 1.337747573852539
1405 1.2227392196655273
1406 1.1399258375167847
1407 1.5923397541046143
1408 1.2622095346450806
1409 1.280555248260498
1410 1.2773493528366089
1411 1.1069215536117554
1412 1.2338666915893555
1413 1.0835959911346436
1414 1.0913487672805786
1415 1.118360161781311
1416 1.3312454223632813
1417 1.2746644020080566
1418 1.2072205543518066
1419 1.0651103258132935
1420 1.2349541187286377
1421 1.3157230615615845
1422 1.537766456604004
1423 1.3726288080215454
1424 1.1502331495285034
1425 1.5711115598678589
1426 1.514407753944397
1427 1.4454598426818848
1428 1.251754641532898
1429 1.1801724433898926
1430 1.6246131658554077
1431 0.9223799705505371
1432 1.2528278827667236
1433 1.177391529083252
1434 1.2125248908996582
1435 1.168874740600586
1436 0.9494484663009644
1437 1.3782541751861572
1438 1.2418328523635864
1439 1.3878116607666016
1440 1.1744121313095093
1441 1.1012771129608154
1442 1.2966090440750122
1443 1.1261298656463623
1444 1.151066541671753
1445 1.0421338081359863
1446 0.9173866510391235
1447 1.181857943534851
1448 1.5068418979644775
1449 1.4381543397903442
1450 1.1728265285491943
1451 1.392939567565918
1452 1.136932134628296
1453 1.447999119758606
1454 1.5250089168548584
1455 1.1387243270874023
1456 1.2008118629455566
1457 1.0749270915985107
1458 1.0088448524475098
1459 1.1071616411209106
1460 1.172716498374939
1461 1.321720838546753
1462 1.3167366981506348
1463 1.089512825012207
1464 1.3178776502609253
1465 1.6834633350372314
1466 1.6725213527679443
1467 1.1921149492263794
1468 1.2625538110733032
1469 1.2076423168182373
1470 1.6129134893417358
1471 1.4820934534072876
1472 1.2980754375457764
1473 1.3102562427520752
1474 1.4546992778778076
1475 1.3281621932983398
1476 1.488881230354309
1477 1.522521734237671
1478 1.473897099494934
1479 1.446778416633606
1480 1.3292280435562134
1481 1.2100551128387451
1482 1.5637822151184082
1483 1.6768739223480225
1484 1.1269201040267944
1485 1.2135645151138306
1486 1.1130931377410889
1487 1.3407641649246216
1488 1.271527647972107
1489 1.4584465026855469
1490 1.2212579250335693
1491 1.3354451656341553
1492 1.1981656551361084
1493 1.3770198822021484
1494 1.2698873281478882
1495 1.3160607814788818
1496 1.1745139360427856
1497 1.216808795928955
1498 1.2218401432037354
1499 1.4606786966323853
1500 1.4514070749282837
1501 1.2991801500320435
1502 1.3664227724075317
1503 1.1329885721206665
1504 1.1079143285751343
1505 1.2703617811203003
1506 1.036292552947998
1507 1.2613495588302612
1508 1.268380045890808
1509 1.2268242835998535
1510 1.0548713207244873
1511 1.063920259475708
1512 1.3873786926269531
1513 1.4394142627716064
1514 1.2956193685531616
1515 1.1780292987823486
1516 1.2222398519515991
1517 1.262579083442688
1518 1.1026544570922852
1519 1.1447113752365112
1520 1.136966347694397
1521 1.195339322090149
1522 1.0763893127441406
1523 1.0633575916290283
1524 1.4524704217910767
1525 1.159914493560791
1526 1.4723790884017944
1527 1.2199279069900513
1528 1.2996201515197754
1529 1.330574870109558
1530 1.5375425815582275
1531 1.3210558891296387
1532 1.315253734588623
1533 1.422835350036621
1534 1.4731204509735107
1535 1.3719189167022705
1536 1.3061003684997559
1537 1.47527015209198
1538 1.4380971193313599
1539 1.319719672203064
1540 1.3154736757278442
1541 1.4163782596588135
1542 1.2452071905136108
1543 1.3552730083465576
1544 1.223218321800232
1545 1.0901910066604614
1546 1.0790929794311523
1547 1.1236377954483032
1548 1.4427934885025024
1549 0.9789108037948608
1550 1.1306588649749756
1551 1.1940170526504517
1552 1.3726272583007813
1553 1.344858169555664
1554 1.1877799034118652
1555 1.504345178604126
1556 1.3525012731552124
1557 1.203460454940796
1558 1.1071666479110718
1559 1.092377781867981
1560 1.6206892728805542
1561 1.3872132301330566
1562 1.4750993251800537
1563 0.9156140089035034
1564 1.3546701669692993
1565 1.144555687904358
1566 1.1128209829330444
1567 1.2298048734664917
1568 1.4638326168060303
1569 1.2540106773376465
1570 1.5495920181274414
1571 1.293755054473877
1572 1.1012283563613892
1573 1.1321322917938232
1574 1.2584059238433838
1575 1.1503344774246216
1576 1.3050905466079712
1577 1.04159414768219
1578 1.3735454082489014
1579 1.1927739381790161
1580 1.6421489715576172
1581 1.2843352556228638
1582 1.2610889673233032
1583 1.124989628791809
1584 1.0822800397872925
1585 0.840612530708313
1586 1.0332305431365967
1587 1.020380973815918
1588 1.0998597145080566
1589 0.9585803747177124
1590 1.4013828039169312
1591 1.3507157564163208
1592 1.2290197610855103
1593 1.2103919982910156
1594 1.3926684856414795
1595 1.5219817161560059
1596 1.4676982164382935
1597 1.3796783685684204
1598 1.4739086627960205
1599 1.1798983812332153
1600 1.349076747894287
1601 1.1397087574005127
1602 1.1722713708877563
1603 1.2696651220321655
1604 1.058268666267395
1605 1.4387000799179077
1606 1.1563259363174438
1607 1.5354678630828857
1608 1.4597331285476685
1609 1.4623879194259644
1610 1.4599395990371704
1611 1.133344292640686
1612 1.482596755027771
1613 1.2587809562683105
1614 1.616180419921875
1615 1.2571316957473755
1616 1.573935866355896
1617 1.149283528327942
1618 1.3825385570526123
1619 1.5536154508590698
1620 1.2359206676483154
1621 1.1078543663024902
1622 1.4457627534866333
1623 1.5320496559143066
1624 1.3460102081298828
1625 1.4161837100982666
1626 1.551440715789795
1627 1.2768298387527466
1628 1.1519179344177246
1629 1.141000509262085
1630 1.1880466938018799
1631 1.406038761138916
1632 1.231655240058899
1633 1.287774920463562
1634 1.3076974153518677
1635 1.3558353185653687
1636 1.3397080898284912
1637 1.3236982822418213
1638 1.2345738410949707
1639 1.466318964958191
1640 1.2234203815460205
1641 1.3023736476898193
1642 1.4596706628799438
1643 1.009194016456604
1644 1.4283828735351563
1645 1.1542493104934692
1646 1.0223487615585327
1647 1.3760921955108643
1648 1.0958119630813599
1649 1.0838522911071777
1650 1.0463817119598389
1651 1.7151180505752563
1652 1.0569332838058472
1653 1.1454005241394043
1654 1.4465525150299072
1655 1.4592961072921753
1656 1.308176875114441
1657 1.193676471710205
1658 1.5058746337890625
1659 1.1671619415283203
1660 1.1781471967697144
1661 1.1177643537521362
1662 1.125207781791687
1663 1.6424715518951416
1664 1.1287192106246948
1665 1.4292062520980835
1666 1.2630698680877686
1667 1.502375841140747
1668 1.293932557106018
1669 1.0823841094970703
1670 1.2249294519424438
1671 1.524603009223938
1672 1.2780369520187378
1673 1.54336678981781
1674 1.415639877319336
1675 1.7762383222579956
1676 1.450076699256897
1677 1.2296621799468994
1678 1.7596218585968018
1679 1.327118992805481
1680 1.34028160572052
1681 1.3093278408050537
1682 1.4899535179138184
1683 1.2080732583999634
1684 1.428794503211975
1685 1.1423912048339844
1686 1.5349481105804443
1687 1.164812445640564
1688 1.3489538431167603
1689 1.8463693857192993
1690 1.5310547351837158
1691 1.3318170309066772
1692 1.3928247690200806
1693 1.5563830137252808
1694 1.0965509414672852
1695 1.3892742395401
1696 1.4131797552108765
1697 1.3206737041473389
1698 1.4985460042953491
1699 1.2635166645050049
1700 1.2505333423614502
1701 1.0981320142745972
1702 1.3910269737243652
1703 1.2685072422027588
1704 1.456872820854187
1705 1.3405653238296509
1706 1.4133641719818115
1707 1.3311541080474854
1708 1.5825215578079224
1709 1.6359447240829468
1710 1.5066875219345093
1711 1.1472134590148926
1712 1.3963127136230469
1713 1.3314011096954346
1714 1.1553266048431396
1715 1.3863195180892944
1716 1.2162832021713257
1717 1.295645833015442
1718 1.431046962738037
1719 1.6348764896392822
1720 1.2913818359375
1721 1.938405990600586
1722 1.4772069454193115
1723 1.6941777467727661
1724 1.264038324356079
1725 1.4804898500442505
1726 1.277008295059204
1727 1.2105534076690674
1728 1.2955164909362793
1729 1.102074146270752
1730 1.3059561252593994
1731 1.3484927415847778
1732 1.1394122838974
1733 1.2722524404525757
1734 1.280348777770996
1735 1.2966405153274536
1736 1.2783749103546143
1737 1.2691175937652588
1738 1.2355108261108398
1739 1.394708514213562
1740 1.3604711294174194
1741 1.2508565187454224
1742 1.1305406093597412
1743 1.2716373205184937
1744 1.1729878187179565
1745 1.4633779525756836
1746 1.5441420078277588
1747 1.5195199251174927
1748 1.623431921005249
1749 1.5509525537490845
1750 1.298548698425293
1751 1.2569434642791748
1752 1.0198273658752441
1753 1.3653244972229004
1754 1.551008939743042
1755 1.3806465864181519
1756 1.257234811782837
1757 1.9152435064315796
1758 1.187614917755127
1759 1.342339038848877
1760 1.3430988788604736
1761 1.4969996213912964
1762 1.2633163928985596
1763 1.3641784191131592
1764 1.598448395729065
1765 1.5086222887039185
1766 1.2088704109191895
1767 1.2349165678024292
1768 1.6793030500411987
1769 1.4216868877410889
1770 1.5451825857162476
1771 1.358411192893982
1772 1.453101634979248
1773 1.6924314498901367
1774 1.3896985054016113
1775 1.2684861421585083
1776 1.5189672708511353
1777 1.9592115879058838
1778 1.4250319004058838
1779 1.0085104703903198
1780 1.3517402410507202
1781 1.1122792959213257
1782 1.2628393173217773
1783 1.1921637058258057
1784 1.099022388458252
1785 1.1407520771026611
1786 1.1069234609603882
1787 1.0263702869415283
1788 1.1481404304504395
1789 1.4043389558792114
1790 1.3204355239868164
1791 1.2116470336914063
1792 1.164104700088501
1793 1.1822656393051147
1794 1.3343487977981567
1795 1.3567111492156982
1796 1.3480944633483887
1797 1.3757715225219727
1798 1.228908658027649
1799 1.044441819190979
1800 1.4199833869934082
1801 1.4471131563186646
1802 1.2041972875595093
1803 1.2430694103240967
1804 1.5819288492202759
1805 1.2999922037124634
1806 1.5263780355453491
1807 1.509711742401123
1808 1.2378793954849243
1809 1.3894078731536865
1810 1.1968448162078857
1811 1.4515351057052612
1812 1.4490137100219727
1813 1.3419665098190308
1814 1.2134565114974976
1815 1.3725411891937256
1816 1.1740758419036865
1817 1.5337122678756714
1818 1.1778026819229126
1819 1.3261209726333618
1820 1.0780961513519287
1821 1.0657784938812256
1822 1.2285034656524658
1823 1.0245115756988525
1824 1.4319809675216675
1825 1.3165912628173828
1826 1.1812819242477417
1827 1.6017614603042603
1828 1.2631645202636719
1829 1.3148692846298218
1830 1.5813387632369995
1831 1.2577571868896484
1832 0.9460276365280151
1833 1.1351134777069092
1834 1.4992111921310425
1835 1.19534432888031
1836 1.5884029865264893
1837 1.2336255311965942
1838 1.3634147644042969
1839 1.2429869174957275
1840 1.2825210094451904
1841 1.0694438219070435
1842 1.231178879737854
1843 1.1441515684127808
1844 1.5397998094558716
1845 1.5260660648345947
1846 1.5464097261428833
1847 1.5593934059143066
1848 1.648645281791687
1849 1.3454171419143677
1850 1.5845296382904053
1851 1.6294974088668823
1852 1.3681966066360474
1853 1.4497066736221313
1854 1.0608054399490356
1855 1.2917579412460327
1856 1.5363359451293945
1857 1.4649986028671265
1858 1.4333537817001343
1859 1.382444977760315
1860 1.555343747138977
1861 1.122893214225769
1862 1.2560338973999023
1863 0.9900687336921692
1864 1.2350373268127441
1865 1.2722787857055664
1866 1.4391058683395386
1867 1.17067289352417
1868 1.1574459075927734
1869 1.3091107606887817
1870 1.2528334856033325
1871 1.3702679872512817
1872 1.3816523551940918
1873 1.1173847913742065
1874 1.202049732208252
1875 1.4555110931396484
1876 1.684507966041565
1877 1.142602801322937
1878 1.0349657535552979
1879 1.260003685951233
1880 1.4268989562988281
1881 1.1882399320602417
1882 1.2625007629394531
1883 1.4463706016540527
1884 1.3641586303710938
1885 1.661817193031311
1886 1.4767817258834839
1887 1.4221032857894897
1888 1.5175398588180542
1889 1.2277482748031616
1890 1.4544599056243896
1891 1.4432560205459595
1892 1.1283560991287231
1893 1.426217794418335
1894 1.2515043020248413
1895 1.117072582244873
1896 1.4994146823883057
1897 1.4539754390716553
1898 1.4395647048950195
1899 1.182716727256775
1900 1.0570145845413208
1901 1.1150400638580322
1902 1.390316367149353
1903 1.3438994884490967
1904 1.4786354303359985
1905 1.2079931497573853
1906 1.3931325674057007
1907 1.3037567138671875
1908 1.5145758390426636
1909 1.4652179479599
1910 1.2479621171951294
1911 1.4726558923721313
1912 1.242315649986267
1913 1.1915758848190308
1914 1.3306834697723389
1915 1.1015684604644775
1916 1.0709891319274902
1917 1.2443088293075562
1918 1.6736643314361572
1919 1.403191328048706
1920 1.2002400159835815
1921 1.343186378479004
1922 1.2787119150161743
1923 1.1681514978408813
1924 1.167314887046814
1925 1.4706356525421143
1926 1.4969204664230347
1927 1.3401780128479004
1928 1.3319900035858154
1929 1.254031777381897
1930 1.3955085277557373
1931 1.3342193365097046
1932 1.1941282749176025
1933 1.1238960027694702
1934 1.3518879413604736
1935 1.453234076499939
1936 1.2609336376190186
1937 1.2210127115249634
1938 1.5227997303009033
1939 1.3709313869476318
1940 1.5253174304962158
1941 1.3342139720916748
1942 1.3829739093780518
1943 1.4584400653839111
1944 1.2752262353897095
1945 1.31114661693573
1946 1.011716365814209
1947 1.3485760688781738
1948 1.5013998746871948
1949 1.3135775327682495
1950 1.6128242015838623
1951 1.5808091163635254
1952 1.75629723072052
1953 1.6118370294570923
1954 1.5804109573364258
1955 1.4691908359527588
1956 1.3858273029327393
1957 1.3631658554077148
1958 1.4019286632537842
1959 1.2518306970596313
1960 1.4897438287734985
1961 1.6580512523651123
1962 1.4654077291488647
1963 1.2058535814285278
1964 1.2613184452056885
1965 1.4490787982940674
1966 1.559027910232544
1967 1.1098788976669312
1968 1.146562933921814
1969 1.0083266496658325
1970 1.561984658241272
1971 1.2520930767059326
1972 1.6461172103881836
1973 1.2399108409881592
1974 1.5427935123443604
1975 1.160147786140442
1976 1.1803314685821533
1977 1.5077602863311768
1978 1.9228543043136597
1979 1.7450571060180664
1980 1.3946558237075806
1981 1.7279901504516602
1982 1.1746582984924316
1983 1.567592978477478
1984 1.4601142406463623
1985 1.3761030435562134
1986 1.2848399877548218
1987 1.3101835250854492
1988 1.4938284158706665
1989 1.6582205295562744
1990 1.5194405317306519
1991 1.580580472946167
1992 1.421160340309143
1993 1.3992300033569336
1994 1.5430822372436523
1995 1.3742976188659668
1996 1.476802945137024
1997 1.5542367696762085
1998 1.4099743366241455
1999 1.518096685409546
