0 12.929722542932192
1 11.75772686941548
2 10.908992874475187
3 12.31022552017616
4 11.452322994183818
5 11.186599409032466
6 10.580526216165346
7 11.141630771205884
8 11.116766662537799
9 11.084998127810028
10 11.269641692818366
11 11.511013060925386
12 12.301954265837512
13 11.395725046398347
14 11.715980750099677
15 11.958866280920187
16 11.656299568764172
17 12.397506658617974
18 12.195596894930903
19 12.561195099764133
20 11.919735211486485
21 10.543139679308158
22 10.955911831811672
23 11.032087574571202
24 11.425963692129232
25 12.221657214541011
26 13.639040060823788
27 11.843436140788535
28 12.305485821665728
29 12.01218104383046
30 12.641634177420183
31 11.82500011579236
32 12.518794152699156
33 12.680025323222047
34 11.323396567881879
35 11.286382620247595
36 11.82155550267256
37 11.607030967103944
38 11.558758379510234
39 11.730231717439116
40 11.92383108607155
41 10.787643939054382
42 12.358836504867119
43 12.161186538992
44 11.823310197532175
45 11.738122142393657
46 12.048385732884714
47 12.372218255249141
48 12.937956021326125
49 12.225921517743181
50 11.437712917587469
51 11.73058619368345
52 12.451307071293334
53 11.163011929304735
54 12.99298781095717
55 12.309500050140414
56 12.441085880917365
57 11.930695361958973
58 12.083486669626572
59 12.725233976915797
60 12.407608251018914
61 11.933862837272555
62 12.034799933321775
63 11.963196188285892
64 11.4947000024821
65 12.121462478219069
66 10.933103025882005
67 11.43925930732928
68 11.11943986636509
69 12.284559473233248
70 11.257839632253969
71 11.961756322725675
72 12.492624500027897
73 11.550569528444516
74 11.709314918237428
75 11.513465486647542
76 11.420403737249323
77 11.68489708301296
78 11.537073427981644
79 10.95984652915962
80 11.82745773205367
81 11.390459133712396
82 11.395821149843307
83 11.218075686247532
84 11.105237616142782
85 10.33114712289997
86 11.007832527519053
87 12.089128620190328
88 9.940988818171867
89 10.70073403694891
90 11.333461783160077
91 10.660994461968103
92 11.337363076997487
93 10.909445645038742
94 12.545272655207192
95 11.036823168820202
96 11.165093791072382
97 11.549483079726649
98 11.14446349337034
99 11.391944108790673
100 10.669618727300907
101 11.826048608723896
102 11.659563662998933
103 11.427761001138819
104 12.170190653109834
105 10.835093974830588
106 11.424120908483653
107 12.09158300156422
108 11.775573614122033
109 12.199006264481008
110 12.641430866658999
111 12.804843162281813
112 12.528427307883533
113 12.539054895772548
114 12.696151764042918
115 12.50444352253476
116 12.791777727319046
117 11.65025097456623
118 11.50887661663158
119 11.407830086793048
120 12.581311716857487
121 13.565070215472307
122 13.657929795437033
123 11.86603706451716
124 12.142680399024856
125 11.493225703930577
126 10.21245083073367
127 11.353405079627194
128 10.36016514976065
129 10.642948562613185
130 11.860005177615806
131 11.264661237509387
132 11.165104931156339
133 12.667327268668302
134 12.629322932434663
135 12.402280963330506
136 12.97103220939411
137 12.18413987358301
138 12.991324190761802
139 12.650194793301473
140 12.694729654645336
141 12.674931322056704
142 12.723161259775225
143 13.240827853201473
144 11.773880016220271
145 11.858489280648472
146 12.46578977009523
147 12.635504668267261
148 12.564594853159731
149 11.557350727258457
150 11.7814229989777
151 12.870259438433072
152 12.749451936428251
153 12.68339550815749
154 13.415373588886196
155 12.528990507078962
156 12.70075025641533
157 12.278980770842885
158 12.889302886708915
159 12.766742177477076
160 11.755534430926504
161 12.498551150883491
162 13.165002767911277
163 12.669433468646766
164 12.935701543506967
165 13.338206910531275
166 13.257473461826848
167 13.235331170871078
168 12.627014495181296
169 11.493583298704033
170 11.688781906958017
171 11.230576823610027
172 11.499476186673329
173 11.238620646455997
174 11.602064688768474
175 11.195543759642435
176 11.703750345713395
177 11.568947096054405
178 11.209799423989411
179 11.967780585621083
180 12.196940772687805
181 12.52892554592634
182 11.902586450088078
183 11.383848573910782
184 11.708694462908419
185 11.227602573051813
186 11.356904164083172
187 11.802996096879049
188 10.614625603028193
189 10.733927568367147
190 11.35565234620509
191 11.9369969480228
192 12.252114952006407
193 12.613239796658092
194 11.298561677266733
195 11.06026248273321
196 11.283416190284733
197 12.260885131740217
198 11.874263059559528
199 11.331146541652735
200 11.310462422983413
201 12.204332110990917
202 11.258876557380928
203 10.427344874007632
204 11.224596183245074
205 10.246811691395552
206 10.060125014098265
207 9.93544941319733
208 11.370254973662618
209 10.877233399491054
210 10.375254006622777
211 10.285156530440046
212 10.534363710418525
213 10.315222671437425
214 10.844909555523506
215 11.052774320593358
216 11.405475056331165
217 11.388715370171877
218 11.936790338331596
219 12.455294127421293
220 11.388997561573333
221 11.417825615155005
222 10.821394388807553
223 11.708182031235285
224 10.647793697932334
225 11.591432263751956
226 10.867072519953304
227 12.302717414901862
228 11.545311633489893
229 11.502814365392847
230 10.527022527841586
231 10.058063864150371
232 10.39539802291309
233 9.678281959500946
234 8.90512403241959
235 8.795055470452635
236 8.921849739689414
237 10.10604312001587
238 8.444080844259185
239 9.296855915745093
240 10.326929896648606
241 9.763685467351209
242 9.31593022346246
243 10.086832109936246
244 10.145463193568311
245 10.367303892069259
246 10.479060537655643
247 9.736380007673752
248 10.27977081638278
249 10.366659553412132
250 10.602790182418461
251 10.576870883770683
252 10.22289947541334
253 10.670658114097641
254 10.018559236160533
255 10.904099818369627
256 9.055235349708022
257 9.022303240062998
258 9.329516389897423
259 9.825546399844622
260 10.539838662705414
261 10.056364638565874
262 11.20361304675322
263 10.725311719439267
264 8.570836282890022
265 8.619435836797038
266 9.399267079921358
267 9.815473007671496
268 9.108461043451042
269 9.717393801479586
270 9.456319489133596
271 8.42536982293185
272 9.68321160579745
273 9.070735513988527
274 8.975445665430515
275 8.772575599852646
276 9.571807095943331
277 9.239925353219924
278 9.172694218655252
279 9.561725206011197
280 9.033734321185372
281 8.55586504083034
282 8.020931278592993
283 8.166168083974817
284 8.57336450086698
285 7.923477567292377
286 9.351651581790845
287 9.262215964713892
288 8.942246386382418
289 9.149713581854307
290 8.401875293475042
291 9.190071579037886
292 9.478838864005887
293 8.669787261990397
294 9.343219452340506
295 8.670507639806841
296 8.911071475446397
297 9.152114571151431
298 8.475660143706088
299 8.488842404062437
300 8.272588050933486
301 9.141469690589728
302 8.063220985092597
303 8.02891634946132
304 7.441031979175961
305 7.401852867393568
306 7.554660002069665
307 8.25469703016488
308 8.859521239014402
309 8.917536925520434
310 8.224612312789027
311 10.189071957766586
312 9.940156229195168
313 9.650836336433228
314 8.953479982513164
315 9.365555462900831
316 8.827003846258755
317 9.524976146573675
318 8.722950220512994
319 8.79457448092793
320 8.918137321788247
321 9.161761087970172
322 9.342690265281329
323 7.6299762556027755
324 8.285804372677852
325 8.495626281136273
326 8.792796129146314
327 8.366007990087963
328 7.804453954615077
329 8.492839538283723
330 9.099444362081183
331 8.631318634101703
332 8.924678744918195
333 8.664565884414467
334 9.072501785083412
335 8.65444110992438
336 8.859058885809091
337 9.148063768446997
338 9.141573625443081
339 8.548987028232535
340 8.850039438070029
341 9.233013439534398
342 8.097759693871463
343 8.768813274299927
344 8.488533526109938
345 8.501796329436555
346 9.293314065536103
347 9.302614830443698
348 9.336442694836254
349 9.299823944717096
350 9.120177715237071
351 8.835555978118318
352 9.326916181223318
353 8.84701510620323
354 9.36682279790576
355 9.04755341539725
356 9.001547686250854
357 9.315558372609852
358 8.572110779592139
359 8.26270779295539
360 9.510218990557934
361 9.15788979446473
362 9.243424008722327
363 8.896058283258517
364 9.597023140576345
365 9.103206870686744
366 8.937499566857973
367 8.403109086763338
368 7.922935888554708
369 8.47864196646169
370 7.551029665904442
371 7.760781156591326
372 7.899266844002007
373 8.279799658788155
374 8.457252380044654
375 8.769846942421715
376 9.183567582752264
377 8.919269400924467
378 8.482985494515077
379 8.32355969570659
380 8.44668164018975
381 8.493028951531686
382 8.192157661673013
383 8.503340528767525
384 9.173802582910268
385 8.821872004865288
386 8.656617169277519
387 9.167332633640344
388 8.474309448911184
389 8.9717910865373
390 8.9028873315067
391 9.447527944405296
392 9.487258279762953
393 9.373704307442223
394 9.057445137567187
395 9.349004962596114
396 9.4949196170421
397 9.84105120670176
398 10.111437284205836
399 9.840075096600728
400 9.049852484147289
401 8.846701514650162
402 9.080885837994423
403 7.787339231305456
404 8.215528986041233
405 8.109442478006747
406 7.9756926453440435
407 8.543284193058627
408 8.22061462488031
409 8.075009298844142
410 8.240366672321452
411 7.766328775517746
412 8.274116384316319
413 8.108397177739132
414 7.474459602581653
415 7.094376550619072
416 7.780818440612733
417 8.065564908077077
418 7.762572552387806
419 7.597088642968458
420 7.734778114877927
421 8.15171122808538
422 7.86196635141645
423 7.5888287074880045
424 7.61188145295854
425 7.589264443380183
426 7.338347505884797
427 7.811416715040676
428 7.241788947074198
429 7.645829645702536
430 7.581223702166358
431 7.761801487733317
432 7.784460240319634
433 8.45633525679598
434 8.06994578696145
435 8.419665155992227
436 8.511554175371662
437 8.255383113223726
438 8.565747642115637
439 8.040091732380233
440 7.951964559968948
441 8.26230352590505
442 8.298044743899418
443 8.876593981477729
444 8.044508368790535
445 7.336570016556703
446 7.243914696734712
447 6.549859270169217
448 6.508288933835949
449 6.251676461417503
450 6.60262251836213
451 6.375098781616743
452 6.62633392608121
453 6.423280755971857
454 5.965684677355261
455 6.10108011909226
456 6.21046058970895
457 5.8802015659799105
458 6.144231117204397
459 5.875973646389616
460 5.781353104263834
461 6.765308112849705
462 5.992946556388718
463 6.0023288675835005
464 5.384759379933998
465 6.020712073789205
466 5.975585529873537
467 6.022431959928019
468 5.8821011282189595
469 5.39497162627888
470 5.5691153438860885
471 5.472407422177981
472 5.701950549475683
473 4.584861084666466
474 3.5471922941873606
475 3.7612058642936477
476 3.688527706970402
477 3.6964462135456118
478 3.6522051598591805
479 3.8230805222255313
480 4.15458899562507
481 3.749612308219178
482 3.945530387208674
483 3.507574653941975
484 3.405390655855734
485 3.6899880055401915
486 3.2165429139294384
487 3.433624739896883
488 3.4260874465064877
489 3.7325733286621743
490 3.4977251372043665
491 3.484351056001879
492 3.3916874664978667
493 3.7402884425917664
494 3.715824709897944
495 3.4993311678579406
496 3.8253613572514173
497 3.657238453033237
498 3.653406928249268
499 3.619805427783879
500 3.4339169957901845
501 3.5395211381133915
502 3.7579170785634863
503 3.7156191361805906
504 3.6645794013188153
505 3.649796394214194
506 3.631588422809437
507 3.6989370044059973
508 3.5275170736012793
509 3.460764952501466
510 3.546572968394278
511 3.6276891859468967
512 3.76252990690263
513 3.332078182268421
514 3.756010724186608
515 3.781277075342975
516 3.7289435352250937
517 3.475075939308808
518 3.6533826031040144
519 3.7301787524797874
520 3.715018752389429
521 3.665601946937889
522 3.6370603039433593
523 3.831729200473569
524 3.8953541881313014
525 3.6640601485792343
526 3.7224047782475296
527 3.881326688857145
528 3.8152228439017466
529 3.8194828917825867
530 3.69970831403509
531 3.8030164892010996
532 4.015825412153609
533 3.8702800866923384
534 3.9162111812278684
535 3.7388570821248015
536 3.530199275170148
537 3.7266221055885875
538 3.6866332047839445
539 3.8572694319067047
540 3.7286077090245655
541 3.889504831021565
542 3.7950588556944
543 3.644518464508261
544 3.7101921062077525
545 3.639602843166839
546 3.5221491100560884
547 3.6548308428377454
548 3.69913175175141
549 3.473638172845216
550 3.5845573482462494
551 3.5929255370820616
552 3.7519062380232087
553 3.8684816495468977
554 3.497217285909134
555 3.7241156509329283
556 3.5777001902856953
557 3.743653087694729
558 3.6055722561370898
559 3.5424983377828325
560 3.678904721729434
561 3.7680630145916725
562 3.7776251733548487
563 3.899533850459139
564 3.843482285854517
565 4.0192759497571755
566 4.133750592525844
567 3.75370969991575
568 3.6837081479053766
569 3.6744549398063415
570 3.5550946845386044
571 3.7836857402353252
572 3.8344594857187255
573 3.5991217576304266
574 3.67807837091106
575 3.828099515116414
576 3.857027917118672
577 3.741796898201607
578 3.5928334607841483
579 3.8037599432189406
580 3.4625196744028877
581 3.8347576319461956
582 3.889241760063746
583 3.7637159907698283
584 3.6416803928189085
585 3.7079041477328416
586 3.753065456983167
587 3.439463863066093
588 3.5744396678569297
589 3.6910283982052903
590 3.5406764646062556
591 3.6348382008620397
592 3.8113249186671205
593 3.747827927761356
594 3.8936786418825333
595 3.655225548902651
596 3.5674270318262273
597 3.6491514073468556
598 3.717179074283256
599 3.502956907058045
600 3.720683456978309
601 3.68096200570679
602 3.5842394327043046
603 3.993305387395058
604 3.7322845900665964
605 3.6048951446869997
606 3.4728746044926035
607 3.619176201680182
608 3.5461387445558974
609 3.779758378754453
610 3.528003322092418
611 3.659508446627269
612 3.565003491407014
613 3.5581653848508057
614 3.781800112090853
615 3.81742695506016
616 3.7114339793456175
617 3.8170438089718077
618 3.804317249166454
619 3.668165780646018
620 3.810177611134394
621 3.764535996035179
622 3.787771410887163
623 3.62765919424961
624 3.6910632247173902
625 3.61805577178163
626 3.3966425398102977
627 3.4847864118975505
628 3.8335063818449777
629 3.7325069908819213
630 3.7417932803881464
631 3.5124320037594647
632 3.6423400477574126
633 3.6003179261343625
634 3.5731721161412953
635 3.7013019487506034
636 3.530827034073768
637 3.449986377101514
638 3.7202098393074867
639 3.4216840557345938
640 3.649006387927778
641 3.790500066565635
642 3.8244020633136304
643 3.8707368852011994
644 3.964666025170153
645 3.8934530793840896
646 3.9598389810059142
647 3.79274074896123
648 3.970890138073331
649 3.9228285341586115
650 3.826023679379837
651 3.815952039641886
652 4.271354095727008
653 3.8710609953685298
654 3.774851754345954
655 3.8930678732990587
656 3.90272164864232
657 3.7480816157119965
658 3.691995205487057
659 3.9326992058135968
660 4.017499379152681
661 3.7517470844128185
662 3.8669311174090706
663 3.9755762133291848
664 4.109701633500599
665 3.687683290726824
666 3.7265145080648145
667 3.8613687390239693
668 3.7928253081330547
669 3.924555127422623
670 3.6707258071884414
671 3.7025505143778847
672 3.860675622518983
673 3.7094756038217604
674 3.7402246848938794
675 3.906257853915877
676 3.725873930213051
677 3.8268047378487458
678 3.773069642199724
679 3.955824123910211
680 3.7945197268402726
681 3.9849064498861364
682 3.8513447369680565
683 3.9841461405500747
684 3.807692165887095
685 3.8225313208207123
686 3.769190386079021
687 3.8049291486711647
688 3.726554022282411
689 3.8289673187606783
690 3.8155388088278825
691 3.7841985447140316
692 3.9858325101166003
693 3.7902722511650695
694 3.717138754229569
695 3.730052880147808
696 3.732671719495523
697 3.862716508041881
698 3.697681664266195
699 3.6760692871063023
700 3.8430556897276147
701 3.94860005216386
702 3.8580459697175646
703 3.7647001448614406
704 3.9009756010460754
705 3.8126603250847393
706 3.76562210825697
707 3.6748320080088153
708 4.056743977375989
709 3.7722904446250003
710 3.855470774380422
711 3.696561372827182
712 3.8893148726983657
713 3.7703562605350758
714 4.003513218681547
715 3.8422460063329713
716 4.059260338903017
717 3.610286427240667
718 4.3186740799991385
719 4.024924575252672
720 4.1160903109437825
721 3.9786858607428517
722 3.944385181936858
723 3.992771232199557
724 3.797009309577698
725 4.003010323458197
726 3.7337783564982825
727 3.5717662327018074
728 3.9074227643706676
729 3.825049785478298
730 3.886881837227966
731 3.8235227124931797
732 3.9354967756143813
733 3.7040370108816068
734 3.7130613378356365
735 3.8591498244440365
736 3.8231468720968684
737 3.788596410149669
738 3.7424737195350604
739 4.092278047246384
740 4.6714944551096895
741 4.021494650618626
742 4.031761607254768
743 3.8361399245812002
744 3.739226704136426
745 3.8163458785187303
746 4.030897821262788
747 3.9164795508582753
748 4.990057799872599
749 5.428363489620832
750 5.746293779687315
751 5.252564749265394
752 4.48218252347877
753 3.593520754934984
754 3.9750066450846764
755 3.9441313267036158
756 3.976840637561358
757 3.819834514715853
758 3.9035422334722067
759 3.770895776101977
760 3.8232791486841395
761 3.8873960205530627
762 3.870925433244188
763 3.7976651022932355
764 3.8735471194113194
765 3.8814723375710227
766 4.068119790425092
767 5.122791194382861
768 3.743460201663514
769 4.010826370344804
770 4.8844836942418794
771 3.7701119521023476
772 3.929835483601667
773 3.954269913889179
774 3.8802571851783023
775 3.929556457904195
776 3.7829817561467562
777 4.1617596129818235
778 4.6345429785399235
779 4.910377710840171
780 4.728685857783933
781 4.650793674717464
782 4.5547523528232015
783 5.219152874615554
784 5.065631067671631
785 4.7480267470060005
786 4.956336030148353
787 5.139124401466614
788 5.2137343789065875
789 4.927044388280533
790 4.963620303073715
791 5.256778998729286
792 4.721578156236219
793 5.017420543201845
794 5.234880903003433
795 5.51500365296909
796 5.288739685385405
797 5.032843497858494
798 5.425366171605709
799 6.499211298601842
800 5.374239475187466
801 5.603225849331427
802 6.739090162093964
803 6.716097361334038
804 6.281445141100234
805 6.1914936381127355
806 6.417689853202596
807 6.254843261139788
808 6.057428819184754
809 5.982644722250924
810 5.747238127728382
811 5.405497917423423
812 5.556728061795689
813 5.817113337927619
814 5.934772176654422
815 5.253741698056672
816 5.19589991034891
817 4.4265942855063525
818 5.087227617552685
819 5.51603432938867
820 5.629405264537487
821 5.921453411700036
822 5.257012884534181
823 5.240572418763757
824 5.459843222813163
825 5.818131593289684
826 5.956635332384917
827 4.14751116954679
828 5.075233510877861
829 5.409503356727847
830 5.166673365051032
831 5.808581257882276
832 5.550958950795126
833 5.766173575540671
834 5.433944773258355
835 5.775186569268687
836 5.728986058592664
837 6.23049738418516
838 6.16501196856135
839 5.991317944003672
840 5.567339770574178
841 5.7347243771445635
842 5.897277426282713
843 5.879633277787257
844 5.845845459061636
845 5.4713594685066465
846 5.697830916655631
847 5.625922294628829
848 5.78760705556515
849 5.473513113492709
850 5.638657027008357
851 6.110323570467406
852 5.0855077355840095
853 5.3384903070050775
854 5.594930049792096
855 6.050697625882269
856 5.680176912996876
857 5.410155245363282
858 5.209228227885865
859 5.69375767782876
860 5.293348958927697
861 5.389980262581475
862 5.204215365672972
863 6.078330978112365
864 5.966028125450612
865 6.317690947420133
866 5.685949105636936
867 6.211744803232132
868 6.3337220084965296
869 6.0095854666798125
870 6.085965329546323
871 6.081517797156122
872 6.270153974465047
873 6.021512325556514
874 5.802194819283868
875 6.16812564778134
876 6.281468320059686
877 6.065415081693512
878 5.375962528243312
879 5.339956359373321
880 5.971414442125305
881 5.844450153067855
882 6.85652308342756
883 6.672274005346624
884 7.214089048894749
885 6.664683755673432
886 7.27801819027373
887 6.87562871843055
888 6.545508628787838
889 7.9549140422955595
890 7.926128490418905
891 8.251357643994528
892 7.144687342783994
893 7.1374994535526675
894 7.197987945977806
895 7.465202943608445
896 7.124727946610031
897 7.110708975039332
898 7.684619029518232
899 7.905844138014964
900 7.819768162617971
901 7.712882410199363
902 8.075416330799326
903 7.7630344679850385
904 8.014050864898639
905 7.922230698182721
906 8.092902511315591
907 7.494686311143529
908 8.147682300392164
909 7.345006532884228
910 7.738932402161662
911 7.634073951006767
912 7.958768575275597
913 7.5194860013255855
914 7.780598978736053
915 8.065303872690363
916 7.65736430250327
917 7.737207709142373
918 7.143736301130066
919 7.942117818695843
920 8.097629017523694
921 7.628378285759616
922 7.70666429965643
923 7.7706963731545375
924 7.767953312946208
925 7.428993636289722
926 8.149856290689943
927 8.092980337417673
928 7.878263266523311
929 7.862903090922164
930 8.221145304349433
931 8.04858787571706
932 7.955093970105085
933 8.037149454325439
934 7.98510994249542
935 8.294262466110347
936 7.977975756612091
937 7.566767017471173
938 8.468549199286208
939 7.760552315992865
940 8.21678844466254
941 8.087812011497588
942 7.78415846697893
943 7.681382536747718
944 6.996654568065095
945 7.386202811922907
946 7.865013093913212
947 7.189068827363693
948 7.216435578912501
949 7.052976164662621
950 7.812485442604295
951 7.839469958243709
952 7.45865579450128
953 8.065789363171987
954 8.012043898616984
955 8.219225702116054
956 7.674604395731966
957 8.556037645952667
958 7.901823658212892
959 7.275875636509008
960 7.613199898487607
961 8.22371535620379
962 7.269038647998641
963 6.963618922062588
964 6.12776319016527
965 6.093295392514957
966 6.527884605910582
967 6.0435355536639594
968 6.427394969315666
969 6.312992561720775
970 5.9077271361293455
971 6.071738345788405
972 6.50120727015365
973 6.468794683889456
974 6.4591834122300416
975 6.917041823569015
976 7.514685242324381
977 7.186768918562715
978 8.216684068353613
979 7.534305240048248
980 7.754802198919815
981 7.764716475181373
982 7.2032624302857124
983 8.030752139947314
984 7.602982790197567
985 8.091018368753872
986 8.306071360156034
987 9.277785118649051
988 8.15451557910138
989 8.146679642739
990 8.140304771173753
991 7.899531351547922
992 7.998550671127333
993 8.511455042886086
994 8.075669729927352
995 7.935801881058375
996 7.900487323065044
997 8.061080264808313
998 8.096699608349637
999 8.129756197922363
1000 9.115804443741473
1001 8.692667578430385
1002 9.59048645327226
1003 8.733026392297749
1004 9.73689735466476
1005 8.866476373417575
1006 9.048315733790318
1007 9.506915949268077
1008 9.070979924304547
1009 9.445711537007737
1010 9.610286970633368
1011 9.589130666270732
1012 9.705077533304246
1013 10.018128697662386
1014 9.749498425049717
1015 9.720246317630258
1016 8.804015317557027
1017 9.367061396159874
1018 9.239479651631582
1019 9.062765090761843
1020 9.83703950903954
1021 9.340351685976119
1022 9.78058711759103
1023 9.82513696822791
1024 9.779553942156483
1025 10.917946344525607
1026 10.009466832552633
1027 10.59389213402604
1028 10.687100507671216
1029 10.165211050977925
1030 10.562548703416173
1031 10.060205443476017
1032 10.428728170548567
1033 11.193294115507179
1034 10.269533922090847
1035 10.829839891448064
1036 11.255706164293562
1037 10.457166016973474
1038 11.224693193718707
1039 10.052947180108415
1040 9.973640554656134
1041 9.51745424963888
1042 9.870256679833187
1043 9.447150030920872
1044 9.180570709099966
1045 9.805698377091131
1046 9.114556329714732
1047 9.095815123018875
1048 8.52096673939898
1049 9.453336978484002
1050 9.465935766072908
1051 9.69002461085619
1052 9.950291913432066
1053 9.63010661899998
1054 10.031995024973007
1055 10.391435974089982
1056 9.502501522637326
1057 9.776302857968622
1058 9.593243687067027
1059 10.315045144918313
1060 10.4752236775553
1061 9.937985612488756
1062 9.637180607368583
1063 9.682408895631108
1064 10.302455950995565
1065 10.081185302016667
1066 10.504625894145791
1067 9.898029178718858
1068 9.042520459571016
1069 9.275056211583337
1070 9.68383152028289
1071 9.505619533229844
1072 9.99961950665875
1073 11.414052130963796
1074 10.127133866516068
1075 9.983309600504935
1076 11.055698608539805
1077 9.719996969808317
1078 9.625079162165552
1079 9.816903557325514
1080 9.63048150084657
1081 10.100117478862968
1082 10.012749988969897
1083 10.118340762271023
1084 10.121279863247572
1085 9.842298603100458
1086 9.98911111928559
1087 10.62073246104313
1088 10.668972443084051
1089 10.265829378487515
1090 10.220831582047234
1091 10.49325961972145
1092 10.53980003136565
1093 10.301137402535016
1094 10.19736810624997
1095 10.305840825732831
1096 10.374071995035294
1097 10.332958641719612
1098 11.108203163837464
1099 10.827306664307681
1100 10.378848061372722
1101 10.10232665392346
1102 10.92603860538177
1103 10.02049792802897
1104 9.136144577358975
1105 9.168736070000902
1106 9.666619740400707
1107 10.412361891687935
1108 9.860080714451787
1109 9.703597377460651
1110 9.679261189393724
1111 10.63630331957664
1112 10.313668222118741
1113 10.002530287311389
1114 9.826193678143637
1115 9.607307727650916
1116 9.475527788568812
1117 9.863592707736938
1118 9.521336957821953
1119 10.009757678294504
1120 9.387136143240925
1121 9.81887242529761
1122 10.762177605958302
1123 10.392874069611263
1124 11.197886121376607
1125 10.475350809765407
1126 10.932958767674855
1127 10.806355241604756
1128 10.4860458257908
1129 10.27888415949301
1130 10.678687298524446
1131 9.912781770703145
1132 10.261446753300877
1133 11.654448068345491
1134 11.0265621928658
1135 10.726042995343457
1136 10.890100321294485
1137 11.169032536182826
1138 11.303428397452258
1139 10.4343225249328
1140 10.686484249262113
1141 9.869257944614278
1142 11.11570027555274
1143 11.073287562385541
1144 10.502652106567155
1145 11.887639760435698
1146 12.101516819127056
1147 11.426157779862672
1148 11.776106583849764
1149 11.521798197149614
1150 11.25926439647284
1151 10.061814845118578
1152 10.826562444483809
1153 10.044507732615829
1154 10.17047048658044
1155 10.821477274060243
1156 9.554106139634406
1157 9.614570749394163
1158 10.619868636547197
1159 11.01438244011116
1160 11.543488454507907
1161 10.341038949670654
1162 11.30099151389323
1163 11.788861588519058
1164 11.24350040188428
1165 11.15186303935355
1166 11.043055358828234
1167 10.673314942620124
1168 11.992592665684676
1169 12.92961765709064
1170 12.22722718743507
1171 11.736643853227758
1172 12.057954386447586
1173 11.173471551283921
1174 11.2231410572748
1175 12.236683490160761
1176 12.56864711805627
1177 12.193063737926895
1178 12.871311350881582
1179 12.821817550733693
1180 12.822253080818612
1181 13.296545868587282
1182 13.001508928303307
1183 12.6658147778683
1184 13.529036251595496
1185 12.748504397780351
1186 12.966471594208484
1187 12.530590214950493
1188 12.143766597441369
1189 11.372389314788727
1190 12.404890903836675
1191 11.802333394732557
1192 12.455657181544794
1193 12.399254410766568
1194 12.057394399932209
1195 11.818997671621766
1196 12.436517856937222
1197 12.569746242101008
1198 12.69845737583341
1199 11.65549501035115
1200 11.561012584411635
1201 11.269431946900324
1202 12.204026593493857
1203 12.46260992180867
1204 12.517168821399974
1205 12.421156548768982
1206 13.24420671420938
1207 12.143347831763968
1208 12.653704665179898
1209 11.857659867360825
1210 12.013081345288494
1211 10.6085432584995
1212 12.211055317057045
1213 12.275608583536455
1214 11.787838191048518
1215 12.456978785764665
1216 11.811438651393575
1217 12.127409618590328
1218 12.541071570174768
1219 12.566012175203571
1220 12.747151501004126
1221 12.24940737875916
1222 13.240966284169984
1223 12.49147984862039
1224 11.367367234547766
1225 12.256478861781341
1226 12.369828300266757
1227 12.187601641788177
1228 13.71348526630852
1229 13.08396162966533
1230 13.58471068202421
1231 12.806151438307353
1232 12.525680501300233
1233 12.724513653096967
1234 12.797111415353708
1235 13.27243065011935
1236 13.050498934381682
1237 13.73040687374472
1238 14.306887222587072
1239 15.24108171478478
1240 14.474509252426165
1241 13.8610171718673
1242 12.615833884399358
1243 13.537726769045033
1244 12.389964207165603
1245 12.163800131819455
1246 12.427592718119485
1247 11.463634127797132
1248 11.743749564981448
1249 11.847609258164013
1250 11.863920201587666
1251 11.930089660800443
1252 11.832483931582942
1253 12.096360204990134
1254 12.040934952730243
1255 11.8139536292932
1256 11.884030264611251
1257 12.355531661409834
1258 12.477197249128764
1259 12.717850788353536
1260 12.921314640587779
1261 12.642426711844779
1262 12.175752053434797
1263 11.315765014098545
1264 12.479877905845846
1265 11.934825563470893
1266 11.163760388912172
1267 11.393247709750337
1268 12.091147135564471
1269 11.878625675255558
1270 12.544041570252073
1271 11.689784892931188
1272 12.016820341576626
1273 11.926476511088774
1274 11.758452081500522
1275 11.607397930267991
1276 12.116459882889117
1277 11.687876520484215
1278 11.91906140368833
1279 12.092445445134388
1280 12.106627542132244
1281 12.044973835197235
1282 11.304495197648171
1283 11.672142558146838
1284 11.850543051772076
1285 12.388362585844618
1286 12.996510419435209
1287 12.489452914648332
1288 12.60777519598185
1289 12.467140973448611
1290 12.62498163946107
1291 12.77707488983986
1292 12.708916907409556
1293 13.12633500878225
1294 12.938705875777073
1295 12.788401609662143
1296 12.65661001695326
1297 12.657916625212263
1298 12.539607599711735
1299 12.166254139311105
1300 12.866093796191132
1301 12.732893886040008
1302 12.217047333062734
1303 13.246103327515302
1304 12.246327769292677
1305 12.166728596759416
1306 12.058710889042382
1307 12.519569441412282
1308 13.313456648374299
1309 13.339358610860813
1310 12.84298989416568
1311 13.294674221051954
1312 13.011418995597609
1313 11.978879451947227
1314 11.969475262964743
1315 13.249156638281601
1316 13.348916691623698
1317 13.05677135052219
1318 13.779824615204815
1319 13.006163647187762
1320 13.153485470494113
1321 12.398176982843825
1322 11.735200968954286
1323 12.173116392769849
1324 13.149585078796084
1325 12.410858187153767
1326 11.572062189159784
1327 11.244187186758325
1328 12.480223013678785
1329 12.114705994823199
1330 12.62086962818807
1331 12.831415905909228
1332 13.013742239768517
1333 12.834696235389696
1334 12.869761052751723
1335 13.69158756990866
1336 12.712272149745779
1337 12.64136864274578
1338 12.325405230484996
1339 12.896893848706668
1340 12.43657149071037
1341 12.668359624412048
1342 12.227671114868397
1343 11.156017088656396
1344 11.51899044689763
1345 11.46066720833907
1346 11.902869337742505
1347 12.086296343237358
1348 13.946824621173352
1349 12.728667194020185
1350 12.277569406772074
1351 11.735633161629035
1352 12.298215455971963
1353 12.016228535891333
1354 12.51727329318927
1355 12.547453670261428
1356 12.99641784366466
1357 13.279999936160234
1358 13.583419861313327
1359 13.141354363199847
1360 12.544404364968333
1361 13.150644144084756
1362 13.890004680027456
1363 14.293319288647316
1364 14.561833329898132
1365 14.085601597114756
1366 13.312329906917945
1367 13.355787848036268
1368 13.985075528187398
1369 13.207709681000297
1370 15.3324082297699
1371 14.757636993376483
1372 14.034044410317742
1373 14.470547764781779
1374 14.326416042272001
1375 13.781809689194084
1376 14.246958490264719
1377 14.48875448894267
1378 15.247843779334147
1379 14.962888439249248
1380 14.68170341458637
1381 15.332040488274943
1382 13.525289675409843
1383 13.790328317984006
1384 15.367409543820136
1385 13.258747025121277
1386 13.565805247786521
1387 13.533595853959538
1388 14.003212977349227
1389 14.423439638332573
1390 14.30817394082844
1391 14.316575554151317
1392 13.568722212133384
1393 14.474723749595592
1394 13.896169720085894
1395 13.692428234593105
1396 14.204259754030831
1397 13.685369854799339
1398 13.575050223499119
1399 13.558939588127371
1400 14.203885474173086
1401 14.8465740371872
1402 13.858167915776336
1403 14.341469688474518
1404 14.06838398469773
1405 13.809606299898865
1406 14.365839932630298
1407 14.852459065581641
1408 13.945722060318682
1409 14.396100384974417
1410 14.549539224664649
1411 14.798407033373955
1412 14.042473036543573
1413 14.747748235823973
1414 14.506546731826907
1415 14.396852801676737
1416 14.304483961410801
1417 15.732956699050282
1418 15.633601464561012
1419 14.471509893022596
1420 15.952425265665939
1421 14.736383036342298
1422 14.816100302599297
1423 13.978892566272394
1424 14.450398214484261
1425 14.633537335774646
1426 14.402579826816932
1427 14.44915229049725
1428 14.132504740231159
1429 14.523538062409258
1430 14.11425042586651
1431 15.325329173746166
1432 14.732458763266699
1433 14.850410824203863
1434 14.96751913724111
1435 14.56509762097714
1436 15.027192616822195
1437 15.051829737067342
1438 14.508091694203612
1439 14.398629897556308
1440 14.687971358351312
1441 14.052885907925669
1442 14.717816033142423
1443 15.067056940143605
1444 14.696509099886981
1445 16.090772404899706
1446 15.203478186769633
1447 14.876650426154518
1448 15.199703766581225
1449 14.668338725401243
1450 15.38286488574413
1451 14.981724035981197
1452 16.648321420545333
1453 14.948794416586725
1454 14.94450488338179
1455 15.474169031943013
1456 14.889219081342768
1457 14.455885986502057
1458 14.664061636546386
1459 14.580592235038981
1460 14.624758123504156
1461 14.795516497396097
1462 14.596263742031493
1463 13.98721401508089
1464 14.131563079689228
1465 14.041279496587627
1466 14.358805373262173
1467 13.932767814738021
1468 13.642605491924517
1469 14.545642787899236
1470 14.057243808364262
1471 15.412729267012706
1472 14.914689960333646
1473 15.351161928415594
1474 14.98667270572394
1475 15.179083543918223
1476 14.7008008305208
1477 14.153069197317004
1478 13.790306451892343
1479 13.732779809951671
1480 13.530925610394892
1481 15.276301434412966
1482 14.870053111198988
1483 14.026205500745293
1484 13.741239446077875
1485 13.784769006079692
1486 14.394270533780332
1487 14.135827092132986
1488 14.923919350871317
1489 14.306173531571385
1490 14.599035633662016
1491 15.078236765118861
1492 15.108793403443713
1493 15.701465113600374
1494 15.001541860325597
1495 15.396764949434797
1496 15.422975624463785
1497 13.901605622967205
1498 14.493144681684292
1499 15.108704125763744
1500 14.366697137450368
1501 14.707946902130757
1502 14.960820953128874
1503 15.364846079921161
1504 13.996162306526495
1505 14.858127332879532
1506 14.451261037158952
1507 14.165619302717811
1508 14.182470311711128
1509 14.509723130938076
1510 14.889283850955302
1511 14.432462146788088
1512 14.886693029130388
1513 14.987478191229025
1514 15.200137759329847
1515 15.656153571461529
1516 15.2049076206841
1517 15.18850324814646
1518 14.811647431178473
1519 14.432180596891614
1520 13.997487528893268
1521 15.671741703859796
1522 15.161490952051967
1523 14.534281101669984
1524 14.04529582799361
1525 14.391377510507521
1526 14.676261360108645
1527 14.882181984595377
1528 14.375158126102551
1529 14.277085399488772
1530 15.133001139434544
1531 14.815438351494787
1532 15.624635926662616
1533 15.698209214430271
1534 15.535712133793218
1535 15.654262583828038
1536 15.555189315748613
1537 15.813109086260912
1538 15.871985783467577
1539 15.691615775298953
1540 15.34392457655619
1541 15.293090646875818
1542 15.851318119062809
1543 15.717788184993697
1544 15.484625525427008
1545 16.661894094769977
1546 16.685146314843273
1547 17.761034276156767
1548 18.199258224759898
1549 18.100428067713384
1550 18.379009463982175
1551 18.971110807647108
1552 19.48099938587929
1553 18.252222458223038
1554 18.30740578793461
1555 18.249558394205092
1556 18.758811610506704
1557 18.786121932036924
1558 18.46180024868606
1559 19.243039688751196
1560 18.119982556524445
1561 17.517626472409667
1562 17.2247381855809
1563 17.4837119618587
1564 17.783957526117515
1565 16.707551196212695
1566 18.88236794297601
1567 19.42559725990134
1568 19.23177515545809
1569 19.8539097224687
1570 19.72303539254904
1571 20.06346295061038
1572 18.806204582730697
1573 19.047297696018784
1574 19.81555646431233
1575 19.103019859625032
1576 20.113522893278326
1577 20.098658770074184
1578 19.900664164336476
1579 21.21022258898174
1580 21.365262478307727
1581 20.984313746855843
1582 21.531348169971732
1583 19.736829013614372
1584 19.33475759924414
1585 18.876436890220543
1586 19.84386389625352
1587 20.56016459155454
1588 19.856933923938175
1589 19.55398001177218
1590 19.547989484232538
1591 19.634822234919927
1592 19.200560058585392
1593 19.982858579823972
1594 19.50782280675531
1595 19.75136824843183
1596 19.456548229461387
1597 19.43882905313736
1598 19.223021014607724
1599 19.353037501946858
1600 20.143234537353166
1601 19.44502447034149
1602 19.684606356468546
1603 20.261101377936676
1604 20.107764492355155
1605 21.137066773988888
1606 20.954993043255275
1607 19.931007692726862
1608 21.65534435325382
1609 19.913282151149467
1610 19.676764726705972
1611 20.155016770069285
1612 20.624984726251004
1613 20.0445428455706
1614 18.869369258531073
1615 19.69497318327641
1616 19.8111996471666
1617 19.02170061566085
1618 20.684618398002907
1619 20.31799798499514
1620 20.087101748307173
1621 21.11623218620238
1622 20.40797687211012
1623 19.53056498033113
1624 21.044504155958833
1625 19.294025194716987
1626 20.126554695516585
1627 21.004851808275426
1628 21.370172365092674
1629 20.94308232132285
1630 21.50666209545354
1631 20.89318743735793
1632 21.028355386500106
1633 20.13364432483896
1634 21.222501409956237
1635 22.01073189959354
1636 22.99583354649274
1637 21.667081154223624
1638 21.321485542465116
1639 20.25696922247358
1640 21.328375555443362
1641 20.947910479554842
1642 21.457043288223925
1643 20.97593457666452
1644 20.6869476531085
1645 20.731518196784045
1646 19.6872236284345
1647 20.366402279153892
1648 20.22673543187475
1649 19.85239136260466
1650 20.092894479665294
1651 20.008087609720516
1652 20.04073093718355
1653 20.57240029061966
1654 20.295406688586635
1655 21.22819573587855
1656 21.664941149037286
1657 21.08356904065417
1658 21.85689808470512
1659 20.552503973639666
1660 20.746583671583704
1661 22.113492343954672
1662 21.40740364085111
1663 20.551329655773426
1664 21.511778084248526
1665 20.843545818043875
1666 20.277306017405436
1667 21.072061325932413
1668 22.31034545367925
1669 22.13548891180021
1670 22.560420861753112
1671 22.616327474810465
1672 22.089714961960368
1673 22.4005735998797
1674 21.920286241745732
1675 21.914200775125728
1676 21.530014374048942
1677 21.91949603395718
1678 22.03275391934964
1679 21.83427413781982
1680 21.445086438163816
1681 21.846684889852305
1682 20.5627840204485
1683 20.130535950807815
1684 20.527666676088124
1685 21.275466031083905
1686 20.306166851498936
1687 19.444766906800723
1688 20.684008042221603
1689 21.06664403111089
1690 20.6861870613811
1691 20.926934211223276
1692 20.498041280392982
1693 20.288142717628563
1694 21.077911580913277
1695 20.946776306467903
1696 21.38483752950108
1697 21.301111282176304
1698 21.564854009725142
1699 22.036071703427865
1700 21.33889537098512
1701 20.913890535073854
1702 22.471172150396324
1703 21.591176926008
1704 21.441997427018624
1705 21.574000028948937
1706 22.053671301392356
1707 21.25524131859034
1708 21.2389122783442
1709 22.299506707874926
1710 20.73494810453743
1711 20.79617913485554
1712 19.978790427838724
1713 20.197524719907264
1714 20.73828190268077
1715 21.181911128888718
1716 22.173959856318465
1717 21.1208262647149
1718 21.736627839717606
1719 22.90474065662208
1720 21.780198915901174
1721 22.32076390928978
1722 22.533207925324398
1723 23.21092439161607
1724 23.713342266363636
1725 23.27113287535657
1726 22.345135530598395
1727 21.786335810461026
1728 22.818360053496775
1729 21.91078872362389
1730 22.17519719372783
1731 22.15022878342742
1732 23.118606192930773
1733 24.2252839437968
1734 23.063307784911345
1735 23.93223437205316
1736 24.86604157224784
1737 24.109316521783505
1738 24.299879711278287
1739 22.66634707787069
1740 25.183039959740693
1741 25.245050588008247
1742 24.29524948718767
1743 24.012781224400676
1744 24.27888064280365
1745 23.88232837919604
1746 24.828402075917257
1747 24.494810156808935
1748 24.172167350642212
1749 24.64162684514515
1750 25.388661136332235
1751 25.250717882080195
1752 25.551736586881894
1753 25.94816079045984
1754 25.892986753066523
1755 25.490871686238478
1756 26.450394268228077
1757 26.54830097329463
1758 26.254382619255804
1759 25.72148073739692
1760 25.891850681805312
1761 25.322833959164015
1762 25.783178996595744
1763 26.58469283722537
1764 27.302745716793098
1765 26.953045397902795
1766 26.815514885868076
1767 27.509070709192887
1768 27.236007854375877
1769 26.50499821146294
1770 26.92630612101541
1771 27.220045410142546
1772 27.597762703461246
1773 27.97225132267655
1774 27.394687167089913
1775 27.53442544838953
1776 26.94191170031223
1777 26.75669705778684
1778 26.517971215139273
1779 26.538217316957084
1780 26.69070854823585
1781 27.02383491400585
1782 26.841778695730653
1783 27.805495544748972
1784 27.409307001518634
1785 28.071401833431917
1786 26.940034041833062
1787 28.011138116546444
1788 27.63660782118276
1789 28.02673165174671
1790 27.55043597948105
1791 27.144981583950873
1792 27.243914220979477
1793 27.499295173943
1794 27.18359864941863
1795 27.164851694601246
1796 26.946572103664845
1797 28.060969375585127
1798 27.24850611414314
1799 28.50735327586178
1800 28.548992479939663
1801 28.016091498495523
1802 27.729528515149823
1803 28.7882840576143
1804 27.32752690336377
1805 27.117391641566414
1806 26.201070230630236
1807 26.525756412874184
1808 25.983471284413362
1809 26.441130044924126
1810 26.554485616766286
1811 27.399356648020337
1812 27.617179343475396
1813 27.227893349037473
1814 26.537989169519015
1815 27.62750422622736
1816 27.28825319967214
1817 26.225650662764526
1818 27.49785036392029
1819 27.601394989307682
1820 26.660523760528392
1821 27.309459786572496
1822 27.683076929439824
1823 28.05688952097365
1824 27.65033048495387
1825 27.423225352523094
1826 28.417848685179308
1827 27.85757919655071
1828 28.09854199496832
1829 27.83603182655057
1830 27.693824714121156
1831 27.905084997977585
1832 27.604403563661844
1833 27.480386437114923
1834 28.11048158719089
1835 28.58949608926216
1836 28.762154543267556
1837 29.262510068317315
1838 28.787243812030013
1839 27.192319578250544
1840 26.86523034649193
1841 27.682571380633238
1842 27.380043428304315
1843 27.054198055215746
1844 26.5417782425615
1845 27.031253878629073
1846 26.68906113764211
1847 28.11860246817614
1848 29.890381556682755
1849 30.48199836543132
1850 29.205698768212162
1851 29.479248042380668
1852 29.091901970782935
1853 28.424573238438512
1854 28.640415867071496
1855 27.919090572366493
1856 28.810740968552558
1857 28.76981836673663
1858 28.562505304658906
1859 28.969187213513493
1860 30.032421678275817
1861 29.616105289970935
1862 29.198066178797323
1863 29.586254496473472
1864 30.20365459881219
1865 29.71761277264128
1866 29.912936794575064
1867 29.516450500298728
1868 29.27656818270159
1869 28.812613467070598
1870 29.115009997151645
1871 29.210751827676283
1872 29.218902777232135
1873 28.876261959508756
1874 29.67161587405146
1875 28.298711816834256
1876 29.76050634901424
1877 29.26064407859345
1878 29.1884833747415
1879 28.30912287776557
1880 27.80816421767108
1881 28.198040719512328
1882 30.326845260504914
1883 29.620735447548878
1884 29.416963777040806
1885 29.47660917170525
1886 30.465965670945042
1887 30.027088199593553
1888 29.572729236694357
1889 29.468825756753226
1890 28.185986442056826
1891 28.507452271628736
1892 28.1150701344228
1893 28.003827735716655
1894 29.158354148448286
1895 28.845030163452
1896 28.87073786705233
1897 28.038815586258185
1898 28.726927213249297
1899 29.434720875927304
1900 27.932232442387026
1901 28.488893073190333
1902 28.708316682081104
1903 29.04069116001951
1904 29.06720560551179
1905 28.708671013354085
1906 29.33791283692405
1907 28.864125001687693
1908 28.50619665878977
1909 29.754204942475322
1910 30.78534713049664
1911 30.85528519335804
1912 31.086158479013573
1913 30.29468471148011
1914 31.306289345151285
1915 31.059508091902313
1916 31.21775660997019
1917 31.39096810682411
1918 31.429429604004063
1919 30.889877050186847
1920 29.26205957049847
1921 29.196900674304523
1922 29.14323552786703
1923 29.875016647625593
1924 29.047962879583768
1925 28.3644724166623
1926 27.780035971563297
1927 27.79575435883968
1928 27.301548009658223
1929 27.31350684119074
1930 27.64027674221469
1931 28.29958586993127
1932 27.213177609169342
1933 29.493406997699314
1934 28.707157153172552
1935 28.522607328672517
1936 28.789511889685805
1937 29.80863816635545
1938 30.49398346943749
1939 30.579004029100933
1940 29.45700156012523
1941 29.61527254705203
1942 28.837300219595097
1943 29.00439978521234
1944 27.22382067668085
1945 27.72024302088622
1946 28.10742218411409
1947 28.182354929904147
1948 27.37089122558571
1949 27.254761048726078
1950 26.89623484867637
1951 27.380368903012585
1952 26.72500507908619
1953 28.232393115932847
1954 27.33418143133895
1955 28.040312544877303
1956 27.65358387882437
1957 27.924563801068132
1958 28.317217727519754
1959 28.45048897583741
1960 28.548185805332075
1961 27.606840290084616
1962 27.40247094031093
1963 28.253934873855197
1964 27.877102571762602
1965 27.78780222345863
1966 27.23044659113818
1967 28.015004502982023
1968 26.402731403727326
1969 27.334573952768416
1970 27.14786704215243
1971 27.57947997130983
1972 27.40518760745784
1973 27.895038083740364
1974 26.515148584869433
1975 25.311871607627754
1976 27.11844570827263
1977 26.930179316206974
1978 28.773623119068173
1979 29.354815981777264
1980 29.35443686733807
1981 29.27592168042298
1982 28.930422763103188
1983 28.39590314825433
1984 28.605707714479948
1985 28.876678629577956
1986 28.874930935054284
1987 28.92315344769031
1988 28.09962031109362
1989 29.366160434609526
1990 29.143435994637876
1991 29.6826103465002
1992 30.592732639936404
1993 30.021297673824748
1994 30.47468786856377
1995 30.725609119619325
1996 30.206161375121113
1997 30.752014286335843
1998 31.49532735818409
1999 31.682294892063524
