0 18.257729978399276
1 18.79740542248686
2 19.789712667482377
3 20.238213835093546
4 19.085239147350972
5 19.217645821680623
6 18.695296049435814
7 19.569583570020857
8 19.22928562571148
9 18.63357688975561
10 19.140319332519628
11 19.277350597707766
12 19.894114347677093
13 19.042793071359647
14 19.433109771941044
15 19.772112608302656
16 20.170267801548118
17 20.14482901883341
18 19.413964782549186
19 19.688453916689646
20 20.0147973465917
21 19.949287625878885
22 21.509103328629543
23 21.190247883088958
24 21.32006314229886
25 21.00706228156939
26 22.14386998586293
27 21.98494782794474
28 22.223510440310616
29 22.14809712881932
30 22.635895535622986
31 23.00340617042142
32 21.987152643470303
33 21.911468813414025
34 21.39565421128826
35 21.175604719717196
36 20.693071204971563
37 22.812186309357738
38 22.040203439175798
39 21.624138315816275
40 21.33331809692362
41 21.630816346460342
42 21.310316451938153
43 21.894480381673706
44 21.14988672111085
45 22.099104825645554
46 21.768187070604483
47 21.509570576649722
48 21.573345494937083
49 21.552420377944216
50 21.721735838918825
51 21.076624392731283
52 21.192831370086598
53 21.49954308024867
54 22.4165586335461
55 21.20991009111637
56 21.058427510527423
57 22.22092766783697
58 21.21769499849818
59 20.39002312293172
60 20.16104166737985
61 21.467809378275298
62 22.304783093363113
63 21.90402671833672
64 22.086100292906654
65 22.12038641236614
66 21.87125565758189
67 20.763032322579004
68 21.73187125263718
69 21.05281278029359
70 20.599630169744803
71 21.798705501248083
72 20.433080804354976
73 21.63044835653571
74 21.84006895335928
75 21.183474427886804
76 21.81388414700161
77 22.100974066016843
78 22.01166984822163
79 21.533283584367297
80 21.5585573641417
81 20.842986382480007
82 20.40297823485942
83 18.545934875808594
84 18.503011441040478
85 18.95325882663095
86 19.139374243576928
87 18.74548272665327
88 18.438213515230206
89 18.650775885999003
90 19.32040342066849
91 18.730044675466665
92 19.193094608799665
93 19.610215385889425
94 19.280476751795693
95 18.762793517171435
96 19.16699977307667
97 19.76223770215054
98 20.139416248513974
99 19.570911737783074
100 18.657983225828982
101 19.241919339282507
102 20.115095196861912
103 19.200051511412376
104 17.898368954588403
105 17.851971956373117
106 19.43911221161959
107 19.358376569358114
108 19.467443488733817
109 19.532977942308193
110 19.06778058957857
111 19.63082765426637
112 18.69634862317902
113 18.58301916840479
114 18.720140776241845
115 18.348075089352438
116 18.94243504411685
117 19.049282550491906
118 18.299285727942348
119 19.15427210913483
120 18.30461191389225
121 18.906441317646948
122 18.160316950124653
123 18.242684654227034
124 18.487599251617276
125 18.364668607491765
126 18.591416042239608
127 18.07754589432188
128 18.42904223189366
129 18.282845099102598
130 18.75160755717361
131 19.94833080556289
132 20.021896862242194
133 19.666999199447794
134 18.818081741476746
135 20.085932360435883
136 19.380931603059874
137 18.148961628997366
138 18.82305648102225
139 18.0240469713943
140 17.5497261980648
141 16.466714995481745
142 16.824659805660385
143 17.26417918245839
144 17.13766354304182
145 17.351009868622427
146 17.862087245420355
147 17.51749039739655
148 18.14298020084965
149 18.244212795410736
150 18.839964042807907
151 18.30642011652559
152 17.726141289398434
153 18.134053125944256
154 18.127663609006714
155 16.875998808131342
156 17.246439738788574
157 17.706180163231267
158 17.70357065919819
159 18.076929461010465
160 18.374739733805306
161 18.650216025656555
162 18.687175093507093
163 18.353748709253527
164 18.748934788752866
165 19.23924620409889
166 18.363164590456883
167 17.942464377702667
168 18.420659758786847
169 18.68584260921088
170 19.15054488436532
171 18.5608112935332
172 18.15958147181174
173 19.159513687942944
174 18.879898659273348
175 18.473953265251062
176 19.270268763238775
177 19.086878975198704
178 19.096032368084003
179 18.816623639444007
180 18.546066790115784
181 18.319548703948517
182 18.69772813949466
183 18.18634419492079
184 18.105027004412324
185 18.189383690600117
186 17.669469688669174
187 19.01170047680739
188 18.261804001435905
189 17.916579928988806
190 17.798411359037694
191 17.137241140081628
192 16.937712409384943
193 17.454110349864518
194 17.554368121022833
195 17.62704064199197
196 18.233974018431855
197 17.54836903223577
198 17.91584319272612
199 18.019147124768217
200 17.746091837481337
201 18.074931855308197
202 17.95370553300148
203 17.711732683931995
204 17.389016098535226
205 18.018361380013506
206 17.261647907021416
207 17.895700712597154
208 17.526718312691425
209 17.752739122709983
210 17.589199705769264
211 18.191176271497543
212 17.843363576365334
213 18.990518742246945
214 17.771195861410305
215 17.06463049308751
216 18.173667565880194
217 17.30364913418816
218 18.722064696743974
219 17.38988388298308
220 18.367677949998434
221 18.52498903740641
222 18.88971757985458
223 17.530141348638814
224 18.393860791328553
225 17.301399246975837
226 17.50486566882342
227 17.244520376642082
228 18.247213172499922
229 17.318115201846286
230 17.895142259164473
231 18.055196773192087
232 17.173176367848317
233 17.146184406962057
234 17.191769451988858
235 17.06604919702808
236 17.228814381903256
237 17.891066815557405
238 17.26750637863633
239 17.637198962429792
240 17.570714555849204
241 17.421847297316244
242 16.983764112370487
243 16.597548046788067
244 17.35442412854001
245 17.83452357443282
246 17.244936819396333
247 17.593483800675
248 18.325999350798863
249 17.488468589922473
250 18.104724156748496
251 18.17857342423724
252 17.601071997374444
253 16.33331228477889
254 17.19070543386338
255 17.499861864230372
256 17.564054418546725
257 16.81128977151307
258 17.129831390188606
259 16.915884672567213
260 17.726590058683602
261 17.89310023417085
262 16.948355335903184
263 17.747053378187477
264 16.123407972657237
265 16.844634443554916
266 16.749202463789917
267 16.954900960183107
268 16.382755630414678
269 16.645020850088112
270 16.868569555447383
271 16.43960749026554
272 16.528114543721017
273 17.505260144260145
274 17.084352775237548
275 16.68826300017347
276 16.587553784950046
277 16.930691766772014
278 16.677096494387467
279 16.14357644469697
280 16.681608939246235
281 16.103755943127286
282 16.360638612522138
283 16.070966632929917
284 16.118737065981602
285 16.31347862384465
286 15.507808527043881
287 16.1422791018606
288 16.65469798896837
289 16.70294272592349
290 15.964640999083192
291 15.641659629373471
292 16.029951471480704
293 16.19371394215299
294 15.95050379631987
295 16.004829201344798
296 15.40214564874773
297 16.02948203563632
298 15.311290742095654
299 15.286914428986574
300 15.002779477405232
301 14.61634665356846
302 15.569321050492524
303 15.783607120868757
304 15.154854128824834
305 15.593905029208539
306 15.995123018518091
307 15.548074218493987
308 15.152147475056113
309 15.475892636275947
310 15.489392054442856
311 15.813898880864924
312 15.995610132019964
313 16.525686628820072
314 15.886017483085524
315 15.848428479148701
316 15.223736962790197
317 16.309921751614052
318 16.615211380413907
319 16.746761114937314
320 16.481858313554167
321 15.83702615631133
322 14.860775756524639
323 14.554039737718558
324 15.115545342198372
325 15.286418508502429
326 14.556804959128606
327 14.711730196668682
328 14.359593667272659
329 15.691756308674645
330 14.552455590708433
331 14.404327889173077
332 14.903042264734207
333 14.813398298927261
334 14.680642202620787
335 14.101576186331995
336 14.477257943341627
337 14.256287803499731
338 15.014853316430976
339 14.707895298099356
340 14.919782821019435
341 14.36539544329917
342 14.258131761453827
343 14.032601882351875
344 13.370404390349911
345 13.17311557648218
346 13.739504010631576
347 13.43707272140001
348 12.903399374238305
349 12.869093643839555
350 13.274946898073056
351 13.62157935611586
352 13.190490945960446
353 13.622348359642887
354 13.861320135357271
355 13.590702494341805
356 13.460850017231717
357 13.701604399338562
358 13.570985495495279
359 13.303529305884993
360 13.283723535256383
361 13.317522315829974
362 13.634797048786313
363 13.182561621198326
364 14.251954947587919
365 14.515206236857196
366 14.465213493374263
367 14.157104226685492
368 14.114956579216699
369 13.719621171780648
370 13.695498769327052
371 13.618066454499012
372 13.534110566288994
373 13.258380980115662
374 13.92605892080533
375 13.034525900738313
376 13.38039445383141
377 12.775825875866005
378 13.543490828412827
379 13.037501484178703
380 12.965038833434622
381 13.050303528622363
382 13.044882607774776
383 13.16823487327229
384 12.963277000273816
385 12.952862834131517
386 13.315743343936624
387 12.924820634108537
388 13.030161256483991
389 13.16539360464358
390 13.06270364557635
391 12.812001528346212
392 13.24676457084583
393 12.946900220054559
394 12.3916947256855
395 12.785562381105404
396 12.811809209132983
397 13.200687293077415
398 13.460740343797696
399 13.054885709647623
400 13.067293335668117
401 12.903921089754082
402 13.151785072162053
403 14.126718834024192
404 13.944906341049661
405 13.827250898625241
406 13.214610963135884
407 14.092720176900908
408 13.239386348347477
409 13.095578058285113
410 12.628916683015657
411 12.743563059367276
412 12.827122475998676
413 13.52390340404643
414 13.133837222689573
415 12.53281084935519
416 13.211196138102224
417 13.122697382009138
418 13.42342684635915
419 13.166284195574667
420 12.806337995666208
421 13.300315961619
422 12.856989241162065
423 12.961968318560672
424 13.249301060766397
425 13.030200136886144
426 12.901357182792168
427 14.002427380737831
428 12.092365071367192
429 12.728625215383996
430 13.297747925308906
431 12.896241686713914
432 12.944561156590575
433 12.18496625299878
434 13.84759495807778
435 14.339307446500014
