0 12.604251936766813
1 12.411057485198754
2 12.537495461070174
3 12.34258689977973
4 12.853286463298291
5 11.940550511444254
6 12.26340229382791
7 12.418001107954264
8 12.251680199721116
9 11.82181705301372
10 11.772560613658696
11 11.323870598273407
12 11.661135928276881
13 11.52652300609266
14 11.726483612366307
15 11.561878326045129
16 12.278469459840563
17 12.516673339991216
18 12.3394904618809
19 13.010840947127162
20 12.22908798166193
21 11.966884249807913
22 11.830769009372423
23 12.054738479048867
24 12.392439301144922
25 11.934782000891065
26 12.032715727906968
27 11.859528271130156
28 11.151874820427329
29 12.074206241475164
30 11.284140263774113
31 11.086337926735176
32 11.545453545709071
33 11.407168648643193
34 11.957527457099904
35 11.716376695728911
36 11.838493337014894
37 10.920904163017767
38 11.19685768254995
39 10.519369867261313
40 9.73341432592282
41 10.032342418239377
42 8.990263148521342
43 9.939772333637643
44 10.685183707219164
45 9.66040872258866
46 10.58445553386339
47 10.890012953230285
48 10.373574760101304
49 11.16975001400112
50 11.614573521793567
51 11.175693628693601
52 11.83051832184312
53 10.821308813681775
54 10.326884853685204
55 9.920804858009156
56 10.365715253721957
57 11.237008804261288
58 11.784897982542883
59 10.602196749751663
60 10.265745565631397
61 9.809698283245051
62 11.098270246462556
63 10.867931045339855
64 10.745027858180661
65 10.810822490089532
66 11.04934061383566
67 11.411333523896422
68 13.022734963472653
69 11.607360084157465
70 12.220795462101867
71 13.097113962604771
72 13.169687136214076
73 12.34422400812069
74 12.998563952397989
75 11.892746786627214
76 12.054152882677517
77 11.789711720295195
78 11.872029771777811
79 12.243440024579838
80 11.851692502454325
81 11.664370460752826
82 13.083918505819957
83 12.476492280890774
84 12.651149787217975
85 12.464795083279148
86 12.043553856329655
87 11.62321847470794
88 11.44658699953599
89 13.06428954558007
90 12.350354459832687
91 13.005695539448476
92 12.506011959462947
93 12.465721136820191
94 12.221633353372555
95 12.423082758271057
96 12.763288164214282
97 12.656229777992401
98 11.928689084629022
99 11.952436808761334
100 12.052196930514373
101 11.51210820119599
102 12.0131678083385
103 11.899477861382287
104 11.631731820940127
105 12.259140127301382
106 10.396229359717134
107 11.376549442380805
108 11.5324493067
109 11.175428378929555
110 11.801724250901335
111 12.132776062312615
112 11.303174592144563
113 12.173829902202282
114 11.455080792023228
115 11.35721990608456
116 10.634823561198822
117 10.293990844342625
118 10.204288301753492
119 10.426480339913024
120 10.910457800909889
121 11.501573800156324
122 10.872280365521092
123 11.091559982098493
124 11.05063249746891
125 11.604012151884161
126 11.71743557255818
127 11.883925667323785
128 12.377834711283372
129 11.730973948282504
130 10.94303959993379
131 10.504955044611108
132 10.967073054719137
133 10.79083250017525
134 11.223633908507955
135 11.680172675610171
136 10.765772681177735
137 11.50849094740377
138 10.99922661220583
139 11.943042652738933
140 11.632549960685235
141 11.34115430986383
142 12.155871229174528
143 10.220140937540707
144 11.25608376900692
145 11.099386846733132
146 10.869815804087862
147 11.037600988586734
148 10.626393112266472
149 11.305898639927388
150 11.077975332840872
151 11.448122706707933
152 11.007093980096357
153 11.405713068743168
154 10.411256030306404
155 10.865352011387536
156 11.238628487136719
157 11.997173018254195
158 11.46701315099965
159 11.025839266394655
160 11.297670004601699
161 11.14337311733855
162 11.094657648378606
163 11.874525634641536
164 11.480808977430948
165 11.651985435472005
166 11.061769821038157
167 10.93032169944884
168 11.117550818961057
169 12.117767792749216
170 11.40986935468203
171 11.698777891538159
172 11.341903953723035
173 10.897263447118412
174 10.529327166057977
175 10.33363150637756
176 10.674222717394358
177 10.511140754964387
178 9.264095430864975
179 9.191370270400217
180 9.27662082421984
181 10.356773853079844
182 10.42325149595632
183 10.901874512764559
184 10.721179809283298
185 11.614441438872204
186 11.057000556152975
187 10.847108303650431
188 10.518388930563363
189 10.790460181098718
190 10.208436293657476
191 10.292374071364593
192 10.289776144961332
193 9.935710616313921
194 9.734789020190112
195 9.975939739778754
196 9.776132651215308
197 10.603747147361343
198 9.870409861653462
199 10.642743129738012
200 10.263235810680145
201 9.972646503708988
202 9.619507192197258
203 10.72786497909135
204 10.822812721627729
205 11.417735716563792
206 10.745123342491617
207 10.313354502803127
208 10.77596909228382
209 10.661420559728583
210 10.744431804862646
211 10.586872813495038
212 9.982506160494609
213 10.683840130023224
214 9.010567996413299
215 8.954687549530489
216 10.438398504340938
217 9.66565344971591
218 10.084484248406893
219 9.984172447113652
220 9.657468221642736
221 9.346079901491668
222 9.172649717595158
223 9.239458720278991
224 8.88265823626505
225 9.054272592466395
226 10.202089302094677
227 10.299763443507983
228 10.107771127537188
229 8.721911627790558
230 9.435360725576594
231 9.808599863810507
232 9.16423518704365
233 10.243887612268065
234 9.350315944320535
235 8.279368880213775
236 8.089373191480682
237 8.077372618633532
238 7.960891064595264
239 7.273354332496773
240 7.799194651397138
241 7.850318790708957
242 8.340413656029295
243 8.618618244701652
244 8.660760695831234
245 8.58986015935014
246 8.635034264141169
247 8.01102192113504
248 7.734824982357975
249 7.428218623476434
250 7.209208041358187
251 7.845418664710073
252 7.3400425640745315
253 7.769183332218524
254 7.510766974930779
255 7.389554854655967
256 6.903869898505065
257 6.719051149304179
258 6.5740377588258205
259 7.31358631400456
260 6.221398076066542
261 6.125235780960337
262 6.473752070066073
263 6.090562451143074
264 6.072009900039373
265 5.689157085177877
266 6.226676234719236
267 6.716280207615583
268 6.72838736220452
269 6.132117331217803
270 6.434082707502271
271 6.714502043107696
272 7.2166369560931924
273 6.852573183440423
274 6.909447254683256
275 6.3086028552404505
276 5.847838965627418
277 6.580020489219805
278 7.463149918499208
279 8.641020569468877
280 6.848605682055593
281 8.020278229282086
282 8.942903103581731
283 7.695708079062432
284 8.275791704987396
285 7.47017427304437
286 7.483813423447364
287 7.5721057170841295
288 7.141347444200443
289 6.532321597777706
290 7.07810671862336
291 6.619608670544201
292 5.5551976977304145
293 5.719992925915568
294 5.572497346115425
295 5.321992677797372
296 5.566854867065321
297 5.727887131071028
298 5.388771134297976
299 6.69422807148146
300 6.659591474578228
301 7.052865164831442
302 6.410486321304838
303 5.6917972780067
304 5.554245179804278
305 5.904676551768312
306 5.957441398217654
307 5.797230300824457
308 5.796177496868475
309 5.872587324199955
310 5.94312071938037
311 5.563185988311989
312 5.9667660342925695
313 6.073458978296652
314 6.069241322640069
315 5.80207681873528
316 5.970186334143808
317 6.462611981870064
318 5.362617628120245
319 5.276519202702951
320 5.526637855318675
321 5.815092351327402
322 5.308336366629199
323 5.660173155353718
324 5.600218974188037
325 5.54470306409653
326 5.524821273004188
327 5.372413738895646
328 5.222706410874638
329 6.077987596771869
330 5.626561773839609
331 5.661444295012652
332 5.767312329279168
333 5.744732237822423
334 5.872133519369014
335 5.576448896681159
336 5.907640221802953
337 5.6172150111560395
338 5.338570173073606
339 5.369089995233337
340 5.225335063084785
341 6.033060482702729
342 5.701830886615081
343 5.553103343111167
344 5.851125272301528
345 5.462803237487869
346 5.313084330793044
347 5.895105413198079
348 5.626831474151516
349 5.523719841215984
350 5.460169634297649
351 5.389832403892733
352 5.757365264352275
353 5.153283838973426
354 5.114972722779292
355 5.442945227361747
356 5.5539795864182615
357 5.627610191246531
358 5.5380853423226215
359 5.589323993792267
360 5.1725717716605
361 5.356283909280903
362 5.677217726699613
363 5.169739916357219
364 5.474621527359859
365 5.019696868089213
366 5.349975989421349
367 5.315209847627583
368 5.3941286485432025
369 5.210313603485109
370 5.610381204085694
371 5.1887602249682985
372 5.208086865958399
373 5.029088246750219
374 5.356695865759011
375 5.466287070518321
376 5.691058772279816
377 5.380691165890623
378 5.815066417091295
379 6.136321815841678
380 5.4498187282295145
381 5.67442676283966
382 5.585120083844688
383 5.403852570262338
384 5.283040164777686
385 5.0679585677930366
386 5.569664221328946
387 5.463349440341558
388 5.265543874202746
389 5.242394146857079
390 5.316173920687791
391 5.113958559809522
392 5.435628455890432
393 5.367535653927514
394 5.58549682950822
395 5.367395654806322
396 5.110329642504604
397 5.630698670744631
398 5.359767046464299
399 5.5619933010728495
400 5.438910844545878
401 5.264501205480399
402 5.441691536389
403 5.510917071179554
404 5.042596998638833
405 5.825249780803783
406 5.532298091631946
407 5.536031436417998
408 5.2183215968117755
409 5.941788040339449
410 6.112939244755244
411 5.199832891276555
412 5.564775317958948
413 5.761231393037168
414 6.06873129203261
415 8.147713903405885
416 7.4673857744052095
417 7.1401643540791415
418 7.671580070664649
419 7.7256569489907365
420 7.326661151016413
421 7.478004819238277
422 7.296737957302605
423 8.050797505502777
424 7.399006231569585
425 6.998870326654209
426 7.759264742192131
427 7.735307652444657
428 7.896312934662537
429 7.290848030078665
430 8.465375696896695
431 7.317332656796615
432 7.471107848250837
433 6.889984474702076
434 7.323653137627812
435 7.666460236309752
436 6.891031143354505
437 7.420445501335161
438 8.455257052570097
439 7.879216205042824
440 7.900270529582337
441 7.7708921861536595
442 7.10815109443292
443 6.100777301360893
444 6.040256135818665
445 5.990869321849262
446 5.549192182548289
447 5.3987886799519424
448 5.347796826915638
449 5.231833205384477
450 5.197180829594313
451 4.7298956751568415
452 5.622212088952911
453 5.304589799488455
454 5.399905693629122
455 5.460305938450813
456 5.145334444531594
457 5.4949833536212465
458 5.200259081421698
459 3.9175992501477332
460 3.602299980524024
461 3.554493059014267
462 3.7306828318873486
463 3.5830029142524746
464 3.5287863509114192
465 3.715678289518179
466 3.6897070679659705
467 3.6177111291413575
468 3.5357331053763956
469 3.589621289495108
470 3.5775682803252775
471 3.7256421946485236
472 3.512452287787013
473 3.4984716461290155
474 3.560569088352163
475 3.4379511200382673
476 3.625773856838216
477 3.5309022370102996
478 3.259590376866987
479 3.465197971379723
480 3.3097201273109973
481 3.357824430862702
482 3.62964664172247
483 3.619162044999815
484 3.467013374562443
485 3.4295558466433333
486 3.3967190926943363
487 3.423142959412529
488 3.2678430458918855
489 3.520033858056445
490 3.5005290040871277
491 3.6599829342959747
492 3.5654852415225045
493 3.2218158460759203
494 3.50663622374924
495 3.9265201020946683
496 3.461204465823369
497 3.5104319526992125
498 3.672645223614566
499 3.6319390436459473
500 3.5772362145989027
501 3.780816315669817
502 3.7540276008279445
503 3.9226631807008334
504 3.7119902227071373
505 3.6172163870132454
506 3.7705999370687366
507 3.5249959656672454
508 3.6702106491098503
509 3.5442703217042806
510 3.483677704499151
511 3.778286183700223
512 3.5608377160960294
513 3.456600579868014
514 3.536086814301794
515 3.7369834634166708
516 3.4735354217846237
517 3.5677160743157397
518 3.6197783055377055
519 3.518318103313014
520 3.373279451634478
521 3.620855915918856
522 3.341656059027927
523 3.330970914285389
524 3.229803818040646
525 3.6851237785747752
526 3.8441009904379517
527 3.6683689791123606
528 3.887403455655186
529 3.4956123065708224
530 3.8201173868362583
531 3.5241094363413406
532 3.880367268469027
533 3.568763062563823
534 3.4694601260783813
535 3.6363983252465153
536 3.753354085253131
537 3.617149407000377
538 3.691362827371545
539 3.5211070611881516
540 3.881423632180991
541 3.5158955453334793
542 3.7634234057294456
543 3.6741103209854726
544 3.62329559070697
545 3.556149546213511
546 3.616774285418027
547 3.3896559471423844
548 3.734610752237206
549 3.48716493539496
550 3.629601306542451
551 3.531649297103406
552 3.513610356795711
553 3.482039050394388
554 3.696957870846946
555 3.805291892559018
556 3.720435472378854
557 3.672167310574927
558 3.964492478654297
559 3.641254683684328
560 3.682820122651436
561 3.6426332633938396
562 3.4369376804962903
563 3.7811341746682894
564 3.7473747273998064
565 3.531901566360766
566 3.76385248778699
567 3.8272557228454835
568 3.717680864213613
569 3.711558640152439
570 3.7909494371759087
571 3.689618892136255
572 3.5215071531873905
573 3.6276124789329405
574 3.8230132023937418
575 3.5994838040088584
576 3.6086439813832265
577 3.694379531798836
578 3.644875313222091
579 3.784144253781564
580 3.8092886126417884
581 3.558635657614908
582 3.6463943660451172
583 3.6994266679606187
584 3.5880335332633146
585 3.6115627301900224
586 3.790783198778315
587 3.6859875613611917
588 3.6783015026365695
589 3.719240530870387
590 3.4061359423726176
591 3.664440164614486
592 3.709079921682655
593 3.695880636765166
594 3.818845961401212
595 3.616444818978635
596 3.7106258278230047
597 3.6513197057768916
598 3.5935310347914546
599 3.4490768426804093
600 3.577989648695661
601 3.5489694084175696
602 3.7870503934776605
603 3.810291776818525
604 3.6667829529131164
605 3.3846083687719903
606 3.8180225051647283
607 3.60947638977888
608 3.7028386633481483
609 3.6666726206459814
610 3.58301504981987
611 3.747339111671573
612 3.472513925451192
613 3.762697563211741
614 3.689662991505602
615 3.6109368364179337
616 3.8785474517107006
617 3.949828581780594
618 3.7977517733484043
619 3.685299133382701
620 3.6902552953987096
621 3.918969666632341
622 3.7165332086895972
623 3.573870979312496
624 4.981979920132831
625 5.416496012072501
626 5.4109670135246235
627 5.415873310045805
628 5.412158555647289
629 5.4613385161631
630 5.075581222245455
631 5.388148025012715
632 5.555246726132606
633 5.511995782365455
634 5.544639056582054
635 5.440332037576908
636 5.651606527489962
637 4.89453666724903
638 5.54308768233381
639 5.731211075079452
640 5.726276087491596
641 5.658183712456872
642 5.790463365720477
643 6.009746381619951
644 5.662170939506172
645 5.76135037633002
646 5.629638746627545
647 5.469990710801516
648 5.7164949660889475
649 5.933459954492755
650 5.6094750271108875
651 5.4990809219800045
652 5.692077484647501
653 5.913863931107134
654 5.720042067675018
655 5.877866163692754
656 5.643743015632091
657 5.714546995774484
658 5.917640583228009
659 5.62079666257188
660 5.897487354369909
661 5.735371417000201
662 5.876985735731165
663 5.5444281643454945
664 5.837261940234999
665 5.120743478382352
666 5.317746927883481
667 5.244167926031888
668 5.214605044180573
669 4.982820669588046
670 5.2913058394483174
671 5.638133424994682
672 5.03066020204756
673 5.554148845702741
674 4.762085386384146
675 5.276963556651192
676 5.469559616197046
677 5.17698520256407
678 5.796863333967893
679 5.1197113989572145
680 5.7789006138204435
681 5.763401384865873
682 5.53050559287853
683 5.794365674045626
684 5.632278306834334
685 5.905432422423641
686 5.204303404064493
687 6.007050512811747
688 5.882142442149785
689 5.38941052139035
690 5.571015131915738
691 5.4353221965487215
692 5.2378914998089625
693 5.782884907265854
694 5.292839556412916
695 5.5098234512116
696 5.58857757712602
697 5.19221362331602
698 5.42706844576263
699 5.851291768670138
700 5.698474721674366
701 5.681562637017135
702 5.421355885611382
703 5.720787752350455
704 5.979263666943239
705 6.1727240645669195
706 6.035959891630907
707 5.713693270714063
708 5.7513627897974295
709 5.874306842577694
710 5.371811128725976
711 5.526879504484638
712 5.722414682134231
713 5.627065859022068
714 5.9319698294731475
715 5.782848511388415
716 5.881596806034866
717 5.54936180068877
718 5.8072387799920495
719 5.741542379805904
720 5.834763494256551
721 5.741737735771141
722 5.628276745538114
723 5.74177557538812
724 5.379294297293699
725 5.723076124546209
726 5.71338468141873
727 5.749641623892158
728 5.741772789062197
729 5.564309071025112
730 5.9473920261454545
731 5.97809087263664
732 5.468013209452102
733 5.675886054606117
734 5.736643159302647
735 5.164060530363032
736 6.006627110838679
737 5.306884188108876
738 5.5360338943128635
739 5.889156383474439
740 5.83609430291107
741 5.506695241561427
742 5.388727531654658
743 5.875107389877647
744 5.69443780618036
745 5.5269086090279025
746 5.812802536177348
747 5.979331412463003
748 5.806541312324846
749 5.705618704133225
750 5.9749311750186225
751 5.588404549932225
752 5.5846092856908385
753 5.613770832701604
754 5.4995667749238075
755 6.016321017412008
756 5.795771423740157
757 5.919095529531063
758 5.708741072885929
759 5.702700435662001
760 5.3522054892813875
761 5.238866836785162
762 5.877641323296547
763 5.836628777042981
764 5.701810252311216
765 5.746200552500943
766 5.98930275268237
767 5.812850982482718
768 5.858033120410538
769 6.059124049945115
770 5.660296790986489
771 5.831283167486323
772 6.115943171853711
773 5.740287770084822
774 6.058864669269261
775 5.799597139252871
776 5.744966091651463
777 6.067852647975703
778 5.96926449495095
779 5.394293150676648
780 5.717866883921963
781 5.668080730917822
782 5.926777412137076
783 5.9037200776265415
784 6.081739108401628
785 5.575143316069327
786 5.5617063673210945
787 5.760685761021239
788 5.594275323346285
789 5.653667079651797
790 5.7681866862635545
791 6.034358635969494
792 6.082822936354376
793 5.89028600719645
794 6.350432742107184
795 5.625761261608856
796 5.431931824952444
797 5.67678068693469
798 5.876829531292754
799 5.5712298783111445
800 5.459445596349364
801 5.898064036485741
802 5.813418815158585
803 5.722322543557622
804 5.982763299024556
805 5.945863018600629
806 5.941421355292112
807 6.09055096406737
808 5.940284324011225
809 6.058899567367953
810 5.73027434112403
811 5.550434143010126
812 6.0559276850774895
813 5.984892015695861
814 5.6562928931069765
815 5.942089116994356
816 5.794794041382114
817 5.853995516305576
818 6.548425999652126
819 6.090340869185778
820 6.34641188092371
821 6.220001486057093
822 5.998354169337512
823 6.411131875693869
824 6.392193470919818
825 6.255469887183213
826 6.066499470584283
827 6.036332436098269
828 6.318210141357769
829 6.148093043404595
830 6.160291619331004
831 6.418323694377539
832 6.568290799086765
833 6.232435520022424
834 6.348048264520834
835 6.408269319485952
836 6.120405713834763
837 6.030589209096796
838 6.0675361102776515
839 6.167340003733051
840 6.176096086845218
841 6.175912148509714
842 8.213705336302503
843 7.941070980317547
844 8.122590592934975
845 8.304210315645072
846 7.932040724148112
847 7.827488828691518
848 7.6969654901684965
849 7.9928650324444295
850 8.192909587178159
851 8.210760335373095
852 8.193610697723035
853 8.334736637804413
854 8.472128172172265
855 8.298537040397292
856 7.947098383931478
857 8.46987520359667
858 8.033180568445058
859 8.280658383349824
860 8.55494371998925
861 8.143557184426049
862 8.31721226969653
863 8.531192144443583
864 8.777828299446005
865 8.554386660457576
866 8.951033473147255
867 8.45067331988675
868 8.282439897660998
869 8.560157850342348
870 8.512613702229578
871 8.496372853137585
872 8.5008786519041
873 7.806928474942033
874 8.244475668870413
875 7.820128801514447
876 8.059594868700863
877 8.2544771323835
878 7.91675308645405
879 7.919380999930917
880 7.883427891803767
881 8.081586731475397
882 8.33610699815263
883 7.898375467129854
884 7.814082777691812
885 8.184674980047683
886 8.17865451275928
887 8.23788337576553
888 8.247061089680944
889 8.21098089891531
890 8.13350139237938
891 7.89013746757062
892 8.519390442827667
893 7.989037830552616
894 7.975541603038301
895 7.6433441309109496
896 7.796030736864654
897 8.039789599823404
898 8.222265783073182
899 8.334370586963011
900 8.020053043123035
901 8.030665018437443
902 8.425914395750569
903 7.8595137979973835
904 7.708197701307059
905 7.9449311111577074
906 8.022085852102766
907 8.092102644905456
908 8.040543189792082
909 8.325128082033618
910 8.432128013440916
911 8.093385833534171
912 8.139120871388482
913 8.14212161377106
914 8.058674953952531
915 7.922952337434098
916 8.7518963789735
917 8.044838700546086
918 8.240737323876532
919 8.05234570511966
920 8.01124184623992
921 8.556173513004202
922 8.271140488452737
923 8.13786371333409
924 7.745888404336338
925 7.62120921162747
926 8.124520069630732
927 7.977590822275489
928 7.534649610405638
929 8.085120739131334
930 8.061528336481603
931 7.9559431359592505
932 8.18234388982903
933 8.348461047560647
934 8.529374774342372
935 8.36710907953321
936 8.669061756880945
937 8.035646522617998
938 7.589145732019541
939 7.883641988981012
940 8.299222780900406
941 7.93587201506792
942 7.891333409708126
943 8.060313671942803
944 7.892789709595685
945 8.088137164116505
946 8.588914241720747
947 8.726631956142107
948 8.825677001098981
949 8.167486203649277
950 8.56559057864699
951 8.194312622901458
952 7.8024158216810635
953 8.76688967276938
954 8.224882153487664
955 8.104091080934085
956 8.232193974808055
957 8.212188644693647
958 8.290337572226505
959 7.8938942250805075
960 8.064637914387994
961 8.164960651439005
962 7.857353466447645
963 7.677771733468727
964 8.055604059479379
965 8.132757588908563
966 8.374669486306884
967 7.9188681106204255
968 7.934440641617515
969 8.736595307723373
970 8.368481509218688
971 8.614545335223498
972 8.624238137732025
973 8.006809639840652
974 8.127105787313626
975 8.201494567392885
976 8.683714933291343
977 8.613937060561295
978 8.510364892641213
979 8.590060524489145
980 9.044415127909868
981 8.823845926102646
982 8.613071718909659
983 8.911314556779404
984 8.220606781253892
985 8.258692894389252
986 8.832833109807952
987 7.824075911139342
988 8.47961974626791
989 8.07481000719321
990 8.141505213064235
991 8.21952303874705
992 8.489037737577512
993 8.465702795051001
994 8.583729180548447
995 8.691074495351709
996 8.287262094572819
997 8.21375076307147
998 8.380431502093721
999 8.511502543043475
1000 8.517160914170773
1001 8.262938760676212
1002 8.496289393393159
1003 8.308872863851459
1004 8.77523400774413
1005 8.499471735636998
1006 8.656729844230293
1007 8.438899404932167
1008 8.4250650432246
1009 7.521037046331992
1010 8.65700200749191
1011 8.909992856538272
1012 8.229775885849714
1013 8.540704432694323
1014 8.57375948296576
1015 8.565472068025844
1016 8.879636576585405
1017 8.3445230761276
1018 8.502170988756967
1019 8.0737333911729
1020 8.384142201011105
1021 8.687429251828888
1022 8.802573383731463
1023 8.886142572298967
1024 8.498514338323236
1025 8.620649697278752
1026 8.644522770038495
1027 8.976557216375808
1028 8.742464156511339
1029 9.514519934990739
1030 8.732464437698281
1031 8.692109262733757
1032 8.542935659869578
1033 8.484321301435594
1034 8.547372914528276
1035 8.081715038609302
1036 9.166107752027862
1037 8.607983827167152
1038 8.574863978281982
1039 8.606468689909846
1040 8.426382522127543
1041 8.401814341309432
1042 8.446364495840857
1043 8.733582599323787
1044 8.117989887556138
1045 8.55534710327203
1046 8.387498349885293
1047 8.72803061009568
1048 8.767537595067848
1049 8.527309004432633
1050 9.196089556091213
1051 8.90145170085902
1052 9.246037317832037
1053 9.736816837850286
1054 10.067936570476768
1055 9.984197053669822
1056 9.369466814109964
1057 9.28828975670339
1058 8.856267583211956
1059 9.704108349391147
1060 8.916636403600505
1061 9.51620619472028
1062 9.698599057768742
1063 9.748802166206072
1064 9.396465211834242
1065 8.961912560654614
1066 9.036414395779438
1067 9.348481385522573
1068 8.883816341665256
1069 9.498030458057604
1070 9.363938889006723
1071 9.564666356377865
1072 9.763704890756234
1073 10.032061374816996
1074 9.20537208075272
1075 9.110388415901218
1076 9.046878655135597
1077 8.840841067474981
1078 8.78089168592071
1079 8.994255284109016
1080 8.766363955296427
1081 8.396486501081252
1082 8.437058093201827
1083 8.880622156553025
1084 9.38927392268811
1085 8.91577379595631
1086 9.006170171417049
1087 8.75780802854579
1088 8.513620114285315
1089 9.193276687726339
1090 9.375595485206937
1091 10.217554862127841
1092 10.158370108397204
1093 9.495833258917346
1094 9.674165970254016
1095 9.806866318539695
1096 9.315555172330436
1097 9.162674551004356
1098 9.703223275789092
1099 10.440458205847296
1100 9.504104726784288
1101 9.572564626495659
1102 9.436365251325524
1103 9.249819919412648
1104 9.183343496810997
1105 10.410109124469153
1106 9.590753416582547
1107 9.740225439108013
1108 9.705420023151282
1109 9.975008606906721
1110 9.945493542476866
1111 10.144657995295386
1112 9.963102220080863
1113 9.827694194947286
1114 9.600792210177541
1115 9.34305138933404
1116 9.865643714267701
1117 9.137261224539337
1118 9.375297489554978
1119 9.08625739002639
1120 9.445608334751192
1121 9.031954715627716
1122 9.07808923040059
1123 9.126375343041643
1124 9.4946866801298
1125 10.352405476347702
1126 8.786592973810912
1127 9.386032401456609
1128 8.984443156175702
1129 9.160691871072313
1130 9.526471097554431
1131 9.409795976832047
1132 9.996644638993317
1133 9.847956320554186
1134 9.757376212498862
1135 9.815006223897106
1136 9.86651761511375
1137 9.823467758844911
1138 10.402765355915317
1139 10.057074257036083
1140 9.726926693359129
1141 10.37510339880975
1142 10.244298903285987
1143 12.340353332079331
1144 12.524910464220296
1145 12.25021772340972
1146 11.891448899244583
1147 11.614947757067778
1148 11.668147351145908
1149 11.737586909656322
1150 11.136107050503304
1151 11.636096282625708
1152 11.638801610197506
1153 12.041136594482664
1154 11.99262375832596
1155 11.797942481994571
1156 11.738249374537984
1157 12.352313292099614
1158 11.459768886446724
1159 11.284204264084904
1160 11.452356140045781
1161 10.858515063438961
1162 11.617833624244668
1163 12.436148114100607
1164 11.813530188065123
1165 12.320239535662816
1166 12.027637010077411
1167 12.49672168194968
1168 11.4413097891746
1169 11.82804855215927
1170 12.076964018350369
1171 11.87807936214135
1172 11.647564026050748
1173 11.795899125611195
1174 11.316109477924018
1175 11.836921898880286
1176 12.003934457298078
1177 11.672567802163654
1178 11.543675314757085
1179 11.776543416964145
1180 11.461310602953372
1181 11.238332387071338
1182 11.509327196084428
1183 11.509590394642592
1184 12.080921591715173
1185 12.835637471118805
1186 11.67238974725167
1187 11.974344007129357
1188 11.56292074942071
1189 11.675553603362442
1190 11.275609109829551
1191 12.163795239880795
1192 11.692776352510545
1193 11.894681380131203
1194 11.823073631423503
1195 11.665208481683663
1196 11.61514574112369
1197 11.937408299308434
1198 12.345200698562861
1199 11.324952338639985
1200 11.438694229695678
1201 11.894353876580055
1202 11.568867110330263
1203 11.755521748792079
1204 12.182220144254748
1205 11.731337887281162
1206 11.842028299898317
1207 11.993335245168954
1208 11.862268195000903
1209 12.364482510083205
1210 11.374070776503586
1211 11.965729084649258
1212 11.872865542795761
1213 11.397197901561633
1214 11.654461887287756
1215 12.060219773791495
1216 12.095643409480346
1217 11.75998803783051
1218 12.05559938643788
1219 12.467097282176518
1220 11.850037066835288
1221 11.93538173115543
1222 12.277644472564605
1223 11.95975074299804
1224 12.09915086178108
1225 11.753895211157078
1226 11.264664262527381
1227 12.02485492233531
1228 11.439322900463008
1229 12.109902120332722
1230 12.82144928067622
1231 12.824724968988438
1232 11.88206442430966
1233 11.331513094064697
1234 11.172584563638734
1235 11.546390178808087
1236 12.331722481698346
1237 12.648786596957097
1238 12.624230180453479
1239 11.942881601645537
1240 12.453691404995332
1241 13.186743147901021
1242 11.936822002908112
1243 12.097788543798282
1244 12.053035410060225
1245 12.604917756311641
1246 12.190755194602907
1247 11.920233213621527
1248 12.016354929373032
1249 12.589082854611721
1250 11.715050322183698
1251 12.811293863601723
1252 11.782980905634595
1253 13.158788876017882
1254 12.130977047927786
1255 12.915534134462701
1256 12.858381299970551
1257 12.353633063963782
1258 12.78636153149357
1259 12.704508735946185
1260 12.099885942001084
1261 12.210928409813302
1262 12.13134948925202
1263 12.30586053183524
1264 12.635830091226609
1265 12.732918636811755
1266 12.411571417341829
1267 12.053541300430085
1268 12.397543087802182
1269 13.286237078140767
1270 13.145102858101401
1271 12.67129271065907
1272 12.454886492415978
1273 13.12840403411552
1274 12.118698845051476
1275 11.579471985811066
1276 12.019682100486838
1277 12.138478426987277
1278 12.944309388795205
1279 12.310435435236952
1280 12.86451568899276
1281 13.417823138325899
1282 12.960399320878732
1283 12.315061901192378
1284 12.417126901123435
1285 12.673146574828849
1286 12.038590480476305
1287 12.48245832003552
1288 12.022449800080466
1289 12.504064220053259
1290 13.139955735756082
1291 12.336927382721226
1292 12.236724397795443
1293 11.990615789062304
1294 11.517025962859766
1295 11.773034858685184
1296 11.108841441147815
1297 11.173357294998999
1298 11.505609457955117
1299 11.917231427901795
1300 11.770488877583636
1301 11.83376624582543
1302 12.187325336546872
1303 12.035595223617591
1304 11.572539825054795
1305 11.477056379254629
1306 11.637250555806922
1307 11.660693050181889
1308 11.764271969734867
1309 12.189323967941045
1310 11.879882181623573
1311 11.918141820284566
1312 11.179582834069736
1313 11.466168803900844
1314 12.14030990252797
1315 12.261977857108642
1316 12.137146164604417
1317 11.987201227509424
1318 12.046346926070955
1319 11.860893225315786
1320 12.134522665593046
1321 12.417311813788794
1322 12.11689256053252
1323 12.603832132010922
1324 12.0666024906874
1325 11.584969846660876
1326 11.730098296128896
1327 11.936740676917253
1328 12.685975590917819
1329 11.692402028828152
1330 11.771090086304852
1331 12.123378481541662
1332 12.008433126640304
1333 11.792415874763975
1334 11.735086214276096
1335 12.053297213496379
1336 12.051131327566209
1337 11.784342535479094
1338 12.281033700064166
1339 12.767810494337656
1340 12.297501073314054
1341 12.690217858891968
1342 12.155429264804354
1343 13.14797832040682
1344 12.989038110772642
1345 13.26916459450011
1346 13.410405272092287
1347 12.347508773773471
1348 12.236915819458414
1349 12.465804657191178
1350 12.796947554429257
1351 12.075108322468452
1352 13.495065821631043
1353 12.503000206517278
1354 12.347674142811247
1355 12.288923516404767
1356 13.018319083803553
1357 13.312503828519741
1358 13.16098171348696
1359 12.4341256620049
1360 13.243846603831038
1361 12.510712734225462
1362 13.009815160332305
1363 12.725799448008507
1364 12.406599424535372
1365 12.890748444998653
1366 12.08417356408948
1367 12.525142378827658
1368 11.939540750311716
1369 12.683717083508528
1370 13.08761328974383
1371 13.054784386839371
1372 13.208871166332985
1373 13.185519970588725
1374 13.252655272190871
1375 12.781191100917825
1376 13.009156651549704
1377 13.31848155222289
1378 12.86662058234242
1379 13.219625902708108
1380 12.595574924419212
1381 12.774306880156114
1382 12.718908424341636
1383 12.936013991507599
1384 12.950430889393756
1385 13.484675338936674
1386 12.84335567670669
1387 12.90295213098909
1388 12.530600429793143
1389 12.514560264216131
1390 12.94829155405714
1391 12.989825125712583
1392 12.627356795550789
1393 12.33304590703942
1394 12.835377456997811
1395 12.580954795869882
1396 12.287063561175096
1397 12.847927894049004
1398 13.090912893774428
1399 13.27361097628289
1400 12.730921559855002
1401 12.858311598920434
1402 14.111364080989619
1403 12.726926302316537
1404 12.803756043492116
1405 14.432737057680159
1406 13.948542615894953
1407 12.504935438032748
1408 12.787693282497935
1409 12.882045955283093
1410 12.593145514897738
1411 12.891435603298289
1412 12.689651101516661
1413 13.214859544881824
1414 13.353943118341505
1415 13.285861918491616
1416 13.528577845437955
1417 12.928873681184646
1418 12.535151659136487
1419 13.213481819854806
1420 13.359786931796052
1421 13.002017673535562
1422 12.822130403188094
1423 12.675347076331146
1424 13.231634883065398
1425 12.480155040218584
1426 12.59707897610804
1427 12.432388938143024
1428 12.853076198916298
1429 13.33617784271552
1430 12.619333235722427
1431 13.08574082274414
1432 13.221503261331764
1433 13.63443687030078
1434 13.095717832484201
1435 13.505387794182479
1436 13.555880165977173
1437 13.147972960922106
1438 13.219973310837592
1439 13.483667864704982
1440 13.340016894504283
1441 13.891600931514505
1442 13.288421158758432
1443 12.837467240995425
1444 12.568148721895449
1445 12.778116705309122
1446 12.951608479154213
1447 12.938013865930566
1448 13.046147164228126
1449 13.461956057208436
1450 14.312294630316616
1451 13.380989035937032
1452 13.634104566323012
1453 13.330845910782262
1454 13.313718000063119
1455 13.299951820302457
1456 13.374019613820789
1457 13.892501605950207
1458 13.767419656463556
1459 13.233692548787742
1460 13.3889382752322
1461 13.77649881552723
1462 13.77728346938813
1463 14.65489971797407
1464 13.357944003056474
1465 13.030388083955087
1466 12.79204371774946
1467 13.748217166045151
1468 13.438469405998417
1469 14.074078480366438
1470 14.095755755234599
1471 13.779860104665202
1472 14.17520382689548
1473 14.165574385565288
1474 14.675144168002666
1475 15.119659922570557
1476 15.274432329073772
1477 14.945798196059238
1478 15.450601894284041
1479 15.544873672153091
1480 15.165305583115114
1481 15.41981739423729
1482 15.262477122679162
1483 15.585090625675864
1484 15.213252111944556
1485 14.74013398577263
1486 15.900037145945788
1487 15.44192653580853
1488 14.978644557989785
1489 15.795079641699562
1490 15.21606678229199
1491 14.734867624412033
1492 15.122837839905703
1493 15.58118938543679
1494 15.261092270535434
1495 16.166615724908524
1496 16.837446930766163
1497 16.021594066695766
1498 15.424979841567144
1499 15.995547393376407
1500 16.057964670867687
1501 15.607399204574723
1502 15.56735758299181
1503 15.520850473532029
1504 16.441358896090172
1505 16.173630843209164
1506 15.639551157038326
1507 16.07653023789087
1508 16.513311156073037
1509 16.01675880124773
1510 15.843615737742196
1511 15.89997371328124
1512 15.430156830625213
1513 15.80785534966277
1514 16.050842235258507
1515 15.68223525352556
1516 16.193016067349536
1517 16.266115483368523
1518 15.59760974408295
1519 16.41424344581756
1520 15.81590455162366
1521 16.468108237251844
1522 16.016102413619024
1523 15.54033528186449
1524 15.609793580114209
1525 15.98130058840417
1526 15.693820452957524
1527 17.28566785579626
1528 16.146252223059076
1529 17.35892005671451
1530 17.642001145611676
1531 17.99720101291253
1532 17.330856931548976
1533 17.84062122568702
1534 17.54063186645382
1535 17.146466348083106
1536 18.023816692537014
1537 17.178226345346182
1538 17.481418827078862
1539 17.35567607823389
1540 16.976361935913765
1541 17.743012155786882
1542 18.777799457343566
1543 18.030044301419547
1544 18.356828305241258
1545 17.30197196138531
1546 19.547198582475446
1547 18.296682606224664
1548 18.591454292789173
1549 18.229543270083994
1550 18.29066111960212
1551 18.851377297661724
1552 18.417139301851588
1553 18.199420742574954
1554 17.922732569441695
1555 17.775257907794792
1556 17.465045779312145
1557 17.577982405550188
1558 18.240596056204346
1559 18.273014460120073
1560 17.868695702914454
1561 17.820375225479363
1562 17.824223339100005
1563 17.167567012948062
1564 16.741233465185505
1565 17.678643901907662
1566 17.7910407022593
1567 17.660407381785024
1568 17.58844205927355
1569 16.564561339466003
1570 17.589308912371006
1571 17.834126678148852
1572 17.870883865096243
1573 17.89862607204757
1574 18.07125934826943
1575 17.428919052854717
1576 17.59372847297366
1577 18.006344518674172
1578 18.485803010787603
1579 18.361065868873126
1580 17.38989805375662
1581 17.896040710406133
1582 18.16463880639456
1583 17.690590403093832
1584 17.42596114423236
1585 17.890547957869003
1586 17.91909722832113
1587 18.44055371840484
1588 18.252539495092044
1589 18.263737151395983
1590 17.706025890188304
1591 16.880449803468174
1592 16.840542017260773
1593 17.811449518719257
1594 16.734809531809635
1595 17.805503530528508
1596 17.72998577088717
1597 17.730091376247827
1598 17.538575797990323
1599 18.360727310789617
1600 18.121376422296716
1601 18.73039002976824
1602 18.694012557813352
1603 18.892803028013734
1604 18.637677814848068
1605 17.923923069440352
1606 18.701890902333716
1607 18.193930157115354
1608 18.6607798468991
1609 18.80012344870135
1610 18.40114296597514
1611 19.55377144718678
1612 19.236452658554853
1613 18.744298631537838
1614 18.554930368234913
1615 18.90680519851393
1616 18.578460787367476
1617 19.33444450633333
1618 18.496198771541774
1619 19.140234372700604
1620 18.592633905489745
1621 17.79399733353381
1622 17.531152094857433
1623 17.077733967192916
1624 18.4673559654035
1625 18.12927570830973
1626 17.75172484976934
1627 17.485691270417604
1628 17.80124655568515
1629 18.66402959894767
1630 18.337080352387158
1631 17.889769342771885
1632 17.889736308338467
1633 18.627684245641184
1634 17.65116152208076
1635 17.81946732682079
1636 17.30593149818501
1637 18.419940436703406
1638 18.64202842743323
1639 18.306020093053043
1640 19.194577012453138
1641 18.006688323442557
1642 18.67824276899055
1643 18.747265560654
1644 18.665479638800726
1645 18.60433544438307
1646 19.153811472054763
1647 19.22981626708345
1648 19.35237474809978
1649 20.139576210864536
1650 19.9501515428878
1651 19.588738969996587
1652 19.215634472016436
1653 19.39706909114784
1654 19.488574201471227
1655 19.306178539438488
1656 18.97477536458148
1657 18.83939135184166
1658 17.903158703057425
1659 18.95724498821141
1660 18.45664562829565
1661 19.10701513184251
1662 18.429248318610124
1663 17.61865246510358
1664 17.997959907521743
1665 18.89257188652402
1666 18.41183601799631
1667 17.98015068404531
1668 18.29717832064722
1669 19.13814436767888
1670 19.209825862128465
1671 19.4438915891877
1672 18.592938093560203
1673 18.044482119486858
1674 17.945792099589912
1675 18.067470654729746
1676 18.48647142050212
1677 18.34518055344977
1678 18.43031749396999
1679 18.832513657117687
1680 19.12806465551441
1681 19.41838709925653
1682 17.62861301986928
1683 18.87558656444564
1684 18.62815004008885
1685 19.419448003876386
1686 19.43351064943362
1687 19.523400216271774
1688 19.136315734399673
1689 18.602212574153324
1690 18.45454636789059
1691 18.34870218748111
1692 18.31331555093602
1693 18.119578261821555
1694 18.785716060325136
1695 18.25392104719002
1696 19.25996583566263
1697 20.090103068300078
1698 19.12062992720672
1699 19.730873020055203
1700 18.92491213597142
1701 19.606689273077365
1702 20.12727490709145
1703 19.142807453418218
1704 19.31794363910205
1705 19.86315805914026
1706 19.907732189983324
1707 20.306113081530103
1708 20.011064310122517
1709 19.73708896013833
1710 19.534876003520797
1711 19.90302880729337
1712 19.92989245380671
1713 19.614626578270844
1714 19.81635554990713
1715 19.76486832034993
1716 19.662544292061394
1717 19.9832575959879
1718 20.85276752656601
1719 19.90340093837639
1720 19.764965384470994
1721 20.015261187295785
1722 19.783521033104943
1723 20.69208983506487
1724 20.73982856034408
1725 20.56097064883728
1726 19.84951451448771
1727 20.05221797532625
1728 19.692212028556263
1729 20.48435841858315
1730 20.438370198324264
1731 20.596139049563146
1732 19.963110467829694
1733 20.4433135844889
1734 20.395746529886125
1735 21.770080370145102
1736 22.73678343334517
1737 22.274549263330417
1738 22.795221156698336
1739 22.455219814073004
1740 22.61888023013592
1741 22.12465527040032
1742 22.688646005252814
1743 23.408321451603694
1744 23.540494110912086
1745 22.620529217155525
1746 21.701151225511385
1747 21.248155224516786
1748 21.834836921175533
1749 21.616027798483426
1750 22.929224955985816
1751 22.625513829720983
1752 22.519332658918046
1753 22.40317102126605
1754 21.792005543198442
1755 22.287853373430657
1756 21.775639197567727
1757 22.31200188977741
1758 22.120559334121392
1759 22.321123351450055
1760 22.689878012764446
1761 22.699623144241656
1762 22.848348446056935
1763 23.891843919200596
1764 23.804460243862067
1765 23.568331371631096
1766 23.17529744085189
1767 23.1372498059449
1768 23.910590203614355
1769 22.806869510815797
1770 21.673199982057117
1771 21.729174957977335
1772 22.389608784102368
1773 22.399516914378108
1774 21.895121093435293
1775 21.390225866121295
1776 20.65366024235419
1777 20.744230792915676
1778 21.17215118123903
1779 21.051802154536148
1780 22.030727066606783
1781 21.481440110181012
1782 21.55158237597887
1783 21.663143088251324
1784 21.63208364157717
1785 21.347576872218166
1786 21.115716999044945
1787 21.82068911152442
1788 21.377672384722995
1789 20.95499441471028
1790 21.483345573731008
1791 20.646238807840156
1792 19.428913284759805
1793 20.330362700491918
1794 20.67417658279195
1795 21.077234700569832
1796 21.33265132734623
1797 21.73541823741183
1798 21.257046206722833
1799 21.552390127881658
1800 21.590093360607685
1801 21.249104477206842
1802 22.174181056190793
1803 21.328894021444956
1804 20.722581324111655
1805 20.78109245052382
1806 20.882146242828195
1807 21.595709786944692
1808 20.5881936745675
1809 21.29432145071156
1810 21.16020961495168
1811 21.352084266310875
1812 22.55730769053645
1813 21.949204474742803
1814 22.231241719157097
1815 23.62178239599076
1816 24.280372955568215
1817 22.9196427780422
1818 23.450381959405494
1819 22.94389010109431
1820 22.796115054697207
1821 22.3364441759637
1822 22.50281444166834
1823 21.723098344414495
1824 22.027532877996002
1825 20.748372485635006
1826 21.32165698811788
1827 20.507841407267968
1828 21.665778247137002
1829 21.09362315096464
1830 20.64286618023274
1831 20.24760385162455
1832 20.857028734963603
1833 20.929725862531384
1834 20.54718975518257
1835 20.460780218750525
1836 20.44560716977622
1837 20.596183922786494
1838 20.478731420468385
1839 21.030783652948603
1840 20.386794488277168
1841 20.56522430281533
1842 20.524702396970657
1843 21.385335192529013
1844 21.386241922658073
1845 21.33740324310691
1846 20.92742709941471
1847 20.398119185941482
1848 20.131239354729995
1849 21.137722512660776
1850 21.482292361988144
1851 21.46778688191373
1852 21.997887604103017
1853 21.68895972385558
1854 21.524965765310743
1855 21.219673755468772
1856 20.807471723076905
1857 20.62005814488965
1858 21.26307055649537
1859 21.815604819774283
1860 22.75266467628318
1861 22.636887899071564
1862 22.817151286053978
1863 23.384806329022176
1864 22.788326161831385
1865 23.371583318565285
1866 23.83822867565165
1867 23.871083969668206
1868 24.53520507827929
1869 24.63851291111685
1870 23.176887674114923
1871 23.627765604833943
1872 23.757099059785933
1873 23.407149431159986
1874 22.80187925792177
1875 22.445001742468765
1876 22.75445002297103
1877 22.32813361420242
1878 22.38520843302584
1879 21.716795652121238
1880 22.413207543634396
1881 22.301273460440733
1882 22.449833282493447
1883 22.573064995673843
1884 22.955974811454553
1885 22.683432356107133
1886 22.991409429698802
1887 22.68793407568225
1888 22.471131131822155
1889 23.107932124851743
1890 22.72585723948387
1891 21.961150393714835
1892 21.750379620615856
1893 22.112511786929243
1894 22.872535624706135
1895 23.471060088308555
1896 23.18764316738027
1897 22.807901691231322
1898 23.085825534300035
1899 22.867295740566497
1900 22.803380143985038
1901 23.986915179564704
1902 24.374880955996055
1903 24.084192221259332
1904 24.61923118698454
1905 24.532035720000202
1906 26.110043024501643
1907 25.461133897564682
1908 26.550950804063696
1909 25.818092378814157
1910 25.95550328919405
1911 24.387644007265266
1912 25.291293876362182
1913 25.80667882737501
1914 25.953871117056625
1915 26.831683832843552
1916 26.984062701671277
1917 26.251636414260215
1918 25.484642925249737
1919 26.999156881137804
1920 27.50288722108615
1921 27.518279779887568
1922 28.222966552397722
1923 28.35153618236044
1924 27.431997816632116
1925 27.257609693460328
1926 27.548400752508236
1927 27.532465799125873
1928 27.917149141571915
1929 28.1679809829924
1930 28.2943046913866
1931 27.925114650140735
1932 28.00321255446004
1933 26.934018866138807
1934 26.078195270188488
1935 25.47243778855821
1936 25.924136655007903
1937 25.534280824178786
1938 25.879640684618263
1939 26.36827043574877
1940 26.108604177139085
1941 24.727387934944343
1942 25.501141049687305
1943 25.80035097884467
1944 26.542147792390537
1945 26.80049224763634
1946 27.637225682250357
1947 26.842265762497167
1948 26.657475403474006
1949 27.053950315356218
1950 26.58599844484114
1951 27.549492749942456
1952 27.562473254487138
1953 28.114113447132777
1954 27.414266835851492
1955 26.956211101203298
1956 26.631964027433504
1957 26.731779322153773
1958 24.739135763751904
1959 25.60234871371762
1960 25.630656274672404
1961 25.211099268661997
1962 25.097699592935516
1963 25.158398510372745
1964 26.516471533202303
1965 27.048301121973466
1966 25.825901939191365
1967 26.451528685749665
1968 26.14981229125298
1969 26.397928462339397
1970 25.497529115007563
1971 25.799665688212016
1972 26.317870961224003
1973 27.243148978125465
1974 26.176406212718256
1975 25.995016014717272
1976 25.032940704712125
1977 25.006115187498075
1978 24.669688219438378
1979 24.96186801992532
1980 24.2873887593697
1981 24.54733261214065
1982 24.115399722269007
1983 23.8374128822106
1984 25.28762274158517
1985 23.78282839919205
1986 24.635063245232022
1987 25.250292254682357
1988 24.88234161588017
1989 23.910939942912993
1990 23.863262946341656
1991 22.835283978227974
1992 23.457365725252203
1993 23.36283281174424
1994 23.148911620556024
1995 23.872040331562435
1996 24.171033666037086
1997 23.77557464698502
1998 24.602962671875275
1999 23.717826985715963
