24.0242 0.015567
23.7777 -84.9298
23.6205 -138.845
23.6438 -130.035
23.6147 -139.475
23.4981 -179.273
23.3947 -214.499
23.524 -168.906
23.5845 -147.182
23.3552 -226.127
23.2343 -267.435
23.4689 -185.258
23.5338 -161.998
23.3889 -211.658
23.3581 -221.667
23.4374 -193.418
23.4787 -178.366
23.2859 -244.656
23.4486 -187.427
23.6326 -122.827
23.7248 -90.1075
23.636 -120.249
23.3999 -201.578
23.4992 -166.393
23.3989 -200.527
23.2793 -241.387
23.2804 -240.331
23.2063 -265.35
23.1166 -295.839
23.1956 -267.701
23.4897 -164.816
23.6538 -107.114
23.8176 -49.5131
23.7542 -70.8716
23.8894 -23.2063
23.9914 12.9422
24.3078 123.563
24.2782 113.973
24.1435 67.8532
24.0159 24.2346
23.8079 -47.3363
23.5809 -125.514
23.6602 -97.25
23.8224 -40.2298
23.75 -64.6803
23.825 -37.9254
23.7751 -54.5582
23.6466 -98.513
23.7028 -78.282
23.7677 -55.0593
23.771 -53.2174
23.8859 -12.6076
23.8747 -15.7848
23.7415 -61.3855
23.6082 -106.978
23.9446 10.5897
23.8278 -29.3012
23.6755 -81.5231
23.5736 -116.211
23.709 -68.4894
23.5762 -113.933
23.8185 -29.0755
23.9048 1.62649
23.5895 -107.236
23.3753 -180.937
23.0602 -289.711
22.9873 -314.331
23.5963 -102.094
24.0413 53.1855
23.9983 38.9635
23.9315 16.4521
23.8186 -22.077
23.6406 -83.2176
23.808 -24.3813
23.6775 -69.0295
23.7039 -59.1517
23.7188 -53.2868
23.7364 -46.4529
23.7463 -42.3479
23.574 -101.485
23.5064 -124.29
23.377 -168.549
23.8522 -2.77677
23.9012 14.9469
24.0474 66.4358
23.882 9.65883
23.8707 6.44303
23.7963 -18.7146
23.5947 -88.039
23.6434 -70.4291
23.6325 -73.5343
23.441 -139.362
23.6084 -80.5107
23.302 -186.265
23.2882 -190.358
23.394 -152.925
23.6547 -61.6328
23.7587 -24.8086
23.7966 -10.9536
23.584 -84.1134
23.2974 -183.007
23.4677 -123.137
23.6748 -50.5047
23.4418 -130.745
23.7211 -33.0365
23.976 56.2231
24.0851 94.8299
24.1387 114.127
23.9362 44.49
23.8942 30.5824
23.8273 8.03015
23.6495 -53.0419
23.5982 -70.1698
23.8981 34.7225
24.0593 91.3971
23.9215 44.2219
23.8151 7.97585
23.6846 -36.6621
23.6857 -35.5819
23.8385 18.1755
23.5751 -72.6336
23.5979 -64.0065
23.4052 -130.269
23.4214 -123.953
23.6391 -47.624
23.739 -12.2221
23.6394 -46.1074
23.7035 -23.1594
23.7374 -10.678
23.7723 2.11805
23.8908 43.9942
24.0919 114.541
24.0248 91.9396
23.6715 -30.0916
23.5386 -75.5735
23.3261 -148.706
23.1879 -196.026
22.9319 -284.254
22.9839 -265.503
23.2887 -158.912
23.4294 -109.329
23.6697 -25.1655
23.6361 -36.16
23.7018 -12.6396
23.2494 -169.093
23.3216 -143.337
23.5186 -74.1866
23.6818 -16.8149
23.7101 -6.29166
23.8562 45.1575
23.8669 49.5883
23.7354 4.60921
23.6797 -14.0396
23.7378 6.82207
23.7501 11.8009
23.6512 -21.8712
23.7647 18.2659
23.6439 -23.0175
23.5265 -63.1238
23.4137 -101.583
23.4755 -79.4509
23.3958 -106.416
23.2299 -163.368
23.3496 -121.09
23.5834 -39.1575
23.3719 -111.967
23.3858 -106.427
23.2987 -135.978
23.3994 -100.307
23.4073 -96.8637
23.257 -148.41
23.2692 -143.464
23.2753 -140.636
23.4526 -78.346
23.2759 -139.032
23.3185 -123.552
23.3699 -104.987
23.4465 -77.697
23.6927 8.53752
23.7655 34.5071
23.6863 7.67346
23.5902 -24.9944
23.6464 -4.78431
23.5801 -27.1335
23.6986 14.7502
23.6 -18.8215
23.2932 -124.708
23.3306 -111.024
23.3948 -88.0202
23.5832 -21.8802
23.8169 60.018
23.5865 -19.3327
23.6372 -1.03139
23.467 -59.4681
23.5747 -21.3638
23.7675 46.321
23.7406 37.6683
23.6121 -6.26569
23.5048 -42.8565
23.5639 -21.618
23.7549 45.4284
23.5983 -8.27694
23.7937 60.2989
23.9 97.92
23.8604 84.8514
23.7289 39.8425
23.4509 -56.0202
23.3444 -92.3216
23.4838 -43.1867
23.6293 8.0333
23.6705 23.031
23.7818 62.4034
23.7775 61.6024
23.8108 73.8629
23.6554 20.5715
23.8588 91.9341
23.8801 100.043
23.7264 47.317
23.8559 93.0242
23.4662 -41.6655
23.2388 -119.989
23.0497 -184.977
23.0228 -193.629
23.169 -142.134
23.2784 -103.447
23.4206 -53.3548
23.6752 35.7953
23.6003 10.4654
23.6384 24.4079
23.723 54.4817
23.7699 71.461
23.6483 29.9375
23.6602 34.7472
23.8293 94.198
23.9835 148.455
23.835 97.5551
24.0195 162.336
23.8998 121.474
23.904 123.615
24.0242 166.066
24.0324 169.594
24.1223 201.533
24.2502 246.663
24.1692 219.237
23.8551 110.806
23.7631 79.5346
23.6085 26.5326
23.6696 48.4416
23.8181 100.712
23.6625 47.3702
23.6309 37.0834
23.5786 19.6144
23.842 111.808
23.7936 95.6901
23.6778 56.1647
23.6091 32.9779
23.3366 -60.993
23.5342 8.35775
23.6199 38.8308
23.3281 -61.8612
23.2362 -93.0851
23.2238 -96.7008
23.3446 -54.0294
23.5579 20.7491
23.6031 37.1536
23.5692 26.0841
23.3515 -48.8734
23.226 -91.761
23.1762 -108.358
23.23 -88.9845
23.3638 -41.8296
23.6182 47.2613
23.6831 70.4955
23.5391 21.1574
23.5996 42.8988
23.4219 -18.1489
23.5734 35.1659
23.4999 10.3346
23.5314 21.9594
23.4577 -2.92328
23.5175 18.5223
23.4916 10.2406
23.787 113.534
23.965 176.073
23.8597 140.195
23.9161 160.46
23.9045 157.145
23.9678 179.839
23.924 165.318
23.868 146.551
23.7767 115.516
23.8436 139.441
23.7771 117.045
23.6204 63.3069
23.7761 118.079
23.7055 94.2722
23.7015 93.5667
23.6436 74.1395
23.6803 87.5921
23.7784 122.365
23.9677 188.825
23.7293 106.702
23.7142 102.131
23.7536 116.545
23.7758 124.92
23.8067 136.368
23.6296 75.5544
23.4856 26.2045
23.6521 84.7479
23.7966 135.63
23.7427 117.591
23.9878 203.457
23.8683 162.627
23.7988 139.183
23.7759 131.913
24.3885 345.433
24.2934 313.097
23.9822 205.658
23.9735 203.346
23.7788 136.417
23.8514 162.321
24.1871 279.636
24.2851 314.357
24.2367 298.259
23.9511 199.741
24.0404 231.457
24.1355 265.169
23.8633 171.304
23.6403 94.5458
23.551 64.211
23.5225 55.0029
23.3076 -18.9567
23.3135 -16.2019
23.6041 85.4249
23.8143 159.167
23.7958 153.41
23.662 107.645
23.81 159.729
23.9016 192.247
23.952 210.455
23.88 186.132
23.549 71.8566
23.3953 19.1583
23.1221 -75.0674
23.2329 -35.8845
23.6638 114.501
23.696 126.382
23.7562 148.012
23.7068 131.542
23.3953 24.0135
23.165 -55.279
23.3523 10.4615
23.3979 26.9922
23.43 38.8423
23.3069 -3.23012
23.3716 19.9431
23.351 13.4824
23.4597 51.9346
23.4667 55.0864
23.5162 72.9831
23.2949 -3.20828
23.1612 -48.9696
23.1274 -60.0068
23.3377 13.723
23.3066 3.61483
23.4675 60.2338
23.3459 18.6552
23.1233 -57.9546
23.1095 -62.063
22.9677 -110.636
22.8397 -154.405
23.0352 -85.7814
23.19 -31.3373
23.0359 -84.1687
22.8507 -147.81
22.8444 -149.281
22.9353 -117.036
23.162 -37.5859
23.2405 -9.62249
23.5065 83.4767
23.4518 65.1759
23.5417 97.0997
23.7569 172.551
24.0698 281.947
23.9867 253.788
24.0227 266.983
23.7901 186.877
23.602 122.234
23.476 79.15
23.5391 101.762
23.7893 189.396
23.7776 186.022
23.7141 164.661
23.6168 131.537
23.5968 125.278
23.5955 125.515
23.1986 -11.6498
23.1223 -37.4799
23.204 -8.38116
23.3531 44.1101
23.3323 37.5686
23.2969 25.9721
23.3575 47.7091
23.2598 14.4698
23.3413 43.4873
23.0507 -56.8015
23.2847 25.1999
23.4882 96.5729
23.5384 114.723
23.729 181.64
23.707 174.682
23.4976 102.628
23.5689 128.096
23.6999 174.297
23.6289 150.316
23.4782 98.6671
23.4139 77.0391
23.5661 130.601
23.5407 122.474
23.4 74.2911
23.5618 131.174
23.5315 121.357
23.469 100.352
23.373 67.6715
23.2739 33.9657
23.3776 70.6865
23.4274 88.6792
23.549 131.599
23.6251 158.737
23.2324 23.0153
23.0847 -27.6127
23.2508 30.8044
23.3108 52.3264
23.4252 92.7749
23.534 131.272
23.2768 42.6165
23.2826 45.3212
23.4136 91.5301
23.4667 110.662
23.548 139.598
23.2121 23.6102
23.1241 -6.26726
23.3058 57.5475
23.3848 85.6668
23.4141 96.5518
23.302 58.2998
23.1982 22.9282
23.2433 39.316
23.4688 118.322
23.4844 124.459
23.3824 89.7214
23.4339 108.312
23.7602 222.358
23.507 135.091
23.4757 124.912
23.5949 167.002
23.4253 108.79
23.2671 54.5037
23.3648 89.1691
23.2872 62.8788
23.4923 134.825
23.7297 217.991
23.4729 129.498
23.3999 104.833
23.334 82.632
23.4369 119.063
23.6549 195.476
23.6481 193.821
23.7658 235.406
23.4445 124.49
23.4858 139.51
23.5556 164.487
23.4752 137.228
23.4395 125.524
23.4229 120.465
23.3699 102.725
23.4556 133.191
23.6547 203.065
23.6042 186.234
23.5729 176.024
23.3139 86.77
23.1034 14.3124
23.2624 70.2602
23.4353 131.006
23.2762 76.4356
23.0016 -18.2665
23.1636 38.7232
23.4607 142.619
23.4795 149.853
23.3884 118.898
22.9136 -45.3732
23.2643 77.1861
23.652 212.543
23.5462 176.488
23.3632 113.602
23.3523 110.505
23.423 135.772
23.3591 114.279
23.1035 26.1757
22.9448 -28.2505
23.0163 -2.73753
23.0374 5.2844
22.6804 -118.037
22.5858 -150.193
23.0316 5.35896
23.2162 70.1736
23.0855 25.4946
23.2252 74.7024
23.228 76.3838
23.3227 109.954
23.3606 123.815
23.3667 126.634
23.1693 58.7668
23.4048 141.278
23.1979 70.0731
22.9763 -6.19091
23.1153 42.7862
23.05 20.7967
22.8616 -43.9603
22.8618 -43.2055
22.9298 -18.8803
22.8959 -29.9643
23.1389 55.1619
23.0723 32.7054
22.9572 -6.58884
22.9745 0.13189
22.7759 -68.1686
22.8239 -50.8002
22.7795 -65.5508
22.8557 -38.3842
22.871 -32.3685
22.9725 3.59048
23.0963 47.2836
23.1267 58.5527
23.0358 27.6728
23.0185 22.3374
22.883 -24.0224
22.9349 -5.28471
22.9821 11.8
23.0416 33.1478
22.8529 -31.7184
22.7115 -80.1142
22.8636 -26.5869
23.0132 26.0633
23.1356 69.2831
23.0178 29.0514
23.1513 76.1246
23.4302 173.705
23.3614 150.516
23.392 161.844
23.1319 72.1846
22.9683 16.0309
23.1113 66.4017
23.2229 105.848
23.2836 127.645
23.4487 185.708
23.4718 194.428
23.1465 82.1079
22.9493 14.2961
23.1466 83.5432
23.0067 35.6209
22.8791 -8.02771
22.8583 -14.53
22.8373 -21.1389
22.6096 -99.5447
22.6985 -67.9678
22.7974 -32.9293
23.0405 52.2192
22.8402 -16.6458
22.5566 -114.475
22.4828 -139.445
22.5459 -116.832
22.7872 -32.2848
22.7665 -38.7938
22.9057 10.2555
23.0059 45.7726
22.8846 4.33003
22.8915 7.41846
22.799 -24.0206
22.4905 -130.488
22.6689 -67.8451
22.8153 -16.2661
23.0948 81.5262
23.1249 92.6622
22.9244 23.7168
22.727 -44.1746
22.639 -74.038
22.4579 -136.274
22.4816 -127.333
22.3972 -155.96
22.6901 -53.5361
22.5742 -93.0815
22.4784 -125.662
22.4128 -147.764
22.5173 -110.785
22.7063 -44.4178
22.562 -93.841
22.6002 -79.8858
22.5782 -86.8214
22.6492 -61.4776
22.9132 30.9343
22.8228 0.230326
22.6386 -63.072
22.458 -125.107
22.5914 -78.0953
22.6173 -68.4004
22.5189 -101.875
22.6047 -71.3678
22.7007 -37.3293
22.6546 -52.6518
22.8005 -1.28817
22.511 -101.164
22.5237 -96.0271
22.751 -16.3694
22.6539 -49.4065
22.6283 -57.6181
22.3829 -142.191
22.5281 -91.0411
22.8847 33.5526
22.9485 56.3845
22.8928 37.7411
22.7915 3.25623
22.4811 -103.901
22.5251 -87.906
22.6445 -45.7251
22.7533 -7.24408
22.9719 69.3715
22.7421 -9.75305
22.8307 21.7422
23.2305 161.314
23.4373 233.851
23.2632 174.048
23.1961 151.439
23.2295 163.732
23.1432 134.458
22.8381 29.153
22.9356 63.7357
23.186 151.415
23.0457 103.376
23.0972 121.966
22.9782 81.3207
22.6909 -17.8037
22.8387 34.2363
23.0729 116.272
23.086 121.522
22.7807 16.1504
22.9626 80.0615
23.0345 105.734
22.9177 65.8315
22.8238 33.9119
22.9711 85.7726
22.7855 22.0162
22.7242 1.41693
22.7791 21.1617
22.8362 41.7032
23.0505 116.852
22.9409 79.4568
22.9221 73.6154
23.0943 134.138
23.0964 135.572
22.9554 87.2804
22.6397 -21.7044
22.6135 -30.1084
22.6516 -16.1763
22.455 -83.7693
22.8912 68.4396
22.9535 90.7954
22.9196 79.7077
23.0785 135.609
22.985 103.826
22.8889 71.1136
22.9757 101.991
23.1511 163.589
23.2081 184.113
23.0738 138.136
22.8298 54.0565
22.7419 24.2199
23.0164 120.268
23.0368 128.062
22.9663 104.257
22.9535 100.516
22.9485 99.4576
23.2464 203.648
23.2201 195.231
23.2003 189.025
23.2075 192.244
23.0085 123.779
23.0278 131.197
23.1484 173.791
23.294 225.043
23.4051 264.346
23.4062 265.431
23.3543 248.098
23.2609 216.32
22.9407 105.787
22.7858 52.6681
22.6086 -8.17426
22.6098 -7.07247
22.7349 37.0896
22.7845 54.9913
22.6867 21.7362
22.5823 -13.8307
22.7214 35.1577
22.8025 64.0221
23.0609 154.504
22.902 99.9931
22.6193 2.46833
22.9194 107.43
22.9488 118.339
22.7517 50.5579
22.8182 74.3507
22.6036 0.504148
22.7794 62.2737
22.7949 68.3393
22.7291 46.1931
22.9348 118.331
23.1003 176.519
23.0321 153.513
22.9783 135.53
22.9141 113.928
23.0214 151.893
23.2141 219.549
23.2432 230.35
23.0775 173.453
22.8475 94.2553
22.8326 89.7651
23.0109 152.431
23.241 233.058
23.2399 233.373
22.9512 133.773
23.0273 160.876
23.0927 184.323
23.0411 167.091
23.2923 255.028
23.0881 184.777
22.7032 51.7711
23.0569 175.328
22.9254 130.352
22.8006 87.7051
22.9396 136.662
22.9746 149.528
23.0108 162.799
23.1618 215.954
23.115 200.406
23.0484 177.949
23.4194 307.542
23.4768 328.176
23.3154 272.772
23.1351 210.845
23.0586 184.966
22.9677 154.1
23.2199 242.38
23.0399 180.551
23.1726 227.339
23.3911 303.936
23.4825 336.381
23.5369 356.003
23.5917 375.724
23.1905 237.046
23.0553 190.778
23.2872 272.017
23.4543 330.769
23.0794 201.237
22.9682 163.283
23.1699 234.036
23.1022 211.212
23.1157 216.625
22.8747 133.587
22.8459 124.278
22.8777 136.004
22.9871 174.706
23.083 208.72
23.2826 278.773
23.3075 288.097
23.184 245.901
23.0432 197.68
23.2615 274.225
23.1813 247.053
23.0688 208.649
22.9124 155.014
22.8735 142.2
22.9961 185.483
23.0709 212.154
22.9422 168.155
23.0196 195.74
23.2155 264.484
23.1477 241.622
23.138 238.939
22.8838 151.33
23.0464 208.504
23.2178 268.767
22.974 184.757
22.8717 149.912
23.0625 216.909
22.931 171.896
22.6861 87.5202
22.8404 141.817
23.0223 205.72
22.8382 142.438
22.5659 48.5539
22.6836 90.1423
22.8253 140.04
22.9985 200.909
22.7902 129.24
22.6428 78.7365
22.6448 80.1311
22.7201 106.977
23.0353 217.176
23.0252 214.348
22.9822 200.116
23.106 243.814
23.4155 352.02
23.2873 308.17
23.1405 257.9
23.0705 234.261
22.9555 195.001
23.0356 223.544
22.9369 189.951
23.0857 242.318
23.0686 237.088
23.0418 228.464
23.2303 294.625
23.2478 301.417
23.2157 290.949
23.1761 277.879
22.9823 211.281
22.7944 146.7
22.8642 171.631
22.9227 192.628
22.7348 128.053
22.7942 149.402
23.1097 259.677
23.1782 284.177
23.2306 303.09
23.1447 273.926
23.0696 248.545
22.949 207.355
23.1163 266.146
23.1263 270.324
22.8247 166.24
22.5103 57.7225
22.4024 20.94
22.5037 56.8117
22.6353 103.226
22.7611 147.634
22.5957 90.8521
22.5971 92.0354
22.6057 95.7199
22.539 73.2523
22.7132 134.442
22.7952 163.626
22.9519 218.76
23.1239 279.198
22.8215 174.863
22.6021 99.3186
22.8112 172.661
22.8045 171.036
22.559 86.4377
22.6216 108.878
22.9447 221.826
23.0649 264.283
23.0571 262.249
22.8196 180.465
22.7462 155.634
22.9478 226.386
22.9275 220.032
23.1614 301.953
23.0126 250.954
22.9141 217.458
22.6141 113.939
22.647 126.054
22.9642 236.92
22.921 222.631
22.6205 118.926
22.7019 147.912
22.9047 219.052
22.8976 217.289
22.9517 236.748
23.0154 259.595
22.8041 186.881
22.5219 89.5527
22.5565 102.242
22.594 115.964
22.5894 115.085
22.3259 24.2344
22.4556 69.9823
22.4378 64.5073
22.352 35.3615
22.4406 66.8661
22.3094 21.9646
22.3862 49.3334
22.4773 81.6745
22.8357 206.898
22.7264 169.619
22.5316 102.625
22.6604 148.086
22.7403 176.514
22.7654 185.929
22.8761 225.074
22.7143 169.568
22.4934 93.5314
22.6062 133.423
22.5347 109.267
22.685 162.165
22.7537 186.747
22.6272 143.488
22.6928 166.971
22.7565 189.791
22.5897 132.548
22.8419 220.842
22.9413 256.078
22.7453 188.694
22.764 195.883
22.5375 117.873
22.482 99.3034
22.8506 228.038
22.9148 251.031
22.612 146.55
22.6941 175.756
22.7938 211.086
22.6834 173.428
22.6713 169.936
22.7994 215.109
22.7109 185.077
22.6112 151.138
22.6951 180.969
22.8187 224.611
22.9264 262.699
22.7997 219.39
22.7243 193.885
22.822 228.533
22.6699 176.396
22.8378 235.422
22.7258 197.179
22.7202 195.932
22.6678 178.45
22.8297 235.363
22.764 213.258
22.9507 278.787
23.1043 332.845
23.0138 302.125
22.7467 210.012
22.9133 268.595
22.7381 208.41
22.3802 84.7918
22.4903 123.713
22.476 119.435
22.5937 161.028
22.5842 158.424
22.6837 193.7
22.7398 213.857
22.5278 140.926
22.5022 132.725
22.6717 192.294
22.6666 191.217
22.8063 240.437
22.7709 228.835
22.5974 169.259
22.4629 123.224
22.4371 114.971
22.6743 198.08
22.5097 141.57
22.5466 155.092
22.6412 188.655
22.8228 252.443
22.9427 294.761
22.7738 236.814
22.8705 271.077
22.9008 282.292
22.8802 275.854
22.6206 186.37
22.7135 219.328
22.7163 220.978
22.4379 124.959
22.304 79.1601
22.4963 146.665
22.9716 312.47
23.1091 360.928
22.685 214.272
22.5504 168.238
23.0383 338.399
22.9182 297.395
22.8392 270.619
22.5814 181.757
22.561 175.389
23.0256 337.474
23.2255 407.596
22.9824 323.871
22.879 288.618
22.8865 291.925
22.9488 314.265
23.0764 359.306
22.8014 264.451
22.8961 298.057
22.771 255.268
22.4781 154.238
22.7112 235.902
22.5936 195.736
22.5276 173.512
22.7633 256.079
22.7024 235.617
22.6123 205.016
22.7227 244.068
22.5821 195.92
22.5862 198.045
22.6396 217.289
22.5386 182.876
22.1848 60.6855
22.2368 79.4417
22.1722 57.677
22.2316 79.0014
22.3151 108.7
22.2808 97.4884
22.4364 152.25
22.4231 148.31
22.7433 260.244
22.7435 261.004
22.7318 257.633
22.6835 241.542
22.5754 204.693
22.6356 226.313
22.7054 251.253
22.7512 267.868
22.6651 238.623
22.6035 217.922
22.3516 131.125
22.0274 19.1917
22.1434 60.1932
22.6475 236.002
22.8136 294.399
22.6574 240.842
22.7263 265.443
22.8237 299.991
22.9751 353.293
22.8794 320.722
22.3889 151.015
22.4845 184.942
22.8612 316.473
22.8451 311.607
22.7256 270.761
22.5038 194.426
22.4914 190.809
22.5171 200.413
22.4608 181.579
22.3309 137.142
22.4081 164.643
22.3817 156.184
22.2163 99.4166
22.4365 176.583
22.4456 180.442
22.415 170.53
22.4477 182.574
22.5657 224.274
22.913 345.598
22.6834 266.525
22.5776 230.476
22.6425 253.728
22.6225 247.465
22.2939 134.018
22.1947 100.25
22.2414 117.164
22.3365 150.896
22.4395 187.363
22.131 80.8931
22.3113 144.223
22.7322 291.129
22.972 375.141
22.8304 326.647
22.5067 214.874
22.4688 202.39
22.6226 256.531
22.8698 343.085
22.7214 292.243
22.4383 194.593
22.3852 176.83
22.5283 227.232
22.6588 273.268
22.7017 288.856
22.7949 321.93
22.6372 267.863
22.626 264.659
22.7447 306.592
22.8913 358.206
22.7744 318.291
22.6078 261.115
22.7095 297.135
22.6849 289.272
22.573 251.098
22.2427 137.05
22.2935 155.389
22.3661 181.332
22.5722 253.608
22.5295 239.468
22.4632 217.135
22.4924 227.966
22.6135 270.739
22.6145 271.767
22.6445 282.897
22.4896 229.792
22.3795 192.227
22.4516 217.955
22.4288 210.739
22.4367 214.166
22.4985 236.354
22.6738 297.932
22.5308 248.958
22.4928 236.436
22.4598 225.667
22.1697 125.584
22.2769 163.53
22.2542 156.33
22.6019 277.813
22.81 350.817
22.662 300.102
22.7545 332.926
22.7938 347.261
22.6363 293.267
22.632 292.46
22.5768 273.978
22.5498 265.275
22.5631 270.596
22.2752 171.264
22.464 237.552
22.3155 186.683
22.5411 265.748
22.5028 253.142
22.272 173.624
22.3212 191.416
22.1226 123.122
22.0578 101.3
22.0219 89.5535
22.0686 106.444
22.0597 104.064
22.1535 137.352
22.3033 190.083
22.2564 174.489
22.2355 167.899
22.2964 189.768
22.3482 208.464
22.1967 156.506
22.1672 146.953
22.1788 151.689
22.0008 90.5294
21.9393 69.8845
22.1094 129.652
22.2057 163.819
22.2169 168.412
22.1746 154.409
22.0774 121.327
22.0358 107.56
22.042 110.4
22.0775 123.441
22.0287 107.176
21.9856 92.9225
21.8819 57.5877
21.9461 80.5603
22.0816 128.335
22.1423 150.13
22.0399 115.261
22.0288 112.08
21.9469 84.3353
21.8748 59.9854
21.9105 73.0553
22.0666 127.982
22.1638 162.439
22.179 168.432
22.0774 133.844
22.0834 136.623
22.0238 116.585
22.0391 122.602
22.1495 161.639
22.2814 208.157
22.1889 176.718
22.1914 178.293
22.2329 193.408
22.2401 196.617
22.0424 128.612
22.093 146.887
22.2904 216.179
22.3496 237.426
22.1635 173.479
22.2606 207.909
22.2047 189.168
22.1349 165.601
21.9819 113.167
22.3187 230.854
22.3108 228.825
22.4388 273.982
22.3043 227.952
21.7716 43.5932
21.8705 78.6356
22.1732 184.494
22.3398 243.068
22.109 163.55
22.0339 138.174
22.0101 130.614
21.9859 122.882
21.9399 107.585
22.0836 158.213
22.368 257.695
22.2774 226.929
22.2007 200.982
21.9019 97.883
21.8513 80.9883
21.9202 105.623
22.0521 152.146
22.1318 180.516
21.9846 130.082
21.8748 92.6252
22.1898 202.764
22.1796 199.912
21.6908 30.7795
21.4146 -64.475
21.5985 0.110734
21.8989 105.179
21.8397 85.2819
21.7255 46.3062
21.8849 102.399
22.113 182.325
22.0842 173.003
21.914 114.593
21.8056 77.6264
21.9333 122.663
22.3941 283.441
22.3475 267.942
22.045 163.584
22.0483 165.423
22.084 178.518
22.1204 191.846
22.1014 185.927
21.948 133.351
21.7649 70.4437
21.9728 143.338
22.0664 176.576
21.9834 148.431
22.093 187.201
22.4215 301.992
22.3635 282.561
22.0713 181.744
22.2169 233.026
22.0482 175.091
21.9714 149.114
22.1407 208.613
22.1951 228.227
22.3334 276.967
22.0968 195.465
21.973 153.156
22.1467 214.187
22.2424 248.124
22.4882 334.208
22.3521 287.625
22.374 295.908
22.2777 263.181
22.0769 194.109
21.8376 111.667
21.8307 109.955
22.0021 170.195
22.1786 232.219
22.1135 210.303
21.918 143.074
21.7968 101.659
21.7111 72.5706
21.6683 58.4205
21.9524 157.788
21.9981 174.387
22.1644 232.849
22.176 237.575
21.9465 158.53
21.788 104.175
21.9196 150.577
21.7816 103.332
21.6185 47.3755
21.8958 144.374
21.7831 105.918
21.51 11.7471
21.6389 57.2218
21.5663 32.7044
21.7391 93.4337
21.8454 131.067
21.6407 60.6469
21.4693 1.78132
21.4019 -20.9189
21.4069 -18.5149
21.7542 102.858
21.6547 68.968
21.6497 67.915
21.6639 73.5687
21.7957 120.043
21.7581 107.685
21.9909 189.254
21.8932 155.988
21.9067 161.385
21.9668 182.951
21.8434 140.771
21.5746 48.0941
21.6132 62.1829
21.8819 156.245
21.7955 126.92
21.9147 169.038
21.7 95.1445
21.6681 84.7327
21.7266 105.759
21.9176 172.798
21.7245 106.418
21.9652 190.735
22.012 207.671
22.0103 207.79
21.9535 188.739
21.9903 202.237
21.7668 125.271
21.6503 85.5135
21.8396 151.953
22.0567 228.092
21.7591 125.394
21.8896 171.413
21.9942 208.437
21.7477 123.516
21.6428 87.7727
21.6423 88.295
21.9322 189.688
21.9504 196.712
22.0279 224.324
21.8427 160.67
22.1144 255.782
22.2064 288.406
22.0725 242.609
22.3532 340.821
22.169 277.524
22.021 226.801
22.1027 255.854
22.1124 259.951
21.8297 162.424
22.0673 245.659
22.0555 242.24
21.9545 207.848
21.853 173.279
21.6649 108.647
21.5279 61.7352
21.8021 157.693
21.912 196.554
21.85 175.742
21.8473 175.489
21.9165 200.213
21.7801 153.513
21.6221 99.3422
21.6937 124.894
21.7064 130
21.7332 140.008
21.7796 156.835
21.7154 135.225
21.5117 65.1581
21.7423 145.946
21.6505 114.772
21.8924 199.47
21.9706 227.356
21.755 153.133
21.795 167.727
21.8709 194.79
21.7934 168.573
22.0916 272.858
21.9844 236.304
21.8212 180.321
21.663 126.054
21.8776 201.292
21.7061 142.427
21.5999 106.197
21.6165 112.664
21.4902 69.4996
21.5041 75.0212
21.6471 125.388
21.8014 179.698
21.6714 135.23
21.7235 154.021
21.8972 215.041
21.6556 131.799
21.4817 72.0824
21.3951 42.7197
21.3298 20.7215
21.3425 25.8109
21.4677 70.0132
21.449 64.1999
21.344 28.4287
21.2493 -3.76881
21.452 67.3221
21.5602 105.612
21.5599 106.206
21.532 97.2145
21.8405 205.065
21.7911 188.604
21.7193 164.354
21.6898 154.811
21.7236 167.241
21.8883 225.173
21.7821 188.96
21.6503 143.869
21.6593 147.693
21.8442 212.624
21.8288 207.978
21.8115 202.662
21.5921 127.129
21.4897 92.2303
21.6512 149.033
21.9782 263.349
21.845 217.761
21.6999 168.058
21.7249 177.414
21.99 270.215
22.0481 291.105
21.8613 226.883
21.9588 261.479
22.0023 277.256
21.8084 210.593
21.7581 193.837
21.7169 180.191
21.8602 230.698
21.9237 253.452
21.9365 258.575
22.0261 290.405
21.8935 245.018
21.7863 208.484
21.8123 218.211
21.7691 203.914
21.6722 170.925
21.7675 204.734
21.7808 210.048
21.5251 121.904
21.5035 115.105
21.6317 160.331
21.421 87.8313
21.4575 101.222
21.5571 136.498
21.5639 139.564
21.4773 110.169
21.4824 112.628
21.7206 196.075
21.6721 179.919
21.7658 213.165
21.464 109.026
21.4799 115.245
21.5823 151.508
21.7006 193.32
21.6958 192.348
21.494 122.933
21.34 70.1094
21.3656 79.7085
21.535 139.245
21.6687 186.397
21.4845 123.096
21.246 40.931
21.3212 67.758
21.4463 111.897
21.5985 165.47
21.4995 131.768
21.36 84.0208
21.5148 138.482
21.3166 70.3297
21.1232 3.85132
21.3486 82.8348
21.5906 167.588
21.4605 123.09
21.4536 121.383
21.6507 190.548
21.8105 246.758
21.5826 168.293
21.2525 54.3027
21.4269 115.594
21.6386 189.827
21.4401 121.584
21.4262 117.448
21.4365 121.71
21.4306 120.352
21.4424 125.131
21.5823 174.444
21.472 136.801
21.5236 155.442
21.7166 223.178
21.5605 169.654
21.6619 205.56
21.7108 223.237
21.7093 223.414
21.4331 128.175
21.6311 197.661
21.6685 211.348
21.7723 248.084
21.6253 197.73
21.5272 164.344
21.7761 251.476
21.7361 238.285
21.6855 221.413
21.6258 201.356
21.7115 231.823
21.7425 243.289
22.0163 339.116
21.8252 273.397
21.7848 260.07
21.7346 243.332
21.5602 183.431
21.7575 252.683
21.8074 270.691
21.8653 291.526
21.9894 335.311
21.8403 284.203
21.806 273.009
21.7907 268.38
21.7598 258.329
21.6852 233.108
21.5847 198.882
21.5523 188.352
21.5796 198.52
21.5665 194.662
21.529 182.334
21.5018 173.582
21.3121 108.37
21.53 184.767
21.4966 173.861
21.2628 93.3079
21.3595 127.606
21.417 148.288
21.4601 163.958
21.3975 142.903
21.5489 196.175
21.3194 117.146
21.4459 161.783
21.3773 138.665
21.2339 89.5209
21.1702 68.0869
21.1019 45.0824
21.1925 77.2352
21.3051 117.036
21.3696 140.155
21.2524 100.126
21.1639 70.077
21.4129 157.282
21.6546 241.937
21.3425 134.2
21.3029 121.153
21.2463 102.177
21.3825 150.181
21.6192 233.129
21.3786 150.229
21.3437 138.815
21.7204 270.365
21.6527 247.526
21.5838 224.299
21.5269 205.223
21.5138 201.367
21.6477 248.569
21.8034 303.357
21.8987 337.161
21.9046 339.918
21.732 280.623
21.7692 294.272
21.3541 150.741
21.2911 129.557
21.4955 201.25
21.4652 191.444
21.3962 168.14
21.3691 159.449
21.4017 171.438
21.2471 118.435
21.1111 71.8749
21.0496 51.2023
21.1008 69.6863
21.0629 57.2421
21.0996 70.6683
21.4091 178.884
21.5551 230.294
21.3343 154.298
21.1513 91.4001
21.073 64.9221
21.1206 82.1361
21.2106 114.083
21.1844 105.694
20.9767 34.2203
21.0176 49.1201
21.1773 105.305
21.3745 174.506
21.4113 187.99
21.5137 224.268
21.4311 196.261
21.6772 282.443
21.6927 288.517
21.5951 255.305
21.6743 283.534
21.8102 331.412
21.6389 272.625
21.9041 365.448
21.9186 371.163
21.7693 319.986
21.7357 309.033
21.8366 344.782
21.8277 342.369
21.7835 327.724
21.6999 299.356
21.8091 338.001
21.8078 338.241
21.4905 228.713
21.4657 220.792
21.6417 282.63
21.7376 316.634
21.5538 253.48
21.4603 221.671
21.5266 245.416
21.6454 287.362
21.5225 245.37
21.4995 238.07
21.7138 313.233
21.7195 315.91
21.5446 255.828
21.3612 192.813
21.2204 144.599
21.2596 158.915
21.3554 192.887
21.2757 165.896
21.1397 119.329
21.2433 156.031
21.5005 246.063
21.5005 246.78
21.5816 275.629
21.4331 224.758
21.5949 281.661
21.5657 272.209
21.227 155.245
21.2259 155.553
21.3167 187.769
21.2947 180.834
21.4219 225.707
21.4986 253.04
21.4304 230.075
21.4401 234.111
21.4426 235.688
21.328 196.572
21.374 213.252
21.5743 283.513
21.6147 298.239
21.7305 339.165
21.7263 338.406
21.5756 286.751
21.6598 316.689
21.6157 302.084
21.6355 309.663
21.7566 352.422
21.8766 394.793
21.8624 390.539
21.5113 269.264
21.6676 324.256
21.3344 209.229
21.3627 219.725
21.1492 146.278
21.2091 167.772
21.389 230.978
21.4218 243.054
21.3566 221.092
21.485 266.4
21.5664 295.378
21.5492 290.077
21.6197 315.287
21.6168 314.947
21.4314 251.258
21.3593 226.898
21.5675 299.906
21.518 283.403
21.357 228.194
21.3753 235.229
21.357 229.562
21.5318 290.994
21.5027 281.594
21.3816 240.198
21.3068 214.915
21.4594 268.605
21.36 234.794
21.5284 293.988
21.5546 303.764
21.3816 244.374
21.2534 200.532
21.2999 217.366
21.2452 199.075
21.2723 209.186
21.3585 239.829
21.2493 202.566
21.4072 258.143
21.5287 301.048
21.2401 201.479
21.3268 232.265
21.4782 285.565
21.5361 306.384
21.4843 289.065
21.4566 280.149
21.2111 195.556
21.2731 217.789
21.304 229.233
21.2608 214.897
21.2565 214.107
21.2238 203.456
21.4594 285.996
21.5813 329.024
21.7571 390.804
21.8406 420.496
21.9125 446.173
21.7301 383.516
21.7161 379.34
21.6272 349.149
21.4834 299.9
21.4456 287.431
21.5184 313.438
21.5273 317.203
21.5924 340.531
21.6658 366.724
21.778 406.405
21.5809 338.624
21.4494 293.648
21.4824 305.806
21.5421 327.232
21.5818 341.702
21.5499 331.31
21.4733 305.424
21.5898 346.559
21.6434 365.888
21.556 336.236
21.6827 380.934
21.7102 391.178
21.4183 290.469
21.5209 326.791
21.6121 359.187
21.6334 367.29
21.7466 407.314
21.5968 355.962
21.6796 385.42
21.5731 349.1
21.3927 287.145
21.3292 265.766
21.4628 312.89
21.501 326.856
21.5274 336.725
21.5317 338.902
21.6937 395.885
21.5253 338.058
21.3376 273.559
21.4898 327.133
21.7231 408.871
21.7281 411.284
21.4842 327.255
21.5013 333.911
21.1098 198.58
21.0653 183.822
21.1664 219.628
21.1425 212.045
21.3286 277.359
21.3508 285.771
21.5011 338.679
21.5376 352.062
21.4802 332.829
21.2742 261.945
21.2601 257.751
21.3017 272.877
21.1014 204.017
21.2276 248.541
21.2206 246.789
21.4178 316.012
21.1939 238.93
21.1863 236.985
21.1171 213.621
21.3961 311.246
21.3668 301.773
21.3919 311.165
21.3271 289.352
21.3259 289.644
21.5615 372.191
21.6588 406.66
21.3761 309.166
21.226 257.707
21.2358 261.805
21.1292 225.466
21.2024 251.603
21.4349 333.064
21.432 332.739
21.3891 318.541
21.6184 398.904
21.773 453.3
21.6006 394.094
21.6114 398.553
21.4487 342.724
21.3234 299.871
21.4521 345.294
21.1812 251.869
21.0263 198.773
20.7921 118.1
20.4714 7.39364
20.7504 105.001
21.1466 243.332
21.2089 265.66
21.2468 279.539
21.3872 329.004
21.2836 293.71
21.274 291.055
21.3278 310.436
21.361 322.675
21.5015 372.178
21.532 383.455
21.419 344.901
21.5183 380.106
21.53 384.859
21.2662 293.923
21.0904 233.546
21.0326 214.143
21.1762 264.736
21.1862 268.894
21.197 273.327
21.2218 282.668
21.2869 305.956
21.3827 339.948
21.342 326.484
21.4544 366.246
21.4174 354.065
21.3104 317.612
21.3159 320.192
21.2841 309.865
21.1854 276.25
21.3146 321.845
21.151 265.689
21.1859 278.512
21.3537 337.493
21.4228 362.223
21.2325 296.778
21.3892 351.917
21.5195 397.875
21.5721 416.864
21.5695 416.646
21.6137 432.703
21.6356 441
21.5793 422.124
21.3739 351.461
21.2233 299.856
21.0878 253.49
21.1875 288.816
20.8727 180.143
20.9107 194.042
21.2488 312.195
21.2035 297.127
20.9794 219.971
21.0651 250.459
21.1379 276.429
20.9546 213.436
21.2236 307.581
21.4031 370.632
21.2804 328.723
21.2538 320.189
21.2617 323.614
21.3207 344.79
21.2606 324.635
21.0127 239.206
20.9746 226.639
21.0012 236.581
21.1772 298.416
21.17 296.615
21.2249 316.385
21.2826 337.137
21.1546 293.337
21.0402 254.302
21.0143 245.997
21.3557 365.298
21.2519 329.948
21.165 300.431
21.1413 292.918
21.25 331.373
21.4812 412.355
21.3716 375.007
21.3438 366.036
21.7037 491.736
21.2909 349.039
21.006 250.746
21.149 301.121
21.2598 340.317
21.3616 376.368
21.2833 349.874
21.4357 403.51
21.3819 385.532
21.1796 315.946
21.2015 324.223
21.3304 369.716
21.3716 384.71
21.3128 364.992
21.2186 332.965
21.3569 381.681
21.6389 480.368
21.3866 393.398
21.3668 387.215
21.3568 384.456
21.2464 346.783
21.1489 313.599
21.0289 272.614
21.1852 327.605
21.4251 411.649
21.505 440.086
21.2762 361.3
21.182 329.271
21.1526 319.766
21.4039 407.757
21.5301 452.299
21.6549 496.35
21.7335 524.324
21.4455 424.98
21.368 398.76
21.2206 348.232
21.3485 393.377
21.3248 385.828
21.1771 335.23
21.2773 370.729
21.2253 353.359
21.2222 352.961
21.2462 361.998
21.1168 317.756
21.1246 321.132
21.1821 341.831
21.3456 399.315
21.4036 420.136
21.237 362.971
21.2751 376.901
21.3833 415.179
21.1814 345.74
21.1277 327.783
21.1396 332.618
21.0802 312.654
21.0725 310.692
20.8811 244.894
20.9716 277.024
20.8283 227.938
21.0272 297.734
21.1726 348.926
21.1096 327.742
21.1618 346.567
21.4372 442.927
21.4104 434.339
21.4047 433.051
21.4351 444.286
21.3537 416.728
21.3122 402.991
21.1857 359.733
21.5567 489.302
21.5584 490.62
21.5678 494.561
21.3537 420.893
21.3595 423.594
21.3156 409.04
21.0945 332.929
21.181 363.662
21.2264 380.147
21.3061 408.515
21.675 537.348
21.8407 595.622
21.544 493.256
21.3605 430.176
21.3293 420.058
21.4905 476.744
21.3271 420.658
21.2109 381.006
21.1407 357.3
21.1091 347.041
21.1777 371.541
21.4711 474.181
21.5253 493.7
21.5307 496.262
21.3747 442.763
21.3496 434.733
21.4483 469.721
21.5502 505.828
21.5941 521.761
21.4946 487.888
21.2238 394.529
21.1279 361.88
21.0141 323.056
21.2422 402.987
21.636 540.482
21.5843 523.231
21.4303 470.416
21.5739 520.991
21.4362 473.867
21.0254 331.831
21.2224 400.98
21.2919 425.826
21.3332 440.843
21.3791 457.489
21.2709 420.599
21.1557 381.28
21.176 389.016
21.2912 429.735
21.156 383.454
21.199 399.116
21.3711 459.567
21.3383 448.887
21.4435 486.108
21.4102 475.246
21.3395 451.379
21.1536 387.489
21.1537 388.229
21.1834 399.239
21.0701 360.561
20.9712 326.913
21.0538 356.31
21.0892 369.308
21.2053 410.319
21.241 423.405
21.0003 340.488
20.8649 294.163
20.8709 296.937
20.9626 329.467
21.2838 441.745
21.2452 429.033
21.107 381.747
21.1388 393.461
20.9166 316.979
20.9265 321.104
20.9655 335.342
20.8136 283.27
20.9912 345.662
21.0299 359.798
20.8755 306.855
20.6771 238.624
20.7591 267.824
21.0739 377.882
21.2806 450.36
21.2005 423.251
21.0101 357.786
20.9849 349.742
21.1752 416.534
21.0892 387.363
21.0845 386.424
21.319 468.585
21.4929 529.692
21.5493 549.989
21.7543 621.891
21.6624 590.653
21.6253 578.463
21.2131 435.963
20.9195 334.648
20.9079 331.338
20.9711 353.975
20.8752 321.346
20.6894 257.518
21.0804 394.045
21.1898 432.714
21.0893 398.514
21.0878 398.673
21.4223 515.579
21.3048 475.449
21.0235 378.44
20.9845 365.591
20.7766 294.05
20.8617 324.312
20.8344 315.534
20.7464 285.653
20.86 325.805
20.9345 352.383
20.9782 368.245
21.0447 392.043
20.9051 344.253
21.0786 405.23
21.2633 470.057
21.1717 438.951
21.0113 383.921
21.2075 452.79
21.112 420.298
21.2161 457.148
21.4287 531.705
21.1722 443.3
20.9953 382.514
21.022 392.512
21.1072 422.789
21.0588 406.683
21.0563 406.492
21.1641 444.65
21.2334 469.397
21.2556 477.808
21.1478 441.058
21.2046 461.498
21.0693 415.178
21.0606 412.852
21.2891 492.917
21.3658 520.284
21.3535 516.68
21.2863 494.031
21.2891 495.718
21.2339 477.229
21.1282 441.206
21.2628 488.662
20.9804 391.248
21.0928 431.001
21.1594 454.807
20.916 370.964
21.1695 459.725
21.1425 451.022
20.9525 385.731
20.7651 321.33
20.6431 279.624
20.5804 258.549
20.5543 250.161
20.6802 294.593
20.7124 306.484
20.8579 357.712
20.8989 372.652
20.8536 357.624
20.8185 346.121
20.9593 395.744
20.9226 383.683
20.9003 376.641
20.8672 365.834
20.879 370.617
21.0048 415.027
20.9937 411.841
20.7236 318.718
20.7241 319.579
20.783 340.736
20.7809 340.691
20.7996 347.892
20.7729 339.317
20.6794 307.513
20.8177 356.265
20.9913 417.252
21.2492 507.557
21.2086 494.163
21.114 461.986
20.9455 404.151
20.9597 409.78
20.9835 418.713
21.1878 490.394
21.1839 489.746
21.1539 480.001
21.2426 511.506
21.1848 492.142
21.0897 459.807
20.9866 424.655
21.0386 443.432
21.2521 518.289
20.9218 404.23
20.8866 392.692
20.6914 325.595
20.7927 361.467
20.9028 400.416
21.0295 445.116
21.0604 456.568
21.3072 542.998
21.3263 550.316
21.0708 462.272
20.8926 401.054
20.6427 314.925
20.802 370.965
20.94 419.584
21.0124 445.433
21.046 457.804
21.1842 506.516
21.1781 505.107
21.1914 510.412
21.0785 471.881
20.9613 431.858
20.9947 444.168
20.7338 354.204
20.6682 332.121
20.5661 297.342
20.7996 379.171
20.7523 363.408
20.8218 388.27
20.8826 410.09
20.8536 400.699
20.8883 413.454
20.8528 401.807
20.7557 368.776
20.7314 361.042
20.852 403.631
20.8221 393.933
20.8421 401.577
20.9762 448.849
21.0675 481.267
20.963 445.649
21.042 473.807
21.177 521.392
21.2812 558.271
21.1162 501.645
21.2176 537.572
21.1121 501.601
20.966 451.571
20.9469 445.605
20.9401 443.957
21.0562 484.983
21.1933 533.283
21.1964 535.059
21.264 559.244
21.0456 484.079
21.0901 500.231
21.0819 498.082
21.1983 539.203
21.0313 481.891
20.849 419.239
20.9422 452.324
21.1647 530.322
21.0847 503.225
20.7667 393.432
20.5482 318.211
20.3795 260.331
20.6389 351.117
20.7864 403.056
20.9194 449.968
20.9044 445.435
20.8094 413.143
20.7752 401.958
21.1388 528.966
21.2815 579.24
21.0898 513.341
20.972 473.101
20.9458 464.701
21.254 572.44
21.2587 574.779
21.1411 534.606
20.8464 432.929
20.8614 438.858
20.872 443.214
20.8616 440.301
21.0491 506.122
21.0039 491.133
20.8057 422.977
20.7411 401.207
20.8513 440.198
20.8835 452.086
20.664 376.523
20.7571 409.562
20.8284 435.008
20.7905 422.553
20.6584 377.355
20.7432 407.524
20.7427 408.04
20.7796 421.559
21.0096 502.155
20.8933 462.422
20.8746 456.614
20.8747 457.345
20.983 495.677
20.8349 444.933
21.0102 506.512
21.0196 510.46
20.792 432.093
20.7919 432.771
20.896 469.615
20.949 488.726
21.2005 576.784
21.2212 584.695
21.1121 547.481
21.2259 587.698
21.3413 628.494
21.172 570.382
21.2315 591.727
21.1766 573.371
20.9351 490.149
21.1978 582.098
21.3565 637.918
21.2604 605.239
21.0791 542.95
20.9931 513.787
20.6205 385.015
20.683 407.434
20.9488 500.468
21.1629 575.555
21.1374 567.383
20.9801 513.429
21.0061 523.155
20.9865 517.058
21.1936 589.695
21.0833 552.043
21.0648 546.325
21.1454 575.027
21.128 569.675
21.1887 591.438
21.1224 569.104
21.064 549.511
20.8593 479.108
20.7563 444.012
20.7819 453.62
20.6568 410.846
20.8663 484.308
21.0423 546.168
21.0913 563.873
20.906 500.189
20.7562 448.851
20.9045 501.045
21.2852 634.001
21.2365 617.791
21.0792 563.833
21.1787 599.081
21.2411 621.461
21.0194 545.132
21.0665 562.202
21.3152 649.278
21.1857 604.997
20.8837 500.776
20.7407 451.792
20.5809 396.983
20.6814 432.589
20.711 443.583
20.6567 425.41
20.5683 395.367
20.6518 425.1
20.3557 322.917
20.1955 267.95
20.3628 326.781
20.5697 399.359
20.4978 375.063
20.3942 339.768
20.2218 280.564
19.946 185.452
20.1191 246.286
20.03 216.039
20.1398 254.87
20.1358 254.156
20.3808 339.97
20.0693 232.471
19.9615 195.695
20.0594 230.411
20.0641 232.727
20.1108 249.659
20.1688 270.497
20.2679 305.617
20.4007 352.462
20.3592 338.711
20.1212 256.737
20.1681 273.712
20.5374 402.711
20.3903 352.317
20.5564 410.687
20.7185 467.703
20.5854 422.177
20.4411 372.732
20.34 338.296
20.352 343.168
20.3255 334.663
20.2939 324.368
20.4078 364.622
20.4617 384.069
20.5689 422.001
20.6786 460.79
20.497 398.397
20.4242 373.809
20.4327 377.449
20.2079 300.055
20.3221 340.43
20.1462 280.028
20.1483 281.45
20.053 249.012
20.2306 311.401
20.2875 331.893
20.1471 283.789
20.0866 263.489
20.7232 485.319
20.995 580.439
20.8599 534.19
20.8787 541.414
20.4416 390.283
20.2674 330.452
20.2701 332.092
20.1126 278.079
20.0679 263.23
19.9825 234.249
20.0228 248.951
19.7491 154.57
19.6902 134.789
19.4863 64.6572
19.7564 159.191
19.9195 216.556
20.053 263.613
20.2282 325.182
20.4324 396.793
20.6363 468.343
20.4258 395.905
20.5296 432.667
20.7298 502.893
21.0303 607.983
21.0189 604.723
20.9726 589.325
20.9286 574.726
20.9963 598.941
21.2294 680.618
21.1439 651.605
21.049 619.333
20.8797 561.229
20.9124 573.267
20.6927 497.642
20.6728 491.443
20.8339 548.107
21.213 680.499
21.4855 775.835
21.2323 688.568
21.0023 609.364
20.8357 552.197
20.5674 459.673
20.3568 387.233
20.4675 426.371
20.5104 441.98
20.6203 480.829
20.7582 529.43
20.8483 561.431
20.8536 563.96
20.8282 555.842
20.5165 448.243
20.5935 475.69
20.893 580.442
20.7825 542.742
20.44 424.472
20.4859 441.114
20.4579 432.067
20.3168 383.762
20.2711 368.56
20.4354 426.332
20.4768 441.406
20.1912 342.88
20.1724 337.068
20.1977 346.523
20.2103 351.597
20.186 343.865
20.0464 296.06
20.3759 411.223
20.3393 399.193
20.2649 374.062
20.1904 348.862
20.2021 353.611
20.1996 353.467
20.1479 336.179
19.9346 262.769
19.9729 276.793
20.3057 393.098
20.4227 434.438
20.3125 396.858
20.4395 441.661
20.6339 509.873
20.2651 382.466
20.1327 337.161
20.4503 448.177
20.2666 385.055
20.3422 412.034
20.3135 402.735
20.1256 338.177
20.1454 345.727
20.0209 303.197
20.0048 298.28
19.9747 288.518
20.0417 312.48
20.0685 322.498
19.9784 291.892
20.2758 395.896
20.4868 469.909
20.1619 357.717
20.0399 316.042
20.0494 320.031
20.2568 392.772
20.176 365.397
20.2071 376.918
20.1727 365.66
19.9565 291.251
20.0506 324.606
20.0677 331.265
19.8987 273.245
19.9194 281.108
20.0545 328.751
20.3668 437.934
20.4553 469.385
20.3028 417.113
20.1539 366.053
20.0808 341.363
20.2786 410.761
20.1883 380.093
20.0841 344.595
19.9326 292.647
20.0448 332.316
19.9282 292.511
19.779 241.375
20.0829 347.661
20.1622 375.88
20.0837 349.303
20.0689 344.859
19.9016 287.443
19.8058 254.855
19.9144 293.284
19.6336 196.42
19.4837 145.067
19.8402 269.605
20.0623 347.44
20.0739 352.182
19.8942 290.446
19.7882 254.299
19.65 207.005
19.6275 199.861
19.6958 224.28
19.604 193.082
19.5883 188.352
19.4956 156.841
19.7151 233.773
20.0343 345.356
19.9761 325.846
19.9186 306.55
20.1971 404.003
19.9666 324.634
19.9242 310.578
20.1853 401.996
20.1687 396.929
19.8387 282.971
19.7238 243.762
19.8916 302.744
19.8881 302.206
19.6829 231.636
19.7592 258.832
19.7716 263.832
19.8231 282.421
20.0466 360.737
20.0201 352.222
19.9581 331.381
19.7151 247.657
19.8681 301.529
20.0134 352.701
19.9746 339.895
19.8832 308.863
19.4454 157.449
19.3011 108.023
19.2713 98.3516
19.3213 116.42
19.4731 169.847
19.354 129.186
19.5151 185.847
19.4163 152.211
19.4633 169.225
19.5446 198.173
19.7527 271.144
19.6597 239.547
19.4482 166.777
19.2025 82.0893
19.4587 171.807
19.4199 159.007
19.2567 103.014
19.255 103.136
19.2978 118.683
19.266 108.326
19.2018 86.7113
19.3915 153.33
19.3978 156.21
19.1481 70.1497
19.1109 57.9212
19.4106 162.722
19.5441 209.79
19.4792 187.944
19.5004 196.009
19.3782 154.254
19.3007 128.041
19.375 154.529
19.4303 174.436
19.3667 153.036
19.6173 240.809
19.455 185.122
19.2768 123.883
19.1388 76.6641
19.2586 118.97
19.412 172.957
19.4045 171.029
19.2851 130.267
19.3211 143.466
19.527 215.688
19.6008 241.997
19.5258 216.652
19.559 228.885
19.5795 236.703
19.4765 201.623
19.365 163.584
19.4022 177.189
19.4242 185.534
19.3375 156.099
19.4892 209.503
19.5454 229.698
19.3631 167.074
19.3703 170.271
19.4356 193.656
19.418 188.229
19.0983 77.8798
19.091 76.0235
19.1944 112.634
19.1248 89.1525
19.0093 49.724
19.1987 116.205
19.2133 121.982
19.3675 176.244
19.6136 262.45
19.7904 324.545
19.5573 244.261
19.4373 203.265
19.5011 226.12
19.5685 250.249
19.4297 202.727
19.5157 233.281
19.5995 263.1
19.4527 212.779
19.1913 122.664
19.2172 132.387
19.1991 126.77
19.1637 115.19
19.1132 98.3103
19.1295 104.687
19.0215 67.8683
19.119 102.423
19.1928 128.768
19.2834 160.932
19.4184 208.512
19.3325 179.36
19.3651 191.396
19.3875 199.884
19.3822 198.724
18.9867 62.0313
18.8722 22.9282
19.0583 88.2773
19.4047 209.311
19.4108 212.145
19.3832 203.248
19.4913 241.478
19.4025 211.333
19.2903 173.062
18.9273 47.6544
19.0594 94.2368
19.1438 124.236
19.1133 114.354
19.1475 126.933
19.2829 174.638
19.3442 196.649
19.308 184.76
19.2058 149.948
19.1968 147.521
19.2339 161.101
19.1892 146.266
19.1114 119.936
18.9481 63.8872
18.7322 -10.3946
18.9445 64.0375
19.1424 133.475
19.1808 147.527
19.2838 183.98
19.3316 201.294
19.3583 211.26
19.4018 227.058
19.5218 269.453
19.5904 293.989
19.3782 220.973
19.283 188.568
19.2008 160.707
18.9621 78.4932
19.1214 134.519
19.3217 204.812
19.2236 171.429
19.1464 145.29
19.0242 103.532
19.0952 128.891
19.3048 202.398
19.2847 196.103
19.2 167.401
19.0249 107.246
18.7385 8.47163
18.8219 38.1099
18.8861 61.1057
18.9008 66.9181
19.0667 125.24
19.056 122.244
19.0504 120.988
18.9921 101.425
18.9277 79.7271
18.9354 83.1244
19.103 142.037
19.0463 123.029
19.0215 115.117
18.7219 11.7175
18.643 -15.0045
19.0208 116.942
19.1325 156.446
19.1724 171.002
19.099 146.201
19.1321 158.378
18.9957 111.717
19.1476 165.151
19.3178 225.003
19.3322 230.684
19.2316 196.438
18.7803 40.33
18.83 58.2965
18.8382 61.8493
18.9184 90.3909
18.7887 46.0477
18.7358 28.3497
18.8392 64.9689
19.1159 161.787
19.1473 173.387
19.1997 192.291
18.8223 61.892
18.7641 42.3688
19.1472 176.142
19.1698 184.674
19.1922 193.165
19.103 162.87
19.1355 174.852
18.9813 121.998
18.88 87.4702
19.0253 138.654
19.3527 253.084
19.3432 250.471
19.3473 252.61
19.372 261.878
19.2271 212.234
19.2232 211.58
19.3606 260.009
19.3617 261.085
19.3142 245.26
19.1336 183.236
19.084 166.688
19.0888 169.039
19.2879 238.924
19.6325 359.336
19.4913 310.973
19.4677 303.462
19.3365 258.563
19.117 183.03
19 143.068
18.9913 140.729
19.0532 162.939
19.1081 182.695
18.9806 139.1
18.875 103.13
18.7469 59.3198
18.6039 10.3428
18.8329 90.5883
18.7817 73.4948
18.9407 129.404
19.0043 152.191
18.8575 101.894
19.0588 172.537
19.0665 175.883
18.9775 145.662
18.9683 143.181
18.8237 93.6413
18.8508 103.76
19.1895 222.09
19.3157 266.654
19.2734 252.651
19.1688 216.997
19.2054 230.391
19.0121 163.962
19.0036 161.705
18.828 101.395
19.0741 187.571
19.1819 225.706
19.18 225.765
19.3214 275.561
19.1224 207.132
19.0662 188.295
19.0596 186.703
18.7185 68.8871
18.5374 6.68077
18.5552 13.5725
18.7288 74.5781
18.7237 73.4706
18.7084 68.8824
19.0067 173.175
18.9615 158.185
18.8489 119.749
19.0013 173.392
19.0129 178.109
18.9691 163.603
18.9536 158.913
18.9094 144.243
18.8436 122.1
18.8224 115.417
18.889 139.257
18.9656 166.571
18.6719 65.232
18.531 16.9675
18.6778 68.6666
19.1489 232.998
19.3879 316.732
19.2554 271.385
19.293 285.139
19.4843 352.292
19.4736 349.275
19.3308 300.366
19.3363 302.959
19.0135 191.544
19.0111 191.396
19.1587 243.347
19.1346 235.678
19.171 249.028
18.9787 182.931
18.9684 180.038
18.9818 185.371
19.3303 307.15
19.4422 346.711
19.286 293.155
19.152 247.275
19.3344 311.362
19.2092 268.558
19.1974 265.138
19.2007 266.999
19.5227 379.531
19.4917 369.455
19.3742 329.331
19.2395 283.252
19.0491 217.812
18.7214 104.633
18.9175 173.462
19.3292 317.189
19.4696 366.661
19.4462 359.215
19.0514 222.769
19.0307 216.258
19.235 287.936
19.1252 250.476
19.0043 209.178
19.0821 236.907
19.3398 327.108
19.5023 384.273
19.5487 401.067
19.6085 422.549
19.4076 353.444
19.219 288.634
19.3821 345.967
19.2237 291.655
19.095 247.651
19.226 293.839
19.2117 289.568
19.2546 305.172
19.24 300.804
19.184 282.039
19.1543 272.422
19.252 307.037
19.2108 293.429
19.3958 358.37
19.5482 412.007
19.8286 510.116
19.5352 408.898
19.2916 324.95
19.1428 273.964
19.2543 313.416
19.3995 364.55
19.5497 417.411
19.6555 454.859
19.4868 396.949
19.2133 302.631
18.9622 216.105
18.9037 196.458
19.0775 257.545
18.9829 225.372
18.6622 114.661
18.6179 99.9442
18.2201 -37.5433
18.2832 -14.9407
18.4533 44.8514
18.7146 136.332
18.7703 156.36
18.5109 66.9527
18.5256 72.7489
18.474 55.5259
18.5739 90.9332
18.5975 99.8343
18.596 100.003
18.5864 97.3678
18.6373 115.738
18.6813 131.715
18.8787 200.986
19.0225 251.648
18.8836 204.056
18.7531 159.418
18.8504 193.939
19.0095 249.886
18.8208 185.049
19.0575 267.966
18.9738 239.583
18.8497 197.149
18.9494 232.491
19.166 308.425
19.1321 297.362
19.0216 259.641
19.0109 256.619
19.0184 259.941
18.8629 206.621
18.6376 129.05
18.5335 93.5687
18.7892 183.093
18.6759 144.441
18.5644 106.397
18.7942 186.917
19.0141 263.992
19.0083 262.67
18.8455 206.822
18.7599 177.759
18.7802 185.514
18.6073 126.147
18.4681 78.4768
18.7305 170.335
18.8622 216.802
18.7889 192.005
18.6724 152.242
18.6478 144.398
18.6209 135.732
18.567 117.702
18.5327 106.493
18.3499 43.6672
18.2659 15.1836
18.4517 80.4455
18.4848 92.6328
18.3264 38.3064
18.1321 -28.5142
17.9515 -90.5606
18.2097 -0.171436
18.3881 62.5037
18.3962 66.0351
18.3123 37.576
18.2254 8.06335
18.2899 31.1801
18.5551 124.01
18.6077 142.965
18.6512 158.761
18.5771 133.73
18.5811 135.824
18.6619 164.579
18.6529 162.131
18.7274 188.726
18.554 129.172
18.4217 83.896
18.5462 127.871
18.497 111.443
18.2598 29.7531
18.432 90.277
18.6974 183.163
18.5445 130.727
18.4961 114.61
18.399 81.584
18.3511 65.6451
18.3482 65.3341
18.4351 96.2164
18.3658 72.8339
18.2181 22.2232
18.4445 101.571
18.6555 175.56
18.5335 133.859
18.4278 97.8341
18.4383 102.174
18.5761 150.738
18.567 148.264
18.7954 228.321
18.6743 186.948
18.5261 136.168
18.5466 143.967
18.5347 140.55
18.0648 -22.0099
18.0998 -9.17228
18.2289 36.3754
18.3927 93.9854
18.5754 158.159
18.8117 240.922
18.9462 288.338
18.8654 260.961
18.7274 213.74
18.4793 128.238
18.5982 170.23
18.8161 246.637
18.8627 263.518
18.884 271.611
18.9148 283.002
18.7443 224.453
18.5932 172.663
18.4635 128.316
18.2997 72.1112
18.2463 54.2417
18.3116 77.6294
18.6161 184.088
18.6898 210.411
18.5814 173.431
18.4578 131.179
18.499 146.205
18.8063 253.641
19.0976 355.553
19.3105 430.179
19.0347 335.063
18.7996 254.095
18.658 205.597
18.7805 248.841
18.7561 241.065
18.6713 212.307
18.6509 205.902
18.7498 240.955
18.7022 225.121
18.8724 284.952
18.8296 270.756
18.7446 241.929
18.8169 267.755
18.53 168.777
18.5585 179.366
18.308 93.0505
18.3419 105.525
18.2791 84.4081
18.5333 173.414
18.4992 162.244
18.4456 144.335
18.5711 188.613
18.6813 227.607
18.6544 218.952
18.4301 141.72
18.5035 167.897
18.4949 165.618
18.4665 156.454
18.4171 139.982
18.0879 26.3204
18.1004 31.3363
18.1157 37.3649
18.4328 148.21
18.5749 198.281
18.6507 225.293
18.5547 192.641
18.6464 225.181
18.3731 130.946
18.2466 87.7114
18.3974 140.781
18.5098 180.504
18.4215 150.535
17.8536 -46.0601
17.8151 -58.7165
18.2423 90.3674
18.6045 216.875
18.5284 191.135
18.4278 156.881
18.344 128.488
18.4036 149.89
18.5141 188.945
18.5748 210.751
18.3951 149.005
18.3743 142.489
18.3204 124.466
18.1976 82.4796
18.3013 119.215
18.377 146.183
18.4128 159.315
18.397 154.519
18.466 179.192
18.5182 198.032
18.3804 150.84
18.554 211.868
18.6832 257.437
18.6527 247.52
18.6793 257.454
18.7858 295.144
18.9494 352.676
19.1219 413.302
19.0222 379.367
18.7808 296.203
18.8292 313.728
18.8291 314.361
18.9873 370.015
19.0037 376.417
19.0973 409.63
18.707 274.741
18.5628 225.328
18.515 209.43
18.4992 204.622
18.6438 255.544
18.633 252.483
18.5882 237.63
18.6962 275.854
18.319 145.52
18.371 164.257
18.6605 265.512
18.5861 240.391
18.7475 297.133
18.642 261.175
18.523 220.546
18.5091 216.417
18.3165 150.203
18.2644 132.802
18.2254 119.921
18.3208 153.775
18.3762 173.705
18.2875 143.582
18.3376 161.681
18.2062 116.745
18.084 74.9713
18.1023 82.025
18.2736 142.24
18.3472 168.512
18.2835 147.074
18.1167 89.7982
17.9997 49.8594
18.082 79.1589
17.8504 -0.621326
18.0585 72.3789
18.3132 161.544
18.5579 247.263
18.4323 204.333
18.1598 110.336
18.4887 225.298
18.7133 304.029
18.5569 250.369
18.5382 244.583
18.4506 214.827
18.3483 180.013
18.352 181.973
18.4057 201.312
18.4839 229.194
18.3252 174.77
18.4503 218.908
18.4544 221.012
18.4038 204.154
18.4474 219.975
18.2362 147.295
18.2777 162.405
18.2142 141.068
18.3006 171.779
18.3722 197.35
18.2824 166.821
17.9138 39.4738
17.9764 61.9168
18.0463 86.9128
18.2228 148.916
18.2763 168.193
18.2921 174.384
18.3287 187.781
18.2171 149.692
18.1433 124.779
18.0653 98.3612
18.0562 95.8797
18.1865 141.847
18.3422 196.652
18.434 229.208
18.1078 116.608
17.9932 77.471
17.5649 -70.5996
17.6265 -48.5165
17.7523 -4.11838
17.8147 18.252
17.9668 71.8022
18.0726 109.24
18.0506 102.278
18.192 152.091
18.339 203.861
18.3082 193.85
18.3972 225.481
18.2954 190.797
18.5923 294.64
18.6066 300.294
18.5955 297.138
18.601 299.748
18.4295 240.848
18.6271 310.186
18.7027 337.153
18.5392 281.071
18.4926 265.564
18.2373 177.555
18.1293 140.73
18.2059 168.064
18.0964 130.704
18.1794 160.243
18.3216 210.338
18.3375 216.549
18.2531 187.912
18.18 163.236
18.0941 134.063
18.0999 136.781
18.0944 135.57
18.2667 196.131
18.3196 215.175
18.4514 261.669
18.4312 255.352
18.3097 213.849
18.1972 175.448
18.0235 115.815
18.0625 130.037
18.0766 135.643
18.2838 208.322
18.4328 260.765
18.1977 179.79
17.9844 106.373
18.2159 187.498
18.2193 189.382
18.477 279.592
18.2477 200.643
18.2941 217.439
18.4097 258.308
18.5248 298.994
18.5413 305.397
18.7151 366.472
18.6387 340.65
18.5307 303.813
18.3865 254.42
18.5453 310.263
18.293 223.322
18.3636 248.551
18.591 328.246
18.6711 356.768
18.5097 301.361
18.3948 262.144
18.2564 214.767
18.374 256.307
18.2892 227.547
18.3723 257.126
18.4303 277.98
18.5206 310.042
18.6804 366.232
18.6669 362.235
18.7075 377.044
18.5782 332.801
18.4725 296.78
18.4495 289.487
18.3147 243.37
18.3775 265.868
18.5396 322.89
18.5001 309.846
18.7074 382.563
18.6041 347.388
18.6053 348.481
18.2649 230.928
18.3121 248.033
18.3354 256.801
18.3172 251.191
18.4119 284.79
18.3295 256.857
18.4587 302.424
18.4013 283.171
18.0484 161.275
18.2508 232.296
18.1367 193.338
17.9218 119.396
17.72 49.955
17.6763 35.4866
17.961 135.083
17.8901 111.139
17.9221 122.943
17.9366 128.672
17.9304 127.238
18.1718 211.782
18.3267 266.294
18.2593 243.572
18.1831 217.783
18.0098 158.272
18.3505 277.323
18.5309 340.706
18.3208 268.423
18.345 277.515
18.3824 291.186
18.3618 284.754
18.1564 214.07
18.0194 167.196
18.2688 254.51
18.3896 297.179
18.5255 345.091
18.4557 321.528
18.2343 245.308
18.2237 242.312
18.2156 240.211
18.2213 242.883
18.0713 191.465
18.1677 225.641
18.1572 222.69
18.0374 181.77
18.1688 228.101
18.3634 296.403
18.2261 249.423
18.209 244.16
18.3209 283.727
18.1213 215.071
18.0497 190.898
18.1939 241.703
18.1018 210.412
18.0682 199.407
18.354 299.4
18.5086 353.817
18.3226 289.877
18.1831 242.099
18.2807 276.699
18.1583 234.879
18.0796 208.228
18.0035 182.485
17.9328 158.633
17.9994 182.461
18.1081 220.928
18.4537 341.683
18.585 387.99
18.2974 288.758
18.0338 197.875
18.0522 204.987
17.9212 160.17
17.8207 125.956
17.7173 90.7071
17.5971 49.642
17.6936 83.8694
17.897 155.24
17.9886 187.733
18.0315 203.356
18.0236 201.281
18.1134 233.199
18.0863 224.468
17.976 186.834
18.196 263.977
18.199 265.708
18.3731 326.862
18.2595 288.125
18.3284 312.734
18.4098 341.723
18.5142 378.66
18.3476 321.483
18.1604 257.14
18.091 233.729
18.0924 234.937
18.0773 230.354
17.7554 119.232
17.7141 105.594
17.522 39.5434
17.576 59.0117
17.5414 47.6785
17.4826 27.9298
17.6305 80.0255
17.4371 13.5306
17.4699 25.6074
17.5649 59.3226
17.7089 110.046
17.7181 113.93
17.6816 101.946
17.8832 172.685
17.9944 212.003
18.011 218.453
18.1286 260.007
18.3681 343.892
18.3864 350.949
18.2433 301.944
18.4138 361.874
18.3845 352.383
18.3599 344.533
18.3145 329.46
18.1308 266.333
18.1311 267.134
18.2172 297.737
18.3297 337.505
18.1788 285.79
18.0542 243.204
17.8394 169.278
17.7883 152.217
17.7013 122.68
17.7971 156.648
18.0238 236.094
17.9341 205.651
17.9219 202.096
18.0465 246.057
18.0894 261.661
17.8311 172.618
17.8001 162.545
17.7692 152.513
17.5439 74.9299
17.7372 142.803
17.8346 177.336
17.6037 97.8218
17.8277 176.321
18.0127 241.275
17.8791 195.568
17.6618 120.763
17.5912 96.9472
17.8866 200.268
17.9038 206.93
17.6196 108.894
17.77 161.815
17.7827 166.949
17.818 179.903
17.9668 232.285
17.9464 225.899
17.6736 131.82
17.9249 219.803
17.937 224.695
17.9419 227.116
18.1371 295.612
17.9369 226.774
17.7651 167.779
17.7403 159.846
17.5894 108.119
17.6633 134.497
17.8715 207.506
17.8261 192.451
17.808 186.839
17.5773 107.394
17.4689 70.4438
17.6769 143.392
17.926 230.617
17.7901 184.102
17.6606 139.819
17.6015 119.973
18.1496 311.059
18.2769 355.98
18.2149 335.156
17.9557 245.785
17.9169 233.013
17.9615 249.206
17.9488 245.495
18.1543 317.571
18.0947 297.555
18.0116 269.367
18.3151 375.513
18.1162 307.095
17.8167 203.749
17.9261 242.466
18.2599 359.107
17.9037 236.079
17.3406 41.1548
17.5612 118.477
17.8248 210.742
17.8573 222.744
17.9759 264.621
18.065 296.286
18.1115 313.131
18.2297 354.889
18.2817 373.638
18.274 371.65
18.3191 388.035
18.3371 394.979
18.276 374.432
18.4178 424.401
18.2964 382.897
18.3581 405.052
18.2408 365.002
18.1701 341.114
18.1574 337.415
18.0987 317.695
18.2345 365.563
18.3979 423.027
18.2398 368.809
18.297 389.372
18.2277 365.978
18.1255 331.188
18.3207 399.694
18.3823 421.788
18.2962 392.571
18.3165 400.323
18.1509 343.476
18.0204 298.852
18.0189 299.008
18.0164 298.84
18.0438 309.041
18.0374 307.53
18.065 317.802
18.0686 319.75
17.9984 296.064
18.0699 321.602
17.7641 216.075
17.475 116.327
17.5321 136.838
17.8042 232.063
17.9448 281.617
18.1137 340.996
18.0546 321.162
18.0679 326.467
18.0778 330.59
17.854 253.547
17.7515 218.616
17.828 245.886
17.729 212.197
17.8299 247.941
17.9259 281.984
17.8835 267.969
17.8215 247.1
17.8387 253.777
17.8078 243.736
17.5689 161.434
17.4884 134.174
17.7019 209.058
17.8596 264.509
17.9599 300.075
18.1591 369.945
17.9811 308.803
17.8924 278.687
18.0006 316.966
17.9504 300.224
17.7254 222.777
17.5403 159.165
17.6336 192.258
17.9451 301.187
17.884 280.642
17.9224 294.657
17.8789 280.243
17.6957 217.321
18.0635 345.777
18.0968 358.027
18.0118 329.192
18.0297 336.119
17.9908 323.293
17.7655 245.733
18.0171 333.81
17.8698 283.346
17.6314 201.217
17.7267 235.021
17.4352 134.465
17.4402 136.904
17.763 249.713
18.0823 361.348
18.118 374.453
18.103 369.933
18.0473 351.256
18.1368 383.047
18.2281 415.47
17.9878 332.691
18.1079 375.093
18.139 386.594
17.9844 333.573
17.8661 293.195
18.015 345.586
18.0317 352.112
17.8572 292.189
17.8344 284.957
17.8402 287.641
17.9751 335.199
17.8216 282.574
17.7465 257.204
17.7723 266.86
17.646 223.671
17.6579 228.483
17.8547 297.572
18.0768 375.416
17.8884 310.664
17.7467 262.117
17.7109 250.389
17.6692 236.574
17.6829 242.051
17.5374 192.207
17.5987 214.188
17.4873 176.161
17.3705 136.296
17.575 208.021
17.8461 302.896
17.9557 341.665
17.6446 234.293
17.5937 217.324
17.5913 217.16
17.7759 281.996
18.1231 403.302
18.1276 405.575
18.0953 395.033
17.8617 314.593
17.9366 341.303
18.3013 468.669
18.0081 367.514
18.1343 412.052
18.2492 452.654
18.2312 447.102
18.2669 460.215
18.0286 378.12
17.6918 261.794
17.5885 226.621
17.7934 298.478
18.1902 437.024
18.1299 416.799
18.0447 387.87
18.0127 377.444
17.9946 371.871
17.8335 316.583
17.817 311.547
17.7837 300.687
17.616 243.117
17.8282 317.526
17.9683 366.91
17.9963 377.31
17.9705 369.038
17.8581 330.689
18.1104 419.052
18.133 427.575
18.0364 394.707
18.0233 390.884
17.8153 319.3
17.6311 255.994
17.6599 266.706
17.5858 241.662
17.3809 171.183
17.4627 200.295
17.3702 168.848
17.6101 252.884
17.7083 287.688
17.5352 228.263
17.8164 326.621
17.6892 283.125
17.4822 211.94
17.7307 298.931
17.8322 334.891
17.9693 383.213
17.8875 355.497
18.0732 420.694
18.0453 411.706
18.0182 402.994
17.9431 377.598
17.5883 255.037
17.4729 215.638
17.5771 252.536
17.5264 235.603
17.6105 265.544
17.9091 369.938
17.9114 371.461
17.7527 317.024
17.6686 288.486
17.4774 222.768
17.6396 279.8
17.6523 284.912
17.7678 325.732
17.8245 346.112
17.8771 365.105
17.9289 383.796
17.9826 403.116
17.8814 368.675
17.7429 321.255
17.9666 399.66
17.918 383.464
17.5739 264.639
17.3994 204.696
17.6459 291.025
17.7037 311.783
17.5282 251.537
17.5123 246.684
17.643 292.799
17.7792 340.815
17.6383 292.558
17.7479 331.331
18.0598 440.369
18.0614 441.631
17.7524 334.961
17.5949 280.95
17.473 239.286
17.4585 234.96
17.5781 277.183
17.5102 254.321
17.4119 220.835
17.2476 164.484
17.4463 234.196
17.6997 322.909
17.2916 181.844
17.4072 222.707
17.4861 250.811
17.2828 180.881
17.3759 213.916
17.6239 300.737
17.6536 311.753
17.6464 309.968
17.6807 322.554
17.7309 340.699
17.6036 297.174
17.4523 245.319
17.3641 215.348
17.3763 220.308
17.3565 214.098
17.5077 267.339
17.6984 334.29
17.5596 286.763
17.8185 377.377
17.8728 396.956
18.067 465.094
18.0543 461.374
18.0001 443.238
17.8153 379.753
17.5444 286.338
17.6527 324.653
17.8139 381.363
17.8287 387.191
17.7424 357.917
17.6588 329.555
17.8268 388.595
17.8683 403.725
17.7896 377.084
17.7548 365.696
17.4433 258.167
17.4584 264.098
17.6297 324.303
17.8253 392.938
17.8503 402.34
17.914 425.165
17.5579 302.147
17.2563 198.06
17.331 224.716
17.5508 301.771
17.7227 362.172
17.5705 309.984
17.3872 247
17.4106 255.85
17.0481 130.599
16.8915 76.8847
17.0687 139.156
16.9705 105.734
17.1147 156.5
17.436 268.821
17.6384 339.823
17.6177 333.355
17.4614 279.745
17.4146 264.171
17.3718 249.985
17.6087 333.004
17.3961 259.826
17.291 224.005
17.3133 232.444
17.6234 340.884
17.513 303.224
17.3568 249.669
17.3257 239.552
17.4276 275.646
17.5301 311.956
17.317 238.596
17.4066 270.408
17.5226 311.433
17.5137 309.037
17.5444 320.376
17.47 295.241
17.1893 198.414
16.9312 109.445
16.8997 99.1925
16.9801 127.826
16.8383 79.2586
16.8234 74.7846
16.9327 113.453
16.8985 102.24
16.9883 134.131
17.2573 228.297
17.5885 344.047
17.3648 267.028
16.7028 37.7365
16.9034 108.134
17.2982 245.962
17.4478 298.633
17.5932 349.84
17.2063 216.129
17.0267 154.415
17.0207 153.038
17.1954 214.428
17.4184 292.591
17.4319 297.973
17.3052 254.654
17.5133 327.633
17.635 370.623
17.3989 289.3
17.3378 268.764
17.4531 309.512
17.6475 377.743
17.6434 376.991
17.3999 293.103
17.326 268.133
17.5333 340.827
17.4576 315.232
17.4023 296.726
17.7222 408.533
17.8012 436.679
17.8477 453.531
17.8758 463.997
17.4477 315.963
17.4321 311.245
17.4701 325.15
17.4952 334.564
17.624 379.978
17.5223 345.342
17.578 365.414
17.6495 390.951
17.7492 426.262
17.6218 382.719
17.1295 212.38
17.4103 310.619
17.6901 408.499
17.7579 432.756
17.6967 412.207
17.6934 411.76
17.7486 431.618
17.5658 368.818
17.3066 279.45
17.455 331.7
17.7724 442.666
17.8019 453.607
17.7107 422.607
17.3925 312.776
17.6338 397.305
17.5792 379.006
17.7435 436.804
17.7266 431.63
17.9009 492.858
17.8744 484.364
17.8853 488.839
17.7979 459.177
17.8158 466.093
17.9662 519.007
17.9219 504.315
17.852 480.755
17.7737 454.224
17.7917 461.166
17.7278 439.671
17.7371 443.603
17.6339 408.438
17.7121 436.305
17.7937 465.36
17.755 452.613
17.6781 426.586
17.5612 386.661
17.5602 387.026
17.6332 413.067
17.6612 423.488
17.7942 470.395
17.9769 534.549
18.0609 564.435
18.1239 586.996
17.9743 535.727
17.9383 523.924
17.7487 458.752
17.7744 468.365
17.8858 507.761
17.6745 435.065
17.5365 387.827
17.7981 479.396
18.0129 554.714
18.0143 555.873
17.9266 526.123
17.8717 507.748
17.7669 472.02
17.9305 529.533
17.9359 532.11
17.8804 513.544
17.9676 544.517
17.8425 501.748
17.638 431.418
17.5957 417.397
17.7379 467.505
17.7644 477.393
17.6977 454.915
17.6372 434.594
17.6351 434.558
17.7487 474.728
17.6746 449.685
17.6659 447.355
17.736 472.398
17.752 478.671
17.6869 456.746
17.7679 485.56
17.8783 524.616
17.7834 492.344
17.6904 460.718
17.6662 453.009
17.7522 483.578
17.8617 522.315
17.8183 507.924
17.7817 495.925
17.5396 412.498
17.529 409.518
17.5959 433.468
17.8413 519.397
17.8916 537.571
17.6469 453.273
17.8075 509.734
17.606 440.425
17.7266 483.034
17.6587 460.134
17.6642 462.727
17.7571 495.697
17.8229 519.269
17.896 545.35
17.6955 476.39
17.7099 482.078
17.4589 395.586
17.2832 335.26
17.4145 381.557
17.4364 389.859
17.307 345.606
17.4316 389.592
17.47 403.622
17.4755 406.212
17.2337 322.912
17.2083 314.776
17.0544 262.026
16.9345 221.07
17.1526 297.528
17.3613 370.734
17.3046 351.729
17.4257 394.468
17.5527 439.311
17.5332 433.23
17.6535 475.688
17.6793 485.362
17.9282 572.508
17.9996 598.011
17.7316 505.617
17.5221 433.518
17.1923 319.655
17.401 392.861
17.1655 311.743
17.2561 343.901
17.1653 313.051
17.3136 365.281
17.5538 449.409
17.5039 432.779
17.5428 446.973
17.4898 429.238
17.5471 449.841
17.7718 528.608
17.6937 502.169
17.4336 412.517
17.3303 377.312
17.478 429.329
17.496 436.287
17.2493 351.263
17.2311 345.651
17.1373 313.747
16.9697 256.2
17.2725 362.114
17.207 340.042
17.4113 411.726
17.4861 438.383
17.358 394.589
17.4746 435.794
17.4747 436.532
17.4257 420.195
17.5138 451.494
17.2214 350.608
17.1567 328.831
17.1649 332.374
17.0086 278.747
17.0276 286.051
16.967 265.713
17.0027 278.812
16.9893 274.841
16.9347 256.556
16.7854 205.389
16.7523 194.576
16.9828 275.348
17.3094 389.509
17.2664 375.259
17.3 387.642
17.4099 426.503
17.4056 425.713
17.2482 371.726
17.1924 353.038
17.2178 362.549
17.1572 342.19
17.0787 315.608
17.2917 390.304
17.2759 385.502
17.3394 408.256
17.2912 392.222
17.1517 344.461
17.1209 334.456
17.5274 476.37
17.6373 515.252
17.6442 518.314
17.3958 432.715
17.3853 429.759
17.2646 388.524
17.2288 376.81
17.3303 412.759
17.272 393.197
17.0612 320.652
17.2134 374.223
17.0854 330.44
16.9645 289.14
17.0388 315.658
17.1077 340.301
17.2172 379.035
17.1389 352.526
17.1292 349.837
17.1954 373.534
17.2725 401.028
17.4191 452.643
17.3705 436.436
17.1434 358.246
17.2933 411.018
17.2868 409.467
17.1826 373.956
17.0389 324.737
17.2553 400.581
17.4207 458.754
17.9187 632.455
17.5706 512.217
17.4273 463.126
17.3537 438.239
17.3428 435.15
17.1393 365.167
17.1695 376.339
16.8757 274.987
17.1615 374.966
17.0346 331.581
17.0224 328.031
17.0195 327.7
16.8962 285.567
16.9551 306.721
16.8959 286.843
16.6929 217.04
16.6702 209.829
16.6571 205.982
16.6936 219.366
16.8456 272.869
16.9628 314.262
16.5032 155.293
16.6393 203.272
16.8008 260.069
16.971 319.882
17.0281 340.436
17.0417 345.857
16.9853 326.96
16.8489 280.261
16.935 310.873
16.9832 328.314
17.0151 340.083
17.1936 402.793
17.1319 382.033
17.0254 345.742
17.1512 390.149
16.9575 323.541
16.9173 310.28
17.145 390.054
17.0355 352.738
17.0576 361.102
17.1201 383.518
17.1889 408.114
17.1797 405.595
17.0761 370.308
17.348 465.444
17.3402 463.443
17.4735 510.431
17.3466 467.044
17.19 413.335
17.137 395.614
17.1885 414.2
17.0827 378.156
16.9595 336.06
16.9083 318.944
17.2117 425.041
17.3204 463.513
17.2723 447.499
17.3294 468.014
17.3205 465.637
17.411 497.759
17.3749 485.915
17.4056 497.28
17.3379 474.445
17.2276 436.823
17.0095 361.767
17.1449 409.491
17.1054 396.462
17.2856 459.745
17.2496 447.952
17.3555 485.437
17.4981 535.662
17.5074 539.575
17.3741 493.974
17.3412 483.257
17.3005 469.812
17.2177 441.741
17.1621 423.121
17.1464 418.34
17.0959 401.487
17.0425 383.657
17.2428 453.916
17.2656 462.532
17.4451 525.592
17.083 400.486
17.1135 411.778
17.1866 437.87
17.0645 396.155
17.018 380.68
17.2949 477.587
17.3974 513.885
17.3888 511.595
17.4541 534.981
17.2835 476.394
17.2238 456.358
17.1137 418.81
17.151 432.45
17.4623 541.303
17.6634 611.857
17.6488 607.467
17.7073 628.472
17.6954 625.056
17.3357 500.778
17.3386 502.502
17.24 468.92
17.1907 452.502
17.2426 471.207
17.1256 431.27
17.0822 416.904
17.2253 467.291
17.2281 468.972
17.1884 455.855
16.9871 386.633
17.0709 416.432
17.2593 482.575
17.4336 543.832
17.5331 579.074
17.3768 525.472
17.2314 475.653
17.1883 461.384
17.1669 454.644
17.2804 494.775
17.1763 459.309
17.2191 474.868
17.3239 511.964
17.3276 513.962
17.1495 452.773
17.0413 415.871
17.033 413.688
17.1676 461.133
17.262 494.634
17.2806 501.783
17.1661 462.724
17.2262 484.269
17.5142 585.041
17.3295 521.574
17.1051 444.31
17.0431 423.457
17.1811 472.105
17.1675 468.042
17.1605 466.312
17.0813 439.489
17.0926 444.11
16.9151 383.145
17.1106 451.776
17.0087 417.063
17.0853 444.351
16.869 369.905
16.723 319.912
16.6596 298.571
16.4645 231.48
16.5369 257.312
16.713 319.208
16.684 309.835
16.8039 352.162
17.011 424.812
16.882 380.684
16.7413 332.513
16.7625 340.557
16.7883 350.21
16.6172 291.47
16.703 321.982
16.8075 358.98
16.9238 400.061
17.0755 453.484
17.1087 465.713
17.128 473.084
16.7754 351.316
16.7475 342.289
17.0915 462.492
17.071 456.08
17.1097 470.21
16.9232 406.105
16.9043 400.243
16.8616 386.114
16.8475 381.921
16.8557 385.443
17.1403 485.005
16.9783 429.429
17.0004 437.793
17.0704 462.802
17.0635 461.095
17.0057 441.738
17.1953 508.301
17.1866 505.973
17.1442 491.917
17.0613 463.835
17.1338 489.717
17.1156 484.062
17.1077 482.035
17.0782 472.485
17.0608 467.127
17.034 458.503
17.1049 483.813
17.0926 480.245
17.0031 449.848
16.8748 405.975
16.894 413.36
16.8624 403.057
16.9259 425.813
17.0037 453.525
16.9941 450.894
17.1824 516.997
17.095 487.356
16.7954 383.958
16.7437 366.683
16.8601 407.827
16.9751 448.472
16.8883 419.015
16.8838 418.132
16.8785 416.983
16.7865 385.713
16.7568 376.097
16.8274 401.34
16.7205 364.866
16.6192 330.375
16.8658 416.737
16.9945 462.162
16.9987 464.297
17.2601 555.826
17.1833 529.835
17.1039 502.923
16.9475 449.295
16.9942 466.21
17.0872 499.221
17.1282 514.154
17.0252 479.067
16.946 452.24
16.7326 378.818
16.6942 366.18
16.825 412.286
16.9745 464.947
17.0841 503.708
17.1341 521.763
17.1192 517.269
17.0478 493.161
16.9447 458.068
16.9318 454.261
16.8935 441.649
17.0471 495.721
17.0184 486.432
16.9731 471.405
16.8657 434.771
16.8609 433.811
17.0118 486.921
16.5965 343.353
16.763 401.87
16.8616 436.839
17.001 485.957
17.0362 498.868
17.0563 506.541
16.9262 462.05
16.8149 424.065
16.8101 423.11
16.9396 468.773
17.1808 553.27
17.075 517.219
16.9132 461.686
16.8372 435.977
17.0424 507.982
17.0188 500.461
17.2415 578.518
17.1068 532.438
16.9392 474.906
16.9368 474.76
17.0304 507.98
17.031 508.893
16.9212 471.416
16.7893 426.313
16.6167 367.038
16.7139 401.503
16.9603 487.774
16.8182 439.122
16.7792 426.254
17.0243 512.119
17.1995 573.676
16.9772 497.143
16.9019 471.688
16.6648 390.013
16.6459 384.144
16.6919 400.802
16.6984 403.756
16.4874 331.139
16.5356 348.586
16.7339 418.17
16.91 480.053
16.8931 474.857
16.7606 429.533
16.6196 381.245
16.8378 457.75
16.8544 464.194
16.7958 444.549
16.7664 435.037
16.7878 443.149
16.8069 450.486
16.8477 465.337
16.9134 488.882
17.0359 532.133
17.041 534.576
16.9055 488.219
16.9735 512.518
17.185 586.681
17.1199 564.769
17.018 530.069
16.8522 473.166
16.8277 465.358
16.9285 501.047
16.753 440.789
16.9431 507.52
17.09 559.245
17.0738 554.306
16.9285 504.546
16.7764 452.379
16.9605 517.024
16.7266 436.483
16.681 421.339
16.9404 512.157
17.2639 625.222
16.8995 499.333
16.4164 332.189
16.3221 300.131
16.4595 348.568
16.6042 399.532
16.8364 480.882
16.9466 519.872
16.8162 475.242
16.7657 458.414
16.5526 385.083
16.5675 390.951
16.5189 374.738
16.4816 362.489
16.3918 332
16.3014 301.268
16.3044 303.011
16.2662 290.45
16.2755 294.374
16.0123 203.612
15.9351 177.502
16.1858 265.3
16.4224 348.183
16.5811 403.983
16.3098 310.449
16.2464 289.121
16.5528 396.241
16.2564 293.984
16.2203 282.124
16.2953 308.896
16.1539 260.447
15.953 191.368
15.9174 179.67
15.8378 152.722
15.7847 134.963
15.8117 145.052
15.839 155.219
15.7532 126.122
15.7664 131.398
15.9162 184.128
15.9395 192.932
15.7776 137.368
15.7671 134.409
15.7835 140.813
15.7029 113.502
15.7298 123.559
16.0955 251.295
16.2573 308.183
16.3705 348.196
16.0055 222.105
15.8568 171.124
15.7998 152.05
15.8775 179.704
16.0567 242.667
16.2592 313.7
16.1916 290.913
16.1897 290.941
16.3899 361.197
16.3043 332.149
16.2212 303.99
15.8638 180.519
15.8393 172.71
15.8697 183.949
16.0023 230.725
16.1342 277.225
16.135 278.223
16.0919 263.937
16.0995 267.265
16.0719 258.381
16.173 294.179
15.9877 230.498
16.006 237.571
15.8348 178.783
16.0466 253.042
16.2406 321.13
16.1911 304.636
15.9392 217.841
16.0622 261.243
16.257 329.606
16.1489 292.765
16.1228 284.377
16.1458 293.084
16.4037 383.365
16.3573 367.954
