0 24.0242
100 23.7777
200 23.6205
300 23.6438
400 23.6147
500 23.4981
600 23.3947
700 23.524
800 23.5845
900 23.3552
1000 23.2343
1100 23.4689
1200 23.5338
1300 23.3889
1400 23.3581
1500 23.4374
1600 23.4787
1700 23.2859
1800 23.4486
1900 23.6326
2000 23.7248
2100 23.636
2200 23.3999
2300 23.4992
2400 23.3989
2500 23.2793
2600 23.2804
2700 23.2063
2800 23.1166
2900 23.1956
3000 23.4897
3100 23.6538
3200 23.8176
3300 23.7542
3400 23.8894
3500 23.9914
3600 24.3078
3700 24.2782
3800 24.1435
3900 24.0159
4000 23.8079
4100 23.5809
4200 23.6602
4300 23.8224
4400 23.75
4500 23.825
4600 23.7751
4700 23.6466
4800 23.7028
4900 23.7677
5000 23.771
5100 23.8859
5200 23.8747
5300 23.7415
5400 23.6082
5500 23.9446
5600 23.8278
5700 23.6755
5800 23.5736
5900 23.709
6000 23.5762
6100 23.8185
6200 23.9048
6300 23.5895
6400 23.3753
6500 23.0602
6600 22.9873
6700 23.5963
6800 24.0413
6900 23.9983
7000 23.9315
7100 23.8186
7200 23.6406
7300 23.808
7400 23.6775
7500 23.7039
7600 23.7188
7700 23.7364
7800 23.7463
7900 23.574
8000 23.5064
8100 23.377
8200 23.8522
8300 23.9012
8400 24.0474
8500 23.882
8600 23.8707
8700 23.7963
8800 23.5947
8900 23.6434
9000 23.6325
9100 23.441
9200 23.6084
9300 23.302
9400 23.2882
9500 23.394
9600 23.6547
9700 23.7587
9800 23.7966
9900 23.584
10000 23.2974
10100 23.4677
10200 23.6748
10300 23.4418
10400 23.7211
10500 23.976
10600 24.0851
10700 24.1387
10800 23.9362
10900 23.8942
11000 23.8273
11100 23.6495
11200 23.5982
11300 23.8981
11400 24.0593
11500 23.9215
11600 23.8151
11700 23.6846
11800 23.6857
11900 23.8385
12000 23.5751
12100 23.5979
12200 23.4052
12300 23.4214
12400 23.6391
12500 23.739
12600 23.6394
12700 23.7035
12800 23.7374
12900 23.7723
13000 23.8908
13100 24.0919
13200 24.0248
13300 23.6715
13400 23.5386
13500 23.3261
13600 23.1879
13700 22.9319
13800 22.9839
13900 23.2887
14000 23.4294
14100 23.6697
14200 23.6361
14300 23.7018
14400 23.2494
14500 23.3216
14600 23.5186
14700 23.6818
14800 23.7101
14900 23.8562
15000 23.8669
15100 23.7354
15200 23.6797
15300 23.7378
15400 23.7501
15500 23.6512
15600 23.7647
15700 23.6439
15800 23.5265
15900 23.4137
16000 23.4755
16100 23.3958
16200 23.2299
16300 23.3496
16400 23.5834
16500 23.3719
16600 23.3858
16700 23.2987
16800 23.3994
16900 23.4073
17000 23.257
17100 23.2692
17200 23.2753
17300 23.4526
17400 23.2759
17500 23.3185
17600 23.3699
17700 23.4465
17800 23.6927
17900 23.7655
18000 23.6863
18100 23.5902
18200 23.6464
18300 23.5801
18400 23.6986
18500 23.6
18600 23.2932
18700 23.3306
18800 23.3948
18900 23.5832
19000 23.8169
19100 23.5865
19200 23.6372
19300 23.467
19400 23.5747
19500 23.7675
19600 23.7406
19700 23.6121
19800 23.5048
19900 23.5639
20000 23.7549
20100 23.5983
20200 23.7937
20300 23.9
20400 23.8604
20500 23.7289
20600 23.4509
20700 23.3444
20800 23.4838
20900 23.6293
21000 23.6705
21100 23.7818
21200 23.7775
21300 23.8108
21400 23.6554
21500 23.8588
21600 23.8801
21700 23.7264
21800 23.8559
21900 23.4662
22000 23.2388
22100 23.0497
22200 23.0228
22300 23.169
22400 23.2784
22500 23.4206
22600 23.6752
22700 23.6003
22800 23.6384
22900 23.723
23000 23.7699
23100 23.6483
23200 23.6602
23300 23.8293
23400 23.9835
23500 23.835
23600 24.0195
23700 23.8998
23800 23.904
23900 24.0242
24000 24.0324
24100 24.1223
24200 24.2502
24300 24.1692
24400 23.8551
24500 23.7631
24600 23.6085
24700 23.6696
24800 23.8181
24900 23.6625
25000 23.6309
25100 23.5786
25200 23.842
25300 23.7936
25400 23.6778
25500 23.6091
25600 23.3366
25700 23.5342
25800 23.6199
25900 23.3281
26000 23.2362
26100 23.2238
26200 23.3446
26300 23.5579
26400 23.6031
26500 23.5692
26600 23.3515
26700 23.226
26800 23.1762
26900 23.23
27000 23.3638
27100 23.6182
27200 23.6831
27300 23.5391
27400 23.5996
27500 23.4219
27600 23.5734
27700 23.4999
27800 23.5314
27900 23.4577
28000 23.5175
28100 23.4916
28200 23.787
28300 23.965
28400 23.8597
28500 23.9161
28600 23.9045
28700 23.9678
28800 23.924
28900 23.868
29000 23.7767
29100 23.8436
29200 23.7771
29300 23.6204
29400 23.7761
29500 23.7055
29600 23.7015
29700 23.6436
29800 23.6803
29900 23.7784
30000 23.9677
30100 23.7293
30200 23.7142
30300 23.7536
30400 23.7758
30500 23.8067
30600 23.6296
30700 23.4856
30800 23.6521
30900 23.7966
31000 23.7427
31100 23.9878
31200 23.8683
31300 23.7988
31400 23.7759
31500 24.3885
31600 24.2934
31700 23.9822
31800 23.9735
31900 23.7788
32000 23.8514
32100 24.1871
32200 24.2851
32300 24.2367
32400 23.9511
32500 24.0404
32600 24.1355
32700 23.8633
32800 23.6403
32900 23.551
33000 23.5225
33100 23.3076
33200 23.3135
33300 23.6041
33400 23.8143
33500 23.7958
33600 23.662
33700 23.81
33800 23.9016
33900 23.952
34000 23.88
34100 23.549
34200 23.3953
34300 23.1221
34400 23.2329
34500 23.6638
34600 23.696
34700 23.7562
34800 23.7068
34900 23.3953
35000 23.165
35100 23.3523
35200 23.3979
35300 23.43
35400 23.3069
35500 23.3716
35600 23.351
35700 23.4597
35800 23.4667
35900 23.5162
36000 23.2949
36100 23.1612
36200 23.1274
36300 23.3377
36400 23.3066
36500 23.4675
36600 23.3459
36700 23.1233
36800 23.1095
36900 22.9677
37000 22.8397
37100 23.0352
37200 23.19
37300 23.0359
37400 22.8507
37500 22.8444
37600 22.9353
37700 23.162
37800 23.2405
37900 23.5065
38000 23.4518
38100 23.5417
38200 23.7569
38300 24.0698
38400 23.9867
38500 24.0227
38600 23.7901
38700 23.602
38800 23.476
38900 23.5391
39000 23.7893
39100 23.7776
39200 23.7141
39300 23.6168
39400 23.5968
39500 23.5955
39600 23.1986
39700 23.1223
39800 23.204
39900 23.3531
40000 23.3323
40100 23.2969
40200 23.3575
40300 23.2598
40400 23.3413
40500 23.0507
40600 23.2847
40700 23.4882
40800 23.5384
40900 23.729
41000 23.707
41100 23.4976
41200 23.5689
41300 23.6999
41400 23.6289
41500 23.4782
41600 23.4139
41700 23.5661
41800 23.5407
41900 23.4
42000 23.5618
42100 23.5315
42200 23.469
42300 23.373
42400 23.2739
42500 23.3776
42600 23.4274
42700 23.549
42800 23.6251
42900 23.2324
43000 23.0847
43100 23.2508
43200 23.3108
43300 23.4252
43400 23.534
43500 23.2768
43600 23.2826
43700 23.4136
43800 23.4667
43900 23.548
44000 23.2121
44100 23.1241
44200 23.3058
44300 23.3848
44400 23.4141
44500 23.302
44600 23.1982
44700 23.2433
44800 23.4688
44900 23.4844
45000 23.3824
45100 23.4339
45200 23.7602
45300 23.507
45400 23.4757
45500 23.5949
45600 23.4253
45700 23.2671
45800 23.3648
45900 23.2872
46000 23.4923
46100 23.7297
46200 23.4729
46300 23.3999
46400 23.334
46500 23.4369
46600 23.6549
46700 23.6481
46800 23.7658
46900 23.4445
47000 23.4858
47100 23.5556
47200 23.4752
47300 23.4395
47400 23.4229
47500 23.3699
47600 23.4556
47700 23.6547
47800 23.6042
47900 23.5729
48000 23.3139
48100 23.1034
48200 23.2624
48300 23.4353
48400 23.2762
48500 23.0016
48600 23.1636
48700 23.4607
48800 23.4795
48900 23.3884
49000 22.9136
49100 23.2643
49200 23.652
49300 23.5462
49400 23.3632
49500 23.3523
49600 23.423
49700 23.3591
49800 23.1035
49900 22.9448
50000 23.0163
50100 23.0374
50200 22.6804
50300 22.5858
50400 23.0316
50500 23.2162
50600 23.0855
50700 23.2252
50800 23.228
50900 23.3227
51000 23.3606
51100 23.3667
51200 23.1693
51300 23.4048
51400 23.1979
51500 22.9763
51600 23.1153
51700 23.05
51800 22.8616
51900 22.8618
52000 22.9298
52100 22.8959
52200 23.1389
52300 23.0723
52400 22.9572
52500 22.9745
52600 22.7759
52700 22.8239
52800 22.7795
52900 22.8557
53000 22.871
53100 22.9725
53200 23.0963
53300 23.1267
53400 23.0358
53500 23.0185
53600 22.883
53700 22.9349
53800 22.9821
53900 23.0416
54000 22.8529
54100 22.7115
54200 22.8636
54300 23.0132
54400 23.1356
54500 23.0178
54600 23.1513
54700 23.4302
54800 23.3614
54900 23.392
55000 23.1319
55100 22.9683
55200 23.1113
55300 23.2229
55400 23.2836
55500 23.4487
55600 23.4718
55700 23.1465
55800 22.9493
55900 23.1466
56000 23.0067
56100 22.8791
56200 22.8583
56300 22.8373
56400 22.6096
56500 22.6985
56600 22.7974
56700 23.0405
56800 22.8402
56900 22.5566
57000 22.4828
57100 22.5459
57200 22.7872
57300 22.7665
57400 22.9057
57500 23.0059
57600 22.8846
57700 22.8915
57800 22.799
57900 22.4905
58000 22.6689
58100 22.8153
58200 23.0948
58300 23.1249
58400 22.9244
58500 22.727
58600 22.639
58700 22.4579
58800 22.4816
58900 22.3972
59000 22.6901
59100 22.5742
59200 22.4784
59300 22.4128
59400 22.5173
59500 22.7063
59600 22.562
59700 22.6002
59800 22.5782
59900 22.6492
60000 22.9132
60100 22.8228
60200 22.6386
60300 22.458
60400 22.5914
60500 22.6173
60600 22.5189
60700 22.6047
60800 22.7007
60900 22.6546
61000 22.8005
61100 22.511
61200 22.5237
61300 22.751
61400 22.6539
61500 22.6283
61600 22.3829
61700 22.5281
61800 22.8847
61900 22.9485
62000 22.8928
62100 22.7915
62200 22.4811
62300 22.5251
62400 22.6445
62500 22.7533
62600 22.9719
62700 22.7421
62800 22.8307
62900 23.2305
63000 23.4373
63100 23.2632
63200 23.1961
63300 23.2295
63400 23.1432
63500 22.8381
63600 22.9356
63700 23.186
63800 23.0457
63900 23.0972
64000 22.9782
64100 22.6909
64200 22.8387
64300 23.0729
64400 23.086
64500 22.7807
64600 22.9626
64700 23.0345
64800 22.9177
64900 22.8238
65000 22.9711
65100 22.7855
65200 22.7242
65300 22.7791
65400 22.8362
65500 23.0505
65600 22.9409
65700 22.9221
65800 23.0943
65900 23.0964
66000 22.9554
66100 22.6397
66200 22.6135
66300 22.6516
66400 22.455
66500 22.8912
66600 22.9535
66700 22.9196
66800 23.0785
66900 22.985
67000 22.8889
67100 22.9757
67200 23.1511
67300 23.2081
67400 23.0738
67500 22.8298
67600 22.7419
67700 23.0164
67800 23.0368
67900 22.9663
68000 22.9535
68100 22.9485
68200 23.2464
68300 23.2201
68400 23.2003
68500 23.2075
68600 23.0085
68700 23.0278
68800 23.1484
68900 23.294
69000 23.4051
69100 23.4062
69200 23.3543
69300 23.2609
69400 22.9407
69500 22.7858
69600 22.6086
69700 22.6098
69800 22.7349
69900 22.7845
70000 22.6867
70100 22.5823
70200 22.7214
70300 22.8025
70400 23.0609
70500 22.902
70600 22.6193
70700 22.9194
70800 22.9488
70900 22.7517
71000 22.8182
71100 22.6036
71200 22.7794
71300 22.7949
71400 22.7291
71500 22.9348
71600 23.1003
71700 23.0321
71800 22.9783
71900 22.9141
72000 23.0214
72100 23.2141
72200 23.2432
72300 23.0775
72400 22.8475
72500 22.8326
72600 23.0109
72700 23.241
72800 23.2399
72900 22.9512
73000 23.0273
73100 23.0927
73200 23.0411
73300 23.2923
73400 23.0881
73500 22.7032
73600 23.0569
73700 22.9254
73800 22.8006
73900 22.9396
74000 22.9746
74100 23.0108
74200 23.1618
74300 23.115
74400 23.0484
74500 23.4194
74600 23.4768
74700 23.3154
74800 23.1351
74900 23.0586
75000 22.9677
75100 23.2199
75200 23.0399
75300 23.1726
75400 23.3911
75500 23.4825
75600 23.5369
75700 23.5917
75800 23.1905
75900 23.0553
76000 23.2872
76100 23.4543
76200 23.0794
76300 22.9682
76400 23.1699
76500 23.1022
76600 23.1157
76700 22.8747
76800 22.8459
76900 22.8777
77000 22.9871
77100 23.083
77200 23.2826
77300 23.3075
77400 23.184
77500 23.0432
77600 23.2615
77700 23.1813
77800 23.0688
77900 22.9124
78000 22.8735
78100 22.9961
78200 23.0709
78300 22.9422
78400 23.0196
78500 23.2155
78600 23.1477
78700 23.138
78800 22.8838
78900 23.0464
79000 23.2178
79100 22.974
79200 22.8717
79300 23.0625
79400 22.931
79500 22.6861
79600 22.8404
79700 23.0223
79800 22.8382
79900 22.5659
80000 22.6836
80100 22.8253
80200 22.9985
80300 22.7902
80400 22.6428
80500 22.6448
80600 22.7201
80700 23.0353
80800 23.0252
80900 22.9822
81000 23.106
81100 23.4155
81200 23.2873
81300 23.1405
81400 23.0705
81500 22.9555
81600 23.0356
81700 22.9369
81800 23.0857
81900 23.0686
82000 23.0418
82100 23.2303
82200 23.2478
82300 23.2157
82400 23.1761
82500 22.9823
82600 22.7944
82700 22.8642
82800 22.9227
82900 22.7348
83000 22.7942
83100 23.1097
83200 23.1782
83300 23.2306
83400 23.1447
83500 23.0696
83600 22.949
83700 23.1163
83800 23.1263
83900 22.8247
84000 22.5103
84100 22.4024
84200 22.5037
84300 22.6353
84400 22.7611
84500 22.5957
84600 22.5971
84700 22.6057
84800 22.539
84900 22.7132
85000 22.7952
85100 22.9519
85200 23.1239
85300 22.8215
85400 22.6021
85500 22.8112
85600 22.8045
85700 22.559
85800 22.6216
85900 22.9447
86000 23.0649
86100 23.0571
86200 22.8196
86300 22.7462
86400 22.9478
86500 22.9275
86600 23.1614
86700 23.0126
86800 22.9141
86900 22.6141
87000 22.647
87100 22.9642
87200 22.921
87300 22.6205
87400 22.7019
87500 22.9047
87600 22.8976
87700 22.9517
87800 23.0154
87900 22.8041
88000 22.5219
88100 22.5565
88200 22.594
88300 22.5894
88400 22.3259
88500 22.4556
88600 22.4378
88700 22.352
88800 22.4406
88900 22.3094
89000 22.3862
89100 22.4773
89200 22.8357
89300 22.7264
89400 22.5316
89500 22.6604
89600 22.7403
89700 22.7654
89800 22.8761
89900 22.7143
90000 22.4934
90100 22.6062
90200 22.5347
90300 22.685
90400 22.7537
90500 22.6272
90600 22.6928
90700 22.7565
90800 22.5897
90900 22.8419
91000 22.9413
91100 22.7453
91200 22.764
91300 22.5375
91400 22.482
91500 22.8506
91600 22.9148
91700 22.612
91800 22.6941
91900 22.7938
92000 22.6834
92100 22.6713
92200 22.7994
92300 22.7109
92400 22.6112
92500 22.6951
92600 22.8187
92700 22.9264
92800 22.7997
92900 22.7243
93000 22.822
93100 22.6699
93200 22.8378
93300 22.7258
93400 22.7202
93500 22.6678
93600 22.8297
93700 22.764
93800 22.9507
93900 23.1043
94000 23.0138
94100 22.7467
94200 22.9133
94300 22.7381
94400 22.3802
94500 22.4903
94600 22.476
94700 22.5937
94800 22.5842
94900 22.6837
95000 22.7398
95100 22.5278
95200 22.5022
95300 22.6717
95400 22.6666
95500 22.8063
95600 22.7709
95700 22.5974
95800 22.4629
95900 22.4371
96000 22.6743
96100 22.5097
96200 22.5466
96300 22.6412
96400 22.8228
96500 22.9427
96600 22.7738
96700 22.8705
96800 22.9008
96900 22.8802
97000 22.6206
97100 22.7135
97200 22.7163
97300 22.4379
97400 22.304
97500 22.4963
97600 22.9716
97700 23.1091
97800 22.685
97900 22.5504
98000 23.0383
98100 22.9182
98200 22.8392
98300 22.5814
98400 22.561
98500 23.0256
98600 23.2255
98700 22.9824
98800 22.879
98900 22.8865
99000 22.9488
99100 23.0764
99200 22.8014
99300 22.8961
99400 22.771
99500 22.4781
99600 22.7112
99700 22.5936
99800 22.5276
99900 22.7633
100000 22.7024
100100 22.6123
100200 22.7227
100300 22.5821
100400 22.5862
100500 22.6396
100600 22.5386
100700 22.1848
100800 22.2368
100900 22.1722
101000 22.2316
101100 22.3151
101200 22.2808
101300 22.4364
101400 22.4231
101500 22.7433
101600 22.7435
101700 22.7318
101800 22.6835
101900 22.5754
102000 22.6356
102100 22.7054
102200 22.7512
102300 22.6651
102400 22.6035
102500 22.3516
102600 22.0274
102700 22.1434
102800 22.6475
102900 22.8136
103000 22.6574
103100 22.7263
103200 22.8237
103300 22.9751
103400 22.8794
103500 22.3889
103600 22.4845
103700 22.8612
103800 22.8451
103900 22.7256
104000 22.5038
104100 22.4914
104200 22.5171
104300 22.4608
104400 22.3309
104500 22.4081
104600 22.3817
104700 22.2163
104800 22.4365
104900 22.4456
105000 22.415
105100 22.4477
105200 22.5657
105300 22.913
105400 22.6834
105500 22.5776
105600 22.6425
105700 22.6225
105800 22.2939
105900 22.1947
106000 22.2414
106100 22.3365
106200 22.4395
106300 22.131
106400 22.3113
106500 22.7322
106600 22.972
106700 22.8304
106800 22.5067
106900 22.4688
107000 22.6226
107100 22.8698
107200 22.7214
107300 22.4383
107400 22.3852
107500 22.5283
107600 22.6588
107700 22.7017
107800 22.7949
107900 22.6372
108000 22.626
108100 22.7447
108200 22.8913
108300 22.7744
108400 22.6078
108500 22.7095
108600 22.6849
108700 22.573
108800 22.2427
108900 22.2935
109000 22.3661
109100 22.5722
109200 22.5295
109300 22.4632
109400 22.4924
109500 22.6135
109600 22.6145
109700 22.6445
109800 22.4896
109900 22.3795
110000 22.4516
110100 22.4288
110200 22.4367
110300 22.4985
110400 22.6738
110500 22.5308
110600 22.4928
110700 22.4598
110800 22.1697
110900 22.2769
111000 22.2542
111100 22.6019
111200 22.81
111300 22.662
111400 22.7545
111500 22.7938
111600 22.6363
111700 22.632
111800 22.5768
111900 22.5498
112000 22.5631
112100 22.2752
112200 22.464
112300 22.3155
112400 22.5411
112500 22.5028
112600 22.272
112700 22.3212
112800 22.1226
112900 22.0578
113000 22.0219
113100 22.0686
113200 22.0597
113300 22.1535
113400 22.3033
113500 22.2564
113600 22.2355
113700 22.2964
113800 22.3482
113900 22.1967
114000 22.1672
114100 22.1788
114200 22.0008
114300 21.9393
114400 22.1094
114500 22.2057
114600 22.2169
114700 22.1746
114800 22.0774
114900 22.0358
115000 22.042
115100 22.0775
115200 22.0287
115300 21.9856
115400 21.8819
115500 21.9461
115600 22.0816
115700 22.1423
115800 22.0399
115900 22.0288
116000 21.9469
116100 21.8748
116200 21.9105
116300 22.0666
116400 22.1638
116500 22.179
116600 22.0774
116700 22.0834
116800 22.0238
116900 22.0391
117000 22.1495
117100 22.2814
117200 22.1889
117300 22.1914
117400 22.2329
117500 22.2401
117600 22.0424
117700 22.093
117800 22.2904
117900 22.3496
118000 22.1635
118100 22.2606
118200 22.2047
118300 22.1349
118400 21.9819
118500 22.3187
118600 22.3108
118700 22.4388
118800 22.3043
118900 21.7716
119000 21.8705
119100 22.1732
119200 22.3398
119300 22.109
119400 22.0339
119500 22.0101
119600 21.9859
119700 21.9399
119800 22.0836
119900 22.368
120000 22.2774
120100 22.2007
120200 21.9019
120300 21.8513
120400 21.9202
120500 22.0521
120600 22.1318
120700 21.9846
120800 21.8748
120900 22.1898
121000 22.1796
121100 21.6908
121200 21.4146
121300 21.5985
121400 21.8989
121500 21.8397
121600 21.7255
121700 21.8849
121800 22.113
121900 22.0842
122000 21.914
122100 21.8056
122200 21.9333
122300 22.3941
122400 22.3475
122500 22.045
122600 22.0483
122700 22.084
122800 22.1204
122900 22.1014
123000 21.948
123100 21.7649
123200 21.9728
123300 22.0664
123400 21.9834
123500 22.093
123600 22.4215
123700 22.3635
123800 22.0713
123900 22.2169
124000 22.0482
124100 21.9714
124200 22.1407
124300 22.1951
124400 22.3334
124500 22.0968
124600 21.973
124700 22.1467
124800 22.2424
124900 22.4882
125000 22.3521
125100 22.374
125200 22.2777
125300 22.0769
125400 21.8376
125500 21.8307
125600 22.0021
125700 22.1786
125800 22.1135
125900 21.918
126000 21.7968
126100 21.7111
126200 21.6683
126300 21.9524
126400 21.9981
126500 22.1644
126600 22.176
126700 21.9465
126800 21.788
126900 21.9196
127000 21.7816
127100 21.6185
127200 21.8958
127300 21.7831
127400 21.51
127500 21.6389
127600 21.5663
127700 21.7391
127800 21.8454
127900 21.6407
128000 21.4693
128100 21.4019
128200 21.4069
128300 21.7542
128400 21.6547
128500 21.6497
128600 21.6639
128700 21.7957
128800 21.7581
128900 21.9909
129000 21.8932
129100 21.9067
129200 21.9668
129300 21.8434
129400 21.5746
129500 21.6132
129600 21.8819
129700 21.7955
129800 21.9147
129900 21.7
130000 21.6681
130100 21.7266
130200 21.9176
130300 21.7245
130400 21.9652
130500 22.012
130600 22.0103
130700 21.9535
130800 21.9903
130900 21.7668
131000 21.6503
131100 21.8396
131200 22.0567
131300 21.7591
131400 21.8896
131500 21.9942
131600 21.7477
131700 21.6428
131800 21.6423
131900 21.9322
132000 21.9504
132100 22.0279
132200 21.8427
132300 22.1144
132400 22.2064
132500 22.0725
132600 22.3532
132700 22.169
132800 22.021
132900 22.1027
133000 22.1124
133100 21.8297
133200 22.0673
133300 22.0555
133400 21.9545
133500 21.853
133600 21.6649
133700 21.5279
133800 21.8021
133900 21.912
134000 21.85
134100 21.8473
134200 21.9165
134300 21.7801
134400 21.6221
134500 21.6937
134600 21.7064
134700 21.7332
134800 21.7796
134900 21.7154
135000 21.5117
135100 21.7423
135200 21.6505
135300 21.8924
135400 21.9706
135500 21.755
135600 21.795
135700 21.8709
135800 21.7934
135900 22.0916
136000 21.9844
136100 21.8212
136200 21.663
136300 21.8776
136400 21.7061
136500 21.5999
136600 21.6165
136700 21.4902
136800 21.5041
136900 21.6471
137000 21.8014
137100 21.6714
137200 21.7235
137300 21.8972
137400 21.6556
137500 21.4817
137600 21.3951
137700 21.3298
137800 21.3425
137900 21.4677
138000 21.449
138100 21.344
138200 21.2493
138300 21.452
138400 21.5602
138500 21.5599
138600 21.532
138700 21.8405
138800 21.7911
138900 21.7193
139000 21.6898
139100 21.7236
139200 21.8883
139300 21.7821
139400 21.6503
139500 21.6593
139600 21.8442
139700 21.8288
139800 21.8115
139900 21.5921
140000 21.4897
140100 21.6512
140200 21.9782
140300 21.845
140400 21.6999
140500 21.7249
140600 21.99
140700 22.0481
140800 21.8613
140900 21.9588
141000 22.0023
141100 21.8084
141200 21.7581
141300 21.7169
141400 21.8602
141500 21.9237
141600 21.9365
141700 22.0261
141800 21.8935
141900 21.7863
142000 21.8123
142100 21.7691
142200 21.6722
142300 21.7675
142400 21.7808
142500 21.5251
142600 21.5035
142700 21.6317
142800 21.421
142900 21.4575
143000 21.5571
143100 21.5639
143200 21.4773
143300 21.4824
143400 21.7206
143500 21.6721
143600 21.7658
143700 21.464
143800 21.4799
143900 21.5823
144000 21.7006
144100 21.6958
144200 21.494
144300 21.34
144400 21.3656
144500 21.535
144600 21.6687
144700 21.4845
144800 21.246
144900 21.3212
145000 21.4463
145100 21.5985
145200 21.4995
145300 21.36
145400 21.5148
145500 21.3166
145600 21.1232
145700 21.3486
145800 21.5906
145900 21.4605
146000 21.4536
146100 21.6507
146200 21.8105
146300 21.5826
146400 21.2525
146500 21.4269
146600 21.6386
146700 21.4401
146800 21.4262
146900 21.4365
147000 21.4306
147100 21.4424
147200 21.5823
147300 21.472
147400 21.5236
147500 21.7166
147600 21.5605
147700 21.6619
147800 21.7108
147900 21.7093
148000 21.4331
148100 21.6311
148200 21.6685
148300 21.7723
148400 21.6253
148500 21.5272
148600 21.7761
148700 21.7361
148800 21.6855
148900 21.6258
149000 21.7115
149100 21.7425
149200 22.0163
149300 21.8252
149400 21.7848
149500 21.7346
149600 21.5602
149700 21.7575
149800 21.8074
149900 21.8653
150000 21.9894
150100 21.8403
150200 21.806
150300 21.7907
150400 21.7598
150500 21.6852
150600 21.5847
150700 21.5523
150800 21.5796
150900 21.5665
151000 21.529
151100 21.5018
151200 21.3121
151300 21.53
151400 21.4966
151500 21.2628
151600 21.3595
151700 21.417
151800 21.4601
151900 21.3975
152000 21.5489
152100 21.3194
152200 21.4459
152300 21.3773
152400 21.2339
152500 21.1702
152600 21.1019
152700 21.1925
152800 21.3051
152900 21.3696
153000 21.2524
153100 21.1639
153200 21.4129
153300 21.6546
153400 21.3425
153500 21.3029
153600 21.2463
153700 21.3825
153800 21.6192
153900 21.3786
154000 21.3437
154100 21.7204
154200 21.6527
154300 21.5838
154400 21.5269
154500 21.5138
154600 21.6477
154700 21.8034
154800 21.8987
154900 21.9046
155000 21.732
155100 21.7692
155200 21.3541
155300 21.2911
155400 21.4955
155500 21.4652
155600 21.3962
155700 21.3691
155800 21.4017
155900 21.2471
156000 21.1111
156100 21.0496
156200 21.1008
156300 21.0629
156400 21.0996
156500 21.4091
156600 21.5551
156700 21.3343
156800 21.1513
156900 21.073
157000 21.1206
157100 21.2106
157200 21.1844
157300 20.9767
157400 21.0176
157500 21.1773
157600 21.3745
157700 21.4113
157800 21.5137
157900 21.4311
158000 21.6772
158100 21.6927
158200 21.5951
158300 21.6743
158400 21.8102
158500 21.6389
158600 21.9041
158700 21.9186
158800 21.7693
158900 21.7357
159000 21.8366
159100 21.8277
159200 21.7835
159300 21.6999
159400 21.8091
159500 21.8078
159600 21.4905
159700 21.4657
159800 21.6417
159900 21.7376
160000 21.5538
160100 21.4603
160200 21.5266
160300 21.6454
160400 21.5225
160500 21.4995
160600 21.7138
160700 21.7195
160800 21.5446
160900 21.3612
161000 21.2204
161100 21.2596
161200 21.3554
161300 21.2757
161400 21.1397
161500 21.2433
161600 21.5005
161700 21.5005
161800 21.5816
161900 21.4331
162000 21.5949
162100 21.5657
162200 21.227
162300 21.2259
162400 21.3167
162500 21.2947
162600 21.4219
162700 21.4986
162800 21.4304
162900 21.4401
163000 21.4426
163100 21.328
163200 21.374
163300 21.5743
163400 21.6147
163500 21.7305
163600 21.7263
163700 21.5756
163800 21.6598
163900 21.6157
164000 21.6355
164100 21.7566
164200 21.8766
164300 21.8624
164400 21.5113
164500 21.6676
164600 21.3344
164700 21.3627
164800 21.1492
164900 21.2091
165000 21.389
165100 21.4218
165200 21.3566
165300 21.485
165400 21.5664
165500 21.5492
165600 21.6197
165700 21.6168
165800 21.4314
165900 21.3593
166000 21.5675
166100 21.518
166200 21.357
166300 21.3753
166400 21.357
166500 21.5318
166600 21.5027
166700 21.3816
166800 21.3068
166900 21.4594
167000 21.36
167100 21.5284
167200 21.5546
167300 21.3816
167400 21.2534
167500 21.2999
167600 21.2452
167700 21.2723
167800 21.3585
167900 21.2493
168000 21.4072
168100 21.5287
168200 21.2401
168300 21.3268
168400 21.4782
168500 21.5361
168600 21.4843
168700 21.4566
168800 21.2111
168900 21.2731
169000 21.304
169100 21.2608
169200 21.2565
169300 21.2238
169400 21.4594
169500 21.5813
169600 21.7571
169700 21.8406
169800 21.9125
169900 21.7301
170000 21.7161
170100 21.6272
170200 21.4834
170300 21.4456
170400 21.5184
170500 21.5273
170600 21.5924
170700 21.6658
170800 21.778
170900 21.5809
171000 21.4494
171100 21.4824
171200 21.5421
171300 21.5818
171400 21.5499
171500 21.4733
171600 21.5898
171700 21.6434
171800 21.556
171900 21.6827
172000 21.7102
172100 21.4183
172200 21.5209
172300 21.6121
172400 21.6334
172500 21.7466
172600 21.5968
172700 21.6796
172800 21.5731
172900 21.3927
173000 21.3292
173100 21.4628
173200 21.501
173300 21.5274
173400 21.5317
173500 21.6937
173600 21.5253
173700 21.3376
173800 21.4898
173900 21.7231
174000 21.7281
174100 21.4842
174200 21.5013
174300 21.1098
174400 21.0653
174500 21.1664
174600 21.1425
174700 21.3286
174800 21.3508
174900 21.5011
175000 21.5376
175100 21.4802
175200 21.2742
175300 21.2601
175400 21.3017
175500 21.1014
175600 21.2276
175700 21.2206
175800 21.4178
175900 21.1939
176000 21.1863
176100 21.1171
176200 21.3961
176300 21.3668
176400 21.3919
176500 21.3271
176600 21.3259
176700 21.5615
176800 21.6588
176900 21.3761
177000 21.226
177100 21.2358
177200 21.1292
177300 21.2024
177400 21.4349
177500 21.432
177600 21.3891
177700 21.6184
177800 21.773
177900 21.6006
178000 21.6114
178100 21.4487
178200 21.3234
178300 21.4521
178400 21.1812
178500 21.0263
178600 20.7921
178700 20.4714
178800 20.7504
178900 21.1466
179000 21.2089
179100 21.2468
179200 21.3872
179300 21.2836
179400 21.274
179500 21.3278
179600 21.361
179700 21.5015
179800 21.532
179900 21.419
180000 21.5183
180100 21.53
180200 21.2662
180300 21.0904
180400 21.0326
180500 21.1762
180600 21.1862
180700 21.197
180800 21.2218
180900 21.2869
181000 21.3827
181100 21.342
181200 21.4544
181300 21.4174
181400 21.3104
181500 21.3159
181600 21.2841
181700 21.1854
181800 21.3146
181900 21.151
182000 21.1859
182100 21.3537
182200 21.4228
182300 21.2325
182400 21.3892
182500 21.5195
182600 21.5721
182700 21.5695
182800 21.6137
182900 21.6356
183000 21.5793
183100 21.3739
183200 21.2233
183300 21.0878
183400 21.1875
183500 20.8727
183600 20.9107
183700 21.2488
183800 21.2035
183900 20.9794
184000 21.0651
184100 21.1379
184200 20.9546
184300 21.2236
184400 21.4031
184500 21.2804
184600 21.2538
184700 21.2617
184800 21.3207
184900 21.2606
185000 21.0127
185100 20.9746
185200 21.0012
185300 21.1772
185400 21.17
185500 21.2249
185600 21.2826
185700 21.1546
185800 21.0402
185900 21.0143
186000 21.3557
186100 21.2519
186200 21.165
186300 21.1413
186400 21.25
186500 21.4812
186600 21.3716
186700 21.3438
186800 21.7037
186900 21.2909
187000 21.006
187100 21.149
187200 21.2598
187300 21.3616
187400 21.2833
187500 21.4357
187600 21.3819
187700 21.1796
187800 21.2015
187900 21.3304
188000 21.3716
188100 21.3128
188200 21.2186
188300 21.3569
188400 21.6389
188500 21.3866
188600 21.3668
188700 21.3568
188800 21.2464
188900 21.1489
189000 21.0289
189100 21.1852
189200 21.4251
189300 21.505
189400 21.2762
189500 21.182
189600 21.1526
189700 21.4039
189800 21.5301
189900 21.6549
190000 21.7335
190100 21.4455
190200 21.368
190300 21.2206
190400 21.3485
190500 21.3248
190600 21.1771
190700 21.2773
190800 21.2253
190900 21.2222
191000 21.2462
191100 21.1168
191200 21.1246
191300 21.1821
191400 21.3456
191500 21.4036
191600 21.237
191700 21.2751
191800 21.3833
191900 21.1814
192000 21.1277
192100 21.1396
192200 21.0802
192300 21.0725
192400 20.8811
192500 20.9716
192600 20.8283
192700 21.0272
192800 21.1726
192900 21.1096
193000 21.1618
193100 21.4372
193200 21.4104
193300 21.4047
193400 21.4351
193500 21.3537
193600 21.3122
193700 21.1857
193800 21.5567
193900 21.5584
194000 21.5678
194100 21.3537
194200 21.3595
194300 21.3156
194400 21.0945
194500 21.181
194600 21.2264
194700 21.3061
194800 21.675
194900 21.8407
195000 21.544
195100 21.3605
195200 21.3293
195300 21.4905
195400 21.3271
195500 21.2109
195600 21.1407
195700 21.1091
195800 21.1777
195900 21.4711
196000 21.5253
196100 21.5307
196200 21.3747
196300 21.3496
196400 21.4483
196500 21.5502
196600 21.5941
196700 21.4946
196800 21.2238
196900 21.1279
197000 21.0141
197100 21.2422
197200 21.636
197300 21.5843
197400 21.4303
197500 21.5739
197600 21.4362
197700 21.0254
197800 21.2224
197900 21.2919
198000 21.3332
198100 21.3791
198200 21.2709
198300 21.1557
198400 21.176
198500 21.2912
198600 21.156
198700 21.199
198800 21.3711
198900 21.3383
199000 21.4435
199100 21.4102
199200 21.3395
199300 21.1536
199400 21.1537
199500 21.1834
199600 21.0701
199700 20.9712
199800 21.0538
199900 21.0892
200000 21.2053
200100 21.241
200200 21.0003
200300 20.8649
200400 20.8709
200500 20.9626
200600 21.2838
200700 21.2452
200800 21.107
200900 21.1388
201000 20.9166
201100 20.9265
201200 20.9655
201300 20.8136
201400 20.9912
201500 21.0299
201600 20.8755
201700 20.6771
201800 20.7591
201900 21.0739
202000 21.2806
202100 21.2005
202200 21.0101
202300 20.9849
202400 21.1752
202500 21.0892
202600 21.0845
202700 21.319
202800 21.4929
202900 21.5493
203000 21.7543
203100 21.6624
203200 21.6253
203300 21.2131
203400 20.9195
203500 20.9079
203600 20.9711
203700 20.8752
203800 20.6894
203900 21.0804
204000 21.1898
204100 21.0893
204200 21.0878
204300 21.4223
204400 21.3048
204500 21.0235
204600 20.9845
204700 20.7766
204800 20.8617
204900 20.8344
205000 20.7464
205100 20.86
205200 20.9345
205300 20.9782
205400 21.0447
205500 20.9051
205600 21.0786
205700 21.2633
205800 21.1717
205900 21.0113
206000 21.2075
206100 21.112
206200 21.2161
206300 21.4287
206400 21.1722
206500 20.9953
206600 21.022
206700 21.1072
206800 21.0588
206900 21.0563
207000 21.1641
207100 21.2334
207200 21.2556
207300 21.1478
207400 21.2046
207500 21.0693
207600 21.0606
207700 21.2891
207800 21.3658
207900 21.3535
208000 21.2863
208100 21.2891
208200 21.2339
208300 21.1282
208400 21.2628
208500 20.9804
208600 21.0928
208700 21.1594
208800 20.916
208900 21.1695
209000 21.1425
209100 20.9525
209200 20.7651
209300 20.6431
209400 20.5804
209500 20.5543
209600 20.6802
209700 20.7124
209800 20.8579
209900 20.8989
210000 20.8536
210100 20.8185
210200 20.9593
210300 20.9226
210400 20.9003
210500 20.8672
210600 20.879
210700 21.0048
210800 20.9937
210900 20.7236
211000 20.7241
211100 20.783
211200 20.7809
211300 20.7996
211400 20.7729
211500 20.6794
211600 20.8177
211700 20.9913
211800 21.2492
211900 21.2086
212000 21.114
212100 20.9455
212200 20.9597
212300 20.9835
212400 21.1878
212500 21.1839
212600 21.1539
212700 21.2426
212800 21.1848
212900 21.0897
213000 20.9866
213100 21.0386
213200 21.2521
213300 20.9218
213400 20.8866
213500 20.6914
213600 20.7927
213700 20.9028
213800 21.0295
213900 21.0604
214000 21.3072
214100 21.3263
214200 21.0708
214300 20.8926
214400 20.6427
214500 20.802
214600 20.94
214700 21.0124
214800 21.046
214900 21.1842
215000 21.1781
215100 21.1914
215200 21.0785
215300 20.9613
215400 20.9947
215500 20.7338
215600 20.6682
215700 20.5661
215800 20.7996
215900 20.7523
216000 20.8218
216100 20.8826
216200 20.8536
216300 20.8883
216400 20.8528
216500 20.7557
216600 20.7314
216700 20.852
216800 20.8221
216900 20.8421
217000 20.9762
217100 21.0675
217200 20.963
217300 21.042
217400 21.177
217500 21.2812
217600 21.1162
217700 21.2176
217800 21.1121
217900 20.966
218000 20.9469
218100 20.9401
218200 21.0562
218300 21.1933
218400 21.1964
218500 21.264
218600 21.0456
218700 21.0901
218800 21.0819
218900 21.1983
219000 21.0313
219100 20.849
219200 20.9422
219300 21.1647
219400 21.0847
219500 20.7667
219600 20.5482
219700 20.3795
219800 20.6389
219900 20.7864
220000 20.9194
220100 20.9044
220200 20.8094
220300 20.7752
220400 21.1388
220500 21.2815
220600 21.0898
220700 20.972
220800 20.9458
220900 21.254
221000 21.2587
221100 21.1411
221200 20.8464
221300 20.8614
221400 20.872
221500 20.8616
221600 21.0491
221700 21.0039
221800 20.8057
221900 20.7411
222000 20.8513
222100 20.8835
222200 20.664
222300 20.7571
222400 20.8284
222500 20.7905
222600 20.6584
222700 20.7432
222800 20.7427
222900 20.7796
223000 21.0096
223100 20.8933
223200 20.8746
223300 20.8747
223400 20.983
223500 20.8349
223600 21.0102
223700 21.0196
223800 20.792
223900 20.7919
224000 20.896
224100 20.949
224200 21.2005
224300 21.2212
224400 21.1121
224500 21.2259
224600 21.3413
224700 21.172
224800 21.2315
224900 21.1766
225000 20.9351
225100 21.1978
225200 21.3565
225300 21.2604
225400 21.0791
225500 20.9931
225600 20.6205
225700 20.683
225800 20.9488
225900 21.1629
226000 21.1374
226100 20.9801
226200 21.0061
226300 20.9865
226400 21.1936
226500 21.0833
226600 21.0648
226700 21.1454
226800 21.128
226900 21.1887
227000 21.1224
227100 21.064
227200 20.8593
227300 20.7563
227400 20.7819
227500 20.6568
227600 20.8663
227700 21.0423
227800 21.0913
227900 20.906
228000 20.7562
228100 20.9045
228200 21.2852
228300 21.2365
228400 21.0792
228500 21.1787
228600 21.2411
228700 21.0194
228800 21.0665
228900 21.3152
229000 21.1857
229100 20.8837
229200 20.7407
229300 20.5809
229400 20.6814
229500 20.711
229600 20.6567
229700 20.5683
229800 20.6518
229900 20.3557
230000 20.1955
230100 20.3628
230200 20.5697
230300 20.4978
230400 20.3942
230500 20.2218
230600 19.946
230700 20.1191
230800 20.03
230900 20.1398
231000 20.1358
231100 20.3808
231200 20.0693
231300 19.9615
231400 20.0594
231500 20.0641
231600 20.1108
231700 20.1688
231800 20.2679
231900 20.4007
232000 20.3592
232100 20.1212
232200 20.1681
232300 20.5374
232400 20.3903
232500 20.5564
232600 20.7185
232700 20.5854
232800 20.4411
232900 20.34
233000 20.352
233100 20.3255
233200 20.2939
233300 20.4078
233400 20.4617
233500 20.5689
233600 20.6786
233700 20.497
233800 20.4242
233900 20.4327
234000 20.2079
234100 20.3221
234200 20.1462
234300 20.1483
234400 20.053
234500 20.2306
234600 20.2875
234700 20.1471
234800 20.0866
234900 20.7232
235000 20.995
235100 20.8599
235200 20.8787
235300 20.4416
235400 20.2674
235500 20.2701
235600 20.1126
235700 20.0679
235800 19.9825
235900 20.0228
236000 19.7491
236100 19.6902
236200 19.4863
236300 19.7564
236400 19.9195
236500 20.053
236600 20.2282
236700 20.4324
236800 20.6363
236900 20.4258
237000 20.5296
237100 20.7298
237200 21.0303
237300 21.0189
237400 20.9726
237500 20.9286
237600 20.9963
237700 21.2294
237800 21.1439
237900 21.049
238000 20.8797
238100 20.9124
238200 20.6927
238300 20.6728
238400 20.8339
238500 21.213
238600 21.4855
238700 21.2323
238800 21.0023
238900 20.8357
239000 20.5674
239100 20.3568
239200 20.4675
239300 20.5104
239400 20.6203
239500 20.7582
239600 20.8483
239700 20.8536
239800 20.8282
239900 20.5165
240000 20.5935
240100 20.893
240200 20.7825
240300 20.44
240400 20.4859
240500 20.4579
240600 20.3168
240700 20.2711
240800 20.4354
240900 20.4768
241000 20.1912
241100 20.1724
241200 20.1977
241300 20.2103
241400 20.186
241500 20.0464
241600 20.3759
241700 20.3393
241800 20.2649
241900 20.1904
242000 20.2021
242100 20.1996
242200 20.1479
242300 19.9346
242400 19.9729
242500 20.3057
242600 20.4227
242700 20.3125
242800 20.4395
242900 20.6339
243000 20.2651
243100 20.1327
243200 20.4503
243300 20.2666
243400 20.3422
243500 20.3135
243600 20.1256
243700 20.1454
243800 20.0209
243900 20.0048
244000 19.9747
244100 20.0417
244200 20.0685
244300 19.9784
244400 20.2758
244500 20.4868
244600 20.1619
244700 20.0399
244800 20.0494
244900 20.2568
245000 20.176
245100 20.2071
245200 20.1727
245300 19.9565
245400 20.0506
245500 20.0677
245600 19.8987
245700 19.9194
245800 20.0545
245900 20.3668
246000 20.4553
246100 20.3028
246200 20.1539
246300 20.0808
246400 20.2786
246500 20.1883
246600 20.0841
246700 19.9326
246800 20.0448
246900 19.9282
247000 19.779
247100 20.0829
247200 20.1622
247300 20.0837
247400 20.0689
247500 19.9016
247600 19.8058
247700 19.9144
247800 19.6336
247900 19.4837
248000 19.8402
248100 20.0623
248200 20.0739
248300 19.8942
248400 19.7882
248500 19.65
248600 19.6275
248700 19.6958
248800 19.604
248900 19.5883
249000 19.4956
249100 19.7151
249200 20.0343
249300 19.9761
249400 19.9186
249500 20.1971
249600 19.9666
249700 19.9242
249800 20.1853
249900 20.1687
250000 19.8387
250100 19.7238
250200 19.8916
250300 19.8881
250400 19.6829
250500 19.7592
250600 19.7716
250700 19.8231
250800 20.0466
250900 20.0201
251000 19.9581
251100 19.7151
251200 19.8681
251300 20.0134
251400 19.9746
251500 19.8832
251600 19.4454
251700 19.3011
251800 19.2713
251900 19.3213
252000 19.4731
252100 19.354
252200 19.5151
252300 19.4163
252400 19.4633
252500 19.5446
252600 19.7527
252700 19.6597
252800 19.4482
252900 19.2025
253000 19.4587
253100 19.4199
253200 19.2567
253300 19.255
253400 19.2978
253500 19.266
253600 19.2018
253700 19.3915
253800 19.3978
253900 19.1481
254000 19.1109
254100 19.4106
254200 19.5441
254300 19.4792
254400 19.5004
254500 19.3782
254600 19.3007
254700 19.375
254800 19.4303
254900 19.3667
255000 19.6173
255100 19.455
255200 19.2768
255300 19.1388
255400 19.2586
255500 19.412
255600 19.4045
255700 19.2851
255800 19.3211
255900 19.527
256000 19.6008
256100 19.5258
256200 19.559
256300 19.5795
256400 19.4765
256500 19.365
256600 19.4022
256700 19.4242
256800 19.3375
256900 19.4892
257000 19.5454
257100 19.3631
257200 19.3703
257300 19.4356
257400 19.418
257500 19.0983
257600 19.091
257700 19.1944
257800 19.1248
257900 19.0093
258000 19.1987
258100 19.2133
258200 19.3675
258300 19.6136
258400 19.7904
258500 19.5573
258600 19.4373
258700 19.5011
258800 19.5685
258900 19.4297
259000 19.5157
259100 19.5995
259200 19.4527
259300 19.1913
259400 19.2172
259500 19.1991
259600 19.1637
259700 19.1132
259800 19.1295
259900 19.0215
260000 19.119
260100 19.1928
260200 19.2834
260300 19.4184
260400 19.3325
260500 19.3651
260600 19.3875
260700 19.3822
260800 18.9867
260900 18.8722
261000 19.0583
261100 19.4047
261200 19.4108
261300 19.3832
261400 19.4913
261500 19.4025
261600 19.2903
261700 18.9273
261800 19.0594
261900 19.1438
262000 19.1133
262100 19.1475
262200 19.2829
262300 19.3442
262400 19.308
262500 19.2058
262600 19.1968
262700 19.2339
262800 19.1892
262900 19.1114
263000 18.9481
263100 18.7322
263200 18.9445
263300 19.1424
263400 19.1808
263500 19.2838
263600 19.3316
263700 19.3583
263800 19.4018
263900 19.5218
264000 19.5904
264100 19.3782
264200 19.283
264300 19.2008
264400 18.9621
264500 19.1214
264600 19.3217
264700 19.2236
264800 19.1464
264900 19.0242
265000 19.0952
265100 19.3048
265200 19.2847
265300 19.2
265400 19.0249
265500 18.7385
265600 18.8219
265700 18.8861
265800 18.9008
265900 19.0667
266000 19.056
266100 19.0504
266200 18.9921
266300 18.9277
266400 18.9354
266500 19.103
266600 19.0463
266700 19.0215
266800 18.7219
266900 18.643
267000 19.0208
267100 19.1325
267200 19.1724
267300 19.099
267400 19.1321
267500 18.9957
267600 19.1476
267700 19.3178
267800 19.3322
267900 19.2316
268000 18.7803
268100 18.83
268200 18.8382
268300 18.9184
268400 18.7887
268500 18.7358
268600 18.8392
268700 19.1159
268800 19.1473
268900 19.1997
269000 18.8223
269100 18.7641
269200 19.1472
269300 19.1698
269400 19.1922
269500 19.103
269600 19.1355
269700 18.9813
269800 18.88
269900 19.0253
270000 19.3527
270100 19.3432
270200 19.3473
270300 19.372
270400 19.2271
270500 19.2232
270600 19.3606
270700 19.3617
270800 19.3142
270900 19.1336
271000 19.084
271100 19.0888
271200 19.2879
271300 19.6325
271400 19.4913
271500 19.4677
271600 19.3365
271700 19.117
271800 19
271900 18.9913
272000 19.0532
272100 19.1081
272200 18.9806
272300 18.875
272400 18.7469
272500 18.6039
272600 18.8329
272700 18.7817
272800 18.9407
272900 19.0043
273000 18.8575
273100 19.0588
273200 19.0665
273300 18.9775
273400 18.9683
273500 18.8237
273600 18.8508
273700 19.1895
273800 19.3157
273900 19.2734
274000 19.1688
274100 19.2054
274200 19.0121
274300 19.0036
274400 18.828
274500 19.0741
274600 19.1819
274700 19.18
274800 19.3214
274900 19.1224
275000 19.0662
275100 19.0596
275200 18.7185
275300 18.5374
275400 18.5552
275500 18.7288
275600 18.7237
275700 18.7084
275800 19.0067
275900 18.9615
276000 18.8489
276100 19.0013
276200 19.0129
276300 18.9691
276400 18.9536
276500 18.9094
276600 18.8436
276700 18.8224
276800 18.889
276900 18.9656
277000 18.6719
277100 18.531
277200 18.6778
277300 19.1489
277400 19.3879
277500 19.2554
277600 19.293
277700 19.4843
277800 19.4736
277900 19.3308
278000 19.3363
278100 19.0135
278200 19.0111
278300 19.1587
278400 19.1346
278500 19.171
278600 18.9787
278700 18.9684
278800 18.9818
278900 19.3303
279000 19.4422
279100 19.286
279200 19.152
279300 19.3344
279400 19.2092
279500 19.1974
279600 19.2007
279700 19.5227
279800 19.4917
279900 19.3742
280000 19.2395
280100 19.0491
280200 18.7214
280300 18.9175
280400 19.3292
280500 19.4696
280600 19.4462
280700 19.0514
280800 19.0307
280900 19.235
281000 19.1252
281100 19.0043
281200 19.0821
281300 19.3398
281400 19.5023
281500 19.5487
281600 19.6085
281700 19.4076
281800 19.219
281900 19.3821
282000 19.2237
282100 19.095
282200 19.226
282300 19.2117
282400 19.2546
282500 19.24
282600 19.184
282700 19.1543
282800 19.252
282900 19.2108
283000 19.3958
283100 19.5482
283200 19.8286
283300 19.5352
283400 19.2916
283500 19.1428
283600 19.2543
283700 19.3995
283800 19.5497
283900 19.6555
284000 19.4868
284100 19.2133
284200 18.9622
284300 18.9037
284400 19.0775
284500 18.9829
284600 18.6622
284700 18.6179
284800 18.2201
284900 18.2832
285000 18.4533
285100 18.7146
285200 18.7703
285300 18.5109
285400 18.5256
285500 18.474
285600 18.5739
285700 18.5975
285800 18.596
285900 18.5864
286000 18.6373
286100 18.6813
286200 18.8787
286300 19.0225
286400 18.8836
286500 18.7531
286600 18.8504
286700 19.0095
286800 18.8208
286900 19.0575
287000 18.9738
287100 18.8497
287200 18.9494
287300 19.166
287400 19.1321
287500 19.0216
287600 19.0109
287700 19.0184
287800 18.8629
287900 18.6376
288000 18.5335
288100 18.7892
288200 18.6759
288300 18.5644
288400 18.7942
288500 19.0141
288600 19.0083
288700 18.8455
288800 18.7599
288900 18.7802
289000 18.6073
289100 18.4681
289200 18.7305
289300 18.8622
289400 18.7889
289500 18.6724
289600 18.6478
289700 18.6209
289800 18.567
289900 18.5327
290000 18.3499
290100 18.2659
290200 18.4517
290300 18.4848
290400 18.3264
290500 18.1321
290600 17.9515
290700 18.2097
290800 18.3881
290900 18.3962
291000 18.3123
291100 18.2254
291200 18.2899
291300 18.5551
291400 18.6077
291500 18.6512
291600 18.5771
291700 18.5811
291800 18.6619
291900 18.6529
292000 18.7274
292100 18.554
292200 18.4217
292300 18.5462
292400 18.497
292500 18.2598
292600 18.432
292700 18.6974
292800 18.5445
292900 18.4961
293000 18.399
293100 18.3511
293200 18.3482
293300 18.4351
293400 18.3658
293500 18.2181
293600 18.4445
293700 18.6555
293800 18.5335
293900 18.4278
294000 18.4383
294100 18.5761
294200 18.567
294300 18.7954
294400 18.6743
294500 18.5261
294600 18.5466
294700 18.5347
294800 18.0648
294900 18.0998
295000 18.2289
295100 18.3927
295200 18.5754
295300 18.8117
295400 18.9462
295500 18.8654
295600 18.7274
295700 18.4793
295800 18.5982
295900 18.8161
296000 18.8627
296100 18.884
296200 18.9148
296300 18.7443
296400 18.5932
296500 18.4635
296600 18.2997
296700 18.2463
296800 18.3116
296900 18.6161
297000 18.6898
297100 18.5814
297200 18.4578
297300 18.499
297400 18.8063
297500 19.0976
297600 19.3105
297700 19.0347
297800 18.7996
297900 18.658
298000 18.7805
298100 18.7561
298200 18.6713
298300 18.6509
298400 18.7498
298500 18.7022
298600 18.8724
298700 18.8296
298800 18.7446
298900 18.8169
299000 18.53
299100 18.5585
299200 18.308
299300 18.3419
299400 18.2791
299500 18.5333
299600 18.4992
299700 18.4456
299800 18.5711
299900 18.6813
300000 18.6544
300100 18.4301
300200 18.5035
300300 18.4949
300400 18.4665
300500 18.4171
300600 18.0879
300700 18.1004
300800 18.1157
300900 18.4328
301000 18.5749
301100 18.6507
301200 18.5547
301300 18.6464
301400 18.3731
301500 18.2466
301600 18.3974
301700 18.5098
301800 18.4215
301900 17.8536
302000 17.8151
302100 18.2423
302200 18.6045
302300 18.5284
302400 18.4278
302500 18.344
302600 18.4036
302700 18.5141
302800 18.5748
302900 18.3951
303000 18.3743
303100 18.3204
303200 18.1976
303300 18.3013
303400 18.377
303500 18.4128
303600 18.397
303700 18.466
303800 18.5182
303900 18.3804
304000 18.554
304100 18.6832
304200 18.6527
304300 18.6793
304400 18.7858
304500 18.9494
304600 19.1219
304700 19.0222
304800 18.7808
304900 18.8292
305000 18.8291
305100 18.9873
305200 19.0037
305300 19.0973
305400 18.707
305500 18.5628
305600 18.515
305700 18.4992
305800 18.6438
305900 18.633
306000 18.5882
306100 18.6962
306200 18.319
306300 18.371
306400 18.6605
306500 18.5861
306600 18.7475
306700 18.642
306800 18.523
306900 18.5091
307000 18.3165
307100 18.2644
307200 18.2254
307300 18.3208
307400 18.3762
307500 18.2875
307600 18.3376
307700 18.2062
307800 18.084
307900 18.1023
308000 18.2736
308100 18.3472
308200 18.2835
308300 18.1167
308400 17.9997
308500 18.082
308600 17.8504
308700 18.0585
308800 18.3132
308900 18.5579
309000 18.4323
309100 18.1598
309200 18.4887
309300 18.7133
309400 18.5569
309500 18.5382
309600 18.4506
309700 18.3483
309800 18.352
309900 18.4057
310000 18.4839
310100 18.3252
310200 18.4503
310300 18.4544
310400 18.4038
310500 18.4474
310600 18.2362
310700 18.2777
310800 18.2142
310900 18.3006
311000 18.3722
311100 18.2824
311200 17.9138
311300 17.9764
311400 18.0463
311500 18.2228
311600 18.2763
311700 18.2921
311800 18.3287
311900 18.2171
312000 18.1433
312100 18.0653
312200 18.0562
312300 18.1865
312400 18.3422
312500 18.434
312600 18.1078
312700 17.9932
312800 17.5649
312900 17.6265
313000 17.7523
313100 17.8147
313200 17.9668
313300 18.0726
313400 18.0506
313500 18.192
313600 18.339
313700 18.3082
313800 18.3972
313900 18.2954
314000 18.5923
314100 18.6066
314200 18.5955
314300 18.601
314400 18.4295
314500 18.6271
314600 18.7027
314700 18.5392
314800 18.4926
314900 18.2373
315000 18.1293
315100 18.2059
315200 18.0964
315300 18.1794
315400 18.3216
315500 18.3375
315600 18.2531
315700 18.18
315800 18.0941
315900 18.0999
316000 18.0944
316100 18.2667
316200 18.3196
316300 18.4514
316400 18.4312
316500 18.3097
316600 18.1972
316700 18.0235
316800 18.0625
316900 18.0766
317000 18.2838
317100 18.4328
317200 18.1977
317300 17.9844
317400 18.2159
317500 18.2193
317600 18.477
317700 18.2477
317800 18.2941
317900 18.4097
318000 18.5248
318100 18.5413
318200 18.7151
318300 18.6387
318400 18.5307
318500 18.3865
318600 18.5453
318700 18.293
318800 18.3636
318900 18.591
319000 18.6711
319100 18.5097
319200 18.3948
319300 18.2564
319400 18.374
319500 18.2892
319600 18.3723
319700 18.4303
319800 18.5206
319900 18.6804
320000 18.6669
320100 18.7075
320200 18.5782
320300 18.4725
320400 18.4495
320500 18.3147
320600 18.3775
320700 18.5396
320800 18.5001
320900 18.7074
321000 18.6041
321100 18.6053
321200 18.2649
321300 18.3121
321400 18.3354
321500 18.3172
321600 18.4119
321700 18.3295
321800 18.4587
321900 18.4013
322000 18.0484
322100 18.2508
322200 18.1367
322300 17.9218
322400 17.72
322500 17.6763
322600 17.961
322700 17.8901
322800 17.9221
322900 17.9366
323000 17.9304
323100 18.1718
323200 18.3267
323300 18.2593
323400 18.1831
323500 18.0098
323600 18.3505
323700 18.5309
323800 18.3208
323900 18.345
324000 18.3824
324100 18.3618
324200 18.1564
324300 18.0194
324400 18.2688
324500 18.3896
324600 18.5255
324700 18.4557
324800 18.2343
324900 18.2237
325000 18.2156
325100 18.2213
325200 18.0713
325300 18.1677
325400 18.1572
325500 18.0374
325600 18.1688
325700 18.3634
325800 18.2261
325900 18.209
326000 18.3209
326100 18.1213
326200 18.0497
326300 18.1939
326400 18.1018
326500 18.0682
326600 18.354
326700 18.5086
326800 18.3226
326900 18.1831
327000 18.2807
327100 18.1583
327200 18.0796
327300 18.0035
327400 17.9328
327500 17.9994
327600 18.1081
327700 18.4537
327800 18.585
327900 18.2974
328000 18.0338
328100 18.0522
328200 17.9212
328300 17.8207
328400 17.7173
328500 17.5971
328600 17.6936
328700 17.897
328800 17.9886
328900 18.0315
329000 18.0236
329100 18.1134
329200 18.0863
329300 17.976
329400 18.196
329500 18.199
329600 18.3731
329700 18.2595
329800 18.3284
329900 18.4098
330000 18.5142
330100 18.3476
330200 18.1604
330300 18.091
330400 18.0924
330500 18.0773
330600 17.7554
330700 17.7141
330800 17.522
330900 17.576
331000 17.5414
331100 17.4826
331200 17.6305
331300 17.4371
331400 17.4699
331500 17.5649
331600 17.7089
331700 17.7181
331800 17.6816
331900 17.8832
332000 17.9944
332100 18.011
332200 18.1286
332300 18.3681
332400 18.3864
332500 18.2433
332600 18.4138
332700 18.3845
332800 18.3599
332900 18.3145
333000 18.1308
333100 18.1311
333200 18.2172
333300 18.3297
333400 18.1788
333500 18.0542
333600 17.8394
333700 17.7883
333800 17.7013
333900 17.7971
334000 18.0238
334100 17.9341
334200 17.9219
334300 18.0465
334400 18.0894
334500 17.8311
334600 17.8001
334700 17.7692
334800 17.5439
334900 17.7372
335000 17.8346
335100 17.6037
335200 17.8277
335300 18.0127
335400 17.8791
335500 17.6618
335600 17.5912
335700 17.8866
335800 17.9038
335900 17.6196
336000 17.77
336100 17.7827
336200 17.818
336300 17.9668
336400 17.9464
336500 17.6736
336600 17.9249
336700 17.937
336800 17.9419
336900 18.1371
337000 17.9369
337100 17.7651
337200 17.7403
337300 17.5894
337400 17.6633
337500 17.8715
337600 17.8261
337700 17.808
337800 17.5773
337900 17.4689
338000 17.6769
338100 17.926
338200 17.7901
338300 17.6606
338400 17.6015
338500 18.1496
338600 18.2769
338700 18.2149
338800 17.9557
338900 17.9169
339000 17.9615
339100 17.9488
339200 18.1543
339300 18.0947
339400 18.0116
339500 18.3151
339600 18.1162
339700 17.8167
339800 17.9261
339900 18.2599
340000 17.9037
340100 17.3406
340200 17.5612
340300 17.8248
340400 17.8573
340500 17.9759
340600 18.065
340700 18.1115
340800 18.2297
340900 18.2817
341000 18.274
341100 18.3191
341200 18.3371
341300 18.276
341400 18.4178
341500 18.2964
341600 18.3581
341700 18.2408
341800 18.1701
341900 18.1574
342000 18.0987
342100 18.2345
342200 18.3979
342300 18.2398
342400 18.297
342500 18.2277
342600 18.1255
342700 18.3207
342800 18.3823
342900 18.2962
343000 18.3165
343100 18.1509
343200 18.0204
343300 18.0189
343400 18.0164
343500 18.0438
343600 18.0374
343700 18.065
343800 18.0686
343900 17.9984
344000 18.0699
344100 17.7641
344200 17.475
344300 17.5321
344400 17.8042
344500 17.9448
344600 18.1137
344700 18.0546
344800 18.0679
344900 18.0778
345000 17.854
345100 17.7515
345200 17.828
345300 17.729
345400 17.8299
345500 17.9259
345600 17.8835
345700 17.8215
345800 17.8387
345900 17.8078
346000 17.5689
346100 17.4884
346200 17.7019
346300 17.8596
346400 17.9599
346500 18.1591
346600 17.9811
346700 17.8924
346800 18.0006
346900 17.9504
347000 17.7254
347100 17.5403
347200 17.6336
347300 17.9451
347400 17.884
347500 17.9224
347600 17.8789
347700 17.6957
347800 18.0635
347900 18.0968
348000 18.0118
348100 18.0297
348200 17.9908
348300 17.7655
348400 18.0171
348500 17.8698
348600 17.6314
348700 17.7267
348800 17.4352
348900 17.4402
349000 17.763
349100 18.0823
349200 18.118
349300 18.103
349400 18.0473
349500 18.1368
349600 18.2281
349700 17.9878
349800 18.1079
349900 18.139
350000 17.9844
350100 17.8661
350200 18.015
350300 18.0317
350400 17.8572
350500 17.8344
350600 17.8402
350700 17.9751
350800 17.8216
350900 17.7465
351000 17.7723
351100 17.646
351200 17.6579
351300 17.8547
351400 18.0768
351500 17.8884
351600 17.7467
351700 17.7109
351800 17.6692
351900 17.6829
352000 17.5374
352100 17.5987
352200 17.4873
352300 17.3705
352400 17.575
352500 17.8461
352600 17.9557
352700 17.6446
352800 17.5937
352900 17.5913
353000 17.7759
353100 18.1231
353200 18.1276
353300 18.0953
353400 17.8617
353500 17.9366
353600 18.3013
353700 18.0081
353800 18.1343
353900 18.2492
354000 18.2312
354100 18.2669
354200 18.0286
354300 17.6918
354400 17.5885
354500 17.7934
354600 18.1902
354700 18.1299
354800 18.0447
354900 18.0127
355000 17.9946
355100 17.8335
355200 17.817
355300 17.7837
355400 17.616
355500 17.8282
355600 17.9683
355700 17.9963
355800 17.9705
355900 17.8581
356000 18.1104
356100 18.133
356200 18.0364
356300 18.0233
356400 17.8153
356500 17.6311
356600 17.6599
356700 17.5858
356800 17.3809
356900 17.4627
357000 17.3702
357100 17.6101
357200 17.7083
357300 17.5352
357400 17.8164
357500 17.6892
357600 17.4822
357700 17.7307
357800 17.8322
357900 17.9693
358000 17.8875
358100 18.0732
358200 18.0453
358300 18.0182
358400 17.9431
358500 17.5883
358600 17.4729
358700 17.5771
358800 17.5264
358900 17.6105
359000 17.9091
359100 17.9114
359200 17.7527
359300 17.6686
359400 17.4774
359500 17.6396
359600 17.6523
359700 17.7678
359800 17.8245
359900 17.8771
360000 17.9289
360100 17.9826
360200 17.8814
360300 17.7429
360400 17.9666
360500 17.918
360600 17.5739
360700 17.3994
360800 17.6459
360900 17.7037
361000 17.5282
361100 17.5123
361200 17.643
361300 17.7792
361400 17.6383
361500 17.7479
361600 18.0598
361700 18.0614
361800 17.7524
361900 17.5949
362000 17.473
362100 17.4585
362200 17.5781
362300 17.5102
362400 17.4119
362500 17.2476
362600 17.4463
362700 17.6997
362800 17.2916
362900 17.4072
363000 17.4861
363100 17.2828
363200 17.3759
363300 17.6239
363400 17.6536
363500 17.6464
363600 17.6807
363700 17.7309
363800 17.6036
363900 17.4523
364000 17.3641
364100 17.3763
364200 17.3565
364300 17.5077
364400 17.6984
364500 17.5596
364600 17.8185
364700 17.8728
364800 18.067
364900 18.0543
365000 18.0001
365100 17.8153
365200 17.5444
365300 17.6527
365400 17.8139
365500 17.8287
365600 17.7424
365700 17.6588
365800 17.8268
365900 17.8683
366000 17.7896
366100 17.7548
366200 17.4433
366300 17.4584
366400 17.6297
366500 17.8253
366600 17.8503
366700 17.914
366800 17.5579
366900 17.2563
367000 17.331
367100 17.5508
367200 17.7227
367300 17.5705
367400 17.3872
367500 17.4106
367600 17.0481
367700 16.8915
367800 17.0687
367900 16.9705
368000 17.1147
368100 17.436
368200 17.6384
368300 17.6177
368400 17.4614
368500 17.4146
368600 17.3718
368700 17.6087
368800 17.3961
368900 17.291
369000 17.3133
369100 17.6234
369200 17.513
369300 17.3568
369400 17.3257
369500 17.4276
369600 17.5301
369700 17.317
369800 17.4066
369900 17.5226
370000 17.5137
370100 17.5444
370200 17.47
370300 17.1893
370400 16.9312
370500 16.8997
370600 16.9801
370700 16.8383
370800 16.8234
370900 16.9327
371000 16.8985
371100 16.9883
371200 17.2573
371300 17.5885
371400 17.3648
371500 16.7028
371600 16.9034
371700 17.2982
371800 17.4478
371900 17.5932
372000 17.2063
372100 17.0267
372200 17.0207
372300 17.1954
372400 17.4184
372500 17.4319
372600 17.3052
372700 17.5133
372800 17.635
372900 17.3989
373000 17.3378
373100 17.4531
373200 17.6475
373300 17.6434
373400 17.3999
373500 17.326
373600 17.5333
373700 17.4576
373800 17.4023
373900 17.7222
374000 17.8012
374100 17.8477
374200 17.8758
374300 17.4477
374400 17.4321
374500 17.4701
374600 17.4952
374700 17.624
374800 17.5223
374900 17.578
375000 17.6495
375100 17.7492
375200 17.6218
375300 17.1295
375400 17.4103
375500 17.6901
375600 17.7579
375700 17.6967
375800 17.6934
375900 17.7486
376000 17.5658
376100 17.3066
376200 17.455
376300 17.7724
376400 17.8019
376500 17.7107
376600 17.3925
376700 17.6338
376800 17.5792
376900 17.7435
377000 17.7266
377100 17.9009
377200 17.8744
377300 17.8853
377400 17.7979
377500 17.8158
377600 17.9662
377700 17.9219
377800 17.852
377900 17.7737
378000 17.7917
378100 17.7278
378200 17.7371
378300 17.6339
378400 17.7121
378500 17.7937
378600 17.755
378700 17.6781
378800 17.5612
378900 17.5602
379000 17.6332
379100 17.6612
379200 17.7942
379300 17.9769
379400 18.0609
379500 18.1239
379600 17.9743
379700 17.9383
379800 17.7487
379900 17.7744
380000 17.8858
380100 17.6745
380200 17.5365
380300 17.7981
380400 18.0129
380500 18.0143
380600 17.9266
380700 17.8717
380800 17.7669
380900 17.9305
381000 17.9359
381100 17.8804
381200 17.9676
381300 17.8425
381400 17.638
381500 17.5957
381600 17.7379
381700 17.7644
381800 17.6977
381900 17.6372
382000 17.6351
382100 17.7487
382200 17.6746
382300 17.6659
382400 17.736
382500 17.752
382600 17.6869
382700 17.7679
382800 17.8783
382900 17.7834
383000 17.6904
383100 17.6662
383200 17.7522
383300 17.8617
383400 17.8183
383500 17.7817
383600 17.5396
383700 17.529
383800 17.5959
383900 17.8413
384000 17.8916
384100 17.6469
384200 17.8075
384300 17.606
384400 17.7266
384500 17.6587
384600 17.6642
384700 17.7571
384800 17.8229
384900 17.896
385000 17.6955
385100 17.7099
385200 17.4589
385300 17.2832
385400 17.4145
385500 17.4364
385600 17.307
385700 17.4316
385800 17.47
385900 17.4755
386000 17.2337
386100 17.2083
386200 17.0544
386300 16.9345
386400 17.1526
386500 17.3613
386600 17.3046
386700 17.4257
386800 17.5527
386900 17.5332
387000 17.6535
387100 17.6793
387200 17.9282
387300 17.9996
387400 17.7316
387500 17.5221
387600 17.1923
387700 17.401
387800 17.1655
387900 17.2561
388000 17.1653
388100 17.3136
388200 17.5538
388300 17.5039
388400 17.5428
388500 17.4898
388600 17.5471
388700 17.7718
388800 17.6937
388900 17.4336
389000 17.3303
389100 17.478
389200 17.496
389300 17.2493
389400 17.2311
389500 17.1373
389600 16.9697
389700 17.2725
389800 17.207
389900 17.4113
390000 17.4861
390100 17.358
390200 17.4746
390300 17.4747
390400 17.4257
390500 17.5138
390600 17.2214
390700 17.1567
390800 17.1649
390900 17.0086
391000 17.0276
391100 16.967
391200 17.0027
391300 16.9893
391400 16.9347
391500 16.7854
391600 16.7523
391700 16.9828
391800 17.3094
391900 17.2664
392000 17.3
392100 17.4099
392200 17.4056
392300 17.2482
392400 17.1924
392500 17.2178
392600 17.1572
392700 17.0787
392800 17.2917
392900 17.2759
393000 17.3394
393100 17.2912
393200 17.1517
393300 17.1209
393400 17.5274
393500 17.6373
393600 17.6442
393700 17.3958
393800 17.3853
393900 17.2646
394000 17.2288
394100 17.3303
394200 17.272
394300 17.0612
394400 17.2134
394500 17.0854
394600 16.9645
394700 17.0388
394800 17.1077
394900 17.2172
395000 17.1389
395100 17.1292
395200 17.1954
395300 17.2725
395400 17.4191
395500 17.3705
395600 17.1434
395700 17.2933
395800 17.2868
395900 17.1826
396000 17.0389
396100 17.2553
396200 17.4207
396300 17.9187
396400 17.5706
396500 17.4273
396600 17.3537
396700 17.3428
396800 17.1393
396900 17.1695
397000 16.8757
397100 17.1615
397200 17.0346
397300 17.0224
397400 17.0195
397500 16.8962
397600 16.9551
397700 16.8959
397800 16.6929
397900 16.6702
398000 16.6571
398100 16.6936
398200 16.8456
398300 16.9628
398400 16.5032
398500 16.6393
398600 16.8008
398700 16.971
398800 17.0281
398900 17.0417
399000 16.9853
399100 16.8489
399200 16.935
399300 16.9832
399400 17.0151
399500 17.1936
399600 17.1319
399700 17.0254
399800 17.1512
399900 16.9575
400000 16.9173
400100 17.145
400200 17.0355
400300 17.0576
400400 17.1201
400500 17.1889
400600 17.1797
400700 17.0761
400800 17.348
400900 17.3402
401000 17.4735
401100 17.3466
401200 17.19
401300 17.137
401400 17.1885
401500 17.0827
401600 16.9595
401700 16.9083
401800 17.2117
401900 17.3204
402000 17.2723
402100 17.3294
402200 17.3205
402300 17.411
402400 17.3749
402500 17.4056
402600 17.3379
402700 17.2276
402800 17.0095
402900 17.1449
403000 17.1054
403100 17.2856
403200 17.2496
403300 17.3555
403400 17.4981
403500 17.5074
403600 17.3741
403700 17.3412
403800 17.3005
403900 17.2177
404000 17.1621
404100 17.1464
404200 17.0959
404300 17.0425
404400 17.2428
404500 17.2656
404600 17.4451
404700 17.083
404800 17.1135
404900 17.1866
405000 17.0645
405100 17.018
405200 17.2949
405300 17.3974
405400 17.3888
405500 17.4541
405600 17.2835
405700 17.2238
405800 17.1137
405900 17.151
406000 17.4623
406100 17.6634
406200 17.6488
406300 17.7073
406400 17.6954
406500 17.3357
406600 17.3386
406700 17.24
406800 17.1907
406900 17.2426
407000 17.1256
407100 17.0822
407200 17.2253
407300 17.2281
407400 17.1884
407500 16.9871
407600 17.0709
407700 17.2593
407800 17.4336
407900 17.5331
408000 17.3768
408100 17.2314
408200 17.1883
408300 17.1669
408400 17.2804
408500 17.1763
408600 17.2191
408700 17.3239
408800 17.3276
408900 17.1495
409000 17.0413
409100 17.033
409200 17.1676
409300 17.262
409400 17.2806
409500 17.1661
409600 17.2262
409700 17.5142
409800 17.3295
409900 17.1051
410000 17.0431
410100 17.1811
410200 17.1675
410300 17.1605
410400 17.0813
410500 17.0926
410600 16.9151
410700 17.1106
410800 17.0087
410900 17.0853
411000 16.869
411100 16.723
411200 16.6596
411300 16.4645
411400 16.5369
411500 16.713
411600 16.684
411700 16.8039
411800 17.011
411900 16.882
412000 16.7413
412100 16.7625
412200 16.7883
412300 16.6172
412400 16.703
412500 16.8075
412600 16.9238
412700 17.0755
412800 17.1087
412900 17.128
413000 16.7754
413100 16.7475
413200 17.0915
413300 17.071
413400 17.1097
413500 16.9232
413600 16.9043
413700 16.8616
413800 16.8475
413900 16.8557
414000 17.1403
414100 16.9783
414200 17.0004
414300 17.0704
414400 17.0635
414500 17.0057
414600 17.1953
414700 17.1866
414800 17.1442
414900 17.0613
415000 17.1338
415100 17.1156
415200 17.1077
415300 17.0782
415400 17.0608
415500 17.034
415600 17.1049
415700 17.0926
415800 17.0031
415900 16.8748
416000 16.894
416100 16.8624
416200 16.9259
416300 17.0037
416400 16.9941
416500 17.1824
416600 17.095
416700 16.7954
416800 16.7437
416900 16.8601
417000 16.9751
417100 16.8883
417200 16.8838
417300 16.8785
417400 16.7865
417500 16.7568
417600 16.8274
417700 16.7205
417800 16.6192
417900 16.8658
418000 16.9945
418100 16.9987
418200 17.2601
418300 17.1833
418400 17.1039
418500 16.9475
418600 16.9942
418700 17.0872
418800 17.1282
418900 17.0252
419000 16.946
419100 16.7326
419200 16.6942
419300 16.825
419400 16.9745
419500 17.0841
419600 17.1341
419700 17.1192
419800 17.0478
419900 16.9447
420000 16.9318
420100 16.8935
420200 17.0471
420300 17.0184
420400 16.9731
420500 16.8657
420600 16.8609
420700 17.0118
420800 16.5965
420900 16.763
421000 16.8616
421100 17.001
421200 17.0362
421300 17.0563
421400 16.9262
421500 16.8149
421600 16.8101
421700 16.9396
421800 17.1808
421900 17.075
422000 16.9132
422100 16.8372
422200 17.0424
422300 17.0188
422400 17.2415
422500 17.1068
422600 16.9392
422700 16.9368
422800 17.0304
422900 17.031
423000 16.9212
423100 16.7893
423200 16.6167
423300 16.7139
423400 16.9603
423500 16.8182
423600 16.7792
423700 17.0243
423800 17.1995
423900 16.9772
424000 16.9019
424100 16.6648
424200 16.6459
424300 16.6919
424400 16.6984
424500 16.4874
424600 16.5356
424700 16.7339
424800 16.91
424900 16.8931
425000 16.7606
425100 16.6196
425200 16.8378
425300 16.8544
425400 16.7958
425500 16.7664
425600 16.7878
425700 16.8069
425800 16.8477
425900 16.9134
426000 17.0359
426100 17.041
426200 16.9055
426300 16.9735
426400 17.185
426500 17.1199
426600 17.018
426700 16.8522
426800 16.8277
426900 16.9285
427000 16.753
427100 16.9431
427200 17.09
427300 17.0738
427400 16.9285
427500 16.7764
427600 16.9605
427700 16.7266
427800 16.681
427900 16.9404
428000 17.2639
428100 16.8995
428200 16.4164
428300 16.3221
428400 16.4595
428500 16.6042
428600 16.8364
428700 16.9466
428800 16.8162
428900 16.7657
429000 16.5526
429100 16.5675
429200 16.5189
429300 16.4816
429400 16.3918
429500 16.3014
429600 16.3044
429700 16.2662
429800 16.2755
429900 16.0123
430000 15.9351
430100 16.1858
430200 16.4224
430300 16.5811
430400 16.3098
430500 16.2464
430600 16.5528
430700 16.2564
430800 16.2203
430900 16.2953
431000 16.1539
431100 15.953
431200 15.9174
431300 15.8378
431400 15.7847
431500 15.8117
431600 15.839
431700 15.7532
431800 15.7664
431900 15.9162
432000 15.9395
432100 15.7776
432200 15.7671
432300 15.7835
432400 15.7029
432500 15.7298
432600 16.0955
432700 16.2573
432800 16.3705
432900 16.0055
433000 15.8568
433100 15.7998
433200 15.8775
433300 16.0567
433400 16.2592
433500 16.1916
433600 16.1897
433700 16.3899
433800 16.3043
433900 16.2212
434000 15.8638
434100 15.8393
434200 15.8697
434300 16.0023
434400 16.1342
434500 16.135
434600 16.0919
434700 16.0995
434800 16.0719
434900 16.173
435000 15.9877
435100 16.006
435200 15.8348
435300 16.0466
435400 16.2406
435500 16.1911
435600 15.9392
435700 16.0622
435800 16.257
435900 16.1489
436000 16.1228
436100 16.1458
436200 16.4037
436300 16.3573
