0 13.612300960731245
1 14.39622218125217
2 13.73377596526407
3 14.791660126196936
4 13.929109399398628
5 13.835541199456635
6 13.481773014716904
7 14.605562732159472
8 13.977714153258251
9 13.842311955368451
10 13.516234286193063
11 14.064140233042224
12 14.472834854752566
13 13.16323451944527
14 13.62828371211104
15 13.338537758821902
16 13.762645170465845
17 13.713649304946646
18 13.460115463627867
19 13.385202015559123
20 13.256135727962096
21 14.23121951708421
22 14.491660181830913
23 14.717690440543635
24 15.310436997337375
25 14.705633595588811
26 15.635677356709287
27 16.336227497004575
28 15.984947193082842
29 16.16406356548946
30 16.864136010112624
31 16.967704557978045
32 16.633489886159424
33 16.720311308662982
34 15.366661639989903
35 15.651159760151065
36 14.922994272573305
37 17.074655742733913
38 16.243663562050806
39 15.747571458086922
40 15.266061442103481
41 15.652034281543857
42 14.44712725790897
43 15.443660990873134
44 14.96438985570172
45 15.143819862223607
46 15.531536759712072
47 15.445505625042973
48 15.02284300810177
49 15.047248284842711
50 16.118576153849105
51 15.419589920632225
52 14.417879831137464
53 14.394517873319142
54 15.190297505688932
55 14.367196435657732
56 14.261005310396852
57 15.022051019880305
58 14.310282574304285
59 13.114953160571593
60 13.6037384018198
61 14.954300226697395
62 14.994776546352156
63 14.539580864908867
64 14.605659087465508
65 14.132659355567979
66 14.93591603844027
67 14.331142232041582
68 15.051135639365972
69 14.26492782475767
70 13.587861991852229
71 14.6770879243065
72 14.531451525677332
73 14.749513016509797
74 15.125577014352988
75 14.786716744892479
76 15.088121321295832
77 14.885324502487169
78 14.637140036022103
79 14.67442373274901
80 14.817203045009915
81 14.118749230599267
82 13.863939430041249
83 12.718166659664044
84 12.900603476330469
85 13.243799172749426
86 13.32024577269232
87 12.632701322989988
88 12.491516514153759
89 13.009604998956549
90 13.649128761938167
91 12.461491435499564
92 12.560666000192226
93 12.380985314126574
94 13.589984667380488
95 13.209672099975771
96 13.622131696628491
97 13.161753747239612
98 13.107619422395588
99 12.622256877943222
100 13.080507018345918
101 13.29318662372704
102 13.466467845068196
103 12.89622372483135
104 12.640226774109916
105 12.278366445228505
106 13.224069799061011
107 12.885404879667552
108 13.280525645440692
109 13.341388358459765
110 12.861720788486638
111 14.007440840818786
112 12.47019145460798
113 12.973534597425054
114 12.734012533546196
115 12.595344605993931
116 12.824579375988446
117 13.324299956058063
118 12.430062094492452
119 13.408206200471506
120 12.710403071826535
121 12.547824958452008
122 12.298220079559464
123 12.436873022092206
124 13.185001300527954
125 12.747307268366516
126 12.972411765712232
127 12.329560860987565
128 12.0504793045987
129 11.804647029746082
130 12.259521111035928
131 12.77904157115795
132 13.192600483770658
133 13.18844062654811
134 13.668704147512175
135 14.704088140521431
136 14.70579150798451
137 13.832007023229405
138 13.733709058045926
139 13.09170747346542
140 12.628340093809644
141 12.99090280503221
142 12.404189989602568
143 12.411155520107265
144 12.495512975824733
145 12.668372230543007
146 12.943522591135189
147 12.167701386916175
148 12.730271745726203
149 12.48872693644904
150 13.14306593228542
151 12.584830203530128
152 12.347211815528606
153 12.242300256774513
154 12.386404887520506
155 12.095839261627146
156 12.013788099675805
157 12.462171417790934
158 12.448341649002929
159 12.47802431324599
160 12.884935136502417
161 12.281804137616767
162 12.21888214928806
163 12.685937892081038
164 12.35678737456657
165 13.07839281329477
166 12.640148410861924
167 12.642074269215374
168 12.355823191409662
169 12.6064635843234
170 12.700855985127825
171 12.960697325052342
172 12.80296166614152
173 13.530162098066997
174 13.246291399320613
175 12.970177955525353
176 13.299079963676343
177 14.087742214502263
178 12.49347203966336
179 12.649281763771857
180 12.370769649632596
181 11.982255566375981
182 11.930054614753868
183 11.514670853897918
184 11.678874782039086
185 12.166371703579872
186 11.576502561781236
187 12.849340351525473
188 11.727362219570116
189 12.690258390499542
190 12.38322633122478
191 11.50280218798742
192 11.590342313651314
193 12.0343598772355
194 11.735811175249147
195 12.288726001005507
196 11.615821335977476
197 12.018959603344602
198 12.258493989227496
199 11.415990493218262
200 11.516060686282039
201 12.044419040937019
202 12.002738298273291
203 11.02530201225002
204 11.172221439966819
205 11.472810661356876
206 11.35874161032241
207 11.330092737025529
208 11.438034046673952
209 11.597417168599598
210 11.928862054336777
211 11.444050294800299
212 11.792103351073514
213 12.171130069048454
214 11.445569676114605
215 11.036883625736643
216 11.55479438493357
217 11.257091268552031
218 11.306273657030856
219 10.726351375209365
220 11.958413895291494
221 11.823687100429472
222 11.921937143980237
223 11.55921325986895
224 12.010557941139218
225 11.564780147430028
226 11.19695753906827
227 11.213581817841009
228 11.638586966304064
229 11.312239976486133
230 10.567834464998759
231 11.047174314554098
232 10.612318414962886
233 10.571868113995398
234 11.176752937290344
235 10.502227152209787
236 10.828674671299426
237 11.640099510103814
238 11.348331286166513
239 11.424871525307749
240 11.108793701221646
241 10.718306685923359
242 11.240810570247952
243 10.649249524474978
244 11.473932351441434
245 11.35605197709304
246 10.18290800825675
247 11.195808439409236
248 11.142532606683643
249 10.186253557822662
250 10.42987566491177
251 11.505221831761359
252 11.152766970882718
253 11.01019670665954
254 11.099885580784777
255 11.315842769569505
256 11.606948737440058
257 10.889241273720964
258 11.321698455662656
259 11.663631434440857
260 12.7542954810664
261 12.923306078469928
262 12.046964877556677
263 12.400731548432265
264 11.930646892694764
265 11.519328955234819
266 10.883411936018163
267 10.733097861745039
268 10.857375320879369
269 11.103600242830991
270 10.946582440642215
271 10.996557020652073
272 10.889408746918331
273 11.67012069904142
274 11.285954970330513
275 11.006395155108674
276 10.725308724910274
277 10.907022892192824
278 11.289025884723568
279 11.18235376553917
280 10.528305953544416
281 10.653204621364122
282 11.284834978166725
283 10.419842691848771
284 9.976221542672663
285 10.403603754882417
286 10.463189616306236
287 10.458172582778733
288 10.085707607196964
289 10.203780850850757
290 9.632040207666453
291 10.155930137065406
292 9.913656352759556
293 10.31223225066703
294 10.212663068365202
295 10.142075355459456
296 10.118977810004594
297 10.041310698270127
298 10.008711330906543
299 10.175192891345565
300 9.807025726245637
301 9.72128089267924
302 10.498461606388226
303 10.478905435399456
304 10.28366744874582
305 10.202816009962312
306 10.446610557114303
307 9.923187002941967
308 9.95715482167761
309 11.145561257434139
310 10.206233109346922
311 10.221030211780068
312 9.757474663043329
313 10.521948488886814
314 10.465374106598938
315 10.140335095010638
316 9.974558369783711
317 10.615157353199784
318 10.433962184669669
319 10.374961168334718
320 10.432907880060199
321 10.005104241066073
322 9.678199245812738
323 9.716446780543501
324 9.993229535828503
325 9.640231795354522
326 9.606641242046756
327 9.2474287971079
328 9.323115810398402
329 10.061641175628983
330 9.013351220151616
331 9.505788840808211
332 9.562918864400597
333 9.896532579266584
334 9.569137039901127
335 9.298178787297712
336 9.559842350038453
337 9.336222804669626
338 9.629322271304082
339 9.527954567111735
340 9.823531170630588
341 9.441599661648478
342 9.28973530320011
343 10.123041808026413
344 9.755331530649464
345 9.651050089079144
346 9.028430642178774
347 9.598714801873644
348 10.182146458050527
349 9.839588808734083
350 9.973704963318264
351 9.915449770442875
352 9.943933613764711
353 10.1066968392482
354 9.638531010768954
355 10.371193009326582
356 9.521152072771285
357 9.910034163728746
358 9.881029853945842
359 9.592181610857848
360 9.425756964033932
361 9.495783004581515
362 9.56843207607884
363 9.325644126991788
364 9.80624174187974
365 9.368512168895375
366 9.468895867893961
367 9.301020151514303
368 9.19248735820366
369 8.868283858143256
370 9.471314025747729
371 9.408600337372425
372 9.519943468854535
373 9.305696880833986
374 9.869554001391911
375 9.296860723900378
376 9.957295583991055
377 9.999766874513778
378 9.733848297206476
379 9.688062443392866
380 10.068090131468356
381 10.043346161153913
382 9.936562611755146
383 10.391288734677888
384 9.268489969530597
385 10.287036450988019
386 10.03271737677082
387 9.427547886690892
388 9.608482659676618
389 10.403001406190105
390 10.362915248499418
391 10.0924411715627
392 9.899250973682744
393 9.947489596775409
394 9.996532602239077
395 10.336339900525594
396 9.6975505006895
397 8.34846079951388
398 9.406618512753617
399 9.708677085715326
400 10.080644892471506
401 10.367905776434489
402 9.799668646852119
403 9.495580701047965
404 9.728721880060892
405 9.638341631470828
406 9.022783405292865
407 9.09060618550757
408 9.046082319106876
409 9.196615696595243
410 8.892984910402562
411 8.63149564526254
412 8.67911916431937
413 9.326701678410737
414 9.391744383183388
415 9.714068521511475
416 9.62695336940822
417 9.328837025367845
418 9.114682470613037
419 9.849109500328597
420 9.764130874887735
421 9.48740696825006
422 9.809422208688172
423 9.22266496644681
424 9.031482472091968
425 9.130334841958298
426 8.951807153628685
427 10.026831855845206
428 9.296857183923708
429 8.801328271274402
430 9.79135498672941
431 8.959609943087317
432 9.469443654714505
433 8.885595305394283
434 9.58195224720169
435 10.16263790345347
