0 13.932944702344658
1 13.52309704410355
2 13.086275750404594
3 13.895136055016517
4 13.883241773599794
5 13.687974246206531
6 14.006290496182604
7 13.622047885414135
8 13.531075476733138
9 13.030291166687807
10 13.353316732909224
11 13.098356103058139
12 13.924961323956385
13 13.560073526814469
14 13.202404328913397
15 14.742342415695717
16 14.74041863029512
17 13.141326187312224
18 13.03125090897354
19 13.64893047360982
20 13.482188306853828
21 13.254741447638978
22 13.67949400863838
23 14.038723214859877
24 14.4203825010252
25 14.447882528513135
26 14.2795731939945
27 14.531234889094234
28 14.963219678696664
29 15.346198787755595
30 14.950953684256246
31 14.181371320704342
32 13.936496769074333
33 14.410985975509409
34 13.835337804285219
35 13.586962062064545
36 13.871651672391094
37 13.09280367088534
38 13.232968151834365
39 13.573466891926232
40 13.19781216085365
41 13.04922150341385
42 12.624170550323868
43 13.210145595386242
44 14.03951552456474
45 12.926809298655463
46 13.484987678225549
47 13.875524604848165
48 13.945528656194663
49 13.82700862980671
50 13.593219477374312
51 13.033734077834579
52 13.22607757288437
53 12.770663037254259
54 13.125790434026536
55 12.491902997950774
56 13.158530743927466
57 13.32596461112802
58 12.61136819718296
59 13.11558077254745
60 13.268937060580399
61 12.979523149383414
62 14.006348487464432
63 13.577257075968578
64 12.70076111067386
65 12.33349293447308
66 13.441942182856932
67 12.672270476958559
68 12.63999113927979
69 13.172676235821795
70 13.032925994531329
71 12.796359966849067
72 13.233753067469024
73 12.328184670921328
74 11.871147452917995
75 12.512039342964874
76 12.748809566750776
77 13.411427455375128
78 12.345843126718378
79 12.96443567405836
80 13.263701690931642
81 13.077845424400838
82 12.425963964660884
83 13.234996992166744
84 13.43335435312767
85 14.020128173505837
86 12.534675549298521
87 12.792594397897629
88 13.034786914228471
89 12.960193737801752
90 12.431952145097291
91 12.890605923433414
92 12.66473882119777
93 12.911583424134447
94 12.22718607204665
95 12.03407297488386
96 11.924516621614226
97 11.588204566313841
98 11.639525970335493
99 12.583272941426548
100 11.984838573064117
101 12.305161031347211
102 12.916626063475572
103 12.335702082900628
104 12.180310461380273
105 11.952385000172153
106 11.971724793917872
107 12.187990488360391
108 12.293174750423676
109 12.515469046405883
110 12.5949096600674
111 12.804810412976497
112 11.764776604609574
113 11.76093018676257
114 12.517135644362838
115 12.682935628363104
116 12.530390748785303
117 12.384202824736073
118 12.196373047307205
119 12.020705528296887
120 12.209966625586532
121 12.280845899690808
122 11.890101050600446
123 12.05127240704816
124 11.791690554711934
125 11.886538446672633
126 12.225503358714567
127 12.062932033790837
128 12.546604746265501
129 12.145466852195169
130 12.718863130719757
131 12.173262646914688
132 11.896274027374899
133 12.278264116466579
134 12.444318634101087
135 12.75391466625206
136 11.90202313624768
137 11.473140444445686
138 12.354150367928755
139 11.527001574289882
140 12.49089601430699
141 12.290238939880549
142 12.285504217989866
143 11.736047360243424
144 12.374650021776544
145 12.426148821299968
146 12.453148718612407
147 12.326429799591391
148 12.807727435778002
149 12.846559777045565
150 13.29190073771163
151 13.669276186865952
152 13.205475086009063
153 13.459598347502094
154 13.091254784686614
155 13.38263684891286
156 13.133607674085562
157 12.901519287339863
158 13.586065237741323
159 14.487625550060104
160 13.56429811423792
161 14.180641850637677
162 13.74876555294147
163 14.514593185888941
164 14.182997766561424
165 13.545878808521842
166 13.954454682275854
167 13.160862910484317
168 14.518608301641644
169 14.01845058036968
170 14.092146197318987
171 13.99084435895494
172 13.30052229982894
173 13.855948809064323
174 13.448722944379698
175 14.22858475470168
176 13.841651001904582
177 13.851871812591742
178 12.878985684836529
179 13.216151225751938
180 13.817256626780091
181 13.523830110789914
182 12.967369675120208
183 11.994756788170383
184 12.95711427080056
185 13.299793697493897
186 12.595081086230708
187 12.19147468222698
188 11.811228095352263
189 12.755555896686662
190 12.548287389203075
191 12.155612904317092
192 12.43463142567303
193 11.481648927150314
194 11.787073042966888
195 12.18044176769243
196 11.47035349745707
197 11.63665508914354
198 11.194318188817785
199 11.514470341324659
200 11.645042327876562
201 11.786863937012633
202 11.478056249416879
203 12.506849083560859
204 12.363334599089697
205 12.25164450341974
206 13.145018511576637
207 12.223670452714964
208 12.293491086788782
209 12.18449862359577
210 12.302020127241674
211 12.141481888583593
212 12.407151560289565
213 12.304250964710915
214 11.728450200004763
215 11.688839748208085
216 11.877072445289116
217 12.922946003689475
218 11.399501213328369
219 11.914845759284903
220 11.574206219393695
221 11.557861248248729
222 12.346688084074898
223 12.511602520042342
224 11.853607246081822
225 11.159780122810583
226 11.57797118149077
227 10.699851074101128
228 11.235841221258285
229 11.306356530875332
230 11.283632332489319
231 12.176097299423958
232 11.651583997371066
233 11.789111752440625
234 12.682521316693004
235 13.685810174132751
236 13.130106428228911
237 14.008093432531764
238 13.923989669488172
239 12.600061771894534
240 12.704015848842644
241 12.531360856678836
242 13.22914149808703
243 13.564516324429881
244 12.533947009097448
245 12.623123802031515
246 11.991319918345834
247 12.669953422180345
248 12.987459687212649
249 12.201826515457185
250 12.12174478746847
251 12.541013306881956
252 11.300321494608724
253 11.84767397000038
254 11.519623988895937
255 10.998812225586226
256 11.318604593121606
257 11.743556043930036
258 10.630310350303278
259 10.918341653189312
260 11.159002747074698
261 10.667330952849488
262 10.950932419062681
263 10.800094059244403
264 11.021318836995883
265 11.696522106547675
266 11.255390709843418
267 10.983771510672026
268 10.562665075248262
269 10.455126364946905
270 10.680211865045896
271 11.354383155540543
272 11.174302406881008
273 12.681519368973433
274 11.040648845387665
275 11.142280449822591
276 11.222365733958096
277 11.067714495248392
278 11.38077539201917
279 11.678860450691857
280 10.881872103629028
281 10.800854449166458
282 10.981110710954042
283 11.488807114817499
284 11.628845263946324
285 11.997327354065648
286 11.527781185565663
287 11.04066623974051
288 11.171642145183203
289 11.261088659982386
290 11.188420569094346
291 9.998931128338684
292 10.421354021976356
293 10.552474685956293
294 10.478397369721126
295 10.661911456960972
296 11.405870960663574
297 10.004058159827903
298 10.587571639434865
299 10.407524045430746
300 10.649051956618496
301 10.935473652224369
302 11.622322046918882
303 11.234178008866985
304 11.562325177218563
305 10.433573519188903
306 10.131760022567223
307 9.811793215699897
308 10.00227595884454
309 9.827735743999126
310 9.673010413038083
311 9.777310476004333
312 9.659206836734226
313 10.604346980637901
314 9.884249161849898
315 9.66092335787826
316 9.78369447293181
317 9.902421300942144
318 9.280605208054117
319 10.054111428695961
320 10.512564902391997
321 10.556370255727998
322 11.236378470242746
323 10.695862909055633
324 11.104126097791346
325 10.438122313941715
326 10.453346621085336
327 10.911276913901865
328 10.872013652939362
329 10.5113033738014
330 9.981051213521223
331 10.131605825740387
332 9.007551941676947
333 9.354755846729493
334 9.437538259791813
335 9.441616233757314
336 9.554122450816351
337 9.815411407007826
338 9.681651958632328
339 9.360664110629875
340 9.207774544038308
341 9.271221934210871
342 9.230894642175688
343 9.119362987092607
344 9.712309153162922
345 9.853926596445723
346 10.006864872348997
347 9.7686517818548
348 10.28972457761549
349 9.523741222786482
350 8.453447420274188
351 8.54431877933757
352 9.270599684893645
353 9.342838778601225
354 8.315359393789501
355 8.66921556416528
356 8.325154229525621
357 8.930017763842374
358 8.572652986080753
359 9.186771229425265
360 8.622866049132492
361 9.356370702873432
362 8.730825820065633
363 8.857474139156526
364 8.729665507774882
365 8.79322174621093
366 9.324421609877135
367 9.565987887150806
368 8.809309150173217
369 9.655319673290725
370 8.80138303791525
371 9.310505934060659
372 9.084272798845515
373 8.607451272836956
374 9.378153369054475
375 9.433079501510164
376 9.942008056644292
377 9.85491774353102
378 10.027896769530436
379 9.565717909158922
380 9.37533926019
381 9.398982550174736
382 8.68149400098176
383 8.398396509587323
384 8.461103731345432
385 7.878303192338237
386 8.27264538356032
387 8.72327963668527
388 8.231300579350313
389 8.6972567454095
390 8.01658160593071
391 8.520039093002751
392 8.204719630064906
393 8.147002847094674
394 8.486021662200987
395 8.699633398586045
396 8.980077253469437
397 8.373353732582624
398 8.931220282824132
399 8.774009491841577
400 8.402967592293777
401 8.715620396807966
402 8.232011470591008
403 8.63443103892346
404 7.996001490030165
405 8.445927689142822
406 8.60815835066171
407 7.899853677384164
408 8.238804591717184
409 7.731597387563739
410 8.235762862327999
411 8.603244594117701
412 8.688580197101675
413 8.073344113639333
414 8.30453108233333
415 8.294937290759853
416 8.50806058148102
417 8.698548270166096
418 7.779252735265451
419 8.197456490845582
420 8.263427546319763
421 8.18380783189378
422 8.207772446588772
423 8.336574088088017
424 8.056249497104032
425 8.054377679018824
426 7.4033473257223426
427 8.045517352534786
428 8.501076309202322
429 8.326886612246371
430 8.23230221738959
431 8.396319872567615
432 7.982855966875925
433 8.034111551285262
434 7.811932568926272
435 8.326354501218779
436 8.172310324758415
437 8.877131028068433
438 8.406265138558057
439 7.2626129924086165
440 8.016225021153703
441 8.714677587357418
442 8.414358460932334
443 8.959671768879947
444 7.622969685855652
445 7.678054031945268
446 8.429798302074378
447 8.320370014786219
448 7.85367889678871
449 8.615438007268981
450 8.544551255298963
451 7.713997742210119
452 8.08571929415664
453 8.21974846288333
454 8.151442867507576
455 8.492860587142392
456 7.802647131340523
457 8.003357749324085
458 8.398621070182262
459 8.17508198975661
460 7.901877012385741
461 7.849661048286317
462 8.031667497689433
463 8.190931097619767
464 7.766689637194366
465 7.90514548676929
466 7.990234900067943
467 7.694931490950713
468 7.5771203354740075
469 8.149439645646577
470 8.98947820793307
471 8.642447522811072
472 8.63218225995725
473 8.41420382476865
474 7.824318129984493
475 7.835675997612487
476 7.021949707620664
477 7.497628484167509
478 6.9914544608381455
479 7.357523213037674
480 6.757172272396349
481 7.756989480256742
482 7.543937600700397
483 6.876884658631699
484 7.0482203400508325
485 7.728531962442804
486 7.426111000957282
487 7.419707980176178
488 7.4925409218675965
489 7.299774473152111
490 7.5757863997029276
491 7.500837546487753
492 7.844520955574067
493 7.617480012681977
494 7.732407176389819
495 7.403219541452759
496 8.128710304006434
497 7.590338092721135
498 7.534906018648946
499 8.00717349488336
500 8.203798670100896
501 8.26069695292368
502 7.1545499668311
503 7.067490080541532
504 7.1011226661746525
505 6.435060970554467
506 6.177995063598757
507 6.174058686670355
508 6.487722928354436
509 6.140824535390017
510 6.639717622556346
511 6.296709533325951
512 6.303472161871335
513 6.421643325193671
514 6.789982878931629
515 7.439021250099344
516 7.27793310902194
517 7.169136507531403
518 7.261187027469841
519 8.074480963259601
520 7.290680673346075
521 7.836404101415416
522 7.200603692461289
523 7.616798857047936
524 7.9002545169286655
525 8.176688333848912
526 7.600624816109915
527 7.904516057802825
528 7.558398472770995
529 8.069949852645134
530 8.534614929453305
531 7.746770774200026
532 7.7830152788056735
533 8.439684684754411
534 8.170114741733592
535 8.448428470558426
536 7.687925825614851
537 7.504321935525529
538 8.147341972170938
539 6.912404413567197
540 7.386174411764222
541 7.67819658266499
542 7.581718316851348
543 7.397143549482592
544 7.496837118081152
545 8.00887114410831
546 7.528390073696063
547 8.09083696669037
548 7.670800193763554
549 7.792105704718884
550 7.14097790218097
551 8.086351847494493
552 7.827969445835546
553 8.128593192166546
554 7.993498857145466
555 7.470801391717661
556 7.6092059203251985
557 7.238256710708873
558 6.952381421475282
559 7.018987113730679
560 6.470022161876842
561 6.471894263490019
562 7.028469986173315
563 6.9059643620990645
564 7.06577776989429
565 6.656286817360176
566 6.421041666768976
567 6.736707076722918
568 6.470338735959201
569 6.6966462665157245
570 7.19125878232475
571 7.368202944801467
572 6.572901508687293
573 6.814394414837779
574 7.255769997788349
575 6.924104478293941
576 7.508971133833174
577 7.232999581039477
578 7.530203555738477
579 7.212849362361878
580 7.206566957916119
581 6.943010018942464
582 7.150129953798837
583 7.156434514660078
584 7.72913780974926
585 8.174363785581127
586 7.376015322300727
587 7.015400257468327
588 7.181878786972043
589 7.450316647618312
590 7.518518910575842
591 7.404473329832538
592 7.892673013066808
593 7.2262178703332065
594 6.986748210005326
595 6.633711137455872
596 6.224717000197277
597 6.549107407615647
598 7.3859421745254155
599 7.772499129782143
600 6.830210672134187
601 7.2741577720606205
602 6.990189574352007
603 7.4902576086146
604 6.559636697700113
605 8.330500371239383
606 8.31193605991031
607 8.684546710859944
608 7.8293912955344185
609 7.5903167077605485
610 7.284587207466464
611 6.79369273374638
612 7.336153896632444
613 6.768972989397189
614 8.017247746706277
615 6.898012105269855
616 7.180717146227128
617 6.557594256488663
618 7.344330065917709
619 5.562686825192391
620 6.274327969286393
621 6.3528214734413435
622 6.726605352799678
623 6.855799495658627
624 7.226224185224958
625 7.4363790347974605
626 7.479437477960306
627 7.210587641208234
628 8.951713423335779
629 8.077347487870563
630 8.54038206068845
631 8.154487343529405
632 8.369663806312497
633 8.821423636548486
634 9.156929656019626
635 8.440175277128848
636 8.63438243949217
637 9.120162134844996
638 8.79085740294562
639 8.497364185601018
640 7.932911890759009
641 7.960824052916825
642 8.281109098924157
643 8.299021331871415
644 8.139189007911432
645 8.188251649802194
646 8.141847720488418
647 8.573501830899426
648 8.532807872760003
649 8.224146948449786
650 8.652769207515151
651 8.213834890131308
652 9.17048185385784
653 8.905349918908769
654 8.390476494380485
655 8.275614952938817
656 8.463594922120041
657 8.842209734286547
658 7.676465963523156
659 8.66582104411723
660 8.706803440050555
661 8.444920700418189
662 8.94923333222771
663 8.483757930319944
664 8.66689938321831
665 8.852326040244096
666 9.615957385599808
667 9.039230477458279
668 8.765262649262931
669 8.517595046897187
670 8.041333266804104
671 8.82224671988283
672 7.9672038985718645
673 8.053218856926781
674 8.974795255636586
675 8.204560240115704
676 8.845618481612256
677 10.202311591360699
678 9.090409460949322
679 9.05862359846852
680 9.20919868104744
681 9.319763603874762
682 9.098880720187942
683 8.721936234305854
684 9.519347081186755
685 9.468983190391704
686 8.279939874472635
687 10.220075267116883
688 8.55383999645406
689 8.27923670002394
690 8.035804675004401
691 8.782047750090214
692 7.894453843928638
693 9.106624201406493
694 8.934451600473407
695 9.537779315160126
696 8.661109804230776
697 9.029435374313536
698 8.620605224840794
699 8.704618396631094
700 8.582713816957293
701 9.224149188917531
702 9.880198240053648
703 9.681723235625567
704 9.202992913352022
705 9.121093687012143
706 9.114570045411053
707 9.807399388217766
708 9.352693743032948
709 8.664236203604178
710 8.746319760509436
711 9.13849095700564
712 9.195016117213115
713 8.885471245275557
714 8.54334681876178
715 9.567488495075668
716 9.562554127305964
717 9.433159731388267
718 9.032452525775707
719 9.538580351534833
720 8.885727704141747
721 8.35712747956787
722 8.688642547583704
723 9.143866651242
724 9.253523098454018
725 8.630359271477055
726 8.711867943786508
727 8.859597004654576
728 9.002384624413137
729 8.780196585698826
730 8.728509748941377
731 9.687363670352667
732 9.008878940601967
733 9.312851109521738
734 9.17594623987537
735 8.970754424713968
736 8.77108788731533
737 9.058262685179686
738 8.753604076558286
739 8.869875847530292
740 8.02830177583746
741 7.566529925634129
742 8.238239085597325
743 8.252082099465781
744 7.627887523240979
745 7.239902569903608
746 7.49653335124855
747 8.154875894868377
748 8.016023147220215
749 8.561331265104327
750 8.441157556364198
751 8.675130565176609
752 8.901248402319744
753 8.455682843985382
754 7.5161590539182574
755 8.674647388546479
756 8.615025298523241
757 8.347341088085534
758 8.728345842111931
759 8.80369151369228
760 8.498311269444475
761 8.358675786319928
762 7.939391027036666
763 7.343460217074093
764 7.055483887230627
765 6.219667387916283
766 6.624015754572539
767 6.195504948899403
768 6.231906097080078
769 6.338714561872649
770 6.3394068450764065
771 5.981024833635892
772 6.599239313672997
773 6.495343544741062
774 6.533736271504672
775 5.971233337602725
776 5.907618168462244
777 6.526402142778216
778 5.996376690966
779 6.618869719901577
780 6.332140197748097
781 6.898015742125099
782 6.690245553035881
783 6.432605305295237
784 6.411946532707582
785 6.5350212202433315
786 6.40687950051104
787 6.628789292856937
788 7.082567291887414
789 6.665334033441597
790 6.23179584121992
791 6.6638818670493905
792 6.499239058014583
793 6.976366295227006
794 6.726364917823664
795 6.824410346592949
796 6.823855179623541
797 6.4549495531223755
798 6.7442140845527145
799 6.272570980102029
800 7.080101686203764
801 7.0562957926886405
802 6.763908516324078
803 7.0801478515393566
804 6.2239763807297
805 6.392291092866508
806 6.713108499354455
807 6.737819550149176
808 6.65117136499933
809 6.06611866468638
810 6.376764020120481
811 6.9733266176703905
812 6.662019936604664
813 6.551856206357267
814 6.302435867552483
815 6.3602271279188285
816 6.928392017970572
817 6.477646768431007
818 6.258898309213181
819 6.138103822783694
820 6.920903194737409
821 6.33967097596508
822 6.771876167720126
823 7.173450515193226
824 6.373137719997629
825 6.730612130268451
826 6.3577996350511725
827 6.328432299933576
828 6.441821734534828
829 6.02403702142516
830 6.245918042285869
831 6.4280853033185785
832 6.732762076255807
833 7.049092689045071
834 6.689654765846491
835 6.719782051932113
836 6.287342763031405
837 6.665432296573532
838 6.6191903769695735
839 7.046255979109809
840 6.935980651933345
841 6.814780431531628
842 6.353812206687517
843 6.714396511398966
844 6.429660753228176
845 6.428651756673607
846 7.295831821755046
847 6.838384423646908
848 6.668758790756066
849 6.640947527666151
850 6.686480780712207
851 7.134803422412994
852 6.732534355467646
853 6.858203504490344
854 6.4555225429802405
855 6.563744784910527
856 6.4637170920071725
857 6.405591129335017
858 6.3386587294380226
859 6.16329685664166
860 6.382709177744159
861 6.744823338973168
862 6.474597198908342
863 6.120729100128485
864 6.055660338028406
865 6.00943305903459
866 6.66958175108618
867 6.846775330860664
868 7.240844200607112
869 7.6842243120571725
870 6.846602313729491
871 8.142181129514109
872 7.3147234925372295
873 6.645721746414574
874 6.299485194971645
875 7.176960543030283
876 6.551728217232128
877 6.28569882067903
878 6.68208217805275
879 6.627448087664808
880 6.8914235509075805
881 6.686504218894153
882 6.721291883573197
883 6.5409774736751265
884 6.6416011101986605
885 6.570865349492547
886 6.427957365151901
887 6.6787772058125405
888 6.907899561833548
889 6.502902671101086
890 6.762093667091409
891 6.579486930954024
892 6.685390632033372
893 6.602984926302839
894 6.69965536951425
895 6.5195089772872326
896 6.478933225657094
897 6.534028595692587
898 6.4259091613902015
899 6.339071212794254
900 6.750030766333671
901 6.860530990356102
902 6.736522286092138
903 6.681629680290688
904 6.638713802642973
905 7.475783805356083
906 7.978374909150788
907 8.17739219293907
908 8.123046298380773
909 8.230509092721698
910 8.016421568918464
911 7.788841784011238
912 7.705828981416646
913 7.9166065742630005
914 7.200172430996394
915 7.372806657899205
916 7.609696607988224
917 8.44198922684684
918 7.991926068504539
919 8.314008302431708
920 8.03298736834148
921 8.294794031872899
922 8.716070892793624
923 7.747419081203184
924 8.303331837555618
925 8.065351657290112
926 8.561896769977475
927 7.97370642640282
928 7.929565408908482
929 8.134237563082845
930 8.075085413514923
931 7.653944303637656
932 8.3357081361384
933 8.217369005252838
934 8.685972836502398
935 8.261468078974277
936 7.991097860395773
937 8.069054401372819
938 8.390821064908332
939 8.083479593728162
940 8.155639792688108
941 8.780833284576163
942 8.140478932123637
943 8.753122175752047
944 8.23302081571544
945 7.922469172421588
946 7.485536087719659
947 8.279268830105021
948 8.288221472976852
949 8.213321317271019
950 7.957175840617654
951 7.754150753545943
952 7.998699823472644
953 7.740492148473198
954 7.642537725565845
955 8.40249957744213
956 7.690613030365881
957 8.168612506475611
958 8.590371714051724
959 7.802325900538403
960 8.300000445749031
961 8.302430557410359
962 7.999426875434681
963 8.182503572564334
964 8.296257206405102
965 7.38797107979136
966 8.049033107018802
967 7.938133297055646
968 8.010248233501121
969 7.978998906493802
970 7.91496794172778
971 7.897600488588874
972 8.142457320320228
973 8.01128016918838
974 7.974728961624668
975 8.016027479163155
976 7.7299991487687825
977 8.207333446346587
978 7.912676138985405
979 8.00798810300825
980 8.008541656816131
981 7.9103572402839735
982 7.779303010919764
983 7.731050622621613
984 8.28116924464323
985 8.05282514779853
986 7.5470812038864254
987 7.689824180564654
988 8.060248364742645
989 8.679575372038228
990 8.2968986755433
991 7.604463222707342
992 7.832453725692949
993 8.333977673794003
994 8.677259358906982
995 8.172859224577897
996 8.077721115046485
997 8.402114224191669
998 7.979775591970899
999 7.51475572295092
1000 7.9246351904956
1001 7.891787154756298
1002 8.603705229940427
1003 7.796774907545101
1004 8.140743937696442
1005 8.004866912885797
1006 8.056261605091235
1007 7.960646304546031
1008 8.155372518229122
1009 7.820761142452239
1010 8.210079687189683
1011 7.921651915896647
1012 7.957886241336415
1013 7.151874555854496
1014 7.946101933848454
1015 8.121998611123125
1016 7.565479186189537
1017 8.028889309721444
1018 7.230846671737412
1019 7.3065064598723914
1020 7.24685714435366
1021 7.188117313510195
1022 7.52698312021661
1023 7.684766490019741
1024 7.853699700222204
1025 7.79253816865167
1026 7.430601009626933
1027 7.3528924300687875
1028 7.462956926895951
1029 7.532554602353086
1030 7.17719902065892
1031 8.035456524271499
1032 7.870950496865541
1033 7.491097480906837
1034 7.4178184831168466
1035 7.267329039651519
1036 7.077256436022132
1037 7.543830730614383
1038 7.263872529763258
1039 7.483094840070071
1040 7.263309961818962
1041 7.261496445623925
1042 7.2627655593474945
1043 7.492797275994081
1044 7.22586842525831
1045 7.501747468163366
1046 7.620541542118946
1047 7.257113654909025
1048 6.889885579273268
1049 7.6804289702687765
1050 7.153928295318064
1051 6.966561133258792
1052 7.63262065719682
1053 7.5437932649106685
1054 8.012432671469812
1055 7.756409534528582
1056 7.939677277933924
1057 7.655459504891511
1058 7.440555229785197
1059 7.2438159441181345
1060 7.445945099819203
1061 7.311537827635957
1062 7.3627629786113875
1063 7.116440058316425
1064 7.110964173795319
1065 7.156000763847411
1066 7.1873316846992985
1067 7.393038220421502
1068 6.813609000359761
1069 7.533166763336685
1070 7.133286270501333
1071 7.4389545078795045
1072 7.3860300768575105
1073 7.360296373402711
1074 7.354249423871258
1075 7.277268249760856
1076 7.8695079350240675
1077 7.459764910387958
1078 7.554145242890614
1079 7.407743585349158
1080 6.992475882505881
1081 7.430794216744937
1082 7.3760894033335545
1083 8.034583548117677
1084 7.705700491068673
1085 7.80559854831959
1086 7.702344783815588
1087 7.950247161438135
1088 7.693125994888259
1089 7.77649713664424
1090 7.209810017417038
1091 6.904932669256406
1092 7.10942572666872
1093 6.8658034967527275
1094 7.369484774941112
1095 7.018208884706458
1096 7.44092775919292
1097 7.202546638528803
1098 7.01143439861154
1099 7.3643386111509175
1100 7.316044064382481
1101 7.113537476178247
1102 6.704914363723186
1103 7.059404016156446
1104 7.070151596480913
1105 7.02891035500681
1106 7.170267191178919
1107 6.881686416581982
1108 6.842031387938416
1109 6.850338976834016
1110 6.597912184739529
1111 7.253671032433043
1112 6.89164571305736
1113 7.0961257523746895
1114 7.132583663894888
1115 7.671803947098034
1116 7.983002231468933
1117 7.174341939467594
1118 7.287812238426693
1119 7.334385925333532
1120 7.063494960499815
1121 7.748055231304264
1122 7.772033528409932
1123 7.371413979188266
1124 7.008829228313731
1125 7.3692698339479685
1126 7.854967946928857
1127 7.341097171173626
1128 7.394160073305723
1129 7.983281389135824
1130 8.360260981872466
1131 8.175630143955441
1132 7.323408338311893
1133 8.584900220397618
1134 8.211956799849101
1135 8.194497929315125
1136 7.76100646646746
1137 8.219757802194778
1138 8.425363903004541
1139 7.682367469574552
1140 7.7344218324239415
1141 8.141765381399614
1142 7.968773008029745
1143 7.749789092443846
1144 8.238029587521739
1145 7.618980866785468
1146 7.394550087787343
1147 7.878797443135742
1148 8.370460722765818
1149 7.859049978921524
1150 7.693543627662253
1151 8.156531328647002
1152 8.348214690754407
1153 7.617961682260549
1154 8.128577760645202
1155 8.522483460514298
1156 7.826247497183995
1157 8.232441033885237
1158 7.99631071740393
1159 8.78169012343046
1160 8.397088365262258
1161 8.630163163765477
1162 8.638388552498208
1163 8.548231152781804
1164 8.132557855944754
1165 8.231567392123965
1166 8.300536972769935
1167 8.472393742118095
1168 7.8533535323362305
1169 8.346374131683383
1170 7.963053702695595
1171 8.259710993985767
1172 8.903288779550543
1173 8.95598786886971
1174 8.971255944930858
1175 8.606837387394041
1176 9.109524709695425
1177 8.990726892869713
1178 8.610731449940728
1179 8.676754446168651
1180 9.269082559463781
1181 8.662300392324706
1182 8.536489457940254
1183 8.87239761780612
1184 9.034659132330207
1185 9.058082968527305
1186 9.442245730309015
1187 8.699129911161716
1188 9.42488706454917
1189 10.07440784136624
1190 9.739057734250942
1191 9.831536410262546
1192 9.943239471983002
1193 9.934580305665692
1194 9.747021440010421
1195 9.895915716480706
1196 9.331503883794367
1197 8.924577385936216
1198 9.034571840914
1199 9.2517763370656
1200 8.369500643813879
1201 8.489228666881214
1202 9.465155611727722
1203 8.83365749525759
1204 9.5238385657198
1205 8.558219399456892
1206 8.832969141857879
1207 9.301322887627444
1208 9.303665322618805
1209 9.003132217120037
1210 10.461859231785786
1211 8.858605137737236
1212 9.09655276755624
1213 9.03659606827345
1214 9.332057493092458
1215 9.820582924814587
1216 9.844384957049794
1217 10.011130924986972
1218 9.97977587019012
1219 9.35958636903084
1220 9.56252919148806
1221 9.759468895712978
1222 9.644171905770357
1223 10.273109799306335
1224 9.415779547647112
1225 9.213703955460872
1226 10.12047078985752
1227 10.169973574927333
1228 10.133262885996134
1229 10.49004605123057
1230 9.718332725791276
1231 10.111563903036524
1232 10.384354182414409
1233 10.195698582410758
1234 10.32889210278112
1235 10.53527709456123
1236 10.010909280342915
1237 11.010575097668324
1238 10.807954235189632
1239 10.721208406727913
1240 10.97980474479479
1241 11.17139820512233
1242 10.90758236155482
1243 10.876299365049146
1244 10.836987340807577
1245 10.29366220703229
1246 10.3842652325603
1247 10.54554953323493
1248 10.24449119207275
1249 10.351636475534315
1250 10.372466971574335
1251 10.175371280485436
1252 9.731320295752115
1253 10.041168439536653
1254 10.443698510500651
1255 9.869945074410982
1256 9.785042374849633
1257 10.01623666289964
1258 9.87929377050757
1259 10.835026178051235
1260 10.589384496696889
1261 10.731851883260036
1262 10.439428940967165
1263 10.263555066906038
1264 11.35001934181358
1265 11.761621033098724
1266 10.18047329174867
1267 9.973100132650801
1268 10.3607863722941
1269 10.032766367228598
1270 11.162346312252012
1271 11.040356400087363
1272 10.523723928036889
1273 11.474990625318865
1274 11.273697662317346
1275 10.796603203783334
1276 11.077452711671606
1277 10.048802946066877
1278 11.437602213572223
1279 11.70702797829149
1280 11.32005636582316
1281 11.36656556828223
1282 11.225830670519368
1283 11.211824544636027
1284 10.873185759334048
1285 10.51783305637591
1286 10.595083085412902
1287 10.9539295802753
1288 10.623242368061222
1289 10.078327185371087
1290 10.641880559324798
1291 10.931368051277582
1292 10.633447374512125
1293 10.34307650614342
1294 9.649000054549692
1295 9.502996333956128
1296 9.205595978803816
1297 10.152668282418654
1298 9.697883397090843
1299 9.878589556585101
1300 9.757723923741318
1301 9.731663157071266
1302 10.231401799150897
1303 9.449891586012312
1304 9.852884435921236
1305 10.267693845148221
1306 10.757217676313426
1307 10.269973773240404
1308 9.632599707512462
1309 10.806725511508501
1310 9.841360946004226
1311 10.238087577590504
1312 10.806962786632468
1313 10.095243704229278
1314 10.208244162747153
1315 10.166011852210568
1316 9.924813381198245
1317 10.48745106491405
1318 10.917437710475818
1319 10.523424855664528
1320 10.99781988513007
1321 11.012624966871456
1322 11.450718435289742
1323 11.57751441915254
1324 11.34487827603235
1325 11.77488641425285
1326 11.822286624023246
1327 11.331412380573568
1328 11.292186512699907
1329 11.615307268544086
1330 12.028201901689123
1331 12.363401735152417
1332 12.256422087547604
1333 11.352114867349904
1334 11.294090502387428
1335 10.644272600758276
1336 11.450927207607288
1337 11.167753165223623
1338 10.679038750726823
1339 11.62930562868611
1340 11.655617927818621
1341 11.751626281619192
1342 10.876131084017567
1343 11.392305478324012
1344 12.176712544909826
1345 11.983087278785945
1346 11.789758576678567
1347 11.970532997804549
1348 11.948904707922223
1349 11.673658493413129
1350 11.558906065508706
1351 11.883603991817647
1352 11.763356147693273
1353 11.617290895623983
1354 10.948389303805511
1355 10.76953325955819
1356 11.504807180920768
1357 10.909107522795498
1358 11.257282756609223
1359 11.029704022095855
1360 11.510342838327219
1361 13.956459402090998
1362 12.240920101624639
1363 12.118902196888177
1364 12.266937256947092
1365 10.913975483146743
1366 10.163826830489931
1367 10.371778499658356
1368 10.875880715412954
1369 10.512269245719521
1370 10.51718009513241
1371 10.908311063552324
1372 10.58507111837922
1373 10.616576497034792
1374 10.777152368228437
1375 10.615247306721859
1376 11.129757550197393
1377 11.152629111742463
1378 10.84751377030741
1379 11.106780001505596
1380 10.948168371317658
1381 10.707611040994674
1382 11.05690255900949
1383 10.70809258259355
1384 10.619835539870971
1385 10.135970616479069
1386 11.382239582112682
1387 10.627941659909972
1388 10.320670765896635
1389 10.729576585990081
1390 9.69553063485935
1391 10.250851986049717
1392 10.136343292303888
1393 10.303856573485758
1394 9.967406031013867
1395 10.51121517845214
1396 10.345686634377
1397 9.739415541691153
1398 10.287872531614068
1399 9.835488025691875
1400 10.54938066067756
1401 10.965556213237011
1402 10.796592451337947
1403 10.58749114043901
1404 11.021452647299038
1405 10.674671856621273
1406 10.959603926228533
1407 11.250274222222604
1408 12.064375474829633
1409 11.306495194959735
1410 10.703395035727464
1411 10.999430114775313
1412 11.321885103399392
1413 11.423060894812984
1414 11.807629770717751
1415 11.745161615173737
1416 11.332794209284131
1417 11.676215200091452
1418 12.024263832121813
1419 12.364780426475114
1420 12.119240086954306
1421 11.725089862532515
1422 12.109720151294933
1423 11.29648191006173
1424 11.484907182445063
1425 12.373333748116654
1426 12.744166209650086
1427 12.291956957368244
1428 12.08582823853788
1429 12.57509097859737
1430 12.8668746079313
1431 12.30216855415646
1432 12.60584155609274
1433 12.319058822267484
1434 11.38842999871559
1435 11.715686327235591
1436 12.560263175403461
1437 12.403678087629524
1438 12.606184640403553
1439 13.080926633632508
1440 12.747824005443942
1441 12.156739964956627
1442 12.016643991476455
1443 12.960633539856834
1444 12.190068728164139
1445 13.170298128959065
1446 12.845826181023051
1447 12.242593380609605
1448 12.413528110934838
1449 12.445519905400857
1450 12.89117823166742
1451 12.191727894351466
1452 12.615552509225106
1453 12.399758237163176
1454 13.068079250716268
1455 12.652794827258969
1456 12.966941859965148
1457 12.94642336973681
1458 12.767532079872613
1459 13.320489453176274
1460 12.54867398420083
1461 13.07108563900869
1462 13.303147813013371
1463 13.074350438217442
1464 14.270561110953997
1465 13.303971723270259
1466 13.464841211956424
1467 13.069503779443375
1468 12.840738477375176
1469 13.192491445112674
1470 13.330451743919696
1471 12.845571497357579
1472 13.156538940768256
1473 12.634853688557177
1474 13.452891928010823
1475 13.1900626123514
1476 13.045243468554808
1477 12.944700989553102
1478 13.435118359817784
1479 13.209330487266001
1480 13.054080009321103
1481 12.673501017228565
1482 12.899225528926591
1483 13.032957154702505
1484 13.15038962672228
1485 13.486631266648052
1486 13.42708446505149
1487 13.249839743027495
1488 13.268959479409304
1489 13.446278292855386
1490 13.767297606243684
1491 13.736520992182475
1492 13.139468817285104
1493 13.255714081287744
1494 13.618823741954929
1495 13.153692295339697
1496 12.761803621958585
1497 13.09561587728019
1498 12.845664929687123
1499 13.45887678090531
1500 13.768568016953678
1501 13.07142689604997
1502 13.524144977359276
1503 12.95964691172983
1504 13.37803396779783
1505 12.406529143951328
1506 14.084562187372772
1507 13.26238949944594
1508 13.192335057885284
1509 13.577782971247364
1510 13.661053952107622
1511 13.57527061229776
1512 13.488357433258075
1513 13.180222974453867
1514 13.243181590006511
1515 12.87891448081504
1516 12.92541636826845
1517 13.285858882044554
1518 12.227640204228063
1519 13.073897829745015
1520 13.76543124448944
1521 13.412373145903521
1522 13.156652822849312
1523 12.623298167045723
1524 12.695139151711906
1525 12.944864109079528
1526 13.217119637273676
1527 13.73357536299822
1528 13.563897013639034
1529 12.878221931559409
1530 12.970007414036395
1531 12.935807329536786
1532 13.827422712215906
1533 12.98101019849763
1534 12.537298822692497
1535 12.465903381522349
1536 12.037315488328348
1537 13.125665561681377
1538 13.1335847195651
1539 12.253789208999661
1540 12.914946635497866
1541 12.807704768282802
1542 13.255088659490308
1543 13.727876893585952
1544 14.230379790116517
1545 13.612795420863819
1546 13.519843635474082
1547 13.358653763306954
1548 13.123928413421805
1549 13.623006439045051
1550 14.44308305974908
1551 13.22972233274493
1552 13.562620223016674
1553 13.586923274090031
1554 13.880783196572597
1555 13.930890286985662
1556 13.759561135547425
1557 13.697744379677214
1558 13.326149469801402
1559 13.391437091057872
1560 14.029594016302315
1561 14.389099431122759
1562 14.439582245733272
1563 15.354340355847278
1564 15.263599757343787
1565 16.507008192831407
1566 16.04952584180612
1567 15.845079493089143
1568 14.324314790107152
1569 14.289966259973156
1570 14.429846093285914
1571 14.114399453657857
1572 13.941631434064739
1573 14.167193611423222
1574 14.124483725298486
1575 14.266255992118493
1576 14.159194208064127
1577 14.289799725485226
1578 14.475574248626275
1579 14.593532497445585
1580 14.54680414178501
1581 15.67230627411653
1582 15.784137872242693
1583 15.363232907533586
1584 14.892537156626494
1585 15.497106240160921
1586 14.918837305130761
1587 15.17911402741338
1588 15.168293519652847
1589 15.004451263859487
1590 14.906384319510275
1591 14.822530171031188
1592 14.765721866188688
1593 14.890989618884488
1594 15.244851344254412
1595 16.355630150039826
1596 14.944805046869595
1597 14.178535909083367
1598 14.586108443363152
1599 15.589543045205886
1600 15.597162323466534
1601 14.07470913766557
1602 14.428187182662114
1603 14.649123748355214
1604 14.698970972851814
1605 14.52756517429219
1606 14.240433280509869
1607 16.171930694528662
1608 15.385321821922027
1609 15.488083976668138
1610 13.939661418680247
1611 15.066863426469371
1612 15.029433172317814
1613 15.046967607396624
1614 16.96957731694049
1615 17.15702622795941
1616 15.093218184343135
1617 15.336532543510478
1618 15.297385749832362
1619 15.091835680178658
1620 15.078304347059012
1621 15.503354087117883
1622 15.293523509500156
1623 15.496587424539642
1624 14.552456095146276
1625 14.506386674272743
1626 14.705828780648691
1627 14.027103690322761
1628 14.382190687977596
1629 14.043670571761918
1630 15.508650597498976
1631 13.998246374805893
1632 14.404003301889093
1633 15.617780979468687
1634 16.800515769072376
1635 15.648751762237648
1636 16.07138818057697
1637 15.541828559355542
1638 15.32745040151873
1639 15.310364981437974
1640 14.272259884396071
1641 14.127901536665554
1642 14.380351007596971
1643 14.826169976706485
1644 15.181541889489802
1645 15.412857075483274
1646 15.948116148099455
1647 16.213437041777475
1648 16.373122567089112
1649 16.15213699962349
1650 16.75616120643991
1651 16.090993028558447
1652 16.501728184208403
1653 16.063081545092246
1654 15.956279406175403
1655 16.343708777242608
1656 17.754075113569687
1657 17.025849596850204
1658 17.934157310707093
1659 17.401822217095166
1660 17.605236172728613
1661 17.08713822752539
1662 16.88020904164062
1663 17.744179080478844
1664 16.902471525796553
1665 16.629923604717014
1666 18.057074153593977
1667 17.67370958606009
1668 17.444972017753393
1669 17.443040729998003
1670 16.670294359097465
1671 16.71572316102145
1672 15.727740991353143
1673 16.533583154591238
1674 16.912158210620223
1675 16.739411683631563
1676 17.283776538554495
1677 16.491014250345113
1678 16.678167313611958
1679 16.15538053569807
1680 16.169178942021126
1681 17.363162732917534
1682 16.551381105408957
1683 16.284017842848936
1684 17.11300958877007
1685 17.306790622187766
1686 17.46829095959361
1687 15.930166858428066
1688 17.550247687985884
1689 17.539656139659364
1690 17.837410650451535
1691 17.101322531733864
1692 18.030243406098208
1693 17.724052473678476
1694 18.318395758289654
1695 17.559824962800878
1696 18.490076824796855
1697 18.109939092032754
1698 17.48716634491955
1699 17.89820056073752
1700 17.790719643000457
1701 16.60741985186271
1702 18.23933323997494
1703 19.209134380441963
1704 20.13804949042413
1705 20.24728273424936
1706 19.558515580551884
1707 20.13495561952923
1708 20.483995809209087
1709 19.729489697390637
1710 18.429308579227776
1711 19.341586734374435
1712 18.430872403163242
1713 18.969287666029146
1714 19.806659323160662
1715 19.461215769989213
1716 18.96649716944953
1717 20.210568252049185
1718 19.31647654945642
1719 18.30301939361028
1720 18.713176927291393
1721 19.35628394095109
1722 18.796059230032206
1723 18.98548794166325
1724 18.928274370625804
1725 19.48519931258301
1726 17.871176408587242
1727 19.065152446105664
1728 18.14399900771783
1729 19.40092477346693
1730 19.011418573275847
1731 20.227767180495118
1732 20.013622211061662
1733 20.006672904878773
1734 19.374380573149427
1735 20.466215557914367
1736 20.025133383661935
1737 20.313581506568106
1738 19.44346496874283
1739 19.204497953426273
1740 19.391271509293855
1741 19.26105698581837
1742 19.469870534413953
1743 19.881956192348156
1744 20.65218468663796
1745 19.945963101540997
1746 20.821400722351225
1747 20.069825501771682
1748 19.93550463198532
1749 19.571346091719874
1750 20.240179466194466
1751 20.020723858359588
1752 20.413560815747896
1753 20.395566119893704
1754 20.451252360234594
1755 20.142472978304717
1756 20.087318913688836
1757 19.818535778636182
1758 19.77226012053617
1759 20.071010101750538
1760 20.124497246634448
1761 20.26317872086358
1762 20.424105526158545
1763 21.049514195419395
1764 20.996079590410396
1765 20.07647185961893
1766 20.383662687658568
1767 19.352568207259036
1768 20.22698893998418
1769 20.064163563687664
1770 20.94153584120748
1771 20.643745145850296
1772 21.235587677174614
1773 21.533214008047747
1774 21.282648880573902
1775 20.82106907505922
1776 19.79645296562125
1777 19.450730886840446
1778 18.932603953576226
1779 20.020058262584048
1780 19.590374068067145
1781 19.858704354105004
1782 20.22512288601628
1783 19.063930071615655
1784 19.034713680245133
1785 19.058465729079373
1786 18.780872110027797
1787 18.475058616565565
1788 19.49952146563197
1789 19.13239955367569
1790 18.88409435082557
1791 19.002431729901275
1792 18.62350805015221
1793 18.940086744607424
1794 18.47456128450188
1795 18.361178369870927
1796 18.337897926070955
1797 20.07112519619475
1798 18.899838080123434
1799 19.12747376021127
1800 19.198284560384693
1801 17.52543967367845
1802 19.164387316158756
1803 19.515775550650577
1804 19.603588949320482
1805 19.476693596174204
1806 20.586752229983098
1807 21.00805370585971
1808 20.935631173951574
1809 20.673769941639414
1810 18.978716407042683
1811 20.075132999981133
1812 19.582566313568726
1813 19.502655344036306
1814 18.960540864728237
1815 18.482102986862014
1816 19.63401571405694
1817 20.106579549917615
1818 19.01531964131394
1819 20.421681151120257
1820 19.77002415828107
1821 20.221614569545224
1822 20.05926558024041
1823 21.04360122358831
1824 21.287307180542303
1825 21.66656371312543
1826 21.218540036704134
1827 21.611395865917387
1828 21.53744462854091
1829 21.10558269246477
1830 20.81304245410379
1831 22.01027024589828
1832 22.45744635896514
1833 22.60312768680708
1834 23.940342481829862
1835 23.58691082697512
1836 24.411503091259753
1837 24.810938863529827
1838 23.444154560360754
1839 23.88499507810351
1840 23.51649413255309
1841 24.200990272100903
1842 23.627678762263855
1843 23.59501242543642
1844 23.99783415704433
1845 22.271234729570274
1846 21.662752314636798
1847 21.906141544958277
1848 21.48468548086383
1849 22.442380899936847
1850 22.31726863225876
1851 22.081001933788478
1852 22.96196334294758
1853 23.237286791913817
1854 22.46497223593791
1855 21.942390534678605
1856 23.108704459449985
1857 22.87484040572726
1858 22.90434756271964
1859 22.743016907892688
1860 22.340149746867787
1861 22.88365722590178
1862 22.945331346714333
1863 22.96192514898881
1864 23.078776667144027
1865 22.925688741854028
1866 22.94852363725525
1867 22.40125029497518
1868 22.070605670551338
1869 21.575839927800452
1870 20.594323776922366
1871 21.268649895951693
1872 22.478969008599474
1873 21.955686163398276
1874 22.688972426588016
1875 22.060904814163088
1876 22.000607798587048
1877 21.80412145778182
1878 21.57995773448204
1879 21.219835092746205
1880 21.62741750225366
1881 22.0736207754268
1882 21.726838713577102
1883 20.915373659785153
1884 22.759220608117825
1885 23.563536630351102
1886 23.54602113496244
1887 24.128049990916768
1888 23.793632452735398
1889 22.400837105885394
1890 22.773169261133596
1891 22.65393501410353
1892 23.40627955939782
1893 23.00729599167318
1894 23.332025588417856
1895 24.588713958319406
1896 25.114023607660894
1897 24.930365349847502
1898 25.59727145536558
1899 25.907537318202003
1900 25.78124320010774
1901 25.393009125515054
1902 26.5623601186615
1903 26.220202182352676
1904 26.39066388294711
1905 25.919238100583183
1906 25.790711506210638
1907 25.512705548728263
1908 26.016521589570438
1909 26.393097448987085
1910 26.656383366981817
1911 26.18430163994141
1912 26.188003095070183
1913 25.88951306659666
1914 25.726448659410657
1915 25.671646582886616
1916 26.94826206257323
1917 26.375048870501512
1918 26.614430896269567
1919 26.116011776867676
1920 25.339534756399104
1921 24.688439358859195
1922 24.350433046323783
1923 24.823528048308926
1924 24.322984468233752
1925 23.996602640768355
1926 24.383757238880158
1927 24.939978706220334
1928 24.75735341654646
1929 23.506510406445848
1930 24.779034284457637
1931 25.47425515162462
1932 26.98217976644077
1933 26.133204105004083
1934 26.247925110998814
1935 26.11967542210619
1936 25.91304333606599
1937 26.834367535198513
1938 26.738676078633596
1939 26.88550386761453
1940 26.426403170395325
1941 25.8545175284015
1942 26.267087639430258
1943 26.668263813014402
1944 26.75226837341784
1945 26.445425573124474
1946 26.55932246910163
1947 27.046166294010245
1948 27.100453357447172
1949 26.33335415350294
1950 26.589736624628806
1951 27.54299263898143
1952 27.142089480147455
1953 26.751315218818537
1954 26.712043560237014
1955 27.766783603862695
1956 27.70755225406325
1957 27.173761867862922
1958 27.73554205657202
1959 27.486552658774052
1960 26.76651837541361
1961 28.054850109755627
1962 28.31751410314675
1963 28.300966825362124
1964 27.844394071734094
1965 27.139573976327792
1966 27.271676951874433
1967 27.03652228889037
1968 25.60566554383305
1969 26.13739879168278
1970 25.90088063611027
1971 26.342337691082502
1972 26.973516767115836
1973 26.779051205465027
1974 27.71728932804716
1975 27.468997536736413
1976 26.82149282908586
1977 27.33256000222339
1978 27.283835196212333
1979 27.107108721268144
1980 27.99023726865102
1981 28.053693054269964
1982 27.512848788224087
1983 27.477899397897513
1984 27.619284256588163
1985 28.622168011889798
1986 28.520697329213444
1987 28.689566759400506
1988 27.97289847805187
1989 28.964376512684943
1990 29.01560563684343
1991 28.37564520664197
1992 28.735662482454256
1993 29.111875713672912
1994 29.109684236562952
1995 28.77181162483821
1996 28.70143478673808
1997 28.763094168249538
1998 28.5538981223864
1999 29.026959269111906
