0 13.999768698398203
1 13.088996499120267
2 12.735855681031474
3 14.023417544786591
4 13.92009704733443
5 13.152969728042018
6 13.517662017148233
7 13.824012565923347
8 13.566036678078062
9 14.085213049919675
10 14.748094366632893
11 14.021470841772574
12 15.129391038358598
13 14.188407924404967
14 13.733504593514953
15 14.0541940636463
16 14.115490949588725
17 14.924158514536513
18 12.94354391645322
19 13.626066160743537
20 13.530839205377593
21 12.7725323261635
22 13.288905189199276
23 13.48206520645021
24 14.069456307016369
25 14.501900178247235
26 14.38183124657747
27 13.081525194683408
28 13.209477649687642
29 12.786444413359074
30 14.418995260209456
31 13.77863597005831
32 14.170067401553228
33 13.896081887941797
34 13.204786116183488
35 13.261797820344917
36 13.238819382055258
37 13.789687810672453
38 13.045450683108688
39 13.058356919790652
40 12.934204137258751
41 13.043168311628111
42 13.717038636643917
43 13.210770497666353
44 13.175431849483328
45 13.604307631041072
46 14.102334153645412
47 14.235409082407879
48 13.933890122506051
49 13.936929858095533
50 13.455258060143581
51 13.74071474469241
52 13.741026607218283
53 12.747155838699697
54 13.488848081003114
55 13.573107425510633
56 14.25171893024801
57 13.634108180473689
58 13.338106642457692
59 13.923364602285263
60 13.677504897141008
61 13.423815624898863
62 13.116628274356001
63 12.921879187959467
64 12.914614167350258
65 14.013827876987293
66 13.94573318335418
67 13.522660161663184
68 13.880125952777304
69 13.90443956032284
70 13.72285124238354
71 14.47097261161257
72 13.676479863968144
73 13.209366957608964
74 12.817907955680434
75 13.806161972439662
76 13.135220785649889
77 13.114524664768252
78 13.37765017783814
79 12.988772816766167
80 12.904883193580329
81 12.701308344884
82 13.0327927540042
83 12.864910398227224
84 13.136682111377139
85 12.879580621932735
86 13.146731066121962
87 13.447629638255505
88 12.83691325735897
89 12.869810164577329
90 12.883597921850095
91 12.67565595283685
92 13.315731255572357
93 13.208808648961522
94 13.247729680249167
95 13.009452791092432
96 13.021444030540913
97 13.107459548915612
98 13.20193285935979
99 12.969620311556513
100 12.838155154140917
101 13.512357717157453
102 13.542597728169577
103 13.063027710281577
104 13.587452355633236
105 12.68071819124263
106 13.262718349097597
107 13.945438953496591
108 13.697915874219992
109 14.060182216860365
110 13.957930196286298
111 14.282145813263641
112 14.34445775954418
113 14.986208091038899
114 14.788920888806038
115 14.08256497878022
116 14.232798024071721
117 13.862742235825198
118 13.896887862629166
119 13.932095317568496
120 14.103345752457246
121 14.657451204671855
122 15.532203122950962
123 13.441385897154815
124 14.416969659161756
125 13.03404690259051
126 12.061423559334267
127 12.548782815913633
128 12.368876598210614
129 12.49087742972119
130 13.023383739596444
131 13.64172046518707
132 13.278929200187866
133 14.244397776839833
134 14.607375331830037
135 14.875710642053058
136 14.32233700547071
137 14.086167283297074
138 14.110992077520537
139 14.065295774393133
140 14.377998749290501
141 15.115230418612564
142 14.765478236899638
143 15.049139118580285
144 13.728946649971515
145 13.780907011766129
146 14.232762449190876
147 14.893583104027966
148 14.572901130182583
149 14.37696820031152
150 13.65928991140294
151 14.510410109920107
152 14.070790730910568
153 14.744375837261977
154 15.12235681841278
155 14.184951084675768
156 13.938791002464436
157 14.181846557031568
158 14.703074406959345
159 14.639729322962738
160 13.771628452741865
161 14.082736673359035
162 13.410036343027485
163 13.655379239505965
164 13.989188546950714
165 13.984569167550319
166 14.428615977053603
167 14.564144545734917
168 14.0876492927609
169 13.300625093724431
170 12.946120951052325
171 13.133817977357877
172 13.236115949220464
173 13.27731729661546
174 13.422598099246551
175 12.802269808961151
176 13.464959277132415
177 13.364738408427103
178 12.539104086512253
179 14.275289146781134
180 13.667716789202176
181 13.338258264806871
182 13.268462636627186
183 14.034811925025988
184 13.468200311639826
185 13.381642844100856
186 12.87135979875982
187 13.561049079379071
188 11.93776877608284
189 12.354536462259647
190 13.318377211419788
191 13.210783289568484
192 13.37507985946575
193 14.508495891616153
194 12.41038313880648
195 12.014115234633062
196 13.176811640087974
197 13.80073809368611
198 13.788109981659643
199 13.229078135783961
200 13.180115100394207
201 13.31925863892434
202 12.455926095410591
203 11.57281953759139
204 12.413385813473678
205 11.712616363438645
206 12.16390074421704
207 11.57778602376547
208 13.14970133429113
209 12.074129306336399
210 12.840854880789943
211 11.69678981118206
212 12.169353291178219
213 11.348818948368908
214 11.446154390183088
215 11.12782032418493
216 10.99420593209215
217 11.82404396861438
218 11.425547115891733
219 12.175884047531351
220 12.152747645682252
221 11.944160214269822
222 11.718376221095706
223 11.77046756840381
224 12.070357950034602
225 11.791839246131252
226 11.42125441839199
227 12.477112710508747
228 11.550411716232665
229 11.105219033021475
230 11.027588707446785
231 11.012435009921507
232 11.150797721129651
233 11.729100127437372
234 10.996525049906817
235 10.077863862302747
236 11.01506105841201
237 10.706015442339618
238 10.250428507316752
239 11.0765904239792
240 10.576334702480368
241 10.763074836023192
242 10.675661908270046
243 10.628686743773233
244 9.938920106882597
245 10.78264788621826
246 10.781789793061682
247 10.452322206513486
248 10.99365958588793
249 10.694445054939099
250 11.39837728380893
251 10.470637539390141
252 10.730390517565832
253 11.424142245348131
254 10.838403901079051
255 10.824595472537231
256 10.068724150578582
257 10.276056223291851
258 10.259501501377578
259 11.406248520266018
260 11.396242573457247
261 10.848923506642862
262 11.648618151733798
263 12.438781116035804
264 11.006650632058255
265 10.810499215295698
266 11.102181271472839
267 10.85007437744778
268 10.356478129633352
269 10.424258078222026
270 11.343237116475876
271 10.877950763034738
272 10.74479610821862
273 11.007538536436009
274 10.888322079375946
275 11.210462088684048
276 11.343505458696301
277 11.275512902086508
278 10.528645367207169
279 10.96720733676515
280 11.010260784038456
281 10.963169910734724
282 10.232515295073311
283 10.480042786588253
284 10.8505788296648
285 10.88296608465827
286 10.90561496119261
287 10.830971275004265
288 10.701758648267413
289 11.141197812952164
290 10.916592931103937
291 10.57055723454105
292 11.027788032803628
293 11.428411972875265
294 11.820952998817301
295 11.444006210357161
296 12.576463393509487
297 11.919656253866743
298 11.484922178582716
299 11.753717962684421
300 11.861523253869336
301 12.27377447367635
302 11.534634371053944
303 11.060853861109893
304 10.624552300621088
305 10.576984917202203
306 11.094396250075905
307 10.750433060467124
308 11.76664159845975
309 11.27333731598194
310 11.026968557749893
311 11.502994603455184
312 12.053135310132905
313 11.116882821817764
314 11.27488794887632
315 11.239547742207115
316 10.143061289863372
317 10.32481037614105
318 10.592919766899916
319 10.378714302196373
320 10.711846587311753
321 11.25614283957838
322 11.596131189405762
323 10.562235426743342
324 10.831559882334354
325 10.923018515879974
326 10.998888962493355
327 10.441054019047872
328 9.508221916347644
329 10.980945277653882
330 10.85819367259253
331 11.069036623235322
332 11.171828148318445
333 10.858609659020585
334 11.243098631379938
335 11.162595520216394
336 11.154879093681584
337 10.768602619475285
338 10.400121256055733
339 10.684741496240935
340 11.020308760041662
341 10.685680955482383
342 10.164829876124955
343 10.611549064911905
344 9.64290955885687
345 9.594678968838117
346 11.23342028143885
347 11.468051357757213
348 10.446908118894767
349 10.895432630726946
350 10.042440219704988
351 10.737894370812855
352 10.578827378855788
353 10.556335004297459
354 10.889145343652077
355 10.807466684487473
356 9.805325135314543
357 10.387433102683184
358 10.777055821005906
359 10.125533228726395
360 10.672146959104234
361 10.963232033242148
362 10.600749828605975
363 10.465487633519615
364 10.490296706234284
365 10.812259862032112
366 11.205815785049213
367 10.081952652482366
368 9.856908547530127
369 9.395372351135645
370 9.836181069088497
371 9.70306014229053
372 9.9084324590521
373 9.956023082962703
374 9.848615161842968
375 10.587560821535051
376 10.503473961205763
377 10.177018420680685
378 10.094736808794915
379 9.958786332546774
380 10.415163964991365
381 10.259303500091537
382 9.353415934733086
383 9.405819261856223
384 10.60479496877393
385 10.20086408509483
386 10.135315771067155
387 9.811308244819209
388 9.810942075280972
389 9.330257212383446
390 9.676265595945837
391 9.71927904197745
392 9.821111563294874
393 9.697900326527702
394 9.737736057302055
395 10.233770515590038
396 9.783725700941657
397 10.070861799132263
398 10.251833568686273
399 10.156925207350866
400 9.817908320739479
401 9.58395446458032
402 9.784091705666684
403 9.680465901431072
404 10.30609307863203
405 9.066955299220844
406 9.012919160449314
407 8.229606629400461
408 8.761131194796892
409 8.925870264731293
410 8.770028226126668
411 8.454406005670933
412 9.038692877982173
413 9.201696414515352
414 8.72266011036887
415 8.810793296758927
416 8.438733792164284
417 9.117827121239921
418 8.932542137437409
419 8.953873206915498
420 9.150844901992878
421 9.521650019397566
422 9.426240842964802
423 9.048027303585258
424 8.54407405182867
425 8.94054039183031
426 8.886388844939049
427 8.781896647614035
428 8.688396682470248
429 8.179390814633347
430 8.956143095469027
431 9.999008018393877
432 9.040956352704733
433 9.315075834352973
434 9.17452421077742
435 9.73401496336457
436 9.904631097916383
437 9.67461057004498
438 9.442148295699193
439 9.529916673301239
440 8.658991914331565
441 8.682468798608824
442 9.007664436741397
443 9.613307410503626
444 9.827409766091995
445 8.41029221143968
446 7.996269156401788
447 8.728546824842125
448 7.164631949514206
449 7.335114000308048
450 7.488126284177241
451 7.715356152396321
452 7.710017359431583
453 7.572532280653045
454 7.986151631592287
455 7.731886365233586
456 7.546856871041922
457 7.2579784060911985
458 7.741606675715105
459 7.622650665813216
460 8.289017615801665
461 7.334348575661536
462 7.299824254755446
463 7.646878564892117
464 7.520959155243648
465 8.35698138747697
466 7.683598544213844
467 8.051859154878889
468 7.6295426367327845
469 7.893340886695928
470 7.369624704041282
471 7.8303001150810605
472 7.831285285246193
473 8.577482730592768
474 8.531962356414102
475 8.706818039030015
476 8.54257240283617
477 8.189450813403903
478 8.132920158818777
479 8.616560329181821
480 8.216565300186678
481 8.712866898351809
482 8.617756773933035
483 8.772918839440466
484 8.0335741949639
485 8.507680662579087
486 9.20182291439084
487 9.051182095333203
488 9.574305121163821
489 8.4917060721669
490 8.264619430736957
491 8.641637536143175
492 8.18203185309209
493 8.65607762592939
494 8.777166138655833
495 8.690352224483046
496 8.186560632290318
497 8.323770204783628
498 8.865966380520316
499 8.63960910747251
500 8.64387254535462
501 8.804085438905567
502 9.296525249072094
503 8.233796497658474
504 8.06145269125807
505 7.745211665225846
506 8.087626789808173
507 7.829933462085875
508 7.768760161327902
509 8.574736866777135
510 8.367926267091837
511 7.945927267070612
512 7.63702317852917
513 8.65213377242358
514 8.124739309476462
515 8.59753124519485
516 7.836603751098014
517 8.390825731828915
518 8.903382762732686
519 8.678472957789403
520 8.84144259202575
521 8.865712685325914
522 8.323423652750636
523 8.203850678048191
524 7.989190960468251
525 8.101533652150122
526 8.308052721170085
527 7.9380743752981076
528 7.974771332602395
529 8.308384831260724
530 8.502308870031747
531 8.04158919837768
532 8.264513337305115
533 8.519739073326857
534 8.152775284754846
535 7.5676754138305276
536 8.034254220134109
537 8.340698404811793
538 7.595990494585035
539 7.952994931156887
540 7.663868015611867
541 8.2863439625783
542 8.48365544311128
543 8.794330944391271
544 8.51446130135512
545 8.649236664195953
546 8.74313271870995
547 8.485829782505323
548 8.561306502220388
549 8.584424016388834
550 7.936783033285253
551 7.845015405691121
552 8.070310110976495
553 7.999009990011638
554 8.825378699179266
555 8.758215574510192
556 8.67339872795422
557 9.041853422003127
558 9.259076730852698
559 9.0662170443195
560 8.702414609609303
561 8.375617057133661
562 8.36401543629929
563 7.8116139687727255
564 8.079026873368965
565 8.166211465566892
566 8.755782188960662
567 8.170722975853774
568 8.528816774659644
569 9.339589984510225
570 8.559102051597034
571 8.010820093476388
572 7.942218858233162
573 8.81967356735944
574 8.375998756598232
575 8.46198109111524
576 8.762508860293458
577 8.500106279014801
578 8.93305974093933
579 8.233751605849767
580 8.982991110879523
581 8.774545741123909
582 8.535041190419143
583 8.840620499134115
584 8.204348295986417
585 8.54081151575044
586 7.56052051462688
587 7.581233822459265
588 8.71086036324869
589 8.515496462312592
590 8.212182725663718
591 8.640783638212934
592 8.587575243463235
593 8.431306080913997
594 8.707913912355474
595 8.673853057767738
596 8.86051739841437
597 8.610734857875425
598 8.572834992741866
599 8.245118822577286
600 7.813587559008015
601 8.234188349175032
602 8.790485480102491
603 8.069405139295815
604 8.66898142875358
605 8.597951093051737
606 8.391433970364771
607 8.645173125686574
608 8.275855763509892
609 8.01485849261038
610 8.943188072111125
611 8.423311707612912
612 8.595315631168212
613 8.780225970558128
614 8.018137832554524
615 8.26754741067675
616 8.30374720951004
617 7.490652870563398
618 7.497036095542239
619 7.804339119818466
620 8.538135382836273
621 7.476553949184163
622 7.683767051873498
623 8.218750829004655
624 7.719378439687733
625 7.778106230336665
626 7.632519164035281
627 7.916951104332203
628 8.288164952674999
629 7.672910113428664
630 8.446692512952602
631 8.079508075076504
632 8.277146763241529
633 7.743750330100961
634 7.707905457321815
635 8.463066820585606
636 8.2755110427468
637 8.39684741328745
638 7.729789523305112
639 7.39060864093114
640 7.291255940223631
641 7.659890093682498
642 7.320044968560323
643 8.207418905091387
644 7.895025214617301
645 7.661029320396308
646 7.81240581171152
647 7.549409034189545
648 8.231515557188134
649 7.73413392481289
650 7.2898809096414405
651 7.992842080911798
652 8.389984226628195
653 8.086572880737064
654 8.555550221438283
655 8.779212527848498
656 7.660176931199152
657 8.704589562530439
658 8.22673343979712
659 7.972631968382972
660 7.784904511266569
661 8.626084269769832
662 8.201933131675727
663 7.514939487663315
664 8.276139128384417
665 9.359375526232235
666 9.006221139417214
667 9.36244967276641
668 8.779923097011126
669 8.901587558543994
670 9.150591371389599
671 8.66179948874313
672 8.418100436299149
673 10.04076223004652
674 9.74976635883113
675 9.120421943357593
676 9.561792227427848
677 9.275800573384835
678 9.21146241354569
679 9.136838927077052
680 9.011265861353364
681 8.637360857554267
682 7.549009142988656
683 8.633642751599986
684 8.902899515071246
685 9.033704565071812
686 8.9804961485895
687 9.417952722298253
688 8.99748484219097
689 8.521325476186293
690 8.885796376371642
691 8.625365033266128
692 8.631338560504291
693 8.893190877685402
694 8.893013158606472
695 9.046945251219896
696 9.092463176000946
697 9.45668610878775
698 9.240694858518165
699 8.788704211108072
700 8.827298726538968
701 9.31860583166487
702 9.310529037568784
703 8.470743129374148
704 8.577443639149111
705 9.60530417856578
706 9.389371300805776
707 9.500486903790321
708 9.809308278094878
709 9.328700424020319
710 8.67954977633693
711 8.929157231899813
712 8.659557684143628
713 9.451016038605262
714 8.159682018927676
715 8.682782995244951
716 8.273760362096379
717 8.506915188839018
718 8.650900879646771
719 8.881296068782333
720 8.474242264980846
721 9.030067346675734
722 9.247784017926081
723 8.352367519682666
724 9.130004953405392
725 9.998691863964082
726 9.381369879796203
727 8.966331937291052
728 9.318058544437706
729 8.674084815976405
730 8.85937115227909
731 8.872243783607937
732 9.339301761016234
733 9.163146584784982
734 8.900659946655626
735 8.810296015423805
736 8.966999995174216
737 8.810256466232707
738 9.041312951774088
739 8.004287549088712
740 7.841270876315093
741 8.281397516593673
742 8.514260560066539
743 8.925282713486753
744 8.582061869273488
745 8.187845927469393
746 8.357002052686932
747 8.415192976123462
748 7.445336405971889
749 7.256439705582625
750 6.611767888587914
751 6.534083745794236
752 7.95016962929231
753 7.955729239546576
754 7.443195423577473
755 7.85614153376315
756 8.29772714758642
757 8.899106738991327
758 8.585290389553299
759 7.69186610954968
760 7.572990798049968
761 7.82504318468101
762 8.527182340577735
763 8.089701190425686
764 8.630562708792457
765 8.481167068797847
766 8.61575762543696
767 7.113226293642277
768 8.555015867837739
769 8.005512569962184
770 8.281339994122359
771 9.019962194748047
772 9.400652355893408
773 9.118179483504436
774 9.26735915399853
775 9.541829579005851
776 8.891031204397446
777 8.984617456146758
778 9.549916542186253
779 8.924966254521468
780 9.00251142444254
781 9.072764906828576
782 9.249742287322055
783 8.773106478061488
784 9.162983537427491
785 8.753248349568981
786 8.254339824890739
787 8.494845860834866
788 7.779032311812134
789 8.15294714289291
790 8.035880293227132
791 7.662719026812993
792 8.055693791516354
793 8.459986353691638
794 7.60125430221237
795 7.974912589541073
796 7.756458288730981
797 7.843097229464557
798 7.5074934291242865
799 8.039908356065604
800 8.537862392646538
801 7.900267966279907
802 7.885351274315259
803 7.715496534553464
804 8.3150535964053
805 8.274336010365978
806 7.961292391907786
807 7.948513729020127
808 8.253895901013182
809 8.25228643725705
810 8.667817294918434
811 8.128604630060023
812 7.817214999394689
813 8.50479414099859
814 7.765310203151446
815 8.031822011890037
816 7.7303765722817195
817 8.383961306856289
818 8.410780244928858
819 7.996309244194361
820 8.02501207980128
821 8.758773674073574
822 8.37664497709537
823 8.158290044644433
824 8.234533803772287
825 8.062317008315555
826 8.202115028054108
827 8.462015844439081
828 8.262287437434027
829 7.846717375769311
830 7.9992549231513355
831 7.830279200499964
832 8.288801727403118
833 7.51315757773979
834 7.990718597803402
835 7.502034302229607
836 7.6725761385111
837 7.5173808502668455
838 7.123250504893793
839 7.439256248435286
840 7.204348232659379
841 7.91487744611476
842 8.594650525658878
843 8.52858021541233
844 7.536142944229662
845 7.426586445534092
846 7.428533614700647
847 7.808512070038109
848 7.922048537055058
849 8.055534405713077
850 7.989669791883247
851 8.265928095947723
852 7.921643904741301
853 8.173859010995118
854 7.588710035582212
855 8.17911719410889
856 7.920872641991556
857 7.5547565652212185
858 8.041088650841187
859 8.086046580309304
860 8.1622396562665
861 7.868221051450801
862 8.179379610789258
863 8.210518128996101
864 7.852377278685197
865 7.744472852103111
866 8.218516119583985
867 8.267167527852711
868 8.70677702477238
869 8.393138275542569
870 8.5269514280864
871 8.281687294037292
872 8.301434448246194
873 7.706151642167356
874 7.900810135563797
875 7.646121551848579
876 7.207042601567712
877 7.523487168023328
878 7.620999979576753
879 8.061909398000568
880 8.343440328198787
881 8.536625185256554
882 8.28011103541471
883 7.9599859659307395
884 8.520795012234581
885 8.472846557996103
886 7.997664789762334
887 8.235520472989437
888 8.440608932779517
889 9.560355645421344
890 9.104822443290717
891 9.108919963769514
892 8.599153117844157
893 8.799934696513652
894 8.447940935424382
895 8.69814960440572
896 8.802249940987707
897 8.299331801469924
898 8.878977164708385
899 8.795741286073703
900 9.005944241910347
901 8.759209002977261
902 9.016140357277804
903 8.952460194041732
904 8.922304929958145
905 9.04186561206063
906 8.912949685539246
907 7.9930559393539635
908 8.503912933086285
909 8.03792963129457
910 8.56381430226885
911 8.904958668477331
912 8.910857632702545
913 8.43516782739272
914 8.517819234872825
915 8.322120145642122
916 8.259794906315058
917 8.648200404433666
918 8.530262534025367
919 8.65256173534219
920 8.129616646810264
921 8.651889693739731
922 8.658104754155906
923 9.013176384992683
924 8.801023822308066
925 8.529209166102063
926 9.532999891054981
927 9.473692930561866
928 9.259623991089677
929 9.172881268883481
930 8.94495605789773
931 8.748809902255447
932 8.62444010614628
933 8.201054134529256
934 8.464255215985004
935 8.369740554816389
936 8.241161277035996
937 7.961030038062224
938 8.59544754280713
939 8.368865100623983
940 8.669723166407051
941 8.293505938728678
942 9.012227893877306
943 8.864296921544499
944 8.109791630172548
945 8.192067871499956
946 8.227134287386134
947 7.971440531220329
948 8.223839261830221
949 7.797159562795841
950 8.815625519342465
951 8.551929831309865
952 7.958982386322675
953 8.467739375562354
954 8.492244800360673
955 8.716364249804743
956 8.642818950981697
957 8.740605721091793
958 8.683277765024126
959 8.393348891539798
960 8.167866624424914
961 9.131205700690694
962 8.34064230577824
963 7.889757811344826
964 8.22225723636064
965 8.362478241289102
966 7.6727507627057605
967 7.885267778146399
968 8.625320349904342
969 8.66955641323582
970 8.751463009759053
971 8.550792494053804
972 8.389196964963551
973 8.729385204345965
974 7.843750930689902
975 8.606991792248182
976 8.51843281021178
977 8.655895214534766
978 8.860451435956076
979 8.551308154246964
980 8.729068514442154
981 9.148578998496344
982 8.586376855493189
983 8.69860783844925
984 8.464405046699376
985 8.287391300878907
986 8.188921592014927
987 8.741445842089831
988 8.957915262320332
989 8.674655719397457
990 8.82467836312566
991 8.54027430021847
992 8.65773840113643
993 8.34099230769951
994 8.747955049280218
995 8.80174251095401
996 8.441798533588074
997 8.416021444402514
998 8.29309869719178
999 8.140048255530814
1000 8.545855464612327
1001 8.461719426679899
1002 8.620594596486955
1003 8.701342584059482
1004 8.667136482950411
1005 9.098849246165138
1006 8.147838457726378
1007 8.474521682776885
1008 8.460302518268357
1009 8.471435737040391
1010 8.665677386444917
1011 8.880962845540212
1012 9.047778874916
1013 9.113931506204539
1014 8.69272415800302
1015 8.66773107284819
1016 8.902527852298187
1017 8.324144174229298
1018 8.617483434535638
1019 8.31362278683187
1020 8.79285091709136
1021 8.009384004379747
1022 8.465483808629358
1023 8.80821621468615
1024 8.536700753495822
1025 9.01265603280108
1026 9.209029056981926
1027 9.020170497411748
1028 9.012163882246789
1029 8.611158854662772
1030 8.934675834136092
1031 8.69329636102897
1032 8.7695236434458
1033 9.13136085993141
1034 8.352733227199618
1035 8.486859903852007
1036 8.840770895659558
1037 8.293312682187539
1038 9.272720551293604
1039 8.611815967080227
1040 9.03989267436713
1041 7.992090480254842
1042 8.128486307980161
1043 8.70720398881085
1044 8.865600365276132
1045 8.695505739473907
1046 8.3439205285819
1047 8.101879550202424
1048 7.717741181406717
1049 9.047618318767325
1050 8.53683527633007
1051 8.805559359829557
1052 8.735811995842292
1053 8.63404234797695
1054 8.49997809395586
1055 9.182710345857233
1056 8.758943762409723
1057 8.289150484530943
1058 8.793589797336393
1059 9.26135491002667
1060 9.035967425969897
1061 8.803986884676382
1062 9.180692205741643
1063 9.18344169459179
1064 9.176351511269644
1065 9.183934053088027
1066 9.425661346938698
1067 9.304349696054475
1068 8.597585551745146
1069 8.797007077063308
1070 8.916782886294653
1071 8.833264611821278
1072 8.924969204692351
1073 9.320978845648545
1074 9.187556326878417
1075 9.022174901905386
1076 9.439918252284238
1077 9.340541810883202
1078 8.923853306835174
1079 9.070231638111208
1080 9.538240261454776
1081 8.988255868199962
1082 9.372741477508374
1083 9.341597698049116
1084 8.891111728983276
1085 9.154394904564095
1086 9.053214111874617
1087 9.135688123995198
1088 9.259314755863553
1089 8.957853164790844
1090 8.486030325390237
1091 8.622026032809972
1092 9.27803107423238
1093 9.00275464990853
1094 8.880448229540688
1095 8.763267061546959
1096 9.060422624385252
1097 9.13725336709757
1098 8.980462671104245
1099 9.834038627747098
1100 9.082347435550064
1101 9.552220516866022
1102 9.56019596553097
1103 9.269581089318697
1104 9.025839727067861
1105 9.047481888112856
1106 9.02573503287353
1107 9.482933537308607
1108 9.741570941526609
1109 9.505902005964547
1110 8.90053210710739
1111 9.521218820418762
1112 9.044192116473448
1113 9.302780922372337
1114 9.181980590996142
1115 9.331957179857847
1116 9.213133544782671
1117 9.372233166442745
1118 9.111038340237892
1119 9.66038711061161
1120 9.095178796740111
1121 9.80114359301851
1122 10.081979855970507
1123 9.630811512835136
1124 9.64125462305623
1125 9.43609135248356
1126 9.837004008337868
1127 9.312854972131326
1128 9.890598709822692
1129 9.659838604055887
1130 9.940203411670769
1131 9.304477019062055
1132 9.335255546080662
1133 9.724331496575635
1134 9.263618278116834
1135 9.56186779431391
1136 9.33916136156841
1137 9.510599919520345
1138 10.086777747593127
1139 9.15299255140418
1140 9.328155393862884
1141 9.267898798140928
1142 9.572811038826755
1143 9.676445921502031
1144 9.577694383973371
1145 9.845643442297993
1146 10.233112263828074
1147 9.36665396119782
1148 9.391968019376746
1149 9.289766988146337
1150 9.900158873026113
1151 9.551596905376135
1152 9.647992203006623
1153 9.309942718876929
1154 9.041826702555445
1155 9.799354414221161
1156 9.003402728206702
1157 9.119516334864512
1158 9.408716544570428
1159 9.64489600166222
1160 9.867160782131348
1161 9.382554372736465
1162 9.599436443657536
1163 9.014145335652563
1164 9.63550978021483
1165 9.59150382931927
1166 8.967237289889747
1167 8.748229195214416
1168 10.108872998153105
1169 10.467088334320724
1170 10.096010791171123
1171 9.493779231936601
1172 9.47209841867733
1173 9.370205909424405
1174 9.539295306622407
1175 9.657909128223112
1176 10.368065865291273
1177 9.852388272344324
1178 10.03133834599357
1179 10.043328016886909
1180 10.156563794983146
1181 9.969044716667264
1182 9.321249017000186
1183 9.886856269726547
1184 9.98910115570495
1185 9.845766589313701
1186 9.664781439229957
1187 9.974532472304727
1188 9.671015256485907
1189 9.386003013279327
1190 9.937625953239001
1191 9.4728221397967
1192 9.744282229398815
1193 9.783210582023433
1194 9.23857577677499
1195 9.427867479592825
1196 10.02279674677997
1197 9.828346436782786
1198 9.937367579493301
1199 9.606539804765292
1200 9.574380545779196
1201 8.861212866448584
1202 9.230163097599874
1203 9.721262456241554
1204 10.152496130863668
1205 10.378315357471159
1206 10.21422105908085
1207 9.902567602832166
1208 10.09989157537052
1209 9.883001802769767
1210 9.896823545635488
1211 9.180592308065393
1212 10.126309087924087
1213 10.069197791008643
1214 9.833079622597829
1215 10.631388886232143
1216 10.072232923282753
1217 10.34135301038985
1218 9.86139019497565
1219 10.537883251290642
1220 10.264892386451097
1221 10.108391960433773
1222 10.533348642748853
1223 9.909006373564605
1224 10.516180751370825
1225 10.154050817667956
1226 10.12251208764824
1227 10.420993481557558
1228 10.958694596235413
1229 9.980813078190499
1230 10.083595075774063
1231 10.516656964907389
1232 10.04525105728851
1233 10.108979118779432
1234 10.558032920424225
1235 10.241255498084179
1236 10.30042248038025
1237 11.538373834579403
1238 11.22773295251849
1239 11.6438812255099
1240 11.743638293098806
1241 11.48463273228097
1242 9.73320068402211
1243 10.665202393173518
1244 9.644112055335853
1245 10.12721690839189
1246 10.309044379033859
1247 10.00400596897226
1248 9.903928172384424
1249 9.430233663509748
1250 10.014946659997445
1251 9.871638580623408
1252 10.302054589960294
1253 10.718365225926716
1254 9.684323786243658
1255 9.80400469269344
1256 10.018829560659015
1257 10.246129229494137
1258 10.585761582898153
1259 10.772879942425428
1260 11.058765178827388
1261 10.70507504575809
1262 10.930536637677745
1263 10.226060113341301
1264 10.552998372016626
1265 10.038116417586936
1266 10.105211117231981
1267 9.912641282239965
1268 10.556517856490368
1269 10.076706438056947
1270 9.927723767794546
1271 10.532557487207987
1272 9.877334116626145
1273 10.160786277642947
1274 9.981416973358808
1275 10.331166390167581
1276 9.632518311852554
1277 9.993979213209167
1278 9.932268988739269
1279 9.889603389004195
1280 10.348410543678675
1281 10.188604646744858
1282 10.29548120057309
1283 10.342548788184663
1284 10.17049230727428
1285 10.114609330402553
1286 10.900795900449351
1287 9.61870431393016
1288 10.960903369307784
1289 10.806734209823796
1290 10.720297727888898
1291 9.646799987442778
1292 10.635939966561033
1293 10.100459564116797
1294 10.739369946982114
1295 10.989168214232674
1296 9.808451472956227
1297 10.511255654634706
1298 9.909466646893907
1299 10.371471342033663
1300 10.229251379553986
1301 10.442537444673336
1302 9.631000192605109
1303 10.459463638552506
1304 10.280089031095125
1305 10.997099075830425
1306 10.342439235320631
1307 10.21185179128666
1308 10.369174495980044
1309 10.762384678939831
1310 10.789733380473546
1311 9.784105464832086
1312 10.679700586709696
1313 9.597418748843314
1314 9.597837765207679
1315 10.508265137828342
1316 10.77575985463071
1317 10.906684301886914
1318 11.008840130110578
1319 10.494110979033517
1320 10.460098039438256
1321 10.374383583696895
1322 10.202071441174521
1323 10.272131003960736
1324 11.009877938110987
1325 10.59269839461534
1326 10.044783537933638
1327 10.118020807585976
1328 11.02381628442626
1329 10.539990345152475
1330 10.672548599181976
1331 10.657694858304993
1332 10.566535516755966
1333 9.942546996126405
1334 10.157035599810664
1335 10.14597717257405
1336 9.572227711770775
1337 10.216991281074446
1338 10.25267752812585
1339 10.888751152266325
1340 10.253459579559454
1341 10.555966404554225
1342 10.300481981184804
1343 9.532376193677427
1344 10.117407248213407
1345 10.221923422471251
1346 10.125720995844755
1347 10.61036417947131
1348 11.007298932999836
1349 10.35373170285085
1350 9.532008654564784
1351 10.036232084868443
1352 10.05922866265919
1353 10.152628629186879
1354 10.187444650432857
1355 10.399790088660803
1356 10.28125835310271
1357 10.649835452380719
1358 10.58795576081304
1359 10.175107873842407
1360 10.48198331807152
1361 10.518831034091274
1362 10.998463402096291
1363 10.802411465692392
1364 11.124322456425245
1365 10.612763752986774
1366 10.960364140877717
1367 11.32826110980279
1368 10.474903050810841
1369 10.446077915105295
1370 12.44363549837255
1371 12.810349762165806
1372 12.433473935208694
1373 12.180908505200513
1374 11.298894949829393
1375 10.975791443866239
1376 10.243184696503423
1377 11.106728586419115
1378 11.575537826222257
1379 11.377203901426101
1380 10.275342240602724
1381 10.66487901926734
1382 9.07052616297592
1383 9.584397097386775
1384 10.288919753507342
1385 9.937296738421315
1386 10.925824560469332
1387 9.53387598196713
1388 9.602277645668371
1389 10.102851209260066
1390 9.56945167630836
1391 9.33007230237192
1392 9.55876072459424
1393 8.7034510581461
1394 9.28814953192797
1395 9.307081767236498
1396 9.189899096052347
1397 9.252958228644777
1398 8.90804677662979
1399 9.107587221680843
1400 9.909442136272467
1401 9.31078348399518
1402 8.578035425946958
1403 9.159985077137405
1404 9.25863696379495
1405 7.885591052715429
1406 8.834641450798692
1407 8.466846836466546
1408 8.116053057328408
1409 8.227787468831064
1410 7.891420255388559
1411 9.349065949600803
1412 8.214243189658296
1413 8.175775727618978
1414 8.246649302944238
1415 8.450316695397666
1416 9.182052086437933
1417 10.775372869600693
1418 10.13632479723118
1419 11.042498452744052
1420 10.879837478320411
1421 9.886562892849128
1422 9.609478116145205
1423 9.582239512734173
1424 10.331716242365701
1425 9.868856426482091
1426 10.270308390720446
1427 11.038369292408499
1428 10.591635351421303
1429 10.762161175126218
1430 10.799908237649221
1431 11.233573431571838
1432 10.882204326593142
1433 10.562580345470401
1434 10.408790794695864
1435 10.456074576044067
1436 10.891811801332684
1437 11.483833159071136
1438 10.358790761351086
1439 10.417295719676883
1440 11.282896752567858
1441 10.577730888188254
1442 11.112521771072094
1443 10.564841866179487
1444 11.00270220729299
1445 11.152063219434678
1446 10.767332607857766
1447 10.644729136799596
1448 10.056683833277681
1449 9.348399811101748
1450 9.846289147196034
1451 9.825069607770862
1452 10.473473673491174
1453 9.481273505665685
1454 9.387476697438943
1455 10.271820151595458
1456 9.965145636544857
1457 9.941655552933097
1458 10.132338810350321
1459 10.145993119793044
1460 10.413427372608327
1461 10.225607807676791
1462 10.476299460174262
1463 10.547616378370027
1464 10.30907888217083
1465 10.136106732963528
1466 9.977313232504954
1467 10.309514279576064
1468 9.908009809876765
1469 11.3427647837152
1470 11.706791813726444
1471 12.121030423282054
1472 11.25703939916899
1473 11.471243216953173
1474 11.999245930608888
1475 11.273376923681688
1476 11.218553781069025
1477 11.782486058734461
1478 11.559478909853661
1479 11.29740603742929
1480 12.197602215985128
1481 12.517843705954695
1482 12.04280045334144
1483 11.966463844085073
1484 11.551616498008206
1485 10.864950153057366
1486 10.957293186941024
1487 11.688723562237211
1488 10.585073047900769
1489 11.640022377176335
1490 10.710513110899178
1491 10.865845633714207
1492 11.210440159236844
1493 11.132132387302683
1494 9.818143770431691
1495 11.535267492543127
1496 11.616577635388557
1497 11.33274620417082
1498 11.492660850043311
1499 11.89735725304968
1500 11.195828386103093
1501 11.975125615538321
1502 12.55195854810177
1503 11.981001213513363
1504 11.415428993874812
1505 11.69960225420047
1506 11.11196245638082
1507 11.701331175453165
1508 11.33670377556958
1509 11.338091773657599
1510 11.621369480784733
1511 11.639259203272413
1512 11.270896100099877
1513 11.424983231041605
1514 11.198712944101361
1515 11.839874249802481
1516 11.754571053679514
1517 12.401887125637971
1518 11.870484109170228
1519 12.459037211598641
1520 12.376840805034837
1521 12.828618774887516
1522 12.560979263902142
1523 12.186286601607296
1524 12.147050342779233
1525 12.305553891824617
1526 11.839075230813494
1527 12.741194625833163
1528 11.856179666846494
1529 11.906526506851401
1530 12.217131231347254
1531 12.689150548475336
1532 12.763964073989364
1533 13.335548785391934
1534 12.311942260559103
1535 12.62777565451336
1536 12.434395322109129
1537 12.75028257835372
1538 12.474128749445692
1539 12.850306132247086
1540 12.839688735219939
1541 11.77262187972304
1542 11.927024324940877
1543 12.67419317082699
1544 11.709985545311572
1545 12.256547186379372
1546 12.234103281653946
1547 12.792202091431161
1548 12.586797680558403
1549 13.79312522480233
1550 14.035167236937975
1551 14.678614473989745
1552 14.484268351324227
1553 14.335416776506786
1554 14.007827810084224
1555 13.887651119597832
1556 13.86159149373174
1557 13.965021405109166
1558 13.888703829108215
1559 14.81075804297096
1560 14.290386231560994
1561 13.964375824992995
1562 14.171585141903362
1563 14.38415069899294
1564 14.211055752269594
1565 13.293758467225134
1566 15.046312457023795
1567 12.915797737468328
1568 14.199965273295525
1569 14.228772051970386
1570 14.556907793199162
1571 14.205906004796377
1572 12.887012731585722
1573 13.052816445551748
1574 13.97762570482775
1575 13.064111877782677
1576 13.3365563641043
1577 13.524616615584494
1578 13.64956417906049
1579 13.75025905606693
1580 13.900218347013217
1581 13.442826900704626
1582 14.072080749505714
1583 13.01063583118996
1584 13.634535973453701
1585 13.081023857142982
1586 13.177708575087971
1587 14.993393464933638
1588 13.807120271770629
1589 12.332592634018472
1590 13.576780518148794
1591 13.8849993744341
1592 13.557902662472072
1593 14.023674354797075
1594 14.009064344996077
1595 14.329926866387234
1596 13.43426984321355
1597 13.31529927923258
1598 13.056206488168277
1599 13.59657227969589
1600 13.905609288562713
1601 13.890979007184027
1602 13.667273365138225
1603 13.93402541760116
1604 14.104394509489875
1605 14.837311545610303
1606 15.329748720952862
1607 14.26276410008049
1608 15.185571884828683
1609 14.425635164830203
1610 15.251152099337055
1611 15.361663026101901
1612 15.559798817688135
1613 15.752316804497342
1614 15.267747084073601
1615 14.836267139877174
1616 14.981163091030414
1617 14.969910104600913
1618 15.037646890726629
1619 14.133805576071602
1620 14.798583113514326
1621 14.968051057595593
1622 14.931033688390107
1623 14.083552199850457
1624 14.824622532046673
1625 13.55320388301128
1626 13.737103390433365
1627 14.978327231718877
1628 14.997589729657738
1629 15.6435157860332
1630 16.145700547960114
1631 15.273332575773255
1632 15.485877244193604
1633 15.17089662396969
1634 15.447602037208194
1635 15.864012034215
1636 15.534656140514986
1637 14.632569099887437
1638 16.06131790308321
1639 15.78927840399912
1640 16.73619065431942
1641 16.428934011731073
1642 16.04176021089422
1643 16.149271679667326
1644 15.984544281815692
1645 16.311433222489136
1646 14.977033756794008
1647 15.223786662981578
1648 15.17845512723454
1649 16.191164514111907
1650 15.789828018075408
1651 16.554265416074976
1652 16.157721710410584
1653 16.13201574047212
1654 15.85685894183763
1655 16.56280034546456
1656 17.03983719276998
1657 16.515869715595034
1658 16.91483413264196
1659 16.747375745632798
1660 16.970107450805806
1661 17.320108861994004
1662 17.05450439159879
1663 15.896049036868607
1664 16.3589806732602
1665 16.786402504706256
1666 16.369268231552418
1667 16.431008764831684
1668 17.339312491382472
1669 16.89257297386739
1670 16.764383694628275
1671 16.614382689783973
1672 16.891835186219176
1673 16.714946188847705
1674 15.93836446967252
1675 15.986185238543248
1676 15.501633803950154
1677 14.77802529253228
1678 16.191326061139065
1679 16.27383836908349
1680 16.02177726498823
1681 16.33577352009034
1682 15.594648396671621
1683 14.68867370650267
1684 15.172993348073879
1685 14.5729495181796
1686 14.764441944309139
1687 13.891004491319162
1688 15.577431407912115
1689 15.64490663176621
1690 15.273630734573501
1691 15.378379494081749
1692 15.964922190725071
1693 15.977557263592015
1694 15.438484957897385
1695 15.162310186659683
1696 15.17909906762685
1697 15.183512851863384
1698 16.007927145192735
1699 15.063277548681196
1700 14.817904205290061
1701 15.241129560251965
1702 15.45946359695963
1703 15.275372429166154
1704 15.365350070679257
1705 15.273852106579772
1706 15.702962515576264
1707 14.300468556014293
1708 14.833302163379676
1709 15.404065452251846
1710 14.318047300049455
1711 14.852401676912404
1712 13.464521573233473
1713 14.614120848429048
1714 14.632243842010295
1715 15.21294769325594
1716 14.899177215618163
1717 15.734162183530886
1718 15.28082985369765
1719 16.596613094103493
1720 15.277838579404229
1721 15.652354028764485
1722 16.032310787700105
1723 16.24160603797643
1724 15.581409992262039
1725 17.25522319442574
1726 15.010704187805588
1727 15.67786790135145
1728 16.522729401075907
1729 16.248082321462256
1730 16.051962854838777
1731 15.850006797613224
1732 16.018472644097358
1733 17.168530796352897
1734 16.88607932408669
1735 17.159173158584956
1736 18.24874040621874
1737 17.78828377851057
1738 17.6475376735525
1739 16.41913006348337
1740 17.84442956331407
1741 17.379227449949145
1742 16.79999256019134
1743 17.118129864409266
1744 17.668152437318458
1745 17.731142167272793
1746 18.04245274997684
1747 17.360989063526663
1748 16.886484793446996
1749 16.714789436219867
1750 17.650540240098223
1751 17.313201241793205
1752 17.834089001135016
1753 18.30481928428007
1754 17.787397946299333
1755 18.077042568175735
1756 19.477559180804437
1757 19.27599598581553
1758 18.722150957137693
1759 18.433577465934846
1760 17.85465579560862
1761 17.88340798443334
1762 18.036077043383006
1763 18.446917428603566
1764 19.453634428426067
1765 19.738281348752192
1766 19.14390972948721
1767 20.08940008795264
1768 20.141756474000974
1769 20.240461245673995
1770 19.348057239086867
1771 20.51605247367203
1772 19.763613246095574
1773 20.415926517169293
1774 21.02708491136221
1775 20.902075733204942
1776 19.840980556583233
1777 20.119678861784024
1778 19.827607865804882
1779 19.943745709370145
1780 20.28753794430375
1781 20.97252128616333
1782 21.06015500911354
1783 21.15880160632514
1784 20.584233323135717
1785 20.805924571839757
1786 20.606073940431468
1787 20.998335901379935
1788 20.679765246024232
1789 21.139612108215154
1790 20.0943875953397
1791 21.269874396810454
1792 20.64756148730777
1793 20.256345417427095
1794 21.058558970570033
1795 20.47178354574189
1796 20.358887754057108
1797 20.337145134607056
1798 21.328527183640936
1799 21.39970493484268
1800 21.02889504090394
1801 20.72797085197706
1802 20.86968866204579
1803 21.28194149113335
1804 21.213195666887902
1805 20.10420400224905
1806 20.110558724677883
1807 20.190307026743703
1808 20.61406805235246
1809 20.857032727007525
1810 20.930546295019628
1811 20.952117566121423
1812 21.555655716267296
1813 20.71618023934353
1814 20.302029902181634
1815 20.981842239306452
1816 21.199008989274834
1817 20.430379084325473
1818 20.16048334112434
1819 21.281506462285986
1820 20.37630215777245
1821 20.96560212031525
1822 21.29001892994613
1823 21.588431075673846
1824 21.482387660998064
1825 21.34582362986468
1826 21.48598654383448
1827 21.787244288036018
1828 21.561114412904853
1829 21.956026510942262
1830 21.01086315163905
1831 21.697418855693154
1832 20.92815947827229
1833 20.90490169903829
1834 21.38683828675529
1835 21.018452035294462
1836 21.846778924543134
1837 21.954774049305744
1838 21.602322345714583
1839 20.999999070681223
1840 20.37602614753612
1841 21.113196839883287
1842 20.00303905141677
1843 20.331935279734758
1844 21.11427895205811
1845 20.152940158920426
1846 21.197122545051243
1847 20.80942761375761
1848 21.49929514857219
1849 22.066796225052844
1850 20.460356285540442
1851 20.1836034929714
1852 20.19568966933352
1853 20.102286701988177
1854 21.443179016756655
1855 20.20437627514931
1856 20.819800610319504
1857 21.391321721863054
1858 20.784883665067106
1859 20.877485751202467
1860 21.010547729859965
1861 21.453938383064795
1862 19.547181103042433
1863 19.744560259618396
1864 20.285495382896237
1865 20.32640692112038
1866 20.37740379546633
1867 20.35211115128445
1868 20.209810956667557
1869 19.66626523062844
1870 19.75418255310447
1871 20.21143788533683
1872 19.83932205499366
1873 19.827073725507063
1874 21.103641615143722
1875 19.498968137317075
1876 20.49006531167113
1877 20.641111242280434
1878 20.675182757115035
1879 20.454591963625376
1880 19.96481612067958
1881 20.33003257675455
1882 21.16061257464836
1883 21.061961732157783
1884 19.65360133698924
1885 19.87568399981181
1886 20.938923475557953
1887 20.931712509841898
1888 20.045215533677194
1889 20.449501204665214
1890 19.30039724645124
1891 20.298419145895387
1892 20.559817135490597
1893 19.89080517995128
1894 20.918460842210333
1895 20.468330188176974
1896 21.105763002349896
1897 20.63137907423695
1898 21.465192636149784
1899 21.12526449055939
1900 19.43046453281477
1901 19.277112159572283
1902 19.275156263790198
1903 19.57973416160342
1904 19.669782061239047
1905 19.55981460605001
1906 19.744944486736365
1907 19.924728379244456
1908 20.14444980022876
1909 20.562923026782595
1910 21.05895695010651
1911 21.643303320922037
1912 22.67005577641619
1913 20.975064162751288
1914 21.901824718842878
1915 22.286069643888066
1916 22.342552684422163
1917 23.43310073244213
1918 22.9416915802829
1919 23.29188353744841
1920 22.408860948375604
1921 22.765758413588546
1922 22.119685597244516
1923 21.45534974867236
1924 21.185026425481862
1925 21.3971959569386
1926 19.494702729300858
1927 20.13537461298253
1928 19.87842346544093
1929 19.65078851136968
1930 20.890513200807998
1931 20.677927837003953
1932 20.229425621382024
1933 22.004942200763576
1934 20.745446923097393
1935 20.579520314543107
1936 20.980463365338824
1937 20.404296040679977
1938 21.34557279290884
1939 21.577556220338106
1940 20.765833618107063
1941 20.64271592193401
1942 19.870700824898794
1943 20.76919113121191
1944 19.37253813421211
1945 20.031250221218986
1946 19.83797025043741
1947 19.998558964375665
1948 19.315451687635992
1949 19.612761329149638
1950 19.672857728701754
1951 20.250721052190993
1952 19.19823596040552
1953 21.122047731865575
1954 21.137490011380287
1955 20.74322931362946
1956 20.582213267987292
1957 21.111298463832664
1958 22.45506211961522
1959 21.994409932397435
1960 21.23867531150793
1961 20.464311229438216
1962 20.61484313860041
1963 21.441897506224173
1964 21.2423375931364
1965 20.787415663553034
1966 20.0843483843975
1967 21.536366997504864
1968 19.729088452143124
1969 19.76577252716539
1970 20.192201685174243
1971 19.856397034869687
1972 19.405994994223448
1973 20.569390558060963
1974 19.260172520211718
1975 18.367300960064036
1976 20.35096181915526
1977 19.839139118223724
1978 21.03396580153959
1979 21.088446199541703
1980 20.85321638418489
1981 20.834224756578294
1982 20.416273649015018
1983 19.707447986885274
1984 20.228400988202644
1985 20.096095125786402
1986 21.521072017106988
1987 21.2068726748788
1988 20.421715552225994
1989 21.946061577766883
1990 21.950746692967567
1991 23.322393978064564
1992 23.26981499922078
1993 22.517323118776932
1994 22.910586659237193
1995 22.54274718271861
1996 23.68575387766674
1997 22.56292402671379
1998 23.397664348579834
1999 23.299880710577458
