0 14.431095963183392
1 13.905277952988637
2 14.39415852675703
3 14.454103216125123
4 14.336414231642214
5 13.92521573368295
6 14.90507355392344
7 14.768352044369164
8 15.032207241765228
9 14.755298751442833
10 14.81971508873602
11 14.075896903354971
12 13.933315593960817
13 13.852294553924374
14 14.117303869929941
15 13.906242167546754
16 13.912331855672802
17 14.120955159076747
18 13.656781884898995
19 14.375025614559098
20 13.695620152599448
21 14.066371084398142
22 13.727613523375009
23 14.497604494791013
24 15.401432829921834
25 14.927412825662783
26 14.900459741913863
27 13.977227864384506
28 14.082529711755363
29 14.466779122856643
30 13.327831067922887
31 13.916116144097579
32 13.41671187989946
33 13.659933602456471
34 14.967430470167804
35 14.710934567656995
36 14.912480990710115
37 14.121014215213789
38 13.723299068220008
39 13.33385529722166
40 13.08555718619993
41 13.567192026842465
42 13.791444178281763
43 13.527923408526926
44 13.380061844479236
45 13.763600155471089
46 13.237747740979469
47 13.54436476790891
48 13.626394073237984
49 13.57732792379986
50 14.31182561955098
51 13.496755212009647
52 13.629052766898077
53 13.358889813386156
54 13.450937505752036
55 13.942416000906299
56 13.6522560302708
57 14.044070577596225
58 14.317381576516324
59 13.67871557381543
60 13.164701889069393
61 13.28773356942769
62 13.839649712484615
63 13.08747276437455
64 13.233598131277535
65 13.21347103415174
66 13.336957470989308
67 13.40170976567157
68 13.930777871950447
69 13.166809548188901
70 13.517654482781062
71 14.265952473040294
72 14.860876294699993
73 14.085102043660106
74 14.076698495519432
75 13.192477988533945
76 13.725245153378689
77 13.724665086764212
78 13.776932881281489
79 13.385719695316615
80 12.675137768969389
81 13.225400894345098
82 14.224714129824246
83 13.878049168999286
84 12.982329275295962
85 13.520341874776875
86 12.799629086629057
87 12.728991923612114
88 13.04350707839687
89 13.09331064178899
90 13.706837490712264
91 14.092677644019613
92 13.600136169142052
93 14.177210228544913
94 13.698350857003502
95 12.878692645691237
96 13.51895213274048
97 13.683432408014152
98 13.25036254329162
99 13.177032489124722
100 13.590151723549859
101 13.423808409462715
102 13.73861888570023
103 13.755521702030892
104 13.883740869907706
105 13.688415672102948
106 13.51431099941989
107 13.216316186300848
108 13.240674891802
109 13.26113229604636
110 13.360093928766297
111 13.86051648346161
112 13.481083761930833
113 13.46212343270413
114 13.333159002721183
115 13.357349363273494
116 13.365070665651253
117 13.231105659242223
118 12.95779396455879
119 13.268801368922132
120 13.271191788810302
121 13.124375510719815
122 13.195604929247443
123 13.13966756888818
124 12.68309972711864
125 13.36666703274493
126 13.702477130256412
127 13.28480611580409
128 13.503903068728642
129 13.758462877583717
130 13.318065360934915
131 12.817779183521202
132 12.980377372734722
133 13.304292885422448
134 12.225477667548661
135 13.040046415073816
136 12.904216737049317
137 12.898101558011339
138 12.5977115842118
139 13.274874545791059
140 13.149474505589081
141 12.973609163502962
142 13.234074212850741
143 12.03561959384536
144 12.75372130522761
145 12.143366036524961
146 12.497771513092678
147 13.222037502176647
148 12.416742050925857
149 12.578649173713503
150 12.610827700958255
151 12.3318918319539
152 13.167911252245046
153 12.962298928714468
154 12.419621991075333
155 12.371980490883917
156 12.90517696817657
157 13.689683394228195
158 13.172546683089324
159 13.337731121043234
160 12.561398605933112
161 12.571672705284904
162 12.64949755234209
163 12.792454029847766
164 12.991477849274212
165 12.848622650407021
166 12.835070084204357
167 12.40508460120831
168 12.645302843941176
169 12.915827188150782
170 12.634750369987628
171 13.89239381854364
172 12.815138491228884
173 12.992162166183165
174 12.977584585149625
175 11.851677672973347
176 12.945296684306392
177 12.519604635951808
178 11.97855968961527
179 11.969823158325381
180 12.290338652835592
181 12.590498671046312
182 12.734669586250629
183 12.501488655095033
184 12.080275859088056
185 13.405626556927515
186 12.339470161754004
187 12.96825429778169
188 13.012856178259407
189 12.000632245573335
190 12.05707074226779
191 12.301471608321494
192 12.820061608548947
193 12.996473794256875
194 12.047731781753031
195 11.858919079486704
196 12.360324712146243
197 11.932177429724932
198 11.733524910416651
199 12.634548667768675
200 12.272214044966631
201 11.823974177037039
202 11.51925302874095
203 12.14311895225945
204 11.664957101855643
205 12.237074078854983
206 11.768780317551347
207 12.36461973123273
208 11.770656973208288
209 11.61041737751922
210 12.428886932612453
211 12.30497830746539
212 11.630501856696304
213 12.433219558274391
214 11.770299165811675
215 11.423547399782032
216 11.317822809845746
217 11.3581270699216
218 11.61828845091546
219 11.543056936847108
220 11.30811416668343
221 11.252223397242807
222 11.116934618403892
223 11.705078126628582
224 11.714537828375938
225 11.547930641192924
226 11.284173973238135
227 11.822689467636422
228 11.107018515308651
229 12.044449138901662
230 11.888249322075117
231 11.417696127523412
232 11.480597222685649
233 11.075528831724014
234 11.642329126195357
235 10.486915703037111
236 10.996987405952204
237 10.129099859988628
238 10.429780625779847
239 10.343123631381237
240 10.939154516235348
241 10.78004550372101
242 11.063358252622715
243 11.04719817252747
244 11.587489931974826
245 11.72906978788068
246 11.857644903022925
247 11.409087471897791
248 11.529793473493884
249 11.028255035281234
250 10.524437609173276
251 11.695828976090514
252 10.867500488231995
253 11.641529844647065
254 10.912287045772294
255 11.038268871929299
256 10.778501210680833
257 10.692572322050864
258 10.473443202599578
259 10.53636418414693
260 10.214040968222099
261 10.5850415806636
262 10.459599790473364
263 9.900744543581592
264 10.604994116132287
265 10.579217869653613
266 9.869552892345961
267 10.02538054998804
268 10.662459479841349
269 10.013831934988836
270 9.555285075878771
271 9.73066680661965
272 9.637978660016325
273 9.84087316365877
274 9.931919346770208
275 9.68289426658093
276 10.199379521584373
277 9.610007082365641
278 10.000065273652464
279 10.630876160021096
280 10.376298603325289
281 10.124871687397363
282 10.459571762044341
283 10.66009754777863
284 11.095496396589274
285 10.164451821447852
286 10.187521412014956
287 10.150709634328756
288 10.374275880120914
289 9.70603761223822
290 10.10733950161088
291 9.629357777038567
292 10.092693264900566
293 9.704071893964297
294 9.487423128676609
295 10.123014087223297
296 9.347471858176997
297 10.840868538067184
298 10.121831040273301
299 9.713851210498053
300 9.462364440798224
301 10.093791550185532
302 10.075277529373281
303 9.559721377073535
304 9.834441460680809
305 9.84265588164434
306 9.203861027889861
307 9.07136749900467
308 10.122145834593336
309 10.030294206670568
310 9.884789722621962
311 9.945063773439353
312 9.339748476187978
313 9.80842225688694
314 9.550599722502238
315 10.319672671108073
316 9.8863218684149
317 10.262984531339217
318 9.985112274340164
319 9.926851562882247
320 10.012746463122
321 9.303572722174003
322 9.539852851107808
323 9.63082972303268
324 9.331605262758961
325 9.715994853277001
326 9.468072934264864
327 9.446619154609683
328 9.569860850814413
329 9.11313945766398
330 9.409031666701338
331 9.499553889318092
332 9.585147012332566
333 9.657142776074405
334 9.42517483902923
335 9.083169277651756
336 9.663761064934315
337 9.865154297066027
338 9.8571563058048
339 10.506258149817839
340 10.228467928352929
341 9.644036481973911
342 10.156481470501346
343 10.258882193138945
344 9.74983910820185
345 10.110634597220383
346 9.996510746863608
347 9.590596945080536
348 10.025704789909662
349 10.164346177454588
350 10.14899965370865
351 10.283649214347113
352 9.298446447719146
353 9.900332926153705
354 10.031345830234507
355 10.041435340968562
356 10.108238262356465
357 10.387018828481862
358 10.124257268859516
359 10.20617371392306
360 9.77527466903947
361 9.828949736625264
362 10.639839012031343
363 9.842889328160753
364 10.142637037387313
365 10.242465934423523
366 9.942745284583479
367 9.921147009757536
368 9.994664797251827
369 9.826299744458566
370 9.947019709907623
371 10.3424969581283
372 9.825319797974016
373 9.934235253284635
374 10.230921167327644
375 10.577589111769491
376 10.353037565088542
377 10.57437603195373
378 9.98321285181231
379 9.969139241204086
380 10.359796074152213
381 10.275528170201744
382 10.081092091070378
383 9.96850754428131
384 10.04327060172327
385 10.035000998649782
386 10.745430488022055
387 10.427204739628543
388 10.251020638599641
389 9.892006898054772
390 10.29582237072096
391 9.907925991704609
392 10.217144319352682
393 9.897620445520936
394 9.882002812868274
395 10.051581236615878
396 9.674852144744422
397 10.205946275869445
398 10.35076774956163
399 10.061053692017103
400 9.856295553646
401 9.475441469883453
402 9.950567266743947
403 9.26559417971462
404 10.281635125107574
405 9.578232854342296
406 9.85854816437176
407 9.768723800187612
408 9.987328184942571
409 10.099453252427383
410 10.192649676224237
411 9.91469557846006
412 9.82662037331624
413 10.108584293463533
414 9.885814112128172
415 9.483130364378832
416 8.324822391089153
417 9.514498043348022
418 9.017220883006651
419 9.760360843315539
420 9.211213874070964
421 9.550313747594139
422 9.381818523176815
423 10.131426942094086
424 9.282784884452106
425 9.521977793034102
426 9.427376566886027
427 8.97430091942841
428 9.032187409802516
429 9.301183918635743
430 9.204603783481899
431 10.437088624035843
432 10.657217900992276
433 9.759111101648614
434 10.654076466624455
435 10.67111351529835
436 10.5127121726022
437 9.937986354395274
438 10.658353277037437
439 10.290284363635136
440 10.613314004080289
441 9.932106037841502
442 10.372726390756677
443 9.617400094284422
444 10.350323168793997
445 10.296020970360127
446 9.983704808334554
447 10.034773609964859
448 9.662981276578725
449 9.85537555601557
450 10.023709315269167
451 10.69260630935585
452 9.566301401397213
453 10.539755868947728
454 10.151577073844877
455 9.635467230449244
456 9.864247249615088
457 10.149228512590764
458 9.620737859446637
459 10.677657959438855
460 9.972787843339278
461 9.447399183718582
462 8.992482101636554
463 9.419982055835284
464 9.698378468751518
465 9.80303080157697
466 9.560713628405788
467 9.314409318318146
468 9.345385525857445
469 9.172499517379661
470 9.386795379093938
471 9.328158365611026
472 9.309666818122258
473 9.647849711824033
474 9.836538552542093
475 9.9445609341252
476 10.00654174496232
477 9.054762780266142
478 8.103264358758882
479 8.566808706932346
480 9.423082440189633
481 9.019388186189467
482 9.548526729248755
483 8.837297461607541
484 8.647996904262772
485 9.267554275775156
486 8.3837704840104
487 8.24889964984939
488 9.038622053813713
489 9.169522722415477
490 8.779146982650861
491 7.972538330463154
492 8.326914403118762
493 8.001573077038772
494 8.067893807923088
495 8.103607327980734
496 8.962927565306634
497 8.681675204359914
498 9.640690692070947
499 9.21371032491134
500 8.555037715076038
501 8.554967992518462
502 9.030798652854902
503 8.666034384327991
504 8.787681933385917
505 8.22487964317309
506 8.673239521505872
507 8.554307424830323
508 8.426253135939673
509 8.590151151814553
510 8.590847866331648
511 8.894007017386583
512 8.668802731196042
513 8.58773995675534
514 8.639766662324462
515 8.80446367565893
516 8.625938335108488
517 9.039803349244375
518 8.651780290733738
519 8.36843359267357
520 8.525876837417238
521 8.428012848060433
522 8.390064740804492
523 8.511480420095559
524 7.9976094624395255
525 7.992077307069833
526 7.8398252269806195
527 8.068555822717771
528 8.28957510342184
529 8.476899687110238
530 8.074527127991788
531 8.091595905199865
532 7.870840125693573
533 8.577224699198954
534 8.475350122161446
535 7.738695606326186
536 7.976264564754477
537 7.819107964512728
538 8.420796172721937
539 8.19891520011142
540 7.793982530826647
541 8.273736200135325
542 7.907143730007875
543 7.9846917066830585
544 8.039406724552393
545 7.260773459104457
546 8.008166714676872
547 8.11369079368169
548 7.923682966229347
549 8.087010326276234
550 7.690581953445504
551 7.762182609482868
552 8.048302591385447
553 7.750769749975783
554 7.6580702760372334
555 7.8243738516281915
556 7.563345225805404
557 8.131335809070347
558 7.236099120708178
559 7.737561066287136
560 8.097008945729058
561 7.8835947333885175
562 7.422728350418088
563 7.437680975976058
564 7.68431461457911
565 7.889586966533638
566 7.570286222114749
567 7.699836260320102
568 8.200057981490442
569 7.901371038333522
570 8.184099641784181
571 7.994545261612767
572 8.14074988027197
573 7.990374127852875
574 7.186726993195351
575 7.921234534173159
576 7.972755527934322
577 7.802860631655968
578 7.737368804021159
579 7.904767064105809
580 8.125793794260693
581 8.189035081903294
582 8.310777602412829
583 7.853060200627316
584 7.020046914690448
585 7.841111127956476
586 7.598856183651592
587 7.546112681869562
588 7.082186355005934
589 7.318044497862308
590 8.054930051912269
591 7.595796052890956
592 7.8088226417323705
593 7.321103939784897
594 7.192013751306031
595 6.814718700898736
596 7.432080196632437
597 7.119348334574432
598 7.300505403787161
599 7.632718648038074
600 7.494493027649216
601 7.057205198765791
602 6.880189808330914
603 6.560717836477905
604 6.973493915404473
605 7.851525169266393
606 7.5353857948657454
607 7.430162339765675
608 8.2692607663616
609 7.689284637840009
610 7.08926022774556
611 7.552132843639903
612 7.461919590967368
613 6.645303827440525
614 7.468983736946376
615 7.074545107526629
616 7.518769372422728
617 7.9900184941259225
618 7.7614332022138735
619 7.728963974074562
620 7.425307294738111
621 7.756802403376955
622 7.282940699055389
623 7.5444135424950955
624 7.383528168171898
625 6.290552716637859
626 6.4834037315761535
627 5.980979607402808
628 6.1931694981528205
629 6.358441825159665
630 5.937893676541652
631 5.883733289122079
632 5.518416476422289
633 6.314301478544436
634 5.833910554079418
635 6.006507855694386
636 5.776825634371419
637 5.340061219113727
638 5.9782814660961145
639 6.0980835818417205
640 6.002688468416444
641 5.612486925942181
642 5.714965372214514
643 5.5792296703409905
644 6.144510600162678
645 6.2107673179750345
646 6.41643707307953
647 6.107247436010243
648 6.1157336056884
649 5.32881608635277
650 5.863357707622677
651 6.139271200346762
652 6.191162759384303
653 5.89038895816963
654 5.958693821675892
655 6.277040195463231
656 6.668926157472629
657 6.436256852678358
658 5.617334882875209
659 6.0267713508322345
660 5.611372405398585
661 6.056409598455422
662 6.308263329739972
663 5.568681221553452
664 5.736264951259506
665 5.622498073028833
666 6.205074988410661
667 5.983811060296014
668 5.723427391896723
669 5.992082305084652
670 5.2990142380515985
671 5.768961406383596
672 5.620304005342617
673 5.465256983388492
674 6.392188202185745
675 5.9913930228972525
676 5.721817247410028
677 5.773153827355966
678 6.053887693928428
679 5.7132823030947195
680 5.447034719710519
681 5.2743874248339715
682 5.870308138387697
683 5.713651306990967
684 5.903826774892628
685 6.299899793110503
686 6.054143228531634
687 5.613138309091649
688 5.586137982491138
689 6.551488643724355
690 6.007224828008411
691 6.099476611332214
692 6.33276056518762
693 5.197620232334328
694 5.901056375332534
695 5.707091169343893
696 5.502448216557393
697 5.011303391831393
698 5.620215713417324
699 6.061251778448834
700 5.578602144643779
701 5.93209863843361
702 5.983247134389452
703 5.517729774416991
704 5.28452258249503
705 5.533713500915373
706 5.442890503206501
707 5.67160583440358
708 5.700130837013626
709 5.778644066123508
710 5.591676901775601
711 5.914822977330648
712 5.703761004470236
713 5.78270038751918
714 5.592883277224986
715 5.583640449384308
716 5.409660235749974
717 5.606597044282404
718 5.723057091684002
719 5.4031693808811125
720 5.567558569925974
721 5.6050331183233295
722 5.627849640114857
723 5.492999841896899
724 5.747063894536919
725 5.4425501893208
726 6.1616962393128665
727 5.530547483634725
728 5.526834168221344
729 5.782084750357256
730 5.489764293774088
731 5.474454619026458
732 5.158116317780326
733 5.78715095164007
734 5.908458112748374
735 5.9788209852437415
736 5.892024012679927
737 5.670497785177576
738 5.669407296232179
739 5.758405307998171
740 5.644815342391325
741 5.359085170502965
742 5.670215648345383
743 5.532421240396989
744 5.635106660989724
745 5.979248484721537
746 5.416527141503162
747 5.891489694994021
748 5.901838843680453
749 5.371758167770783
750 5.59607809049105
751 5.367587240604509
752 6.131156902050133
753 5.634886373518143
754 5.914482940583082
755 5.600009416669964
756 5.739420544883902
757 5.33220408708584
758 5.8577655357696745
759 5.881498282408312
760 5.6889176568971624
761 5.759718324093798
762 5.608795102964966
763 5.157761735874138
764 5.757876848773029
765 5.356979425745706
766 5.569447006795132
767 5.517882629428933
768 5.224245081352824
769 5.465626534181022
770 5.629072938477689
771 5.365758957145216
772 5.331350387501194
773 5.66412744230951
774 5.284316192697531
775 5.282452103612494
776 5.369011807240493
777 5.309358034326059
778 5.323384646728947
779 5.884007050877474
780 5.70961852558213
781 5.911708169834213
782 5.163435128276597
783 5.908192798570963
784 5.41719214679908
785 5.859013643942972
786 5.469178878387464
787 5.867128905334147
788 5.499656739529063
789 5.805792179276708
790 5.428744853211114
791 5.630992923887576
792 5.475999428921053
793 5.656995277392337
794 5.077237114873447
795 5.889575588044872
796 6.235260011116194
797 6.05925583326003
798 6.396639439099293
799 5.947850314806965
800 6.4035626936956955
801 5.997041331182902
802 5.793574166540458
803 5.869908258423145
804 5.446934643034715
805 5.097384899179507
806 5.174851360894031
807 5.345483087983604
808 5.878370881759934
809 5.128852550457159
810 5.5754101308174455
811 5.475648621014657
812 5.059561399045094
813 5.540480286566648
814 5.601056312568402
815 5.417981148805802
816 5.3042571194666905
817 5.405795834564405
818 4.933569836031666
819 5.733438656889173
820 5.4623456374126675
821 5.745739126930263
822 5.7658257455686845
823 5.475123844349739
824 5.428188320361324
825 5.8056521038991455
826 5.593618318131036
827 5.584887287810659
828 5.119687484452068
829 5.578349085990811
830 5.070201963170747
831 5.5720720357414155
832 5.607907548851921
833 5.4068861083362
834 5.728948693691512
835 5.573272723167079
836 5.613056027299388
837 5.519690396890853
838 5.426673464315555
839 5.3984116120030965
840 5.56959875113814
841 5.13782268642707
842 4.94463038863545
843 4.745454043211453
844 4.58652694824912
845 3.8141394119410204
846 4.003421587009549
847 4.051441940348177
848 3.940934303343675
849 3.93240979734759
850 3.930631030670886
851 3.6459581881937226
852 3.692553438399176
853 3.5574592329826933
854 3.508171746125247
855 3.4149794672346947
856 3.7059616695364204
857 3.576132413841557
858 3.9168071861408236
859 3.5699643256133577
860 3.484758247325962
861 3.6263604618028453
862 3.7103302187197778
863 3.3687321287533463
864 3.5302807922589716
865 3.7660201267391087
866 3.2861134295146877
867 3.939650269249601
868 3.5681528952035837
869 3.5179193056953926
870 3.602377664003805
871 3.2620006281447864
872 3.71704052604331
873 3.8856830421961135
874 3.384999106166982
875 3.5520079216942797
876 3.888048373106297
877 3.0688494620578237
878 3.4104552149143332
879 3.6893111557301737
880 3.7137614745349605
881 3.7546056741749028
882 3.6608986663128915
883 3.482302795713995
884 3.456441746719665
885 3.6119936550906933
886 3.784263468721576
887 3.6799539865442137
888 3.5102424363671942
889 3.422166781315838
890 3.83124133850635
891 3.7253786607974084
892 3.696637701100462
893 3.4194520160950743
894 3.727917869239017
895 3.693401139679054
896 3.666637783250633
897 3.5770365110083233
898 3.772910155936214
899 3.586294771657962
900 3.7529521318519663
901 3.4038822626211074
902 3.6209823835291544
903 3.450059180767193
904 3.6728848281186925
905 3.4315917358844574
906 3.7607719707928733
907 3.689644250643963
908 3.5235712939703148
909 3.4532456079067777
910 3.410983363041538
911 3.7123847485349617
912 3.44163517924223
913 3.4004312633398386
914 3.4688649298879826
915 3.5804773960174368
916 3.7919645839447624
917 3.667164520917727
918 3.584737297701429
919 3.817925587880171
920 3.493774553599323
921 3.50364195866408
922 3.6352133959226376
923 3.463328681074149
924 3.4684184550990724
925 3.51365788129099
926 3.653444857672343
927 3.456506339722052
928 3.6779407079620463
929 3.4315446936933416
930 3.8166871644796934
931 3.5240533676109176
932 3.719210488967853
933 3.705426714833544
934 3.7283220945279405
935 3.5930932847720087
936 3.4719248956140025
937 3.369354413084558
938 3.738825271122678
939 3.6618987358602926
940 3.3634170287443825
941 3.6219014620888803
942 3.502921961756374
943 3.7723232155864057
944 3.750415780860031
945 3.5277311746520903
946 3.4749909580413276
947 3.1130346853960913
948 3.8452290752660923
949 3.335489941448601
950 3.449915634401621
951 3.2915375452295965
952 3.5017509152742448
953 3.3655085138987455
954 3.4960332932016387
955 3.609270723008773
956 3.5237683551010313
957 3.3740785268258997
958 3.3252922979893325
959 3.5705192582382232
960 3.784270840166549
961 3.551225532513464
962 4.059387574891398
963 3.4716455324431994
964 3.626437452553487
965 3.5384654882244493
966 3.7209363992665816
967 3.5957091356381565
968 3.5450331416592396
969 3.5560471533986036
970 3.447875857171758
971 3.558076330818656
972 3.6773754024817804
973 3.463528070449482
974 3.7950608983704726
975 3.9018575166371092
976 3.360468964035374
977 3.5151427398382795
978 3.595827151647632
979 3.4282537851113424
980 3.5536604651185644
981 3.4225421086635825
982 3.2646700878134105
983 3.148857386885195
984 3.4895803793412417
985 3.508382046896489
986 3.5513447091055843
987 3.5908918948091997
988 3.413242179731247
989 3.571793138827417
990 3.4091872576761215
991 3.4512302848640295
992 3.2284410237175973
993 3.396999384887643
994 3.3000070533988137
995 3.261150948702922
996 3.445103132267677
997 3.2637553285797343
998 3.263192761412988
999 3.378701734227061
1000 3.4805946764489937
1001 3.398668544044659
1002 3.3471096196998373
1003 3.487010141868826
1004 3.478255778283685
1005 3.5195890836696813
1006 3.4737919557569947
1007 3.502595230720397
1008 3.3064180291053744
1009 3.8568791285969635
1010 3.6001096622002335
1011 3.621369314141876
1012 3.7098852928643438
1013 3.2581628181781737
1014 3.5138137041161994
1015 3.269969794935723
1016 3.5845143796568784
1017 3.582322239947617
1018 3.545914821270038
1019 3.41477503983617
1020 3.360676384165984
1021 3.469315042432925
1022 3.3217350611203265
1023 3.5872320558357393
1024 3.4056500609479947
1025 3.2096482337646792
1026 3.449534478264928
1027 3.474498684999575
1028 3.6063865211244583
1029 3.413679139449411
1030 3.521951453873402
1031 3.081601142378146
1032 3.110690377290541
1033 3.315233769368568
1034 3.5261542423585666
1035 3.25374977901067
1036 3.144263909597878
1037 3.209710605042792
1038 3.3931069994532774
1039 3.418292255266995
1040 3.414194394163229
1041 3.6168011228263235
1042 3.3246560192679087
1043 3.6003166497489483
1044 3.131286237633279
1045 3.231297715187364
1046 3.3466279099398624
1047 3.127306602453933
1048 4.1303320028615005
1049 3.265422667142968
1050 3.196175274462652
1051 3.1585896281703025
1052 3.2524948510742373
1053 3.2566516705993034
1054 3.2648023212895723
1055 3.3544014597241243
1056 3.4163044633134634
1057 3.2714396525787555
1058 3.493714736353398
1059 3.279753715605749
1060 3.2736426158654703
1061 3.158776976896126
1062 3.0904341864918976
1063 3.1199401235151516
1064 3.1506461673637935
1065 3.245819778065938
1066 3.192241627305949
1067 3.378395569364523
1068 3.431175782909958
1069 3.1664042960094005
1070 3.0508411509444455
1071 3.2718012771153084
1072 3.0945003609587656
1073 3.0841616128802536
1074 3.1788664760228174
1075 3.4529635577833577
1076 3.2549151372661838
1077 3.33711895864747
1078 3.107484240453048
1079 3.376820762105891
1080 3.2036106269818427
1081 3.490182445734069
1082 3.7001263343630626
1083 3.171620824888101
1084 3.314210633298051
1085 3.1277227977085587
1086 3.191786521480018
1087 3.2923567880190223
1088 3.317865173909043
1089 3.36319406258995
1090 3.3122543303944303
1091 3.2731567065876
1092 3.3093575211564317
1093 3.3210151442540976
1094 3.113953200003271
1095 3.2587550621002275
1096 3.2893386619288516
1097 3.3898692971200575
1098 3.4446173745884034
1099 3.4764809927534945
1100 3.6376764243550195
1101 3.3441084765339824
1102 3.3653288763073728
1103 3.772657232220589
1104 3.3945764438904273
1105 3.4362075660440166
1106 3.2136217750106746
1107 3.521710236133599
1108 3.3338519344410162
1109 2.976623367155079
1110 3.5152409830182796
1111 2.9633988588939086
1112 3.174052697238895
1113 3.2040204560303507
1114 3.619148461356383
1115 3.41116237753719
1116 3.1427118519821167
1117 3.348418704726143
1118 3.2059570529097376
1119 3.4808870795046
1120 3.3715972134656833
1121 3.563371018018253
1122 3.1852812230370544
1123 3.150743349693011
1124 3.2309806960851564
1125 3.1820889722073464
1126 3.3696232879422543
1127 3.4538610113413886
1128 3.2924808422911385
1129 3.1944164797664336
1130 3.0774304444187943
1131 3.311133340264827
1132 3.2988368352744475
1133 3.2424566102929457
1134 3.4673117120291885
1135 3.5004322917837496
1136 3.3786269070133588
1137 3.1425142784786244
1138 3.514661842073778
1139 3.214422513947828
1140 3.226916042723209
1141 3.4073547687343875
1142 3.4975940320696597
1143 3.515779005909092
1144 3.5692781321163984
1145 3.743184178223566
1146 3.881528226548486
1147 3.5668609525569903
1148 3.6847076773509957
1149 3.7846876482870124
1150 3.802257392829822
1151 4.204569683639239
1152 3.79655205735647
1153 3.772908261653415
1154 3.9164704934747867
1155 3.426084297612857
1156 3.751135252061788
1157 3.6709489926621797
1158 3.876867090983618
1159 3.7781051547345266
1160 3.63227945576067
1161 3.419723363322458
1162 3.525473281074759
1163 3.400060857846045
1164 3.4919636408886725
1165 3.6003805618940166
1166 3.557316844711828
1167 3.7854032854520874
1168 3.5070666828721433
1169 3.6854670681431756
1170 4.035227880509498
1171 3.650708442752912
1172 3.90638864952083
1173 3.7707995351110557
1174 3.6683016877492394
1175 3.7363251066144554
1176 3.4880462846548963
1177 3.5160377775688114
1178 3.6303948162381277
1179 3.6329639809581757
1180 3.9034270046459865
1181 3.6926775965862118
1182 4.1258386815459
1183 3.769999410176656
1184 3.7525409996028363
1185 3.737707565760834
1186 3.772307274153955
1187 3.6207357113962235
1188 3.6658316359431344
1189 3.7251292354864285
1190 3.564360098076988
1191 3.8836628699472198
1192 3.3416783298752284
1193 3.4331659860422477
1194 4.075502683955954
1195 3.91199373311538
1196 3.8912903984892333
1197 3.7404414089921594
1198 3.9726551161661794
1199 3.7985896305366884
1200 3.7012803904130855
1201 3.51115053071709
1202 3.6940601502269788
1203 3.8392771303155655
1204 3.785416641561837
1205 3.6688733940984117
1206 3.8175073311652903
1207 3.9727560363268455
1208 3.963747159422277
1209 3.782384888755928
1210 3.902707679755389
1211 3.6118788368476213
1212 3.9072761312178903
1213 3.851136058341475
1214 3.9154965959636603
1215 3.6798667740917317
1216 4.573476868785632
1217 3.7294162473699357
1218 4.683984973566197
1219 4.360375772103699
1220 3.589903051728669
1221 3.836669684401285
1222 4.755529358668254
1223 4.152188605653577
1224 3.6966272435980563
1225 3.713355886843622
1226 3.818781307907403
1227 4.208549379723748
1228 4.076684187724279
1229 3.74322590985148
1230 4.123203211878042
1231 4.962368442997766
1232 4.117011441344116
1233 3.8142879962039826
1234 3.877278608592583
1235 3.798607061629857
1236 4.105871883433942
1237 4.043396628050705
1238 5.126342152552656
1239 3.782020370010934
1240 4.256251203184307
1241 4.737300436303775
1242 3.9494364292280606
1243 4.364673777443207
1244 4.1182176602309895
1245 3.9801057282085592
1246 4.075058105670586
1247 4.367315620458472
1248 4.1085880129182994
1249 5.0387713533919385
1250 4.380778849319938
1251 4.511257426507888
1252 3.8274213236923753
1253 4.741542660922329
1254 3.8482959021710377
1255 4.903989155086061
1256 4.663235005546838
1257 5.0026565023564284
1258 4.976120394417368
1259 4.945970367082977
1260 4.096022319182868
1261 4.151177451594243
1262 3.7710790599170547
1263 3.8132669359482123
1264 5.131059936655413
1265 4.5295769490303
1266 5.244518371765107
1267 4.082720549778452
1268 4.819421657677709
1269 5.160544354788066
1270 5.129075285188659
1271 5.296758256790773
1272 4.936333274287263
1273 5.4852425025211735
1274 5.4764800465127825
1275 4.764063149848615
1276 5.235305380618541
1277 5.092847024542708
1278 5.215774455657629
1279 5.962880038065353
1280 5.7442253102482645
1281 5.6129090458438196
1282 5.250264818470468
1283 5.9673055994504605
1284 5.879494017572418
1285 6.099094611592468
1286 5.722063832474464
1287 6.146888065432617
1288 5.866481911423691
1289 5.906057822784879
1290 5.881999842616432
1291 6.132599121971825
1292 6.040014565515277
1293 5.815730067896473
1294 6.49516080694918
1295 6.362653160792022
1296 5.972804396281717
1297 6.43136934589892
1298 6.312830275375869
1299 6.91326569768556
1300 6.868660322159194
1301 6.716171352925543
1302 5.400699142335902
1303 6.4358607352114605
1304 6.385038941540462
1305 6.280112481833949
1306 7.109690593136076
1307 7.431483523610737
1308 7.357576284520063
1309 7.050245621559032
1310 7.330909982400833
1311 7.27578503777974
1312 6.83549207332887
1313 7.391213860200783
1314 8.102384032540597
1315 8.58599169185644
1316 7.889418367810486
1317 8.371538460882682
1318 8.306870230578637
1319 8.249864932959436
1320 8.292219327212573
1321 7.941209353981709
1322 8.41607307341902
1323 8.725975437282539
1324 8.642826572625127
1325 7.734853478569733
1326 7.805580932209227
1327 7.9887893071152565
1328 8.422960184969483
1329 7.458591432367881
1330 7.714832950078424
1331 7.743901720218733
1332 8.466277234550082
1333 8.29492581181018
1334 7.541460926049844
1335 7.377394365774012
1336 7.751686567436466
1337 7.696128219862906
1338 7.930883965680134
1339 9.469282831389313
1340 9.402157784082684
1341 9.644436967782044
1342 8.504080532530525
1343 9.827534729302226
1344 9.35587347951006
1345 10.087126977638345
1346 9.282843209254924
1347 8.488354595166477
1348 8.294442857327867
1349 8.199142896035786
1350 7.843132160737429
1351 8.10735795996054
1352 9.212148914891419
1353 9.24062534017798
1354 8.788312166082655
1355 8.239323700727946
1356 9.255939392303743
1357 8.803987029976009
1358 9.265086805330487
1359 8.76167230099039
1360 8.615787322232974
1361 8.999605030893271
1362 9.82060601299084
1363 9.40487203901085
1364 9.579851729877749
1365 8.910792735559568
1366 7.801454482205643
1367 8.812590428472419
1368 8.539966673044425
1369 9.160849629807638
1370 9.490384612727048
1371 9.405810047011062
1372 9.045915681368381
1373 9.61385721766172
1374 9.52914562228319
1375 9.62188816333824
1376 9.973518052447245
1377 10.233148134311648
1378 9.44289204151097
1379 9.274234450160685
1380 10.004195056527072
1381 9.982836109682006
1382 9.612588215946326
1383 10.089074245042806
1384 9.592004190966325
1385 9.155866754241666
1386 9.045539500394138
1387 9.00963401254326
1388 8.081286355795566
1389 9.266844089931206
1390 9.03977567915429
1391 8.354576760605806
1392 8.71306466292798
1393 9.18137424764915
1394 8.069565340373982
1395 8.183692669147069
1396 7.925389221661962
1397 8.264899315003133
1398 8.659253136502889
1399 8.967404476588028
1400 8.443247759907338
1401 8.73920402883664
1402 9.36376110448094
1403 8.393275941517278
1404 8.434406985342951
1405 8.970378525800092
1406 9.809346550869641
1407 9.095228417409562
1408 8.933443900554693
1409 9.388746002814509
1410 9.232078846040679
1411 9.422589017824313
1412 9.449454985869705
1413 9.713319944604066
1414 9.446992309507891
1415 9.795863682527342
1416 9.15221166780861
1417 9.16717651650493
1418 8.370584387576727
1419 9.295951351142993
1420 9.916675613738175
1421 10.386406522846904
1422 9.930766337092278
1423 10.574736534407032
1424 10.373814584228564
1425 8.929810328447699
1426 9.635722979046497
1427 9.956601548763746
1428 10.213082338223751
1429 11.210450815565808
1430 10.027102654897284
1431 10.058468642008126
1432 10.022216871512965
1433 10.213268054232108
1434 10.818609545567277
1435 10.382221085078818
1436 11.066045972908835
1437 10.487314248408214
1438 10.947817937397366
1439 11.87049443945255
1440 11.545676606592119
1441 12.415300873667244
1442 11.3228854634989
1443 11.59823905448377
1444 11.433268383333509
1445 11.516634571115011
1446 11.807717914260897
1447 11.72089145093235
1448 11.523030125104539
1449 11.201279287304393
1450 13.40429956252886
1451 12.46966959961735
1452 12.752383803826872
1453 12.904743753173307
1454 13.257033618263465
1455 12.549916334223047
1456 12.88001266715477
1457 12.410187527976591
1458 12.573488250600303
1459 12.740031688244317
1460 12.737942539061253
1461 13.584913084614225
1462 13.18083961026227
1463 14.02469083655765
1464 12.9382741548519
1465 12.87122078447291
1466 12.4025203516536
1467 13.14673797346678
1468 12.879356647507048
1469 13.033354420795684
1470 13.48603269571296
1471 12.747474852193625
1472 13.43492879745898
1473 13.39427409443191
1474 13.308396349636412
1475 14.354990760542824
1476 14.800172961039163
1477 14.516964748578252
1478 14.398354890742436
1479 14.88342208112339
1480 14.735478116041064
1481 14.602591676810935
1482 14.973397613440408
1483 15.492762971265698
1484 14.765653717738882
1485 14.65677816464135
1486 14.96043364899154
1487 15.080662274793083
1488 14.25823370336545
1489 14.290212900480139
1490 14.377675901675468
1491 14.276408576124934
1492 14.375293597463362
1493 14.19004177190612
1494 14.328356522455325
1495 14.875011563139731
1496 15.012535056304515
1497 15.031691518859178
1498 14.27534546089266
1499 15.088913876281822
1500 15.293283582745397
1501 14.588370297817297
1502 15.368185823154208
1503 15.776564161584554
1504 16.110858848201772
1505 15.358657797722216
1506 14.039434935656358
1507 15.530818963518545
1508 15.700549487733682
1509 14.816468531611395
1510 14.721927434928396
1511 14.18294526436844
1512 13.708943923813603
1513 14.508917466595983
1514 14.915563878959299
1515 14.752035063345486
1516 13.867487812047655
1517 14.723825914626314
1518 14.217743758542543
1519 14.67210247538964
1520 14.03569972302903
1521 15.879107847415554
1522 14.787123222615538
1523 14.062272444297673
1524 14.19675962818206
1525 14.279234612242874
1526 14.515290862678398
1527 15.731426626678582
1528 14.384518456473705
1529 16.028123463344897
1530 16.292868647338622
1531 16.26621663772057
1532 15.38252258299547
1533 15.932218489523057
1534 16.487069252709677
1535 15.40082312885919
1536 15.189090107937998
1537 15.657464470845165
1538 16.15564075166116
1539 15.50714549417608
1540 15.645186469016497
1541 16.032984408376876
1542 17.090308960482485
1543 16.51510969684666
1544 16.266682186690264
1545 14.466441290269737
1546 16.204039086810454
1547 15.535152933115906
1548 16.40216348270026
1549 15.590357029645364
1550 16.03429440196704
1551 16.61182636546442
1552 15.929868734898443
1553 15.164311663345414
1554 14.522018584721014
1555 14.825011929437746
1556 14.202354743362767
1557 14.542343371721559
1558 14.892041295945068
1559 15.773710953882643
1560 16.54438981962926
1561 16.540009251404996
1562 16.019730726152254
1563 14.130849157357082
1564 14.509312125889414
1565 16.19971251638359
1566 15.715298521448323
1567 15.903434826369544
1568 15.64797401764361
1569 15.245990664212554
1570 15.788543556531067
1571 16.307374080257627
1572 16.16217772700521
1573 15.492765527031665
1574 15.429433605329669
1575 15.510129688588165
1576 15.858962092272348
1577 14.966001655670919
1578 15.989244231068744
1579 16.26676119396488
1580 16.337927818230447
1581 16.17174421645753
1582 16.401659500953045
1583 16.114065421321012
1584 15.872095902507386
1585 16.452090893517376
1586 16.130432049649606
1587 16.140580148892603
1588 16.67042193690307
1589 16.602981115366262
1590 16.647365826391006
1591 15.79118895181297
1592 15.472703338631394
1593 16.12336144149648
1594 15.611999215402314
1595 15.712859151881688
1596 16.15752087417902
1597 16.51773763837658
1598 16.187537563017894
1599 15.6962579756786
1600 16.398707531260374
1601 17.339340965479053
1602 17.4739918264833
1603 17.948435286959775
1604 17.382063399361645
1605 17.54561732420014
1606 17.731837073426345
1607 17.49019123871187
1608 17.56657658412366
1609 17.711565513205542
1610 17.195188316795758
1611 17.461571936874915
1612 16.912009873849716
1613 17.5707876991692
1614 16.969469825412425
1615 16.723880448238653
1616 16.79832012424832
1617 16.146425669254807
1618 16.180502866174134
1619 16.387457145020278
1620 15.695990262756071
1621 14.593450951693647
1622 14.502088388212591
1623 13.838371309884993
1624 15.411110831670944
1625 16.014283895199252
1626 14.565811677214386
1627 14.517482788068811
1628 15.451954104612721
1629 16.17037958551346
1630 16.11358410467535
1631 16.08919661949642
1632 16.04957644167286
1633 16.36279554492499
1634 15.707138192578695
1635 15.439649500617058
1636 15.180136540793134
1637 15.112738528574607
1638 17.071698202301793
1639 16.423991964246877
1640 16.240818451458566
1641 15.752095640325683
1642 16.460256741196794
1643 16.47225767308885
1644 17.07365704526189
1645 16.325113626680082
1646 16.865254078381646
1647 16.98816164280818
1648 17.121337172120086
1649 17.537397275156454
1650 18.008337440839014
1651 18.020159012298908
1652 17.276713391563785
1653 16.86499391925587
1654 16.28022625044647
1655 16.88522411052641
1656 16.81811463916155
1657 16.667024099786655
1658 16.035207422755075
1659 16.693626457919382
1660 15.999141687220252
1661 17.682608184595225
1662 16.839319655226507
1663 16.780800284872807
1664 15.96744583154606
1665 17.14659311761821
1666 16.043725757129664
1667 14.560672110862567
1668 15.574036743194899
1669 16.459531477762155
1670 17.102177412031658
1671 17.194900408661038
1672 16.087876763269897
1673 16.003336385514263
1674 15.869219957259133
1675 16.68455723951777
1676 16.779280988690346
1677 16.391573294231875
1678 16.86606614307133
1679 17.157801073540593
1680 17.44867542487058
1681 16.538066484128194
1682 15.62352409572518
1683 16.873999305157252
1684 16.77752792808852
1685 16.808132167030507
1686 17.195263000536407
1687 16.97840745150684
1688 16.17975700563246
1689 16.434641308668844
1690 16.11932289345856
1691 15.757214726708193
1692 16.670152971351868
1693 16.248975115643706
1694 15.913051054394082
1695 15.694800694721552
1696 16.442866186329493
1697 17.420608093322326
1698 17.305647022209495
1699 17.225675260556457
1700 15.097267651397978
1701 15.948093875228707
1702 16.99883215650632
1703 16.358651110119915
1704 15.669423064639718
1705 17.040736871183324
1706 16.846612535682016
1707 16.78589011813046
1708 17.160409625002075
1709 16.902094907479558
1710 16.70589014387125
1711 17.01863972318255
1712 17.08341273763566
1713 16.954251446004
1714 16.265255980383877
1715 16.12770141154068
1716 15.85075473849356
1717 17.088258579089008
1718 17.767190067763806
1719 16.718373028021897
1720 17.46284615676756
1721 16.939202346750477
1722 17.127936081993372
1723 18.112604510646722
1724 17.45808491201825
1725 17.18025624344496
1726 16.910739425403857
1727 17.326769466957266
1728 18.063840739562686
1729 19.004879861810224
1730 18.156067809103916
1731 18.858905050142894
1732 18.441959334229537
1733 18.53557383850098
1734 18.468436988808172
1735 20.030167838273567
1736 20.38176990958714
1737 20.731498973559987
1738 20.882050063832054
1739 20.581308601289564
1740 20.731800406483487
1741 20.205840901123185
1742 21.060330836777208
1743 21.57060890114532
1744 21.542538996015285
1745 20.739238247527712
1746 19.679915462701988
1747 19.34062827547268
1748 19.573436636209834
1749 19.51153102432783
1750 20.26546420479031
1751 20.584849563179997
1752 20.70310477358637
1753 20.588750955690326
1754 20.397385189660707
1755 20.322300808306895
1756 19.663851348614884
1757 19.3292064301733
1758 19.696745966472857
1759 19.45763299411709
1760 20.463302528464684
1761 20.573712382501938
1762 20.10249981923824
1763 20.965809303970474
1764 20.91651640200765
1765 20.986954155258125
1766 20.592573543871726
1767 19.690849744393265
1768 19.823357186471398
1769 20.038601622918648
1770 18.8184308551183
1771 18.093545449193705
1772 18.994698448848535
1773 19.04357129904353
1774 18.518146225320997
1775 18.95306984122109
1776 17.909991390089484
1777 18.250027406679884
1778 17.946264116391262
1779 18.00395597966223
1780 18.55376329045598
1781 18.46620769186878
1782 18.69108108078276
1783 18.381464469951503
1784 18.879564147649916
1785 18.937778780295574
1786 18.743850085757625
1787 19.305151139460865
1788 19.075549233656726
1789 18.944436574044616
1790 19.4491824540879
1791 18.104065604149813
1792 17.15917335965969
1793 16.857683822354254
1794 18.033645854478962
1795 18.55299529850681
1796 18.823766757425446
1797 18.92108852967669
1798 18.921467057822596
1799 19.42820929832137
1800 18.94740505095815
1801 17.704333915286945
1802 18.434668650818416
1803 18.30074467386114
1804 17.734131247652957
1805 18.244097848359655
1806 18.31524319161344
1807 18.83784942736659
1808 17.841635353767007
1809 17.970022604309417
1810 18.36985717100475
1811 18.885615449452295
1812 20.36487522169454
1813 19.441477865528032
1814 19.627462556777893
1815 20.763250634260796
1816 21.066102602842946
1817 20.373732533066548
1818 20.503294042395883
1819 20.18447963103804
1820 20.118782490636978
1821 20.089298360213714
1822 19.920124706736768
1823 19.587558027736353
1824 20.453023984868135
1825 18.541199585576084
1826 18.69023295990374
1827 18.611972621413358
1828 19.308395826269923
1829 18.692651026116355
1830 19.039221833915988
1831 18.24013014471034
1832 17.88667649007195
1833 19.053578656969496
1834 18.294802397465233
1835 18.00010953260923
1836 18.040903079478046
1837 18.07637364248339
1838 17.47972786840226
1839 17.342400620775784
1840 16.533689908341454
1841 16.73133692948388
1842 17.14561356938987
1843 17.20407865670986
1844 17.265621035112307
1845 16.68531640074376
1846 17.918781227246708
1847 17.319271799924167
1848 17.254724486053064
1849 17.07656596989968
1850 16.839374285488272
1851 17.12547706514604
1852 17.930407014249102
1853 17.74178617260925
1854 17.414950207854663
1855 17.395251605059013
1856 17.016151707512375
1857 17.96691430598962
1858 17.489202079232456
1859 18.06062936590032
1860 18.54672001623508
1861 18.56697826570294
1862 18.60184489267053
1863 19.314329776082854
1864 18.463793670839458
1865 19.152836473199052
1866 19.182422207096472
1867 20.03269934313469
1868 20.3718601626535
1869 20.084997877241513
1870 19.09104646303296
1871 19.78439144212074
1872 19.813379747519583
1873 19.615313360333555
1874 18.770334325012094
1875 18.4386052016681
1876 19.180727636130538
1877 18.651819745523536
1878 19.50896539139612
1879 18.55240111567639
1880 18.719321572906132
1881 18.48115147526328
1882 18.817479797755343
1883 19.133358428672985
1884 19.59313566391531
1885 19.830039058361038
1886 20.562956528814993
1887 20.091691537501585
1888 19.599085776285932
1889 20.026103515146456
1890 20.184397664294195
1891 20.118200461753524
1892 19.171009867104132
1893 20.00180622337782
1894 20.700672585621895
1895 21.972047678364948
1896 21.22607069678037
1897 21.034790680461448
1898 21.45188159451452
1899 21.66576092188096
1900 20.867051342664855
1901 22.780163422122108
1902 23.029400179851834
1903 23.110040724493825
1904 22.779527004456398
1905 23.390328820667435
1906 24.16401233751925
1907 23.267063039477495
1908 24.155453861885448
1909 22.86797650284356
1910 23.153493814267275
1911 22.82013328599734
1912 23.304854745428134
1913 24.1212266046426
1914 24.285739865541153
1915 24.925315769900582
1916 24.608419429876754
1917 24.117423024968403
1918 24.84228343716469
1919 24.950522209652906
1920 25.39968763339093
1921 25.312216094428504
1922 25.202314463339643
1923 25.484786210449183
1924 25.10694225700541
1925 24.744062004958053
1926 24.820386035254067
1927 24.457356339494158
1928 26.1749394834175
1929 25.86232188004785
1930 26.03559382580786
1931 25.515003655062053
1932 25.70114890905488
1933 25.255821166339118
1934 24.23515008601841
1935 23.905498234863995
1936 24.117974756348946
1937 23.93450623422724
1938 23.3390824931154
1939 24.81782716113101
1940 24.213702345562837
1941 23.028138247392707
1942 24.479378106179176
1943 24.33148369398716
1944 24.138947325660308
1945 24.753125167820148
1946 25.132372314419623
1947 24.659924161015663
1948 24.877980634390674
1949 24.84301612076491
1950 25.314948256053004
1951 26.1353056423882
1952 25.79203224040322
1953 25.63583246618918
1954 24.8481068648308
1955 24.26717351036434
1956 23.891529958315846
1957 24.09066881739266
1958 21.81277263762871
1959 23.077074225002363
1960 23.151214273250915
1961 22.665129819946984
1962 22.76145250351483
1963 23.05973338580942
1964 24.283716124064288
1965 24.824681960536996
1966 23.84218544768366
1967 24.04821808507617
1968 23.586476669616086
1969 24.408557222581734
1970 24.13376909238183
1971 24.5147840969303
1972 25.128678227111745
1973 25.845918950108413
1974 25.462038966332052
1975 24.169485419087522
1976 23.249177294858374
1977 23.479076551216465
1978 23.842109938766423
1979 23.91520384048007
1980 22.588018152000394
1981 22.73255289438359
1982 21.568576710023546
1983 21.43928056873864
1984 21.89371820262485
1985 21.19065979653987
1986 21.869586321227217
1987 22.018312727801966
1988 21.544601296550674
1989 20.684626807693505
1990 20.307573302226036
1991 19.755182951183567
1992 20.317334207757742
1993 20.46421177948977
1994 20.43562606637871
1995 20.68979874597733
1996 21.142721139467646
1997 21.3413543307791
1998 21.97495389960191
1999 20.91884627863232
