0 0.0
1 0.5851176381111145
2 0.619907557964325
3 0.5257166028022766
4 0.740848958492279
5 0.4316003918647766
6 0.4289630055427551
7 0.5728376507759094
8 0.6072404384613037
9 0.439805805683136
10 0.5804714560508728
11 0.4966607093811035
12 0.7378124594688416
13 0.5822065472602844
14 0.7820619344711304
15 0.8461170792579651
16 0.6764744520187378
17 0.5547065734863281
18 1.1360443830490112
19 0.871324360370636
20 0.6349120140075684
21 0.6911208033561707
22 0.6126046776771545
23 0.7035122513771057
24 1.3288238048553467
25 1.3111380338668823
26 1.0823371410369873
27 1.570068359375
28 0.8147118091583252
29 1.0522783994674683
30 0.8334939479827881
31 1.2454369068145752
32 1.0578839778900146
33 1.011111855506897
34 1.092860221862793
35 1.1209402084350586
36 0.9521024823188782
37 1.1838352680206299
38 0.7082977890968323
39 1.1883726119995117
40 1.2915515899658203
41 1.3087280988693237
42 1.602711796760559
43 0.7883813977241516
44 0.8947216868400574
45 1.2177726030349731
46 1.1483157873153687
47 1.3384150266647339
48 1.3066380023956299
49 1.6370307207107544
50 1.8777267932891846
51 1.7040205001831055
52 1.5972622632980347
53 1.6297773122787476
54 1.644723892211914
55 1.3339154720306396
56 1.6042276620864868
57 1.4309747219085693
58 1.530261516571045
59 1.3601945638656616
60 1.9011906385421753
61 1.7691504955291748
62 1.6224071979522705
63 1.5547540187835693
64 1.6140518188476563
65 1.5397963523864746
66 1.1458584070205688
67 1.4762797355651855
68 1.470625877380371
69 1.7060381174087524
70 1.4399334192276
71 0.9937508702278137
72 1.6949399709701538
73 1.685770869255066
74 1.505537509918213
75 1.0377675294876099
76 1.543258786201477
77 1.623816967010498
78 1.4350217580795288
79 0.9805671572685242
80 1.0679913759231567
81 1.5549575090408325
82 1.7172009944915771
83 1.141015887260437
84 1.6619125604629517
85 1.4838277101516724
86 1.4967344999313354
87 1.640836238861084
88 1.5779227018356323
89 1.026626467704773
90 1.6127891540527344
91 1.5325779914855957
92 1.2272852659225464
93 1.5043222904205322
94 1.1750982999801636
95 0.8964478373527527
96 1.1316429376602173
97 1.2981222867965698
98 0.9676108956336975
99 1.2272695302963257
100 1.7220990657806396
101 1.2278861999511719
102 1.4022916555404663
103 1.4134352207183838
104 1.3108398914337158
105 1.600366473197937
106 1.4160627126693726
107 1.3867521286010742
108 1.200980305671692
109 1.7630367279052734
110 1.7788047790527344
111 1.5360268354415894
112 1.9017775058746338
113 1.5525879859924316
114 1.6728779077529907
115 1.6220076084136963
116 1.4856815338134766
117 1.1704776287078857
118 1.2900505065917969
119 1.40144681930542
120 1.6549381017684937
121 1.5973066091537476
122 1.0395108461380005
123 1.1388262510299683
124 1.4573566913604736
125 0.8091140985488892
126 1.2763991355895996
127 0.8973289728164673
128 1.453558325767517
129 1.1162774562835693
130 1.1247302293777466
131 1.1754564046859741
132 1.643027901649475
133 1.1346150636672974
134 1.3168978691101074
135 1.388582706451416
136 1.2027473449707031
137 1.2956736087799072
138 1.4409040212631226
139 1.5921252965927124
140 1.1722086668014526
141 1.399430274963379
142 1.2859669923782349
143 1.260831356048584
144 1.2593666315078735
145 1.3786647319793701
146 1.2204619646072388
147 1.4870096445083618
148 1.3614106178283691
149 1.2921608686447144
150 0.9864568710327148
151 1.2425388097763062
152 1.046492099761963
153 1.0720295906066895
154 0.9786043763160706
155 1.2812542915344238
156 1.351026177406311
157 1.8731811046600342
158 1.3356237411499023
159 0.9956555366516113
160 1.0648608207702637
161 1.4926705360412598
162 1.257875919342041
163 0.9571514129638672
164 1.5250399112701416
165 1.5959787368774414
166 1.1877877712249756
167 1.032281517982483
168 0.9708116054534912
169 1.3982744216918945
170 1.4426929950714111
171 1.2944369316101074
172 1.386334776878357
173 1.4274429082870483
174 1.4563722610473633
175 1.2166779041290283
176 1.8986448049545288
177 1.7607265710830688
178 1.355302095413208
179 1.5698758363723755
180 1.4589190483093262
181 1.4392229318618774
182 1.4306495189666748
183 1.2093502283096313
184 1.2633237838745117
185 1.92952561378479
186 1.4326884746551514
187 1.3849856853485107
188 1.8392318487167358
189 2.0968315601348877
190 1.493854284286499
191 1.756930947303772
192 1.7181357145309448
193 2.227914571762085
194 1.5848398208618164
195 1.6462849378585815
196 1.6998461484909058
197 1.5501841306686401
198 1.3950724601745605
199 1.5529389381408691
200 1.492066502571106
201 1.9058574438095093
202 1.9647966623306274
203 1.532610535621643
204 1.5065170526504517
205 1.6793845891952515
206 1.8413307666778564
207 1.626628041267395
208 1.6530808210372925
209 1.3733501434326172
210 1.8065651655197144
211 1.924872636795044
212 1.8379219770431519
213 1.8393651247024536
214 1.5908948183059692
215 1.180690884590149
216 1.2167282104492188
217 1.1934870481491089
218 1.2286548614501953
219 1.09489905834198
220 1.2000236511230469
221 0.9903115034103394
222 1.3716479539871216
223 1.1787662506103516
224 1.4362823963165283
225 1.0618301630020142
226 1.7294930219650269
227 1.6379399299621582
228 0.9734911918640137
229 1.9459670782089233
230 1.682147741317749
231 1.6582844257354736
232 2.007838487625122
233 1.3979411125183105
234 1.152700662612915
235 0.8665047883987427
236 1.9004452228546143
237 1.2021340131759644
238 1.2215957641601563
239 1.0705560445785522
240 1.0908735990524292
241 0.79181307554245
242 1.2266548871994019
243 0.7723922729492188
244 1.8012055158615112
245 1.8609741926193237
246 1.2777354717254639
247 1.2628871202468872
248 1.4520599842071533
249 1.637125015258789
250 1.3570678234100342
251 1.667151689529419
252 1.5457502603530884
253 1.6507936716079712
254 1.7727528810501099
255 1.796983242034912
256 1.3690178394317627
257 0.9325170516967773
258 1.0574233531951904
259 0.21204836666584015
260 0.506797730922699
261 0.7918474674224854
262 0.5849784016609192
263 0.5111307501792908
264 0.6087738871574402
265 0.645961344242096
266 0.7483635544776917
267 0.6940646767616272
268 0.6706838011741638
269 0.7838007807731628
270 1.244066596031189
271 0.8340052366256714
272 0.9556232690811157
273 0.574215829372406
274 0.6622692346572876
275 0.7453898191452026
276 0.6208858489990234
277 0.8742594718933105
278 0.8629812002182007
279 1.010223388671875
280 0.7592713236808777
281 0.7787771224975586
282 0.829132616519928
283 1.2478471994400024
284 1.0150220394134521
285 1.0352352857589722
286 1.2810269594192505
287 0.9710281491279602
288 0.881914496421814
289 0.6909182667732239
290 0.6937647461891174
291 0.8211246728897095
292 0.46934038400650024
293 1.294643759727478
294 1.12455415725708
295 1.1130152940750122
296 1.2905679941177368
297 1.6628756523132324
298 1.0059139728546143
299 0.8770102858543396
300 1.0513056516647339
301 0.97115159034729
302 0.9891374707221985
303 1.1615781784057617
304 1.0266073942184448
305 1.3129265308380127
306 1.7780400514602661
307 1.2712010145187378
308 0.8286969661712646
309 1.1549102067947388
310 0.9939088225364685
311 0.6396717429161072
312 0.9618517160415649
313 0.5781306624412537
314 0.8084907531738281
315 0.9191308617591858
316 0.8947396278381348
317 1.2280449867248535
318 0.979957103729248
319 1.4914149045944214
320 1.0145132541656494
321 1.0486665964126587
322 0.5790213346481323
323 0.5823190212249756
324 0.7034115791320801
325 0.9300639629364014
326 1.0042364597320557
327 0.8013226389884949
328 0.6118659973144531
329 0.3617972135543823
330 0.7025907635688782
331 0.6347817778587341
332 0.3813375234603882
333 1.0370185375213623
334 1.3181040287017822
335 1.2772146463394165
336 1.7757418155670166
337 1.5501350164413452
338 1.7141211032867432
339 1.8528482913970947
340 1.5813522338867188
341 1.5238689184188843
342 1.6292924880981445
343 1.7351032495498657
344 1.470534086227417
345 1.7026766538619995
346 1.6407896280288696
347 1.6412030458450317
348 1.7177985906600952
349 1.825630784034729
350 1.989385724067688
351 1.791717529296875
352 1.698574185371399
353 1.6679438352584839
354 1.696530818939209
355 2.2299530506134033
356 1.7997751235961914
357 1.7180986404418945
358 1.986139178276062
359 1.762433648109436
360 2.067413806915283
361 1.7952431440353394
362 2.285175323486328
363 1.6371538639068604
364 2.2044196128845215
365 2.3955330848693848
366 2.0294015407562256
367 1.950150728225708
368 1.9240684509277344
369 1.9091922044754028
370 2.277907609939575
371 2.025017023086548
372 1.4355241060256958
373 1.483154058456421
374 2.3233792781829834
375 1.8521877527236938
376 1.4960472583770752
377 1.934329628944397
378 1.9883482456207275
379 1.9683969020843506
380 2.4701175689697266
381 2.1352016925811768
382 2.345407485961914
383 1.958267092704773
384 2.101436138153076
385 2.1177022457122803
386 2.1129798889160156
387 1.6095833778381348
388 2.0864179134368896
389 2.3890693187713623
390 1.7466106414794922
391 1.7705354690551758
392 2.010425567626953
393 1.7434134483337402
394 1.770641803741455
395 1.8218263387680054
396 2.0580501556396484
397 1.5120584964752197
398 1.598777413368225
399 1.7919108867645264
400 1.6476168632507324
401 1.6033285856246948
402 1.3729486465454102
403 1.8946778774261475
404 1.7112959623336792
405 1.386047124862671
406 1.627083420753479
407 1.6931560039520264
408 1.8087280988693237
409 2.097160577774048
410 2.5483009815216064
411 2.1466808319091797
412 1.854457139968872
413 2.2174065113067627
414 2.1724772453308105
415 2.2309353351593018
416 1.6863869428634644
417 2.2235593795776367
418 2.0374104976654053
419 1.9360218048095703
420 1.843908429145813
421 2.3501217365264893
422 1.4088938236236572
423 1.9616183042526245
424 1.6621373891830444
425 2.0829269886016846
426 1.7231844663619995
427 1.6081973314285278
428 1.7181965112686157
429 1.9763505458831787
430 1.4909968376159668
431 1.8278881311416626
432 1.527720332145691
433 1.3605096340179443
434 1.9885616302490234
435 1.7083029747009277
436 1.8425674438476563
437 1.2673568725585938
438 1.5052287578582764
439 1.440570592880249
440 1.9417622089385986
441 1.5889841318130493
442 1.6900784969329834
443 1.3007750511169434
444 1.6157042980194092
445 1.6316214799880981
446 1.7759478092193604
447 1.8497992753982544
448 1.8094103336334229
449 1.2909728288650513
450 1.9620696306228638
451 2.058562994003296
452 1.7614575624465942
453 1.7233781814575195
454 1.86897611618042
455 1.340864658355713
456 1.6269689798355103
457 1.8710006475448608
458 1.673613429069519
459 1.7887318134307861
460 1.9110056161880493
461 1.731431245803833
462 1.4686594009399414
463 1.7735624313354492
464 2.1468875408172607
465 2.024667263031006
466 1.6351252794265747
467 1.3471062183380127
468 1.37783944606781
469 1.6452727317810059
470 1.5614500045776367
471 1.4949508905410767
472 1.5065547227859497
473 1.556528091430664
474 1.9169883728027344
475 2.0714828968048096
476 1.9310975074768066
477 1.454136610031128
478 1.4271907806396484
479 1.2801299095153809
480 1.7193448543548584
481 1.7689833641052246
482 1.659773588180542
483 1.3202050924301147
484 1.454111933708191
485 1.4466322660446167
486 0.9357737302780151
487 1.3411006927490234
488 0.8590609431266785
489 0.8221172094345093
490 0.923946738243103
491 0.8510131239891052
492 1.1123285293579102
493 1.159860610961914
494 0.4772908389568329
495 0.7675762176513672
496 1.8773785829544067
497 1.6924612522125244
498 2.0886332988739014
499 2.1180989742279053
500 1.7374937534332275
501 1.946569561958313
502 2.064591407775879
503 1.914397120475769
504 1.8158777952194214
505 1.6116666793823242
506 1.502597451210022
507 1.4638259410858154
508 1.689080834388733
509 1.3185656070709229
510 1.9240541458129883
511 2.302874803543091
512 1.7763371467590332
513 2.1822316646575928
514 2.0739872455596924
515 2.340665102005005
516 1.8413403034210205
517 2.2425854206085205
518 2.0247251987457275
519 1.9064642190933228
520 1.8121893405914307
521 2.111438512802124
522 1.966159701347351
523 1.717944860458374
524 1.891693115234375
525 1.553018569946289
526 1.8973417282104492
527 1.8048601150512695
528 1.735062599182129
529 1.480962872505188
530 1.5478839874267578
531 1.6586493253707886
532 1.424980640411377
533 1.9305520057678223
534 1.8452545404434204
535 1.265621304512024
536 2.1672520637512207
537 1.835432529449463
538 2.078361988067627
539 1.9975601434707642
540 1.9463913440704346
541 2.141669273376465
542 1.4500389099121094
543 2.07661509513855
544 2.0005884170532227
545 2.031514883041382
546 1.8351751565933228
547 1.7244831323623657
548 1.4595609903335571
549 1.9609811305999756
550 1.5588300228118896
551 1.6582353115081787
552 1.874251365661621
553 1.4319146871566772
554 1.5472116470336914
555 1.7447224855422974
556 1.3303049802780151
557 1.4839584827423096
558 1.5633411407470703
559 1.5011701583862305
560 1.4528117179870605
561 1.3385294675827026
562 1.6226458549499512
563 1.6988378763198853
564 1.8878111839294434
565 1.6094179153442383
566 1.506284475326538
567 1.5872447490692139
568 2.119516134262085
569 1.949122667312622
570 2.1050093173980713
571 2.075852632522583
572 1.6786991357803345
573 1.899674654006958
574 1.8397407531738281
575 1.86966872215271
576 1.6914334297180176
577 2.0144622325897217
578 1.7145073413848877
579 1.840263843536377
580 1.6658921241760254
581 1.6965093612670898
582 2.3630154132843018
583 1.676497220993042
584 1.611441731452942
585 1.4479477405548096
586 1.7789043188095093
587 1.8121849298477173
588 1.5177546739578247
589 1.8027442693710327
590 1.5364803075790405
591 1.1494683027267456
592 1.5549781322479248
593 1.601549506187439
594 1.4958710670471191
595 1.033198356628418
596 1.2774088382720947
597 1.4679027795791626
598 1.2852593660354614
599 1.6043651103973389
600 1.8489494323730469
601 1.8305310010910034
602 1.6691577434539795
603 1.258033037185669
604 1.9160277843475342
605 1.932797908782959
606 1.4174785614013672
607 1.6933377981185913
608 1.8954440355300903
609 1.2911781072616577
610 1.5325900316238403
611 2.048708438873291
612 2.0276336669921875
613 1.6290549039840698
614 1.9655810594558716
615 1.8098173141479492
616 1.617019772529602
617 1.9779194593429565
618 1.7634917497634888
619 1.9429304599761963
620 1.5173097848892212
621 1.9686896800994873
622 1.8638464212417603
623 1.6476294994354248
624 1.8833253383636475
625 1.7556015253067017
626 1.6303884983062744
627 1.7677770853042603
628 1.5507761240005493
629 2.1893279552459717
630 1.9549345970153809
631 1.7964094877243042
632 1.5590012073516846
633 1.9640429019927979
634 1.6329506635665894
635 1.7103173732757568
636 1.490087866783142
637 1.6015770435333252
638 2.082862377166748
639 2.001004219055176
640 2.066251516342163
641 1.9507801532745361
642 1.3015769720077515
643 1.4363726377487183
644 1.9605412483215332
645 1.7107043266296387
646 1.984052300453186
647 1.8592243194580078
648 1.8072049617767334
649 1.885330080986023
650 1.6125503778457642
651 1.8111584186553955
652 1.6825922727584839
653 2.0142223834991455
654 1.6858547925949097
655 1.875133991241455
656 1.88580322265625
657 1.8299124240875244
658 1.455875039100647
659 1.6049573421478271
660 1.6252915859222412
661 1.9893079996109009
662 2.004034996032715
663 1.523401141166687
664 2.211038589477539
665 2.0722451210021973
666 1.9019511938095093
667 2.0823371410369873
668 1.717927098274231
669 1.822019338607788
670 1.9444700479507446
671 1.7423789501190186
672 1.8371599912643433
673 1.6709771156311035
674 1.584155797958374
675 1.7202225923538208
676 1.9794896841049194
677 1.4326040744781494
678 1.2632888555526733
679 1.755645751953125
680 1.7164626121520996
681 1.9487452507019043
682 1.9015958309173584
683 1.841503381729126
684 2.069221258163452
685 2.1834616661071777
686 1.9084218740463257
687 1.7377499341964722
688 1.8112037181854248
689 1.787746548652649
690 1.9427237510681152
691 2.0404176712036133
692 1.5646449327468872
693 1.6768358945846558
694 1.733974814414978
695 1.4994338750839233
696 1.3847471475601196
697 1.6983667612075806
698 1.6477376222610474
699 1.617340326309204
700 1.6131796836853027
701 1.6631351709365845
702 1.4487932920455933
703 1.8859666585922241
704 1.553820252418518
705 1.4315828084945679
706 1.325102686882019
707 1.4805641174316406
708 1.6187288761138916
709 1.7054303884506226
710 1.285027027130127
711 1.47170090675354
712 1.6492115259170532
713 1.9620261192321777
714 1.6260626316070557
715 1.3145021200180054
716 2.1266748905181885
717 1.5821356773376465
718 1.820554494857788
719 1.7742639780044556
720 1.6445844173431396
721 1.6908401250839233
722 1.7827454805374146
723 1.5070512294769287
724 1.614013433456421
725 1.628599762916565
726 1.5488605499267578
727 1.557541012763977
728 1.5786370038986206
729 1.683080792427063
730 1.862636923789978
731 2.262723207473755
732 1.7653226852416992
733 1.9508720636367798
734 1.637478232383728
735 1.9610356092453003
736 1.6698435544967651
737 1.8854042291641235
738 1.7361844778060913
739 1.496795892715454
740 1.762434959411621
741 2.057054042816162
742 1.813475489616394
743 2.0759549140930176
744 1.8311457633972168
745 1.7223117351531982
746 2.265172243118286
747 2.0956292152404785
748 2.2110185623168945
749 1.9622056484222412
750 2.0273566246032715
751 2.2503697872161865
752 1.5493007898330688
753 1.835002064704895
754 2.3889472484588623
755 1.8105807304382324
756 2.027878999710083
757 1.802793264389038
758 1.766248106956482
759 2.0522890090942383
760 2.0329136848449707
761 1.8977019786834717
762 1.9202505350112915
763 2.0951688289642334
764 2.109637498855591
765 1.9785500764846802
766 2.291229724884033
767 2.0491585731506348
768 2.1649279594421387
769 2.242929458618164
770 2.109128475189209
771 2.034184694290161
772 2.4650042057037354
773 2.186237335205078
774 1.9950791597366333
775 2.1027626991271973
776 2.1809256076812744
777 2.5808115005493164
778 2.2574994564056396
779 2.146432399749756
780 2.421128034591675
781 2.3402462005615234
782 2.382035732269287
783 2.2143797874450684
784 2.0732202529907227
785 2.2408125400543213
786 2.1041197776794434
787 2.1739461421966553
788 1.9465408325195313
789 2.0450806617736816
790 2.0568342208862305
791 2.2100813388824463
792 2.116407871246338
793 2.422729730606079
794 1.9593359231948853
795 2.0102062225341797
796 2.145289897918701
797 1.9526985883712769
798 1.8726310729980469
799 2.0738227367401123
800 1.9520189762115479
801 1.705354928970337
802 2.088794231414795
803 1.9184536933898926
804 1.8979427814483643
805 1.9523086547851563
806 1.9724019765853882
807 1.7210869789123535
808 2.171922445297241
809 1.8340542316436768
810 1.9251296520233154
811 2.209800958633423
812 1.732666254043579
813 2.0051844120025635
814 1.8523837327957153
815 1.8563835620880127
816 2.1097257137298584
817 1.4992767572402954
818 1.7690258026123047
819 1.6740695238113403
820 1.8311845064163208
821 1.8977866172790527
822 1.9550800323486328
823 1.5834500789642334
824 1.5753240585327148
825 1.5023623704910278
826 1.749118447303772
827 1.9017064571380615
828 1.7267087697982788
829 1.6845293045043945
830 1.4381189346313477
831 1.5676265954971313
832 2.296243190765381
833 2.028726100921631
834 1.6551554203033447
835 1.8922119140625
836 1.7633965015411377
837 1.7858612537384033
838 1.2479379177093506
839 1.8116016387939453
840 1.6902036666870117
841 2.0879428386688232
842 2.0025634765625
843 1.7644853591918945
844 1.9652435779571533
845 1.9850021600723267
846 2.2108144760131836
847 1.9842848777770996
848 1.6528726816177368
849 1.9586293697357178
850 2.0043246746063232
851 1.9201390743255615
852 1.8114614486694336
853 1.7327368259429932
854 1.8788049221038818
855 2.0881752967834473
856 1.9623204469680786
857 1.7453514337539673
858 2.2431514263153076
859 1.8911261558532715
860 1.8353172540664673
861 2.3399765491485596
862 2.006744146347046
863 2.1172358989715576
864 1.8965243101119995
865 2.0843968391418457
866 1.8073254823684692
867 1.953716516494751
868 2.1563303470611572
869 2.447500467300415
870 2.194378614425659
871 1.7305182218551636
872 2.1084160804748535
873 1.891215443611145
874 1.696328043937683
875 2.0650265216827393
876 2.3265252113342285
877 2.255697727203369
878 2.188182830810547
879 2.406949758529663
880 2.2733380794525146
881 2.3133463859558105
882 2.15629243850708
883 1.703488826751709
884 2.1574385166168213
885 2.4182379245758057
886 2.5320611000061035
887 2.4751269817352295
888 2.407290458679199
889 2.46120548248291
890 2.4986371994018555
891 2.280189275741577
892 2.387955665588379
893 2.0647010803222656
894 2.8491032123565674
895 2.5994675159454346
896 2.2157399654388428
897 2.292161703109741
898 2.3993425369262695
899 2.4696173667907715
900 2.4208061695098877
901 2.0058813095092773
902 2.400526285171509
903 2.1463963985443115
904 2.0166757106781006
905 2.0363967418670654
906 2.468503713607788
907 2.6386640071868896
908 2.283477306365967
909 1.9537088871002197
910 2.708054542541504
911 2.0782546997070313
912 1.7625970840454102
913 1.9623020887374878
914 1.9583802223205566
915 1.9593056440353394
916 2.10583758354187
917 1.9192484617233276
918 2.021026849746704
919 1.682592511177063
920 2.2281010150909424
921 1.9250478744506836
922 2.240731954574585
923 2.145395040512085
924 2.022803544998169
925 1.6087875366210938
926 2.4545366764068604
927 2.0609705448150635
928 1.9236772060394287
929 2.1925315856933594
930 2.3123528957366943
931 2.3268237113952637
932 1.9068536758422852
933 2.1777877807617188
934 2.3432414531707764
935 2.1079423427581787
936 2.3636982440948486
937 2.122870445251465
938 2.4985361099243164
939 2.450484275817871
940 1.8798154592514038
941 1.7156168222427368
942 2.0164437294006348
943 2.407409429550171
944 1.8199653625488281
945 2.0016376972198486
946 2.157090902328491
947 1.5722203254699707
948 1.7956256866455078
949 1.801461935043335
950 1.8713675737380981
951 1.6478832960128784
952 2.066115140914917
953 1.9159973859786987
954 2.112159013748169
955 2.1953725814819336
956 2.5185348987579346
957 2.098257303237915
958 2.4453036785125732
959 1.8895275592803955
960 2.4299769401550293
961 2.0045852661132813
962 2.1426050662994385
963 1.9396964311599731
964 2.1113297939300537
965 2.142599582672119
966 1.9122661352157593
967 1.9211983680725098
968 1.9123913049697876
969 2.0076286792755127
970 2.097748279571533
971 2.083364963531494
972 2.1413793563842773
973 1.8943381309509277
974 1.630223035812378
975 1.6566855907440186
976 2.067432165145874
977 1.801090955734253
978 1.7738289833068848
979 2.234771490097046
980 2.0709903240203857
981 1.967888355255127
982 2.1559512615203857
983 2.368807792663574
984 2.34189510345459
985 1.9516832828521729
986 2.006272315979004
987 2.277564764022827
988 2.1580326557159424
989 2.2096610069274902
990 2.06068754196167
991 2.4702541828155518
992 2.2963294982910156
993 2.150963068008423
994 2.3440041542053223
995 2.276780605316162
996 2.632042646408081
997 2.4392240047454834
998 2.351736068725586
999 2.0760610103607178
1000 2.2928528785705566
1001 2.1151926517486572
1002 2.672555923461914
1003 2.0225672721862793
1004 2.3340842723846436
1005 2.4564285278320313
1006 2.198306083679199
1007 2.237266778945923
1008 2.2150588035583496
1009 2.346817970275879
1010 2.490943670272827
1011 2.4392354488372803
1012 2.5427253246307373
1013 2.1891815662384033
1014 2.262593984603882
1015 1.8086856603622437
1016 2.3237247467041016
1017 1.9333416223526
1018 2.0324268341064453
1019 2.4147002696990967
1020 2.260767698287964
1021 2.1337339878082275
1022 1.8415111303329468
1023 2.1115503311157227
1024 2.1040608882904053
1025 2.255941152572632
1026 1.876894235610962
1027 2.1780011653900146
1028 1.991666316986084
1029 2.3362438678741455
1030 2.298396348953247
1031 2.398106813430786
1032 2.0182273387908936
1033 2.399620294570923
1034 2.211500883102417
1035 2.1919755935668945
1036 2.0978636741638184
1037 2.3044440746307373
1038 1.9931209087371826
1039 2.248950481414795
1040 2.5256340503692627
1041 2.322148323059082
1042 2.371108293533325
1043 2.5700771808624268
1044 2.230120897293091
1045 2.496025562286377
1046 2.3763885498046875
1047 2.257615327835083
1048 2.2054293155670166
1049 2.3078951835632324
1050 2.3619601726531982
1051 2.0530245304107666
1052 2.2843570709228516
1053 2.2008771896362305
1054 2.0610270500183105
1055 2.198084831237793
1056 2.080731153488159
1057 2.2907707691192627
1058 2.444272041320801
1059 2.2748684883117676
1060 1.9923006296157837
1061 1.9366891384124756
1062 1.9553929567337036
1063 2.054422616958618
1064 2.1360723972320557
1065 2.214601993560791
1066 2.2331383228302
1067 1.8998825550079346
1068 2.243903160095215
1069 2.1031243801116943
1070 1.9884101152420044
1071 2.360185384750366
1072 1.9943368434906006
1073 2.171064853668213
1074 2.182811737060547
1075 2.1199562549591064
1076 1.9477943181991577
1077 2.1450796127319336
1078 2.2405741214752197
1079 2.5193636417388916
1080 2.062873363494873
1081 2.192951202392578
1082 2.4380111694335938
1083 2.2764408588409424
1084 2.448974609375
1085 2.5038859844207764
1086 2.282590866088867
1087 2.3453245162963867
1088 2.188714027404785
1089 2.3184027671813965
1090 1.964547872543335
1091 1.9697455167770386
1092 2.207526683807373
1093 2.0801422595977783
1094 2.1110451221466064
1095 2.2359259128570557
1096 1.8964176177978516
1097 2.2746992111206055
1098 2.636289119720459
1099 2.0891151428222656
1100 2.434767961502075
1101 2.2920172214508057
1102 2.1419906616210938
1103 2.4592700004577637
1104 2.2384560108184814
1105 2.5033974647521973
1106 2.555152416229248
1107 2.2295753955841064
1108 2.1689913272857666
1109 2.0870416164398193
1110 2.333695650100708
1111 2.327439785003662
1112 2.3021328449249268
1113 2.3988471031188965
1114 2.112928628921509
1115 2.2532920837402344
1116 2.2460274696350098
1117 2.4476358890533447
1118 2.324096441268921
1119 2.7213454246520996
1120 2.0754384994506836
1121 2.1679375171661377
1122 2.152635097503662
1123 2.2647182941436768
1124 2.1052536964416504
1125 1.9329254627227783
1126 2.2260046005249023
1127 2.433605909347534
1128 2.2720110416412354
1129 2.2090001106262207
1130 2.0779314041137695
1131 2.3662495613098145
1132 2.365999221801758
1133 2.0836753845214844
1134 2.466514825820923
1135 2.5728251934051514
1136 2.407918691635132
1137 2.2722060680389404
1138 2.2500033378601074
1139 2.738001823425293
1140 2.4653866291046143
1141 2.6794204711914063
1142 2.5075180530548096
1143 2.26796293258667
1144 2.1416051387786865
1145 2.2454116344451904
1146 2.1423604488372803
1147 2.2228522300720215
1148 2.2385191917419434
1149 2.1900689601898193
1150 1.8560632467269897
1151 2.001908540725708
1152 2.19952654838562
1153 1.9994436502456665
1154 1.8851165771484375
1155 1.9939329624176025
1156 2.0336453914642334
1157 2.322519302368164
1158 2.0609660148620605
1159 2.188325881958008
1160 2.0150256156921387
1161 1.991537094116211
1162 2.188310146331787
1163 1.7670401334762573
1164 1.8890430927276611
1165 1.8575814962387085
1166 1.8942806720733643
1167 1.8264048099517822
1168 2.0660781860351563
1169 1.8692282438278198
1170 1.9908498525619507
1171 2.000431776046753
1172 2.0398693084716797
1173 1.8399207592010498
1174 2.006831169128418
1175 2.1551339626312256
1176 2.2731239795684814
1177 1.9854792356491089
1178 2.222226142883301
1179 2.1493313312530518
1180 2.038325548171997
1181 1.7550126314163208
1182 1.6640807390213013
1183 1.8689757585525513
1184 2.07429838180542
1185 2.24527645111084
1186 2.1780338287353516
1187 2.375488519668579
1188 2.4949212074279785
1189 2.2464840412139893
1190 2.249655246734619
1191 2.447309732437134
1192 2.3555712699890137
1193 2.188617706298828
1194 2.256944179534912
1195 1.817289113998413
1196 2.0988306999206543
1197 1.9149513244628906
1198 2.4115729331970215
1199 2.022977828979492
1200 2.1036219596862793
1201 1.970594882965088
1202 1.7753345966339111
1203 2.1567394733428955
1204 2.074702739715576
1205 1.7277238368988037
1206 1.9120521545410156
1207 1.9841681718826294
1208 1.8936933279037476
1209 1.9291152954101563
1210 1.9816337823867798
1211 1.955741047859192
1212 1.8296414613723755
1213 1.8106698989868164
1214 1.921449065208435
1215 2.2449843883514404
1216 1.8302077054977417
1217 1.9814797639846802
1218 1.8880285024642944
1219 1.9766108989715576
1220 2.3624467849731445
1221 1.9774466753005981
1222 1.8396461009979248
1223 1.8186007738113403
1224 1.9721192121505737
1225 2.11687970161438
1226 1.788686752319336
1227 2.2792303562164307
1228 2.2860043048858643
1229 2.0298237800598145
1230 1.7044897079467773
1231 1.7481484413146973
1232 1.8505345582962036
1233 1.9192918539047241
1234 1.7987486124038696
1235 1.6530851125717163
1236 1.6133872270584106
1237 1.801432728767395
1238 1.4626715183258057
1239 1.601454734802246
1240 1.512020468711853
1241 1.7179787158966064
1242 2.027297019958496
1243 1.9644243717193604
1244 2.0463900566101074
1245 1.8329041004180908
1246 1.8354160785675049
1247 1.7916346788406372
1248 1.8750807046890259
1249 1.542041301727295
1250 1.8614473342895508
1251 1.8533250093460083
1252 2.081084966659546
1253 1.508313775062561
1254 2.095728874206543
1255 2.0848822593688965
1256 1.684836745262146
1257 1.5909608602523804
1258 1.5637946128845215
1259 1.4483131170272827
1260 1.7817085981369019
1261 1.8972185850143433
1262 2.3612477779388428
1263 1.7544044256210327
1264 2.0008411407470703
1265 1.9106210470199585
1266 1.6456888914108276
1267 1.8792928457260132
1268 1.8055469989776611
1269 1.8681451082229614
1270 1.7492170333862305
1271 1.7024385929107666
1272 1.8546972274780273
1273 1.587597131729126
1274 1.6773478984832764
1275 1.6269278526306152
1276 1.7027881145477295
1277 1.4475221633911133
1278 1.6654623746871948
1279 1.7635467052459717
1280 1.750288486480713
1281 1.6044197082519531
1282 1.4259105920791626
1283 1.5139868259429932
1284 1.3992810249328613
1285 1.3358924388885498
1286 1.530191421508789
1287 1.537086009979248
1288 1.922831416130066
1289 1.3771300315856934
1290 1.6948165893554688
1291 1.7593159675598145
1292 1.607918620109558
1293 1.5768980979919434
1294 1.6424776315689087
1295 1.5090253353118896
1296 1.69373619556427
1297 1.7725939750671387
1298 1.9160476922988892
1299 1.6198499202728271
1300 1.6427497863769531
1301 1.8200833797454834
1302 1.9473358392715454
1303 2.0830464363098145
1304 1.771745204925537
1305 1.7161539793014526
1306 1.7078276872634888
1307 2.000576972961426
1308 1.5567909479141235
1309 1.903998613357544
1310 1.7821381092071533
1311 1.4568125009536743
1312 1.725917935371399
1313 1.572216272354126
1314 1.5349781513214111
1315 1.8458815813064575
1316 1.926636815071106
1317 1.6826227903366089
1318 1.7107986211776733
1319 1.3492857217788696
1320 1.4782471656799316
1321 1.8484262228012085
1322 1.499656319618225
1323 1.5187453031539917
1324 1.3661433458328247
1325 1.6632486581802368
1326 1.5024373531341553
1327 0.9714881777763367
1328 1.2669923305511475
1329 1.7084681987762451
1330 1.2320053577423096
1331 1.511719822883606
1332 1.681892991065979
1333 1.8187012672424316
1334 1.4967412948608398
1335 1.7031821012496948
1336 1.7517400979995728
1337 1.232465147972107
1338 0.8528051972389221
1339 1.3188670873641968
1340 1.0850447416305542
1341 0.9810526371002197
1342 0.8652638792991638
1343 1.226544976234436
1344 1.2192806005477905
1345 1.5251622200012207
1346 1.7181452512741089
1347 1.4688504934310913
1348 1.4668657779693604
1349 1.3743466138839722
1350 1.5265753269195557
1351 2.075681686401367
1352 1.8951045274734497
1353 1.8747755289077759
1354 1.2832602262496948
1355 1.130915641784668
1356 1.7457748651504517
1357 1.4862840175628662
1358 1.6999324560165405
1359 1.4550414085388184
1360 0.9126788973808289
1361 1.1893454790115356
1362 1.196966290473938
1363 1.5259721279144287
1364 1.4806784391403198
1365 1.5812820196151733
1366 1.1241291761398315
1367 1.591722011566162
1368 1.5637710094451904
1369 1.0728158950805664
1370 1.1385576725006104
1371 1.4982472658157349
1372 1.3447349071502686
1373 1.3414844274520874
1374 1.5288608074188232
1375 1.5468275547027588
1376 1.725458025932312
1377 1.745975136756897
1378 1.5222340822219849
1379 2.141930103302002
1380 1.6368401050567627
1381 1.7809336185455322
1382 1.378445029258728
1383 1.203518271446228
1384 1.612768292427063
1385 1.1161125898361206
1386 1.5723379850387573
1387 1.3359166383743286
1388 1.389769434928894
1389 1.4188600778579712
1390 1.9972376823425293
1391 1.4292267560958862
1392 1.8679505586624146
1393 1.7295405864715576
1394 1.9850821495056152
1395 1.745041847229004
1396 1.3011772632598877
1397 1.5033564567565918
1398 1.3933309316635132
1399 1.3225330114364624
1400 1.5012344121932983
1401 1.4423149824142456
1402 1.2832958698272705
1403 1.6733700037002563
1404 1.384453296661377
1405 1.499618649482727
1406 1.6988525390625
1407 1.178181767463684
1408 1.5114564895629883
1409 1.4723520278930664
1410 1.511357069015503
1411 1.4636180400848389
1412 1.6562660932540894
1413 1.2751240730285645
1414 1.4837900400161743
1415 1.7865952253341675
1416 1.4780362844467163
1417 1.4952725172042847
1418 1.5264604091644287
1419 1.81228506565094
1420 1.7722787857055664
1421 1.6474947929382324
1422 1.5363332033157349
1423 1.5264068841934204
1424 1.5264546871185303
1425 1.5956073999404907
1426 1.640471339225769
1427 1.589193344116211
1428 2.1066019535064697
1429 2.151799201965332
1430 1.7832070589065552
1431 1.7693812847137451
1432 1.756121277809143
1433 1.6686451435089111
1434 1.8152341842651367
1435 1.649998426437378
1436 2.0067105293273926
1437 1.7940118312835693
1438 1.955994963645935
1439 1.8320729732513428
1440 1.7450342178344727
1441 2.006864547729492
1442 1.6839019060134888
1443 1.679883360862732
1444 1.6709442138671875
1445 1.6730777025222778
1446 1.9079551696777344
1447 1.726659893989563
1448 1.911879301071167
1449 1.796918272972107
1450 1.505555510520935
1451 1.6938199996948242
1452 1.1824883222579956
1453 1.893573522567749
1454 1.940317988395691
1455 1.9818756580352783
1456 1.8643029928207397
1457 1.770586609840393
1458 1.6289260387420654
1459 1.9774519205093384
1460 2.3154735565185547
1461 1.7942602634429932
1462 1.9283205270767212
1463 2.0947275161743164
1464 1.813808798789978
1465 2.130300521850586
1466 1.7953672409057617
1467 2.220024585723877
1468 1.9192692041397095
1469 1.7583742141723633
1470 2.2165141105651855
1471 1.902395248413086
1472 1.6148737668991089
1473 1.601443886756897
1474 1.556921362876892
1475 2.0403435230255127
1476 1.9876701831817627
1477 1.7206876277923584
1478 1.1669042110443115
1479 1.6034083366394043
1480 1.8695906400680542
1481 1.6397018432617188
1482 2.084522247314453
1483 1.8634170293807983
1484 2.2141613960266113
1485 1.9952468872070313
1486 1.6393102407455444
1487 1.8256069421768188
1488 1.9183964729309082
1489 1.6420029401779175
1490 1.4211596250534058
1491 1.9480319023132324
1492 1.8856947422027588
1493 1.6036618947982788
1494 1.7281184196472168
1495 2.0858194828033447
1496 1.7214407920837402
1497 1.7471647262573242
1498 1.4408800601959229
1499 1.4366105794906616
1500 1.7118637561798096
1501 1.483788251876831
1502 1.7917935848236084
1503 1.4619892835617065
1504 1.5838899612426758
1505 1.909097671508789
1506 1.767547845840454
1507 1.7623482942581177
1508 1.5877059698104858
1509 1.1033517122268677
1510 1.3184831142425537
1511 1.3221625089645386
1512 1.3340070247650146
1513 1.5786926746368408
1514 1.0109279155731201
1515 1.5173317193984985
1516 1.7337220907211304
1517 1.4671117067337036
1518 1.4651744365692139
1519 1.2856487035751343
1520 1.4878016710281372
1521 1.4797662496566772
1522 1.5673960447311401
1523 2.3340179920196533
1524 1.8376057147979736
1525 1.6061344146728516
1526 1.3954325914382935
1527 1.9978746175765991
1528 2.126554489135742
1529 1.679411768913269
1530 1.8167319297790527
1531 1.8571250438690186
1532 2.0347506999969482
1533 1.8790624141693115
1534 2.1047475337982178
1535 2.107778549194336
1536 2.0579957962036133
1537 2.080840587615967
1538 2.2232940196990967
1539 2.1993446350097656
1540 2.250342607498169
1541 2.4906575679779053
1542 2.1653013229370117
1543 2.417269229888916
1544 2.035264015197754
1545 2.1923153400421143
1546 1.7064614295959473
1547 2.0494465827941895
1548 2.3945565223693848
1549 2.237652540206909
1550 2.2031567096710205
1551 1.8491184711456299
1552 1.5171351432800293
1553 0.9687381386756897
1554 1.55735182762146
1555 1.4081889390945435
1556 1.2943297624588013
1557 1.6749964952468872
1558 1.757533073425293
1559 1.7162327766418457
1560 1.5281416177749634
1561 1.8967771530151367
1562 2.28474760055542
1563 1.6910948753356934
1564 1.999509334564209
1565 2.037770986557007
1566 2.197340488433838
1567 1.9046430587768555
1568 2.310915231704712
1569 1.881972074508667
1570 1.9649516344070435
1571 1.8121262788772583
1572 1.634222388267517
1573 1.864327073097229
1574 1.9578170776367188
1575 1.9332035779953003
1576 1.7272076606750488
1577 1.592917799949646
1578 1.6460763216018677
1579 1.7181954383850098
1580 1.9373003244400024
1581 1.648990511894226
1582 1.9442294836044312
1583 1.186004638671875
1584 1.64279043674469
1585 1.6412670612335205
1586 1.8040525913238525
1587 1.9570540189743042
1588 2.033172607421875
1589 1.771747350692749
1590 1.8561171293258667
1591 1.9000014066696167
1592 1.886907696723938
1593 1.8131887912750244
1594 1.6884130239486694
1595 1.8673958778381348
1596 1.9539843797683716
1597 2.1432507038116455
1598 1.5982204675674438
1599 1.546885371208191
1600 1.7561874389648438
1601 1.8483467102050781
1602 1.5732754468917847
1603 1.7504831552505493
1604 1.9824014902114868
1605 1.577875018119812
1606 1.741801381111145
1607 1.763574242591858
1608 2.605651378631592
1609 2.496678352355957
1610 1.7208958864212036
1611 1.7905768156051636
1612 1.7374964952468872
1613 2.0006532669067383
1614 1.8950306177139282
1615 2.169886827468872
1616 2.1571784019470215
1617 2.021033763885498
1618 2.437839984893799
1619 1.9895243644714355
1620 1.9574350118637085
1621 1.8037365674972534
1622 2.1730737686157227
1623 1.7347277402877808
1624 1.5819430351257324
1625 2.12955904006958
1626 1.5076420307159424
1627 1.7810947895050049
1628 1.3516244888305664
1629 2.035665512084961
1630 2.2905561923980713
1631 2.217494010925293
1632 2.198817491531372
1633 2.573516607284546
1634 2.1640195846557617
1635 2.037179708480835
1636 1.9620625972747803
1637 2.2417566776275635
1638 2.0161213874816895
1639 1.9776421785354614
1640 2.2401130199432373
1641 2.479163408279419
1642 1.8050007820129395
1643 1.698692798614502
1644 2.014146089553833
1645 2.0298328399658203
1646 2.0601377487182617
1647 2.3775992393493652
1648 2.3649649620056152
1649 2.308823585510254
1650 2.1087520122528076
1651 2.235799789428711
1652 2.302551031112671
1653 1.9395803213119507
1654 2.0315215587615967
1655 2.637820243835449
1656 2.286357879638672
1657 2.2498013973236084
1658 2.0850698947906494
1659 2.337808847427368
1660 2.4096298217773438
1661 2.0164096355438232
1662 2.384662389755249
1663 2.150888681411743
1664 1.6957584619522095
1665 1.942315697669983
1666 1.8263777494430542
1667 2.348007917404175
1668 2.2177653312683105
1669 2.0685479640960693
1670 1.897171139717102
1671 2.2030205726623535
1672 2.416897773742676
1673 2.3543386459350586
1674 2.231950521469116
1675 2.2223427295684814
1676 1.821380853652954
1677 2.2196733951568604
1678 1.745815634727478
1679 2.005549669265747
1680 1.333611011505127
1681 1.844963550567627
1682 1.9599751234054565
1683 2.040369987487793
1684 1.4447447061538696
1685 1.036638855934143
1686 1.7506030797958374
1687 1.9660073518753052
1688 1.9478070735931396
1689 1.9962539672851563
1690 2.110111713409424
1691 1.4849672317504883
1692 1.6682794094085693
1693 1.5737462043762207
1694 2.17555570602417
1695 1.7688418626785278
1696 1.6234498023986816
1697 1.9672081470489502
1698 2.183898687362671
1699 2.0098938941955566
1700 1.9465224742889404
1701 1.726280689239502
1702 1.8277372121810913
1703 1.965079665184021
1704 1.9880810976028442
1705 1.8050212860107422
1706 2.115011692047119
1707 2.0472192764282227
1708 2.2695677280426025
1709 1.829867959022522
1710 1.8582892417907715
1711 1.7447859048843384
1712 1.852939486503601
1713 2.136314630508423
1714 1.5152133703231812
1715 1.9822906255722046
1716 1.6351231336593628
1717 1.8204718828201294
1718 1.960183024406433
1719 1.8926948308944702
1720 1.8521808385849
1721 2.079996109008789
1722 2.0541415214538574
1723 1.7955502271652222
1724 1.9064725637435913
1725 1.7493338584899902
1726 1.7974879741668701
1727 1.7839480638504028
1728 2.2980289459228516
1729 2.0774624347686768
1730 2.271756887435913
1731 2.0829973220825195
1732 1.9031890630722046
1733 1.741302490234375
1734 1.9839215278625488
1735 1.7778704166412354
1736 1.7676987648010254
1737 1.833093285560608
1738 1.9377238750457764
1739 1.574674367904663
1740 1.84913170337677
1741 1.7055294513702393
1742 1.6202727556228638
1743 1.7848517894744873
1744 1.927250623703003
1745 1.551891803741455
1746 1.4898329973220825
1747 1.8948770761489868
1748 2.1704914569854736
1749 1.8600547313690186
1750 1.8634296655654907
1751 2.1685171127319336
1752 2.1554274559020996
1753 1.9527254104614258
1754 2.300365447998047
1755 1.8950798511505127
1756 2.309027671813965
1757 1.6451343297958374
1758 1.7639503479003906
1759 1.8081268072128296
1760 1.931533694267273
1761 1.5246970653533936
1762 1.66672682762146
1763 1.7431718111038208
1764 2.0474748611450195
1765 1.8075684309005737
1766 1.9166308641433716
1767 1.9833046197891235
1768 1.7170137166976929
1769 1.5110667943954468
1770 2.2397308349609375
1771 2.2850639820098877
1772 1.8125072717666626
1773 1.6332981586456299
1774 2.219738006591797
1775 1.6529595851898193
1776 1.5220028162002563
1777 2.1879122257232666
1778 2.1002891063690186
1779 2.0734364986419678
1780 1.8209397792816162
1781 1.8216098546981812
1782 1.8599905967712402
1783 1.6544159650802612
1784 1.9100936651229858
1785 1.8920364379882813
1786 2.139763116836548
1787 1.6839934587478638
1788 1.9013171195983887
1789 2.349597454071045
1790 2.202148914337158
1791 1.3928662538528442
1792 1.8635859489440918
1793 1.9043723344802856
1794 1.8834130764007568
1795 2.0246660709381104
1796 2.0653443336486816
1797 1.8425118923187256
1798 2.247065782546997
1799 1.9127835035324097
1800 2.007970094680786
1801 2.119436740875244
1802 2.1373860836029053
1803 1.947850227355957
1804 1.8339687585830688
1805 2.1053683757781982
1806 2.1472671031951904
1807 1.7689082622528076
1808 2.1473195552825928
1809 1.7604032754898071
1810 2.285750389099121
1811 1.9915941953659058
1812 1.9308277368545532
1813 2.2998239994049072
1814 2.164754867553711
1815 2.0890612602233887
1816 2.4288032054901123
1817 1.9920655488967896
1818 1.651793122291565
1819 2.0705063343048096
1820 1.8168696165084839
1821 1.9408546686172485
1822 2.0864133834838867
1823 1.881670594215393
1824 2.4894864559173584
1825 1.9746921062469482
1826 2.412026882171631
1827 2.2731103897094727
1828 1.7895643711090088
1829 2.158139705657959
1830 2.305750608444214
1831 2.0762033462524414
1832 1.527470350265503
1833 2.0609335899353027
1834 1.8716402053833008
1835 1.796520471572876
1836 2.1414237022399902
1837 2.0028891563415527
1838 2.1911447048187256
1839 1.97891366481781
1840 1.9156990051269531
1841 1.9509609937667847
1842 1.8412467241287231
1843 2.0551798343658447
1844 2.083669900894165
1845 1.9519436359405518
1846 1.7144768238067627
1847 1.8674161434173584
1848 1.4100011587142944
1849 2.02087664604187
1850 1.8869729042053223
1851 2.0162150859832764
1852 1.8853486776351929
1853 1.4604339599609375
1854 1.6390639543533325
1855 1.9284543991088867
1856 1.8520965576171875
1857 1.4827754497528076
1858 1.3011295795440674
1859 1.2803276777267456
1860 1.16791832447052
1861 1.0897639989852905
1862 1.8417216539382935
1863 2.004528760910034
1864 2.024379253387451
1865 1.6068284511566162
1866 2.0167222023010254
1867 2.0035457611083984
1868 2.4267354011535645
1869 1.8665894269943237
1870 1.8306444883346558
1871 1.8076914548873901
1872 1.7379368543624878
1873 2.1945645809173584
1874 1.9737566709518433
1875 2.1150267124176025
1876 1.7169626951217651
1877 1.6705995798110962
1878 2.0645716190338135
1879 1.6540536880493164
1880 2.0317773818969727
1881 1.8220809698104858
1882 1.6086620092391968
1883 1.6272201538085938
1884 1.5234633684158325
1885 2.1349103450775146
1886 2.2897090911865234
1887 1.6441457271575928
1888 2.3599050045013428
1889 2.060837745666504
1890 1.8463999032974243
1891 1.585677146911621
1892 2.4114136695861816
1893 1.987180471420288
1894 1.7849153280258179
1895 1.6115223169326782
1896 1.9954687356948853
1897 2.109011650085449
1898 1.9659836292266846
1899 2.1024322509765625
1900 2.3125343322753906
1901 1.8088583946228027
1902 2.2244184017181396
1903 2.013916492462158
1904 1.9524606466293335
1905 1.7854877710342407
1906 1.902456521987915
1907 1.3402060270309448
1908 1.530358910560608
1909 1.7739042043685913
1910 2.170137882232666
1911 2.135916233062744
1912 2.118128776550293
1913 1.9248275756835938
1914 1.8142180442810059
1915 1.845262050628662
1916 2.078946352005005
1917 1.6629741191864014
1918 1.8898236751556396
1919 2.2270147800445557
1920 2.566767454147339
1921 2.2783923149108887
1922 2.0527291297912598
1923 2.2328972816467285
1924 2.4218766689300537
1925 1.9744226932525635
1926 1.8253436088562012
1927 1.9678401947021484
1928 1.8125572204589844
1929 1.8029847145080566
1930 1.9383580684661865
1931 1.771045446395874
1932 1.813210129737854
1933 1.7775990962982178
1934 1.8121509552001953
1935 2.195565700531006
1936 2.2978227138519287
1937 2.1367030143737793
1938 2.0336978435516357
1939 1.6165475845336914
1940 1.990027904510498
1941 1.7479311227798462
1942 1.764565110206604
1943 2.3722968101501465
1944 2.33935546875
1945 2.182018995285034
1946 2.2989494800567627
1947 1.753991723060608
1948 1.874841570854187
1949 1.9708905220031738
1950 2.087315797805786
1951 1.5563416481018066
1952 1.7039599418640137
1953 2.229445457458496
1954 2.07228946685791
1955 1.95926833152771
1956 1.8445898294448853
1957 1.4358034133911133
1958 1.5895520448684692
1959 1.7849966287612915
1960 1.7352356910705566
1961 1.9520580768585205
1962 1.6275641918182373
1963 1.9622987508773804
1964 1.6601449251174927
1965 1.7842445373535156
1966 2.1100685596466064
1967 2.215301275253296
1968 2.0366315841674805
1969 1.8702778816223145
1970 2.1492340564727783
1971 1.6137034893035889
1972 2.152155637741089
1973 2.249833583831787
1974 1.9686976671218872
1975 2.013054609298706
1976 1.6231380701065063
1977 1.2393100261688232
1978 1.48379647731781
1979 1.479998230934143
1980 1.7752381563186646
1981 1.7664114236831665
1982 1.855423927307129
1983 1.63048255443573
1984 1.9161275625228882
1985 1.5526076555252075
1986 1.6910874843597412
1987 2.025350332260132
1988 2.0224766731262207
1989 2.01448130607605
1990 1.7967309951782227
1991 1.8572825193405151
1992 1.7134814262390137
1993 2.1603593826293945
1994 2.0752763748168945
1995 2.2157859802246094
1996 2.1432995796203613
1997 1.8932204246520996
1998 2.154855728149414
1999 2.101949691772461
