0 14.193849475282606
1 12.852267359483067
2 13.516108290350994
3 13.780330639660578
4 13.521859089949654
5 13.830893939507927
6 14.470554732488377
7 14.637207728638833
8 14.629016248965193
9 14.253151486162995
10 13.016400244952253
11 14.611328016178595
12 14.081642268134253
13 13.463243734941493
14 13.780992729723735
15 14.615128928450265
16 14.129395693550421
17 13.991260232773156
18 13.393189238927425
19 13.497524780427115
20 13.015883964866164
21 14.173344715364575
22 13.849759307250533
23 13.670623032207212
24 13.920192617022561
25 14.142578296454559
26 13.71729660850951
27 13.31483599955697
28 13.390549592688089
29 13.365748583173007
30 12.43709622976742
31 13.439398258343738
32 12.762795592131019
33 13.227290479401068
34 13.410617021442851
35 13.221474664440212
36 14.11426462401129
37 13.728339073164134
38 13.90139464439968
39 13.545606391137703
40 13.532697350164934
41 13.648101147705502
42 13.384904075746027
43 12.819309654265325
44 13.27516370634294
45 13.011051519727857
46 13.310079150132097
47 13.813758261675384
48 14.189968396298726
49 13.473447749461402
50 13.16316411929
51 13.454242164813639
52 13.492649746627785
53 12.840821466049784
54 12.49337855538974
55 13.220535076249666
56 14.209945733384947
57 12.88111915676152
58 12.81946147125421
59 12.692773190774027
60 12.85850837937008
61 13.09560870598603
62 13.220380846338148
63 13.85945980040448
64 12.912655411519728
65 13.34958749870094
66 13.073368468566871
67 13.07756094381728
68 13.75442994111705
69 12.356097670834014
70 12.525893541168895
71 13.403768908288527
72 13.6921492666542
73 13.417130763837093
74 13.73984128536573
75 13.37279888624231
76 12.552346255156927
77 12.486300441142586
78 12.97809326930173
79 12.98889707981656
80 12.92493829664304
81 12.598724057217153
82 12.556648837944406
83 12.696164744862374
84 13.155429155795131
85 12.98105026072951
86 12.903659532048541
87 12.652317904008719
88 12.70753015912393
89 12.808290934284493
90 13.312417159885122
91 13.214725899629725
92 12.808969589663874
93 12.392047679245817
94 12.254568770660793
95 12.39224902738095
96 12.527856717266339
97 12.334968841695762
98 12.048024478662537
99 13.18727650212233
100 13.747240039908268
101 13.773786227799388
102 13.839474007246238
103 13.254845888660107
104 12.060375343130685
105 12.096810178637883
106 11.756781076877335
107 11.96106855735122
108 11.955802884922536
109 12.384131198012403
110 11.860498068846255
111 11.690540171377288
112 12.111355882561663
113 12.514001391718091
114 11.949710815531828
115 11.869772514848542
116 11.632087752306695
117 11.805100362382593
118 12.023651484196655
119 12.499350952393039
120 11.999671413483847
121 11.719564612324506
122 11.775723445059244
123 12.00330942463206
124 12.681080161656736
125 11.975761683622089
126 12.91495188987034
127 12.816346365307904
128 12.05568593729801
129 12.663228131058734
130 11.954028926108261
131 12.13250432123621
132 11.876174375048622
133 12.477927638100704
134 12.41954927401988
135 12.618269624747228
136 12.111002488383122
137 12.523921208609226
138 12.337455135124202
139 11.845594565376471
140 11.625320087685612
141 12.681147364775233
142 12.329574572663894
143 12.600551042295859
144 12.250838616897958
145 12.182715389455877
146 12.281272405136658
147 12.31360473775372
148 12.599605421006427
149 12.530795357290264
150 12.990627930839384
151 12.261077206247839
152 12.717555778301488
153 12.275998466056976
154 12.653264646208065
155 12.484547765651401
156 13.12888391811062
157 13.014069629337552
158 13.165790990016795
159 13.907943193805517
160 14.045064708978458
161 13.808525486341322
162 14.558271126598173
163 14.43018332896754
164 14.132159380236681
165 14.625144609691615
166 13.933133663360538
167 14.53603625044294
168 13.481886478221362
169 13.067805240332259
170 13.532108493759436
171 13.295093636141123
172 12.373299081331385
173 12.176973898848157
174 12.256581249621082
175 11.969632342487193
176 11.810833025879507
177 12.21315847536422
178 12.14210901104166
179 12.123315246219093
180 12.35479506586873
181 12.61246290462237
182 12.965865367366971
183 13.85175355853429
184 13.330740474923168
185 14.219920908167547
186 14.902502812163348
187 14.307113268013127
188 13.606514478744728
189 13.717632285930131
190 14.256822542347104
191 13.96143164447465
192 14.053610966567279
193 14.301638180631862
194 14.081708909393276
195 13.98196104897901
196 12.977515715742294
197 13.267691274228174
198 12.646260705728201
199 12.199124133983046
200 11.72238294839729
201 12.28406010263757
202 13.272811804182869
203 12.994230669088209
204 12.680934337767363
205 13.303934186934896
206 13.531537716816073
207 13.545106181553988
208 14.2083786720108
209 13.532774945173212
210 14.295708200299327
211 14.791856606766915
212 14.476545094195806
213 14.2091802925837
214 14.104584621529925
215 13.518577303450519
216 14.59191037415391
217 14.14738735137463
218 13.42873276246705
219 13.296388239054046
220 14.487707129192453
221 14.938375809863402
222 13.347782454789542
223 13.308938315755949
224 12.981570655077284
225 12.192963051914395
226 12.067961016936867
227 11.65065415000099
228 11.550860073029664
229 11.911729863106107
230 11.617252013056676
231 12.18074717050135
232 11.655877289935551
233 12.11593557909747
234 12.678736459160842
235 12.59268724615377
236 12.447764000176045
237 12.058162909332244
238 12.616679172376864
239 11.781825942429458
240 11.565267928460658
241 11.478440671174853
242 11.961735404332178
243 12.225785349565928
244 12.00623442849474
245 12.32236580722467
246 12.412900357709036
247 12.644478813573041
248 13.501354992485801
249 12.963574593201965
250 12.051804745163306
251 13.635259928747079
252 13.358414053368206
253 14.44790900231788
254 13.959369639146141
255 14.56617374343424
256 15.689529751951886
257 14.201132215115118
258 13.89883113197332
259 13.90520058190955
260 14.467613458931652
261 13.928265772116948
262 14.21137398047627
263 13.876734294761068
264 13.361998609942763
265 12.521271459771269
266 13.111460887576978
267 11.996364000149947
268 11.48480612336933
269 12.422380735220607
270 11.999673547459546
271 11.578210195758357
272 11.601496094197099
273 12.63665639108768
274 12.775202886725785
275 12.760698199415408
276 13.049764430149915
277 13.006278010734123
278 12.746369886099737
279 12.90015917377539
280 12.612845267617114
281 11.975688815982801
282 11.395660555997571
283 11.171669649341338
284 11.363602753562004
285 10.867640040930272
286 10.65111946344818
287 10.912586523489749
288 11.991379889249739
289 12.03414916062681
290 10.957104281331242
291 12.082195988348863
292 11.608910415220443
293 10.92048589019598
294 11.083749061530476
295 11.483633126363086
296 11.128018242820525
297 11.384630940275803
298 11.857325428457393
299 11.235615895126047
300 10.878989139422687
301 11.31035834511228
302 11.451182830277464
303 11.169590956075082
304 11.437493249138392
305 11.221356999663737
306 11.742796497463535
307 10.981410418606114
308 10.947168573847819
309 11.467836701449265
310 11.204674543271674
311 11.561281631083483
312 12.037682804249963
313 10.949648532967727
314 11.11306775833641
315 11.76875085909726
316 11.339328313797402
317 11.785869089588202
318 12.066112163781321
319 12.081983886240344
320 11.9218583706029
321 11.753376353983302
322 11.940766548079578
323 12.179829485709439
324 12.077679298556264
325 12.373781236185462
326 11.750219311278956
327 12.658286018823807
328 12.705583165639592
329 12.756623804011534
330 12.243757477070925
331 11.637459923770152
332 11.514132309387698
333 11.193260297834515
334 10.985854423296628
335 11.375351324686417
336 11.172425618392305
337 11.014001220601255
338 10.492161559912178
339 10.800404377254344
340 11.337727276719576
341 10.886346806551389
342 11.16201781546559
343 11.763607897150427
344 11.322951363601117
345 11.94050643410427
346 11.362843530039852
347 11.030797905308825
348 11.690547913617259
349 10.742032139342637
350 11.370139226736104
351 10.856209537239737
352 10.906049163651247
353 11.300349359840089
354 11.89605274022329
355 11.905498429307391
356 11.131914363227976
357 11.443556678092193
358 10.825484494721907
359 10.351063509600696
360 11.191916961866488
361 10.130487703380973
362 10.998554973435578
363 10.857890156259403
364 11.300088504321696
365 11.051562947739013
366 11.165255871938777
367 11.617207728957725
368 11.700164931965103
369 11.144907059168588
370 10.818911565564365
371 10.791995314778749
372 11.367648772282871
373 10.646558028485783
374 10.803004731077118
375 11.13281624345041
376 11.00423657879439
377 10.820172263368036
378 10.842680167008554
379 11.213429788945906
380 10.627685918985264
381 11.070546858216474
382 10.95355354275352
383 11.870695962369163
384 11.522313703524963
385 11.236383978704762
386 11.184630690393988
387 10.80518084082122
388 11.360786103264259
389 11.096723275748136
390 11.27581796159677
391 11.303024115303465
392 10.697723317347661
393 11.13051520352078
394 10.780345899424166
395 10.526950133636491
396 10.611888840326511
397 10.253967109161092
398 10.299983575607545
399 10.594317135991936
400 10.255371980076042
401 10.27820101251242
402 10.225342622590835
403 10.48848675982686
404 9.363459530822407
405 9.791754729746069
406 11.18691604091283
407 11.398159326069278
408 11.282719063806857
409 11.699164939977694
410 11.338734772777526
411 11.08559996996891
412 10.491568512673279
413 11.579875422396
414 11.02000029346533
415 11.112878765190775
416 10.996383246280102
417 11.270912969843513
418 11.16978683502123
419 10.812478682000373
420 11.155696689990425
421 11.17704053105512
422 11.129725696021554
423 10.598778308990456
424 10.43292471870325
425 10.861003105561329
426 10.751897333758201
427 10.740943932443107
428 11.098804587847964
429 10.684632428709014
430 11.322986916477255
431 11.16361930893742
432 10.493309158183823
433 11.133559145515362
434 11.059871761584736
435 11.113010334382043
436 11.060304403670607
437 11.372056656957486
438 11.080404540373339
439 10.607230215121831
440 10.915917280395984
441 10.268717300819414
442 10.315641965844401
443 10.678781165237531
444 11.32039100948925
445 11.101818649299439
446 11.661915050671102
447 11.103965425140824
448 10.640157049718875
449 11.025625688206443
450 10.096157899028135
451 10.512009583098965
452 10.854876317243214
453 10.093014239383663
454 10.817218288438134
455 10.824405916322371
456 10.254067353306004
457 10.287126580999304
458 10.567180337883915
459 11.059442442330205
460 10.646555310563334
461 9.560902923055634
462 10.083803930329784
463 10.462751181228171
464 10.65257509323993
465 10.545592197657433
466 9.832802172694002
467 10.422761951810934
468 9.978346439846547
469 10.411183949606569
470 9.716890170016566
471 10.428560478707565
472 10.173520536873374
473 10.01810220186922
474 10.01394515043726
475 9.767605796599032
476 9.801660869097134
477 9.885142772761315
478 10.20824190435679
479 10.077070758341423
480 9.954526275232409
481 9.918460760011543
482 10.060182407324794
483 9.791328365177296
484 9.923469979404892
485 9.360740665184116
486 10.106177193246253
487 9.615836976953805
488 9.658011884620192
489 9.141184163268454
490 9.801362783547997
491 9.102533189520988
492 8.946424004965777
493 9.499165005249104
494 9.342709191700653
495 9.468231653018336
496 9.53020641359383
497 9.614455918004941
498 9.427687639242029
499 9.18695873091039
500 9.955936740031712
501 9.887414313137366
502 9.573309472044901
503 10.257979097424512
504 9.89999987788789
505 9.437939119766709
506 9.373110166587779
507 9.964580457685932
508 9.806864744384193
509 10.215153237534912
510 10.120924667745737
511 10.100692120290018
512 9.897874102191075
513 9.89866371436137
514 10.010838446003907
515 9.640111527899135
516 9.561875312219186
517 9.785803520451521
518 8.610501946747297
519 9.343075312161632
520 8.383096781870833
521 9.017919176759328
522 9.337935065823679
523 10.559436783931327
524 10.477547167623182
525 10.128645583056734
526 10.05770366151178
527 9.977714322213918
528 10.643998364338216
529 9.866945574028714
530 10.637726656278215
531 10.065251060613646
532 10.368618384321078
533 10.194863094621642
534 10.03875097072046
535 9.119272281077535
536 9.488690208164318
537 9.790873308041625
538 10.046376806843218
539 10.538397419300862
540 8.831386796753092
541 9.708388899226446
542 9.086646233392523
543 9.233435979628414
544 9.966461223484112
545 9.85903460504267
546 9.97232342233912
547 9.328335902512569
548 8.881017125185966
549 9.144201757685805
550 8.500510805080483
551 9.211543595686948
552 9.37828559452684
553 8.821643490692573
554 8.847163112694453
555 8.72761396487245
556 8.719770350260434
557 8.007516454521582
558 8.812050225111692
559 8.033060306432757
560 8.196550324905202
561 8.37340372047827
562 8.058147150945455
563 8.31125891383377
564 8.325000659452982
565 8.358752918980176
566 8.18249097033895
567 8.708109748205608
568 7.530983535616551
569 7.990744272227995
570 7.25339355021771
571 7.292784247604501
572 7.555893967862456
573 6.837553880606018
574 7.523718194586033
575 5.9512172943819035
576 6.262830814972821
577 6.175476282925214
578 7.319466744014182
579 6.948977957078731
580 7.193470696763594
581 8.115261532044524
582 8.150314435331309
583 8.651041575326726
584 7.994388790358225
585 7.568682662658181
586 8.261362255804112
587 8.199211152719819
588 7.617640594722446
589 7.333798385129019
590 7.2936734809947215
591 6.982829298929848
592 7.322943825549946
593 6.825219887322559
594 7.101320656573925
595 6.778147167688865
596 6.895981240596114
597 6.984712351054098
598 8.245010510074083
599 7.444202701476543
600 7.832714921672745
601 8.300786300631037
602 8.064683962616135
603 7.847125993224481
604 8.108542159751448
605 8.152980491795988
606 8.662238430290099
607 8.365329436275672
608 8.714385650392146
609 8.155680138384419
610 8.71929267749415
611 6.99456040928945
612 7.026709843830265
613 7.192744461744638
614 7.242893730745208
615 7.482501082067913
616 7.601717858939448
617 6.955271355371172
618 7.5284775937873265
619 7.609699613258746
620 7.9943574791351715
621 8.604713220535759
622 8.034719900969915
623 7.753122109762441
624 8.011324313473187
625 7.958082548845219
626 8.718088555639333
627 8.568029723534394
628 8.862238004668072
629 8.47849228385002
630 8.154423515631073
631 8.241224069524636
632 8.697439858349146
633 8.307580068599007
634 8.50705347898343
635 8.46781935902938
636 8.786368435810505
637 8.50816723550687
638 8.448457766606179
639 8.597464534231603
640 9.338151108467423
641 8.595431441753899
642 8.158343337030422
643 8.823050581727623
644 8.364427779008413
645 7.917249089643802
646 7.81306921691397
647 8.506141317494611
648 8.493568682617918
649 7.132057231635026
650 7.814641422352372
651 8.33082044114264
652 7.991418466836494
653 8.724890073634215
654 8.181210323796359
655 8.187984691707962
656 8.570976728922833
657 8.392470748926396
658 8.764215880326882
659 9.233285333147505
660 8.310654053494652
661 8.450399365521179
662 9.037735584289235
663 8.406455478574992
664 7.912431384829884
665 7.805103564744324
666 7.838990459169002
667 7.667613157987567
668 7.496315278696566
669 8.00500358698723
670 7.397985372592068
671 7.078027086501276
672 7.8232863150834575
673 8.653101949556568
674 7.233948401900688
675 6.94001386255848
676 7.2876249318932524
677 7.139338384446189
678 7.568220691570126
679 7.933022411988192
680 8.137373729530431
681 7.721148266259282
682 7.032670531398526
683 7.681032525893269
684 8.096059522600926
685 7.950922987054432
686 8.227462650276708
687 7.762290464256347
688 7.3262805226087835
689 7.786277716187275
690 7.1940563150154455
691 6.675347858252587
692 7.9178832068103455
693 8.27769564196583
694 7.61072586524557
695 7.7634515756372275
696 8.303321388345998
697 7.791321300420252
698 7.759584996267018
699 7.834466632343626
700 7.961536139978135
701 7.570787256814312
702 7.789458444090208
703 7.711590013435367
704 7.978920729173159
705 8.233814303313043
706 7.756628555906297
707 8.035400207073529
708 8.135818757504698
709 7.616168502470115
710 8.245818060190564
711 7.80568174781739
712 7.889029254334654
713 8.848886040730532
714 8.263671593657945
715 8.068530227636343
716 8.918137725903279
717 8.507250298273442
718 8.668509203466833
719 9.01582864281661
720 8.947988028869677
721 8.895231710814798
722 8.224208638047816
723 8.610647985348669
724 8.73053439213888
725 8.531633571254641
726 7.889605736841334
727 7.936217492287392
728 8.0635157938725
729 8.328638143588282
730 7.958120244307329
731 8.246269515180222
732 8.664292222884267
733 8.057882878921932
734 8.375214433265878
735 8.267398261038148
736 8.978066015102987
737 8.157994908994084
738 7.9715718410244065
739 7.9295194064230525
740 8.115418599203577
741 7.968178902817316
742 8.213279969239215
743 8.655788361925792
744 8.319733055139663
745 8.757440215904543
746 8.513156509942727
747 7.981192837157911
748 8.148033507673553
749 8.43280384555941
750 7.577818369900509
751 8.040258647183672
752 7.731097682462705
753 8.141822137988271
754 8.698221546462237
755 7.681257959589822
756 7.4750106008920945
757 7.883297387023773
758 7.845195234550081
759 8.677403879780732
760 7.459254432223246
761 8.19915028668348
762 8.163763918396038
763 8.282512676993086
764 8.227874291459214
765 7.934463243025895
766 7.938681292225028
767 7.656842530800425
768 7.821873219135945
769 7.543241207287318
770 8.457283774423543
771 8.022520496970799
772 7.49791412712265
773 7.978614038371324
774 8.44455808364426
775 9.345269384756824
776 8.394367322404529
777 8.48703249163161
778 8.55848763669355
779 8.793993696750213
780 8.20809607440027
781 7.899667206037742
782 8.03338498984236
783 8.139121409794832
784 6.907980038977076
785 8.352342829441952
786 8.049095165725845
787 8.516352851461036
788 8.507315393203001
789 8.384075753017356
790 8.514827503685003
791 8.422878875952678
792 8.478124012753621
793 8.863238349251205
794 8.170382090090568
795 7.845493857044012
796 8.399510956047584
797 8.335180826657156
798 9.061472841044425
799 9.34024017097989
800 9.622884895532879
801 9.31442432779401
802 9.793689999465618
803 9.390778020091814
804 9.428741563305888
805 9.183946842162918
806 9.309461370406813
807 9.247803459133838
808 9.012786928798217
809 9.75383241754915
810 8.556752057712501
811 8.427657106065784
812 8.897578908876078
813 8.777350515653936
814 9.664482556905503
815 8.768944232349765
816 7.796598870557989
817 8.644005846126447
818 8.64494013900673
819 8.406451501607432
820 9.265209686054588
821 8.54874291947142
822 8.653053188287556
823 8.38909513441974
824 8.9443084502062
825 8.910867149098618
826 8.331334481730314
827 8.319595302278476
828 8.45435514320715
829 8.603018024986353
830 8.329910357928236
831 8.177942713212772
832 8.460617872225935
833 8.38736590448584
834 8.830912477258492
835 8.811283493337042
836 8.45419089618451
837 8.773254754611001
838 8.395992651598185
839 8.540530288335018
840 8.020748915498952
841 8.328269955197962
842 7.681673160503445
843 7.188916430626985
844 7.9827164670699435
845 7.7997689551538265
846 8.413050424059513
847 8.691698555411664
848 8.410208099130596
849 8.149700975596971
850 8.686555881444528
851 8.384421589498013
852 7.985821492320329
853 8.707435053701408
854 8.173634061407023
855 8.3013883171599
856 8.589086265084468
857 8.241277699904785
858 8.57550597479494
859 8.73939641112597
860 8.607097667532448
861 8.133305130306821
862 8.261670728339459
863 8.015680222973245
864 8.379683863281052
865 7.876849098452692
866 8.282323950728742
867 7.923296444057733
868 7.209236851424108
869 8.111280256552218
870 7.672224302650604
871 7.594504220684777
872 7.493391751225057
873 7.813180098626553
874 7.625661583722392
875 7.994021734877717
876 7.63360546231604
877 8.013824862731216
878 8.132244916271413
879 8.348387824016392
880 8.174776178635693
881 8.340786261010102
882 8.263365931642927
883 8.177699471431977
884 9.29354289138681
885 9.370069754709702
886 9.390248543600753
887 8.829623344505094
888 8.545327190577535
889 8.726703665303692
890 9.123728103205709
891 9.062590611294466
892 8.410164460909186
893 9.03389787548759
894 8.667589597779248
895 8.968210190756285
896 8.858353859549743
897 8.714923072854242
898 8.378455226256463
899 8.567150536757387
900 8.917835369260597
901 8.718453938242975
902 8.437511494982743
903 9.099028115217806
904 8.494039472041662
905 8.926000381820122
906 9.085301725038446
907 9.410186493534628
908 8.546328432467742
909 8.290737914344538
910 8.46132245164304
911 8.997178862699865
912 8.966797288829502
913 8.761781239354384
914 9.27825941275132
915 8.595693530300366
916 8.567229179973479
917 9.33551885186151
918 8.72479693093842
919 8.710527686128128
920 8.768812995280483
921 8.740692967952429
922 8.66546969469436
923 8.274994209546357
924 8.791761075504292
925 8.912519924898051
926 9.037600928523002
927 8.859289492762112
928 9.133688036332341
929 8.028693949122282
930 8.296356638273485
931 8.353345943985751
932 8.253794660929879
933 9.312673860296522
934 8.553632217074208
935 8.869913091277292
936 8.996504779203574
937 8.777549441688253
938 8.87719983395452
939 8.953165710704601
940 8.993982514872163
941 9.087174452925645
942 8.653350119178736
943 9.006443682776888
944 8.836294264283431
945 9.142454869312356
946 8.450421367045228
947 8.338039587461513
948 8.770900457113205
949 9.0165614145932
950 8.552816644610767
951 8.944604186705059
952 8.943647076761206
953 8.666360545189075
954 8.87872859951743
955 9.06411766067098
956 9.006824885328912
957 8.540066422990833
958 8.850828539001824
959 8.839924070386258
960 9.025684523693245
961 9.356558526540912
962 9.332420174122406
963 9.260027228471719
964 9.284122154524676
965 9.127003079521382
966 9.041447142837873
967 8.788767641186812
968 8.766819160188806
969 8.66761823345649
970 8.487638846607334
971 8.793684686014199
972 8.82053558196332
973 8.399019528129905
974 9.002216720424522
975 8.802867370829707
976 8.80292338950424
977 8.70325615680212
978 8.706041111297372
979 8.853344939450794
980 8.366920667295304
981 8.397646379423813
982 8.491571818417475
983 8.40062138930982
984 8.53756621255901
985 8.75474461702592
986 8.745373682805942
987 8.985701674644517
988 9.794256741655339
989 9.395275484830323
990 9.463067875465695
991 8.969185558984172
992 9.24309649529829
993 9.44762088404967
994 8.39687399196669
995 9.51048967659964
996 9.244978702954091
997 8.82675424403592
998 8.72360006121259
999 9.40889335114169
1000 9.199352348958367
1001 9.1225851354767
1002 9.297357660038351
1003 9.37443076846589
1004 9.172118153156108
1005 9.202504307274214
1006 9.499077492988809
1007 9.383663947734432
1008 9.343521157041947
1009 8.935340103809509
1010 8.940864660963154
1011 8.694045440335799
1012 9.571265272710935
1013 9.02790351014836
1014 8.911900674305057
1015 9.064312807627816
1016 9.241640384033195
1017 9.520085198718398
1018 9.009916677905105
1019 9.360404194578694
1020 9.014300707423768
1021 9.506735083807925
1022 9.460103339405684
1023 9.147027152989175
1024 9.508695572632305
1025 9.199461123888915
1026 9.777296393812112
1027 9.450745490767602
1028 9.72541524393636
1029 9.371613715574398
1030 9.378521731601023
1031 9.21227910198484
1032 9.279027715620636
1033 9.046855484956168
1034 9.400059463601869
1035 9.589450656852042
1036 9.01670684955658
1037 9.075744457757905
1038 9.821168403368967
1039 9.197521474117558
1040 9.394233236673385
1041 9.468848956955757
1042 9.7992597481966
1043 9.580418290586545
1044 9.912699703742836
1045 9.316011802196574
1046 9.191226148348598
1047 9.370251366597444
1048 9.927022756487881
1049 9.22043529245834
1050 9.71919380448216
1051 9.812319827138397
1052 9.029375853673526
1053 9.529983890974588
1054 9.6940393305245
1055 9.373939363332186
1056 9.61814444348414
1057 9.286343611210953
1058 9.565010061967671
1059 8.849548699336601
1060 9.3097710055853
1061 8.977237513801061
1062 9.470000800566849
1063 9.736326811066197
1064 9.607244514568777
1065 8.908085501578146
1066 9.42966132817346
1067 9.329682365002736
1068 9.58356011920006
1069 9.591482109127991
1070 10.115659151375334
1071 9.304054583455601
1072 9.281320711776825
1073 9.714562018630126
1074 9.989494190219146
1075 9.811857118783005
1076 9.188656849196747
1077 9.462418180088036
1078 9.654993042821335
1079 9.87055946037545
1080 9.683707114921376
1081 9.790982379201324
1082 9.8289891607704
1083 9.62909392921953
1084 9.664469469638084
1085 9.867789259826177
1086 9.77208632507125
1087 9.833744303997632
1088 9.997194676249904
1089 10.090175179005836
1090 9.55312180926289
1091 9.443433580056542
1092 9.642800908872001
1093 9.226797421272932
1094 9.413994613287592
1095 9.488632769961601
1096 9.53351986871502
1097 9.855120604091203
1098 9.307352140787504
1099 9.52115168525296
1100 9.768554697113258
1101 9.669466621887487
1102 9.090482009136148
1103 9.777803024411863
1104 9.562624699453865
1105 9.909173031883011
1106 9.426773149858462
1107 9.310514532736622
1108 9.925115099618296
1109 9.345054387053901
1110 9.463951798975634
1111 9.18222089267254
1112 9.830447527858304
1113 9.518528087759513
1114 9.2843971825589
1115 9.668958019296849
1116 9.826537935326945
1117 9.406348229865365
1118 9.756170531855004
1119 9.822983304821934
1120 9.92344920463125
1121 9.413607883743634
1122 9.98164410220453
1123 10.261280035405601
1124 9.765769189607228
1125 9.62971117111376
1126 9.699067924223693
1127 9.335035681274608
1128 9.841478868553496
1129 10.2042795333942
1130 10.231778311700419
1131 9.738485985017991
1132 10.083523596012968
1133 9.947981018643986
1134 9.71141958389397
1135 10.295828380110054
1136 9.93452899231098
1137 10.315017153946648
1138 9.823865660591556
1139 9.659394115351398
1140 9.137485679263346
1141 9.24030054663445
1142 9.589685471658752
1143 9.363774976917814
1144 9.620366466686775
1145 9.824537064003874
1146 9.707747979176519
1147 9.84541864965213
1148 9.472754885724894
1149 9.66960459378448
1150 9.392438749045366
1151 9.734169574650023
1152 9.137618652972016
1153 9.975785882770555
1154 9.989174545724866
1155 9.836981442377414
1156 9.73110536640181
1157 9.665737047178066
1158 10.444808477365404
1159 9.528331940148826
1160 9.575431073152306
1161 9.629999652741892
1162 9.970460350488507
1163 9.027707946432749
1164 9.88034070433964
1165 10.351242550413955
1166 9.798087511243097
1167 9.969095764385402
1168 10.193981494680362
1169 9.966198027915478
1170 9.657627914138983
1171 10.197273570138714
1172 9.46145668139109
1173 9.911156923737593
1174 9.519679514045691
1175 9.671312039254042
1176 9.646130930714895
1177 9.659743472860457
1178 9.48671506665545
1179 9.451460180336221
1180 9.773317839404436
1181 9.459430433460648
1182 9.873721812690832
1183 9.561318780497453
1184 9.545545833161201
1185 10.182667344791653
1186 9.714468387840709
1187 9.055817511047813
1188 9.426921825362548
1189 9.605519072638906
1190 10.722722761130532
1191 9.370431667111971
1192 9.098676818665012
1193 9.537565901453823
1194 9.74566109351208
1195 9.420487990806697
1196 9.862757446540583
1197 9.493336689622168
1198 9.838683031013886
1199 9.419560259785356
1200 9.126482464184727
1201 9.634991370029047
1202 9.493439569052049
1203 9.397915288746836
1204 10.042679601077966
1205 9.306780793038946
1206 9.288768943800811
1207 9.664151608540031
1208 9.721258204858339
1209 9.381801162822377
1210 10.063960715232884
1211 9.537362081064638
1212 9.648669195972099
1213 9.238891022061392
1214 9.561609707973261
1215 9.606886820840886
1216 9.48090814981573
1217 9.708473010019928
1218 9.945499516471154
1219 9.85126444378071
1220 9.912126967593009
1221 9.86618996101262
1222 9.804660120864337
1223 9.920706204085688
1224 9.971609828014124
1225 9.826426217842284
1226 9.255089694558983
1227 9.54612173766641
1228 9.853443659705265
1229 9.910726595572308
1230 10.250737280856361
1231 9.866880179034062
1232 9.761633342838731
1233 9.837924430066147
1234 10.139849115423909
1235 9.512096941579243
1236 9.494108915830344
1237 9.771022177104427
1238 9.946567144757891
1239 10.083053067902718
1240 10.246588032472488
1241 10.763381776612228
1242 10.650068913911596
1243 9.634627022050273
1244 10.203620282255608
1245 9.855233426903284
1246 9.976276334089132
1247 10.482783949766084
1248 9.898317116388197
1249 9.707171843534145
1250 10.221081107492529
1251 9.169453868160621
1252 9.521738608639335
1253 9.474063851437762
1254 10.454137615032542
1255 10.041097105552513
1256 10.062522462878848
1257 10.018631361279464
1258 9.75543957027595
1259 10.102508847619344
1260 9.894037166136535
1261 9.924810299659319
1262 10.183717907207544
1263 9.78237363178246
1264 10.541130831105114
1265 9.834483878385747
1266 9.757162905557186
1267 10.223475894581766
1268 10.426766666438155
1269 10.738492007614266
1270 10.503579895898968
1271 10.286694523361925
1272 10.164767121021523
1273 10.338449387410986
1274 10.173324944642056
1275 10.470311224568455
1276 10.833094421751223
1277 10.798252118386195
1278 11.02440272604517
1279 10.85538579526896
1280 11.330873228090132
1281 10.992411260361203
1282 10.643716748776336
1283 10.454262497687699
1284 10.789230441486039
1285 10.594365891791487
1286 9.736898930025983
1287 10.762450252214867
1288 10.259038361647086
1289 10.709991559691082
1290 10.53330221709873
1291 10.12694234150476
1292 10.615906134165998
1293 10.483917892758585
1294 9.942237763375791
1295 10.081121149803726
1296 10.294722216054513
1297 10.729723278151718
1298 11.066099396009747
1299 11.02198249799613
1300 10.802231531232744
1301 11.063603423566652
1302 10.170663121343685
1303 10.682161415340241
1304 10.734512776247616
1305 10.3962386922694
1306 10.275425064045935
1307 11.000756728281605
1308 10.598867516481452
1309 10.00261411051397
1310 10.261963473201734
1311 10.246075571150367
1312 10.271363275346122
1313 10.478563870965354
1314 10.399189799830488
1315 11.019692043697837
1316 9.919328220851721
1317 10.129507087723088
1318 9.790879843789158
1319 10.805582360054867
1320 9.959095004389953
1321 9.966848142234907
1322 9.899800774325204
1323 9.948910675148927
1324 9.851923513007563
1325 9.521470027411008
1326 10.2763234129761
1327 10.780493444330807
1328 10.282923391808598
1329 10.351869357508656
1330 11.412986850362481
1331 10.164564714372736
1332 11.22031883152113
1333 10.66538413392578
1334 11.013549767748444
1335 10.776146530569127
1336 10.147062692842505
1337 10.636365127188737
1338 11.091121029955056
1339 11.181762423122315
1340 10.472058035351006
1341 10.227314234042504
1342 10.808108890099264
1343 10.826488852463912
1344 11.254671913299193
1345 10.744642969857928
1346 10.879905922477352
1347 10.777069998699236
1348 10.948104987035745
1349 10.706044219532682
1350 10.648812856926552
1351 10.948689169873647
1352 10.852630493851597
1353 10.570762007566932
1354 10.582812113373922
1355 10.362182910901772
1356 10.304086338904224
1357 11.236085277761308
1358 11.33369865877094
1359 12.048896794247922
1360 11.674080933284577
1361 12.492243191828381
1362 12.564876516175868
1363 12.103745913492078
1364 11.703585146787503
1365 12.777827120755672
1366 12.811780723084889
1367 12.204688557892949
1368 12.227560998607501
1369 11.361130613407122
1370 11.694625010932041
1371 11.568950817319294
1372 11.007532044516664
1373 10.68457752126179
1374 11.565161029492781
1375 11.247607446622567
1376 10.872855710004949
1377 11.884455664472053
1378 11.760723537084953
1379 12.2383761876683
1380 12.579295578709033
1381 12.055879738335687
1382 12.188654031356055
1383 12.835365388056477
1384 12.437309654598145
1385 10.844407750886003
1386 10.927496840704858
1387 11.385890278346345
1388 11.347841417673381
1389 11.866828289865746
1390 12.16843525061632
1391 12.9302168962748
1392 11.731172544598591
1393 13.08369882770831
1394 12.910373756284889
1395 11.48116086048694
1396 12.285929330758865
1397 12.21955157402845
1398 12.341340932025814
1399 12.48370986526335
1400 13.102489490363483
1401 12.646663969047896
1402 12.287289847461546
1403 12.683145145231093
1404 12.260217491836785
1405 13.047061842181897
1406 12.731145255415793
1407 12.772538483783395
1408 11.95065351026456
1409 12.667861548981264
1410 13.113932933394835
1411 13.188113252759923
1412 13.019624725620607
1413 13.336015866471953
1414 12.625192133432739
1415 12.919669332074106
1416 12.400919985714662
1417 13.170539132806482
1418 13.261721005982302
1419 13.258503346689695
1420 13.030037374634144
1421 14.011377757588093
1422 12.991841882766348
1423 12.641205496707537
1424 13.297892860568231
1425 13.98454283335784
1426 12.832430317219925
1427 13.492144945531372
1428 13.484009386953481
1429 13.489641063315121
1430 12.460135911456486
1431 12.877844579171432
1432 13.08502061102321
1433 13.545850292862852
1434 13.065281820472885
1435 12.576159237565046
1436 12.130438441132657
1437 12.29794392458402
1438 12.228879017910032
1439 12.461921454420855
1440 13.121650837836384
1441 13.007172017699453
1442 11.900567296128315
1443 12.048783782035084
1444 12.210633090223569
1445 12.54401635365629
1446 11.994636673858247
1447 12.620651605571926
1448 12.727891135687287
1449 11.766603972817808
1450 12.184760354132418
1451 11.667247000374607
1452 12.46611994237189
1453 11.931168139192314
1454 10.972645725931333
1455 11.610825856860517
1456 11.665188784256921
1457 11.576962750520478
1458 11.61094244088453
1459 11.71965686963608
1460 11.575206088900256
1461 11.611007535630678
1462 10.863097830880749
1463 11.760470505874373
1464 10.985571667433742
1465 11.209802842800405
1466 11.729500402680278
1467 10.958257979266005
1468 10.759325344261278
1469 10.865325926303127
1470 12.442582129554786
1471 11.47300080078072
1472 12.178441976188175
1473 11.50342799587311
1474 11.364071055997963
1475 12.095740529135371
1476 11.360573603374775
1477 10.840541031212204
1478 12.568359388411723
1479 11.62941822378739
1480 11.072140973435577
1481 11.7892452572845
1482 12.869009978542731
1483 13.706706353032144
1484 12.045321966026979
1485 12.850825725953216
1486 13.600511638112645
1487 13.250702672142035
1488 13.327293586706068
1489 12.985300824204321
1490 12.426875612142323
1491 11.991016539212579
1492 11.747574968536451
1493 11.797749422373323
1494 12.045457413866396
1495 13.136848847453798
1496 13.068698792922753
1497 12.423439937567883
1498 12.800598392923865
1499 12.277392660195824
1500 13.175163621200214
1501 13.429173573082553
1502 12.431274281500725
1503 12.75285214097745
1504 12.346283510879285
1505 11.741314123275064
1506 12.8969374646141
1507 11.701249884563586
1508 12.531933051730165
1509 11.75865620714388
1510 12.167304534555225
1511 12.26871709347912
1512 12.58262374650084
1513 12.868482900265832
1514 12.08168827558517
1515 12.96045982929502
1516 12.575615680283674
1517 13.729888939774321
1518 12.655284430177058
1519 12.736895721428429
1520 13.500776194662025
1521 12.646422311531971
1522 12.549188011039274
1523 11.805875400796854
1524 11.704076954321541
1525 12.556119785004396
1526 12.050372480318297
1527 12.779709639572506
1528 12.793397677086578
1529 12.996704864515126
1530 13.059564064485594
1531 13.135509333337074
1532 13.46104177150638
1533 12.803409350637908
1534 13.69963003009095
1535 13.140115188807506
1536 13.131388494653697
1537 13.822473523893468
1538 13.906681495059855
1539 13.545235743648531
1540 12.814180950616516
1541 12.247395195411572
1542 13.071216969441284
1543 12.93128784294661
1544 13.370383809978273
1545 13.17779125472158
1546 13.54024254081663
1547 13.86439856280353
1548 13.718435293125774
1549 12.385558712071386
1550 13.21348995537781
1551 14.368650301728266
1552 13.945671770570682
1553 14.632896172159464
1554 15.188527534077659
1555 14.962402656120751
1556 14.862569160550917
1557 13.786404089068974
1558 15.478548780448314
1559 14.985032233950687
1560 15.125982560058388
1561 13.296139122344055
1562 13.481620842416335
1563 14.620279856668306
1564 13.805584440910604
1565 12.921517982815866
1566 13.760932553832127
1567 14.453588523981738
1568 14.627605490422626
1569 13.859877010179503
1570 14.524348752758037
1571 14.205748472689967
1572 14.295324107717281
1573 14.46169041271259
1574 14.241051378354378
1575 15.139719660335796
1576 14.649521672650776
1577 14.839853758926388
1578 14.897302355675107
1579 15.30932639157171
1580 14.094019481264738
1581 14.58788614801914
1582 14.842771276563981
1583 14.90162124958827
1584 15.202319772874768
1585 15.709796603075393
1586 15.458244433140207
1587 15.148052155501832
1588 15.013105738905983
1589 15.41824624828305
1590 15.31976491402761
1591 15.608186782576995
1592 15.116568027643215
1593 14.556554502963207
1594 14.58651413891196
1595 15.060181693548754
1596 14.579905011018225
1597 14.881815602740438
1598 15.36625302762681
1599 14.624349276762237
1600 14.830033400989612
1601 14.460877227515718
1602 15.443129391685854
1603 14.340368024471477
1604 15.134212687083668
1605 15.07712003705924
1606 15.748696771897533
1607 16.393598896835222
1608 16.275281527223
1609 16.181954731717152
1610 16.875050352705333
1611 17.504099822703612
1612 16.980339943195442
1613 17.17546800812215
1614 15.695857766807224
1615 16.909553025885252
1616 17.409428870124444
1617 18.112274575216052
1618 18.18341794270009
1619 17.52818876646961
1620 17.025237945243045
1621 16.912657219383437
1622 16.620423252112005
1623 16.503463636262474
1624 16.263432216217694
1625 16.273704157866746
1626 17.18462936127916
1627 16.5672518130386
1628 16.787219261479027
1629 16.378188777445665
1630 16.970186635058024
1631 16.896348292893435
1632 15.83919250278974
1633 16.998833946938753
1634 16.871787673000966
1635 17.24846890071445
1636 17.279302188429114
1637 16.83178718111701
1638 17.108380053006627
1639 16.801027652246653
1640 17.818913373413608
1641 17.87019443565697
1642 18.233279597286863
1643 17.722661332259726
1644 17.90465925056649
1645 17.315491514068484
1646 17.55964517388198
1647 17.703790235483115
1648 18.584646188708735
1649 17.46814581174334
1650 17.48989660181883
1651 17.07676985875687
1652 16.96715608602847
1653 17.493956256728215
1654 17.76497097671925
1655 17.797611124535376
1656 16.896443454232436
1657 17.03297690820341
1658 16.15084797208746
1659 16.290769962752126
1660 16.435561386276134
1661 16.578156734441333
1662 16.44516230873799
1663 15.481916304824074
1664 16.072056713431216
1665 15.430516494500116
1666 16.69995877857576
1667 17.622043765185666
1668 17.375504055569
1669 17.331636020186583
1670 17.814466370715486
1671 17.65247077018658
1672 17.20496491855761
1673 17.853317084544624
1674 18.04315942503107
1675 16.51088039273011
1676 16.926179894744504
1677 17.318212814944783
1678 17.56713611511676
1679 18.393537624169888
1680 18.329198942427233
1681 17.434640514954662
1682 18.734009321651122
1683 17.24935558613953
1684 16.299250935344496
1685 17.549534445950187
1686 16.18669964211816
1687 16.42191160580776
1688 17.111642410917085
1689 16.765732493746857
1690 16.900522586074615
1691 16.688859025544417
1692 16.140350015167105
1693 16.55560079011783
1694 16.80533898815125
1695 17.951144020668284
1696 17.283875219597682
1697 17.52523391081094
1698 16.83388454722248
1699 16.948043281193414
1700 17.24654453345381
1701 15.882888052746534
1702 17.771316199544344
1703 17.431026860868784
1704 17.63882658355532
1705 17.629495895096618
1706 17.619299506199606
1707 17.066481639676834
1708 16.735121466061532
1709 18.02141806403447
1710 18.219659109514506
1711 17.384034438835286
1712 16.99364166208404
1713 17.34496298006577
1714 17.682809176640692
1715 17.49568821137394
1716 17.8413212146084
1717 17.826639644833286
1718 17.809913856785172
1719 17.257328372678717
1720 16.856415551233944
1721 17.55090922676872
1722 16.181418482746434
1723 16.364193125252626
1724 16.02044339037119
1725 16.70950060366846
1726 17.313934651313346
1727 18.57333081055991
1728 17.64300467620062
1729 17.982508307851063
1730 17.5335837623484
1731 17.540470976915305
1732 17.384993749277733
1733 16.877251940880683
1734 18.763854472838254
1735 18.455040721079232
1736 18.82027251169352
1737 18.23492036923197
1738 18.047407194907116
1739 18.095646270647787
1740 18.178081681411015
1741 18.334290372961064
1742 18.06000122380412
1743 18.092324456579718
1744 18.68005880715059
1745 19.12752866752973
1746 19.009630071359364
1747 19.810504255654777
1748 18.829519765186493
1749 18.326110719649133
1750 18.681357662582617
1751 18.718943283263833
1752 18.824180034218163
1753 17.43859440146756
1754 18.523735592804936
1755 19.035231783376048
1756 19.09556729036487
1757 20.153906949690764
1758 19.438448901143783
1759 19.138127937196067
1760 18.44930992534704
1761 18.745202176026186
1762 17.920900420768035
1763 18.606234209170086
1764 18.30586088512729
1765 18.593418550739997
1766 18.265318224448436
1767 18.440054689816648
1768 17.82630197723443
1769 17.678046067650268
1770 18.346958542128355
1771 18.35836481206752
1772 19.262531668651405
1773 18.13271242110702
1774 17.403797334027615
1775 17.92977230335713
1776 17.921152521603688
1777 18.043341184103127
1778 18.190858735540893
1779 17.80436498405773
1780 17.86141559408727
1781 18.050669221123222
1782 18.666437263069813
1783 18.767827326557452
1784 18.92570769504342
1785 18.6556351943709
1786 19.43485865489439
1787 18.616362637021535
1788 19.101039801791796
1789 20.027019457207086
1790 19.432661923083785
1791 19.200028297522252
1792 18.49212870968641
1793 19.370545092700215
1794 18.377571243435185
1795 19.97048474478522
1796 18.800267375986124
1797 19.641037061340942
1798 18.59974009429703
1799 19.655557918890313
1800 19.857020398632887
1801 19.729315922508235
1802 20.139236728755886
1803 20.23806887850796
1804 21.1875290405479
1805 20.832388930958373
1806 19.92030438720511
1807 20.9039643478439
1808 20.31227922804994
1809 19.99942895482202
1810 20.615650576489486
1811 21.091078164678084
1812 20.20588625157024
1813 20.92460197995813
1814 20.354357039576254
1815 20.568355979998312
1816 20.0450208750006
1817 20.82827851449151
1818 21.13411080930857
1819 20.23355911921625
1820 19.59907293551719
1821 20.319779318143752
1822 21.62843953453888
1823 20.362309516039787
1824 19.61901681274946
1825 19.30486432593076
1826 19.32648545760372
1827 19.990400813289607
1828 19.5045111459381
1829 20.00895155592184
1830 20.33511866284335
1831 20.379831039414142
1832 20.198334818416388
1833 20.35930563208727
1834 21.25269203892776
1835 20.02038711549922
1836 20.677495116949327
1837 19.75223493842069
1838 20.79859947891371
1839 20.24372805930547
1840 20.287810523156345
1841 20.331653081555338
1842 18.84420697714364
1843 20.194637852309715
1844 20.658617888781027
1845 20.53760033735296
1846 19.916667051860912
1847 20.49221356326431
1848 21.46288208570853
1849 21.49983720798177
1850 21.89083557938418
1851 21.679334454050167
1852 21.620238732174936
1853 20.126298993529698
1854 20.17875373466006
1855 20.540691681743592
1856 20.014042654145587
1857 20.34307631200583
1858 19.65507912320345
1859 20.39158233084221
1860 20.439627698722056
1861 20.85647643604281
1862 20.448315751711828
1863 20.49527040196922
1864 20.991101822217143
1865 20.660392517619684
1866 20.399550158463498
1867 20.44073301546633
1868 20.745035397898672
1869 20.925605918213407
1870 20.604497557871138
1871 20.495138317899407
1872 21.391789411749684
1873 19.92774785281415
1874 19.42940757572947
1875 20.323051721421162
1876 20.329796146581543
1877 21.226325122751106
1878 21.59216450316962
1879 21.974583799278182
1880 22.019378412323736
1881 21.253210789799716
1882 21.948227379566816
1883 21.865306132766616
1884 22.020546527522068
1885 21.172807449874927
1886 20.767179243620525
1887 21.260357997338804
1888 20.673264474711143
1889 21.339403237129478
1890 21.570200080566917
1891 20.801100088203324
1892 20.799182768694216
1893 21.415654188732134
1894 21.45599378456983
1895 20.558083329320652
1896 20.65011838292273
1897 21.02029775407696
1898 20.80119657871755
1899 21.43192429119083
1900 21.6617564165529
1901 21.378131216651926
1902 20.7982923836692
1903 20.70399028307946
1904 21.783711052751443
1905 21.689831823188594
1906 21.22688649656607
1907 22.261617048967995
1908 22.14143320300385
1909 21.94894099548184
1910 22.11230904383027
1911 22.81075136815459
1912 22.43134585240256
1913 22.100682731522454
1914 21.837228207620957
1915 21.307017605884464
1916 21.4149579853539
1917 21.948591226494617
1918 22.29250894109645
1919 22.345734524927206
1920 23.089818216365767
1921 21.862744602376306
1922 21.36139105152012
1923 22.478821493897556
1924 22.24690613391588
1925 21.744752280559766
1926 21.27600184789646
1927 20.943699051959765
1928 21.391295283348953
1929 21.1169750519573
1930 21.256914245259257
1931 20.974661647629205
1932 20.77617635759542
1933 20.76495295079595
1934 20.846957204587284
1935 21.209392883134573
1936 20.98144158353827
1937 21.456600060181582
1938 21.515291116362622
1939 22.462620929379632
1940 20.910069150472363
1941 21.76042962381519
1942 20.85324051527624
1943 20.16139571325247
1944 20.04486910122958
1945 20.0671889598352
1946 19.83976192903141
1947 19.5981512823365
1948 19.954964817147157
1949 20.695436084537633
1950 20.543282828780068
1951 21.84075818522134
1952 21.42844437041951
1953 21.035623175932862
1954 21.32637941967057
1955 20.21116433722178
1956 21.060951438043563
1957 20.38256922342769
1958 20.835822402071745
1959 20.19790733368081
1960 21.099561556140277
1961 20.469404611047366
1962 21.11343218576906
1963 20.857797873450757
1964 21.018560533734206
1965 21.329297570839994
1966 20.43529127142361
1967 19.648816821448815
1968 20.49903791929272
1969 20.555042824257406
1970 20.327875806320282
1971 20.816694665196312
1972 20.53741150495684
1973 20.091499211029756
1974 20.48560373702867
1975 20.50341791752787
1976 20.165823287545297
1977 21.15115900467441
1978 21.014469841605013
1979 21.115169899608524
1980 20.64015162791088
1981 21.17680268164915
1982 21.37760452447534
1983 21.172298687336706
1984 21.06495476944771
1985 20.58785416234559
1986 20.57561319729129
1987 21.50794955630633
1988 20.935876927089872
1989 20.762341818872635
1990 20.50979764673366
1991 21.434378861250906
1992 21.275067843296142
1993 20.209617858468686
1994 20.551498558659762
1995 20.869084850431655
1996 20.63221218093783
1997 21.464670987667418
1998 20.743316049384514
1999 21.36806918951039
