0 13.718537580692463
1 14.492260696732544
2 14.723591322177107
3 14.73027213231657
4 14.285096629735483
5 13.95927800450893
6 13.982527012161386
7 13.763586751290074
8 14.908606262638733
9 15.17824711960606
10 14.16903760351922
11 13.77018441413443
12 14.218059048753268
13 13.941715995883989
14 13.96859131809828
15 14.759017290451947
16 14.67523444457909
17 14.136842587587852
18 14.219711368580908
19 13.475049638372095
20 13.174627592444697
21 13.524017001941228
22 13.802863176748508
23 14.134903532516267
24 14.321765024406906
25 13.416225140251543
26 13.783285320272716
27 13.026355817713029
28 13.378888073603989
29 13.82169364522745
30 14.314138303111637
31 14.31779430214573
32 14.300723780250175
33 13.037719485752415
34 13.813747030545368
35 13.5531075555712
36 14.052450969263703
37 13.307788971674038
38 13.560395056810355
39 13.165042770334473
40 14.252132585574472
41 13.628007068884497
42 13.616418007317003
43 13.190768006343982
44 12.755731063287522
45 12.19140183548981
46 12.698361838897615
47 12.953191755426841
48 13.0035602433382
49 13.21889581359212
50 13.42263444594563
51 13.199637254756711
52 13.686131230727264
53 13.970759193334082
54 14.036057563233575
55 14.807660905555046
56 14.1556547183284
57 14.104930763855617
58 14.474730926758573
59 14.52239100571695
60 13.956731599543335
61 14.565315508379213
62 14.261089278860316
63 14.40101025805261
64 13.572597300789909
65 13.694956974758778
66 13.755788308629588
67 13.297825834287513
68 13.363778229314073
69 13.589235785103769
70 13.607699626040743
71 13.778082594193982
72 13.129029876048959
73 13.54593726644694
74 13.74526441410119
75 13.587383723940363
76 13.945780652910424
77 14.11934179491807
78 13.599452783047727
79 14.974397792758346
80 15.242344459494785
81 15.60660618559364
82 15.17753807241367
83 15.091402462868507
84 14.800512795866368
85 14.366914664175372
86 14.18361367773079
87 14.257948734970514
88 14.797505947581515
89 14.697798284359981
90 14.94218170548517
91 14.283520757700131
92 14.430687562962893
93 14.70209762846821
94 14.692040021468998
95 13.762804043992844
96 13.848669873101302
97 14.121363001196556
98 14.152672761552223
99 14.283849622533761
100 14.400176937526386
101 14.619803148757198
102 14.56196345981587
103 14.67538559971886
104 14.340590369017708
105 14.271648815783319
106 13.821769286130996
107 14.120580429255536
108 13.947251199697387
109 13.839319782932833
110 13.627158905757366
111 13.452166725752686
112 12.89203346130298
113 13.040090732978419
114 12.965249774670388
115 13.213574765748984
116 12.01440072291438
117 13.015528900653813
118 13.439737546698211
119 13.27639798458058
120 13.489634632387405
121 14.512064602310133
122 13.814463562524212
123 13.905676580795255
124 13.863314265169022
125 13.981906024879116
126 14.371424067775465
127 14.870228234413144
128 15.333259355384984
129 15.026330594209563
130 14.713804136393652
131 14.782880966136272
132 15.348699922819478
133 14.594896977899955
134 14.767736562505362
135 15.198664471213613
136 15.808488884073261
137 15.669913362720312
138 15.438022914495061
139 15.66325171569427
140 14.584529437637894
141 15.076259130470817
142 14.811906268511716
143 14.893918076599254
144 15.139513233922537
145 15.492669998366406
146 15.13931340678907
147 15.508672604429
148 16.642661768129713
149 15.876965477141404
150 16.400157770042135
151 15.539682702721633
152 15.17701460549702
153 15.091692099704744
154 15.161640001343184
155 15.266553006251184
156 14.707727320192673
157 14.604732004151378
158 14.190213453582661
159 14.157184301451645
160 14.50514672206826
161 14.046671400023861
162 14.465963350814294
163 14.80060809588303
164 14.493742984567236
165 14.517769362782484
166 14.327466049864723
167 14.612911495716528
168 14.070440090325691
169 14.512659507346346
170 14.62440550154551
171 14.4636123034466
172 14.190867143165704
173 14.099556208428485
174 14.779936408320172
175 13.97023072282318
176 14.114644709338146
177 14.179377313830978
178 14.045160309115394
179 14.41029494361476
180 15.212497509829893
181 14.76767829646199
182 14.651659780560779
183 13.92580269536121
184 13.956839599814568
185 13.79910502608864
186 14.738722544293939
187 13.960962652046476
188 13.937640556468974
189 14.083357264069473
190 14.38385308604953
191 14.006455275764667
192 14.480118675427807
193 14.889879601067452
194 14.249142927168698
195 13.898937721210352
196 14.151862714896753
197 13.529976183612648
198 14.32675448977437
199 14.033718419174667
200 14.218315645597286
201 13.620147419051191
202 13.035386168599658
203 14.000108407442298
204 14.435520221424719
205 13.613718384559679
206 13.208649984471977
207 14.222913054280388
208 13.44056287281976
209 13.83819158331639
210 13.631330305347815
211 13.59035131248826
212 13.992674661647419
213 13.412085940346692
214 13.92030998094924
215 13.507155795625739
216 14.270325473161346
217 13.907514816206552
218 13.814638980616996
219 13.37585425460034
220 13.324632499401927
221 14.176285244350737
222 13.599616278226579
223 13.841902570808124
224 14.199141506233763
225 13.111481404824644
226 13.215019289738876
227 13.164874846913966
228 13.31611984315366
229 13.906505061111156
230 13.823497542683127
231 13.349875983685532
232 13.236917727512035
233 14.23750175272243
234 13.695898117071073
235 13.12124659128179
236 13.096305102257523
237 12.864579384923559
238 13.149469484740607
239 12.789447863539008
240 13.447830922227327
241 13.362356443941268
242 13.478114240079336
243 13.979916332766134
244 13.344665147466579
245 13.070255851014812
246 13.969074617812364
247 13.772636663930353
248 13.877476252163904
249 12.906172899668638
250 12.980393916084877
251 12.953159140189388
252 13.84776804787844
253 13.123615842477632
254 13.52569039283392
255 13.447426254083737
256 12.636793183946704
257 12.650046282055227
258 12.876781290339716
259 13.358941270576908
260 13.704983810772415
261 13.601489026044241
262 12.876904106892786
263 13.246643192388992
264 13.6898237442878
265 13.73150934838894
266 13.333311224226804
267 12.983068559951032
268 13.671675483344194
269 13.439352479219393
270 13.931394830884765
271 13.957459590965435
272 13.139160634780914
273 13.068850670323766
274 12.530696209486152
275 13.210581132874552
276 12.926421404238653
277 12.967152392063934
278 12.540184584167216
279 12.322834409760453
280 12.545005052174808
281 13.243271017085794
282 12.68478806356948
283 12.238073399820776
284 13.19530980372217
285 12.85747369206286
286 13.537899767290579
287 14.206677038641432
288 12.903170655679089
289 13.069760819304346
290 13.094897187197397
291 13.173433833968508
292 13.25996666705379
293 12.768413935190749
294 13.62810351463208
295 13.418392131679298
296 14.01219215181758
297 14.299821216955626
298 13.88732702184936
299 13.784015887700518
300 13.515969585089906
301 13.813910669680403
302 13.792222761114763
303 13.682593287580605
304 13.848096714441162
305 14.289649671432873
306 14.173943271084083
307 14.048749647675946
308 14.041396278493755
309 13.889132180787334
310 13.973160935905767
311 14.633762255105383
312 15.356422698863682
313 14.330935332049197
314 14.420797806699152
315 14.56880569261536
316 14.882771228595606
317 14.454679401387306
318 14.716959519666164
319 14.409916394742252
320 14.187923074255998
321 14.14140525617463
322 13.843982990743607
323 13.842667129120878
324 14.705320346338265
325 14.093606122784383
326 14.238240884349063
327 13.86093813610431
328 14.215737517472892
329 14.446903574441839
330 14.943621978194498
331 13.945315628343058
332 15.382887106151587
333 15.108993365111642
334 14.814298453015837
335 13.592127099352703
336 12.99841803371302
337 12.829466754614002
338 12.684754128371724
339 12.580591988726484
340 12.560154509044645
341 12.79932882178293
342 12.746262650726987
343 12.737627301033266
344 12.734180703491981
345 13.231670230739143
346 13.757838075712108
347 12.57672119542704
348 13.270372802631433
349 12.426161731935807
350 12.54806072387421
351 13.139673817545148
352 13.076967420605884
353 13.073257326814645
354 12.263003016289181
355 13.163143343216351
356 12.90392428154808
357 12.087790896034889
358 12.896775412320878
359 12.661588065135343
360 13.157712040631406
361 12.965352289873916
362 12.885796581330958
363 12.278070604526944
364 12.393556749521109
365 13.333941203223688
366 13.066597120784563
367 13.046669023591251
368 12.486994477194076
369 13.293672454421161
370 12.799061293448275
371 12.012280748256424
372 12.151579332343646
373 13.04318833838423
374 12.44348666400609
375 11.982704094099773
376 12.539002097598832
377 12.331143840952004
378 12.248231280229994
379 11.976510093568411
380 12.980931594157243
381 12.13351839434834
382 12.357507857860009
383 12.072665170924427
384 12.69336945309357
385 12.341664223517176
386 11.70726405402938
387 12.05002354151005
388 12.89701547264759
389 12.746811416737595
390 12.359026022997119
391 12.703773505123142
392 12.41779370266197
393 12.365415611266133
394 12.858530307490126
395 12.64724472428324
396 12.321470839824029
397 12.239605804026267
398 12.527488535863133
399 12.375164904268686
400 12.609016435680362
401 12.292275188182986
402 12.044519479713703
403 12.30150027538393
404 11.952381143248667
405 12.566158988936456
406 11.954788158777392
407 11.915155958936102
408 12.287012652527402
409 11.411928752872816
410 11.645142719091975
411 12.187963549631888
412 12.010050203665958
413 12.069637714632831
414 11.87714773853391
415 11.591294403990018
416 12.369441553827093
417 12.42205175254273
418 12.48771077610387
419 11.931899496046187
420 12.47455744927625
421 12.117271650252233
422 12.280863916003707
423 12.087907093968976
424 12.696893206322764
425 12.496969793342538
426 12.102401515432597
427 11.92303801608401
428 12.474286792961458
429 12.37647473342414
430 11.991132756439423
431 12.114148505229672
432 11.945164439489014
433 12.242202016687058
434 12.072217818564589
435 12.136970058887485
436 12.268124304263393
437 11.8041066241389
438 12.046187174497076
439 12.315771064298477
440 12.246868680802203
441 11.446469894422975
442 12.219563507013584
443 12.507353269204506
444 12.423507660135932
445 11.80139541038897
446 12.368124570309543
447 12.037610294337812
448 12.836731703744093
449 12.210918223506383
450 11.550120636245834
451 12.28881256196617
452 12.434820307723356
453 12.306883417817618
454 12.009651833072681
455 12.041020640068947
456 12.126468652835117
457 12.511839218271152
458 12.434800644087218
459 11.892091587701927
460 11.744166102483726
461 12.401835326130433
462 11.149070424957616
463 11.930279109422102
464 12.34873366701077
465 11.89821105772982
466 12.21203278897482
467 11.695656639528776
468 12.07964659200662
469 12.137562140555053
470 11.947831633365116
471 11.99192019060418
472 11.861084417683358
473 12.312160139246227
474 12.001158892952816
475 12.571865336490731
476 12.636369670523845
477 12.474737140974586
478 12.560491362256974
479 12.303302797680171
480 11.886268140307594
481 12.364894184663669
482 12.751758657928278
483 11.413223143452267
484 12.287189820923643
485 12.050483032003292
486 12.458418633420605
487 12.38785450369107
488 12.515865869903495
489 12.662752013937835
490 12.40780574793349
491 12.233839091482482
492 12.215643620427945
493 12.040445923903231
494 12.064265417611498
495 12.461685206448893
496 12.167186082963335
497 12.147291468104704
498 11.853152415675732
499 12.284977443566705
500 12.048775612934083
501 12.059670105762448
502 11.945294757196196
503 12.222931991545048
504 12.377198861977758
505 11.73699139565582
506 12.080208157002648
507 12.279788686443876
508 12.208310439246754
509 12.291635013446895
510 12.40465512442156
511 12.081276658699831
512 12.458701103129265
513 12.566545353698764
514 12.61061922833841
515 12.479388439138585
516 12.61914983453265
517 11.834863523848162
518 11.844767705170312
519 12.454071243838829
520 11.844891503843026
521 12.416378701783756
522 11.761464347021558
523 12.19342341719213
524 12.251014855789128
525 12.294023222152537
526 12.164725206287716
527 12.031696015884403
528 12.090664917762785
529 12.207019577044823
530 12.067944856685532
531 11.999654147682794
532 12.455961884613505
533 12.382985186985259
534 12.111100274335213
535 12.545240997080864
536 12.691875279601902
537 12.158716171779384
538 11.349191393789544
539 11.869300231439693
540 11.992167945984464
541 11.81311094188588
542 11.29741017598869
543 11.701665188889965
544 11.868763882408357
545 11.310765703246668
546 11.868962246176325
547 11.785556253885167
548 11.556824447752012
549 11.805423267687557
550 12.447823416188868
551 11.931827112688756
552 11.747405441941888
553 12.268145648961635
554 12.0881833568969
555 12.296716699819978
556 12.539891921014775
557 12.273058681250617
558 11.932945692305791
559 11.837645855149244
560 11.589006263611267
561 12.038244181810622
562 11.7118352781556
563 11.346866356329052
564 11.53326842851082
565 11.834365163164309
566 11.700429013077736
567 11.534899892475789
568 11.45818779509973
569 11.365353903990094
570 11.383883050764602
571 10.7885082086712
572 10.648898402147315
573 10.752909547857966
574 10.927604126121105
575 10.960310892834189
576 11.122565980679683
577 10.907457916565836
578 11.057499124507505
579 10.790639178418665
580 11.027650984236576
581 11.296784062417226
582 11.21631156061571
583 11.329229735818032
584 11.535318034631768
585 11.536405837759176
586 11.46532224414102
587 11.31815625802721
588 11.213530362159174
589 11.733988328085722
590 11.608122466838584
591 11.40228402870669
592 11.858330624484445
593 11.963843604118322
594 11.032940999415136
595 11.431278178304158
596 11.797411081987594
597 11.796750054913279
598 11.538198959807925
599 11.947588498472472
600 12.47006329417572
601 12.112084469269158
602 12.01144670461764
603 12.013570369322442
604 11.914956707173763
605 11.52988969696621
606 12.152555309506758
607 10.843920432013414
608 11.166299386600205
609 10.793134100825382
610 11.706559020388264
611 11.371737913757212
612 10.756768239280264
613 10.887582456859308
614 11.142516786358637
615 10.892307409782276
616 10.69972771777364
617 10.386065101167983
618 10.644005534701947
619 10.338637748590193
620 10.668245138728638
621 10.693405239019182
622 9.870972052742482
623 10.241261727429382
624 10.301553181321648
625 10.063101777886827
626 10.571687215089733
627 10.584172699472768
628 11.097925911178365
629 10.633230420680787
630 10.18706419104138
631 11.041431231871666
632 10.305990980726765
633 10.686220257233849
634 9.696394601660243
635 9.989982314303097
636 9.996402757907703
637 10.34818245580839
638 10.182753044096314
639 10.816485809240781
640 10.650391365074178
641 10.644982060271786
642 10.149665944602686
643 10.43570199745442
644 10.016979758451766
645 9.357992283050326
646 10.094792259693877
647 10.274293128150696
648 10.16771178810811
649 9.614484654381522
650 9.073559096285704
651 10.238665795826726
652 10.077030808698751
653 9.909288772374952
654 10.51782369259698
655 9.747238639029316
656 10.077069709709233
657 10.594066449263881
658 9.176723025449634
659 9.655448440158143
660 10.373586890985585
661 10.422142069335937
662 10.412160888980834
663 9.88722597884693
664 10.196318370386605
665 10.545631600732305
666 10.449807014537656
667 10.46000802787164
668 10.058355627340578
669 9.942087610496875
670 9.41003343280237
671 9.967011826797322
672 9.719120341870381
673 9.473456662908523
674 9.852609442731307
675 9.766844484840249
676 9.869906098732024
677 9.656133928364998
678 8.957436027900432
679 9.686324536617098
680 8.94506023542694
681 8.566020988518892
682 8.799479466419461
683 8.973720868940157
684 9.403903372721576
685 9.934113523375514
686 9.205425058362552
687 9.720748774821708
688 9.465415011900017
689 9.66982884251464
690 9.529156710457613
691 9.190364503551667
692 9.28738246490555
693 9.795933349241615
694 9.246327889014509
695 8.89327135891107
696 8.971200551190885
697 8.887924270002221
698 9.48609035949732
699 8.89535839471298
700 8.253555399832496
701 9.050444658025468
702 8.74069267015442
703 7.943215096116869
704 7.974226753130845
705 8.128222277084037
706 7.430655199084919
707 7.182470069751072
708 6.164975461556447
709 6.997309328305625
710 6.294232696509845
711 5.844457551951126
712 5.667236684666247
713 6.244433609345135
714 6.917086334437257
715 6.944867097141937
716 6.482838241068887
717 6.194909131367638
718 6.979596778750507
719 6.606817243942105
720 6.32967064111323
721 5.659351490694958
722 6.296173175809641
723 6.238392720224143
724 6.103541477563335
725 6.795289894771464
726 6.615003558464625
727 7.144201387306875
728 7.609039179094632
729 6.730359843104095
730 7.228344929355048
731 7.690829032012482
732 7.341847916785475
733 5.90203344669223
734 6.389885626835382
735 5.795992592880575
736 6.2642605462325225
737 6.657699013507995
738 6.507756667166492
739 6.881538294037191
740 7.07963039067635
741 6.6701894640462465
742 6.425218356472468
743 6.797506163474195
744 6.405709048213626
745 5.972480567020092
746 6.643454472676243
747 6.273394231805909
748 6.1001005830060615
749 5.577745175950429
750 4.909421232620833
751 4.396817159663021
752 5.033591439703068
753 6.493357948065358
754 5.7981690037840945
755 5.6299203286178034
756 6.2241972373255825
757 5.446125788228999
758 4.767875081294785
759 5.102746026332146
760 5.522821957029173
761 5.377450052171583
762 4.654512364625799
763 5.14516563113611
764 4.3205863548329635
765 3.8651668104470374
766 3.6912941284877197
767 3.7373194613090086
768 3.8537010980388384
769 4.005514828048494
770 3.749365654984505
771 3.707956625615624
772 3.841037986691548
773 3.956519159138509
774 3.537631038144962
775 3.4916103265435976
776 3.751190221464669
777 3.7205757522593736
778 3.2418652336455116
779 3.7387897264021435
780 3.788378789557781
781 4.143933901524313
782 3.921724060210539
783 3.8370010213640464
784 3.7182127648385475
785 3.947108623724566
786 3.848912888535106
787 3.9014250888504414
788 3.81120624514231
789 3.6405349053305214
790 3.8459567301266384
791 3.803867057068973
792 3.682428297862876
793 3.969869746291709
794 3.744556288498797
795 3.9156230133993026
796 3.796141466114662
797 3.5823403299865904
798 3.656229423445412
799 3.9406807773298
800 3.912134188101413
801 3.715139756894369
802 4.06028125526762
803 3.703214565994409
804 3.782828865756169
805 3.812701303964837
806 3.9327909810779347
807 4.475987196852212
808 3.662436419780722
809 3.7990289307510596
810 3.921393938327773
811 3.7365173517123793
812 3.7307495166975246
813 3.4645152494236338
814 4.223913863390911
815 3.8605983967027435
816 4.056886139075794
817 3.817201728090408
818 3.787229298723525
819 3.7501291028019117
820 4.033730473904392
821 3.648935047797341
822 3.687126855703884
823 3.3874613308408206
824 3.6768808902150956
825 3.7935979013223915
826 3.760830446525201
827 3.947967728969055
828 3.921467412411889
829 3.9093855883679387
830 3.9441042024298683
831 3.7720797916432516
832 4.3368134223826065
833 3.6597974707721765
834 4.120823201050377
835 4.056286677254017
836 3.4030119890872266
837 3.4750853519822926
838 3.6638431297454277
839 3.536614585671922
840 3.9755424923583473
841 3.6374282797380895
842 4.864714955982524
843 4.902361136804896
844 3.9140393630335417
845 3.6589418955953104
846 3.7266509022732044
847 3.772545386015763
848 3.857518547089225
849 3.725257578857073
850 3.952080182509529
851 3.8531269458969133
852 3.898940406092548
853 3.7976795792910667
854 3.744342239194199
855 3.8180915620106943
856 3.698212720212826
857 3.6750221115836434
858 3.801601900575268
859 3.651120705871747
860 3.668629567987363
861 3.762790775569161
862 3.463834948295716
863 3.659016887099822
864 3.567186431704372
865 3.453659461456019
866 3.5135254335733266
867 3.432821845285422
868 3.697792037344096
869 3.5483524690538393
870 3.737897984034642
871 3.63160739937936
872 3.6697975894091512
873 3.6538518578950407
874 3.564720151947651
875 3.6961785542731844
876 3.546273740751179
877 3.8203716771281746
878 3.436874352464867
879 3.4904162330048427
880 3.594013787001002
881 3.667935771119849
882 3.5495928057480524
883 3.507183493461055
884 3.4058157592049514
885 4.226042653251692
886 3.4689681505653303
887 3.5068933998050893
888 3.5268055713219364
889 3.5099047107936556
890 3.669039845360239
891 3.6610717127197474
892 3.8078623548783535
893 3.6333356467043023
894 3.509546503882464
895 3.781053251302954
896 3.4581609419907933
897 3.769482834751916
898 3.5208101397731486
899 3.6712069102202425
900 3.6030368706534373
901 3.5847170327162123
902 3.569866279740879
903 3.664957348560656
904 3.4182981021381464
905 3.6475368660570653
906 3.646021864675432
907 3.6534153168101273
908 3.697958213165119
909 3.5418496836316975
910 3.6236194262281933
911 3.709032014441938
912 3.8196211318535886
913 3.5693783479140557
914 3.5148184063486836
915 3.5996236054518573
916 3.605339143122643
917 3.5623164829138068
918 3.583673830558725
919 3.6632817585529134
920 3.603923703303709
921 3.482430564871773
922 3.6472866885709556
923 3.604910801405045
924 3.7568365524162712
925 3.723213681891999
926 3.5414075060817796
927 3.7300876368912066
928 3.5767862441145746
929 3.565490981469121
930 3.6062706604177115
931 3.7968554080042844
932 3.3729821227919303
933 3.489279118481408
934 3.672215844452
935 3.496494133786679
936 3.5381101712517964
937 3.5390915604468223
938 3.7283201651596833
939 3.6701027075799106
940 3.759504114557108
941 3.6331082779234345
942 3.498543680774026
943 3.5493795224389104
944 3.3172802516930804
945 3.6248357795171446
946 3.573792625069959
947 3.6051238758855972
948 3.73566685893844
949 3.4018454192448764
950 3.2479670474394413
951 3.5978934104350015
952 3.6142735125313763
953 3.7267766403567464
954 3.4504597262826904
955 3.8180421702707767
956 3.642552374095404
957 3.664357105238773
958 3.580331830945402
959 3.804505537666764
960 3.4665669400303942
961 3.574092294044309
962 3.3712247075020123
963 3.804494851089832
964 3.417459949202949
965 3.6811714790321757
966 3.824513838057195
967 3.686659649134785
968 3.5873026038551483
969 3.814510294265086
970 3.423365105523427
971 3.554995343285928
972 3.496732410845867
973 3.453961860868046
974 3.295252817194623
975 3.5094593230078983
976 3.3469306815078674
977 3.42465993345117
978 3.3891405374256047
979 3.6158898097561143
980 3.3092927744096268
981 3.415292330645817
982 3.643259411128108
983 3.507916809589256
984 3.5603452535379123
985 3.328542986174216
986 3.643411889813926
987 3.5477017161914097
988 3.353903898123333
989 3.5857026116231667
990 3.6050506264386333
991 3.7279623090542464
992 3.6385945303277047
993 3.8680595324524627
994 3.7352196680688974
995 3.485432136581149
996 3.89259654887876
997 3.4877080821817605
998 3.6343465912681845
999 3.517211156060484
1000 3.6641390351255563
1001 3.694888589019853
1002 3.4741044837490804
1003 3.23410795633756
1004 3.411835673896622
1005 3.5707754477961893
1006 3.3935915636424445
1007 3.376205540801733
1008 3.4323800243516414
1009 3.43318843457764
1010 3.2950973656427136
1011 3.3781909980799742
1012 3.4486998732400354
1013 3.505693857981338
1014 3.624724325145925
1015 3.2438458294023875
1016 3.750691562184964
1017 3.648526020355412
1018 3.400045942269328
1019 3.2064799970367956
1020 3.3054414876928186
1021 3.2664491826077073
1022 3.644073352941678
1023 3.6526331005301147
1024 3.3081945020381394
1025 3.4093519161215657
1026 3.4788791704728395
1027 3.4450946182230697
1028 3.4084950602894972
1029 3.699113592098911
1030 3.413839831497814
1031 3.6077323413072624
1032 3.3859953972154444
1033 3.6572262020255804
1034 3.3788970220444896
1035 3.3145811052043537
1036 3.4431489032717044
1037 3.4289239391194
1038 3.544888350970539
1039 3.5847087890243814
1040 3.320747941732872
1041 3.461749646563308
1042 3.4096934092068887
1043 3.4433118018751148
1044 3.625712703569166
1045 3.5887058995505443
1046 3.482907860611463
1047 3.406350309598074
1048 3.374564925907487
1049 3.4097804518596018
1050 3.607321474304786
1051 3.426401132681479
1052 3.793058871383945
1053 3.6205559823097344
1054 3.400266874971477
1055 3.5651686879024185
1056 3.475507719773952
1057 3.3084416102265357
1058 3.5577772704656567
1059 3.6095519663974325
1060 3.320318032929871
1061 3.5080380410445042
1062 3.677945883330096
1063 3.47471481784933
1064 3.6687775903501816
1065 3.365088858861968
1066 3.398055584177561
1067 3.3694246478302556
1068 3.572391698634507
1069 3.514651283685976
1070 3.326084276702318
1071 3.715380473735742
1072 3.4422194189187376
1073 3.243202451184083
1074 3.3891445935145974
1075 3.567352069723982
1076 3.2659459438801157
1077 3.279892698412365
1078 3.2943688953256176
1079 3.1904694331061125
1080 3.397102397959488
1081 3.155962654312831
1082 3.220398692512819
1083 3.1648993285347418
1084 3.406126732585185
1085 3.503353838122868
1086 3.252001138009472
1087 3.2076017039474287
1088 3.3412410635339005
1089 3.3284170709491803
1090 3.1416797326708648
1091 3.112492393026425
1092 3.179289795279946
1093 3.0624010502167525
1094 3.270629033945806
1095 3.151064197989717
1096 3.2406036436292016
1097 3.2678138413083433
1098 3.14554745357913
1099 2.9718872447695346
1100 3.508869888061294
1101 3.173651417068634
1102 3.493780659320366
1103 3.299933934064338
1104 3.3570237518916253
1105 3.2440287506078787
1106 3.4834894666262746
1107 2.945872295295594
1108 3.306116983886382
1109 3.228186657767754
1110 3.0311500755947005
1111 3.378885005435347
1112 3.2430201925003
1113 3.1847134101127224
1114 3.584548777577119
1115 3.2753544038373112
1116 3.3021467449757878
1117 3.3962675857574003
1118 3.375659003331736
1119 3.2045444862231762
1120 3.4025060617755614
1121 3.2670622543382377
1122 3.4246487512606225
1123 3.1244092570750954
1124 3.164252922224261
1125 3.167751733160309
1126 3.406799463395502
1127 3.3275045561099414
1128 3.2014218718573497
1129 3.5154283231007426
1130 3.3033464601679965
1131 3.2141907908753273
1132 3.3636389004393994
1133 3.037296014186917
1134 3.2178028221191424
1135 3.2925771000980326
1136 3.496298079105485
1137 3.678580849575234
1138 3.5736049940680137
1139 3.4635393049239562
1140 3.6062953427381967
1141 3.754274961667205
1142 3.9439632374634233
1143 3.742309962316167
1144 3.606179318820909
1145 3.6223645515373137
1146 3.908519032272823
1147 3.730653808136054
1148 3.735848461857055
1149 4.084879351227499
1150 3.8788147457511126
1151 3.9222062913158324
1152 3.8990628114982138
1153 3.784824388160629
1154 3.9317942088337414
1155 3.922655869918397
1156 4.263629009632834
1157 3.6535461138202985
1158 3.639054085873897
1159 4.425048996386571
1160 3.6351563839448247
1161 4.249505675366288
1162 4.244047105048685
1163 3.8227884020459144
1164 3.928145151222559
1165 3.9571902398664567
1166 3.755550341440646
1167 3.7539365790647317
1168 4.024312327765769
1169 3.6428946774941333
1170 3.9939644152192444
1171 3.799054796203368
1172 3.652091792127969
1173 3.9643307803109096
1174 4.248739785640754
1175 4.175353287874397
1176 4.2617214215834185
1177 3.9047414571998083
1178 4.1029879919045475
1179 4.07064326158366
1180 3.9635980402050834
1181 4.908171133337942
1182 3.921264016484157
1183 4.58797844036727
1184 4.149903188632982
1185 5.078262069807369
1186 5.097408287823087
1187 4.901955462629463
1188 5.9320753202627055
1189 5.334462439384746
1190 5.682562848174064
1191 5.337665154555415
1192 4.491572806700451
1193 5.0130492806498355
1194 5.420619289617741
1195 5.381062602636371
1196 4.966295581147571
1197 4.737892885521903
1198 5.40207988929102
1199 5.033729556837235
1200 5.590210903485814
1201 5.732036609782342
1202 5.189466131836201
1203 5.3505512955128385
1204 5.206540812440286
1205 5.552524863658364
1206 5.343210266904981
1207 5.126438286593983
1208 5.126769808889562
1209 5.232279366140443
1210 5.466863914443135
1211 6.356724145564204
1212 6.016661173922746
1213 6.015595407886088
1214 6.890699741837923
1215 6.698351163801285
1216 7.8507623584167305
1217 6.755261162149152
1218 7.472872058438266
1219 7.797156370860448
1220 7.162358244766756
1221 7.414678323693952
1222 7.548360463869116
1223 7.746781471280399
1224 7.180527077407286
1225 7.390469003355306
1226 7.325997433454654
1227 6.896004154918062
1228 7.297323122076157
1229 7.079218431361917
1230 7.454315052882263
1231 7.577979499919852
1232 7.45472062218331
1233 7.053790697285851
1234 7.269454988836236
1235 7.319619464952938
1236 7.176770164637314
1237 6.848185836464815
1238 7.7238335234344335
1239 7.215606760147324
1240 7.5049270378995825
1241 7.3961816695576506
1242 6.785561180092049
1243 7.335060098367489
1244 7.0983890483557515
1245 7.48301584805743
1246 7.048081174609315
1247 7.00308084859566
1248 7.5003687143601825
1249 7.787285723012524
1250 7.452362247158964
1251 6.9603059566231265
1252 7.395996333013745
1253 7.633165692071717
1254 7.459651284588581
1255 7.192912351265347
1256 7.502467790329769
1257 7.088896214864459
1258 7.2893442362458005
1259 7.375869010245597
1260 6.9694694775509625
1261 7.690044455523173
1262 6.793756443239338
1263 7.528173292519289
1264 7.3140728304871585
1265 7.516220547802724
1266 7.100806289457207
1267 7.465449221695679
1268 7.158508479248746
1269 7.608675043324873
1270 7.224597589754837
1271 6.998162364425476
1272 7.0045955253587735
1273 6.957479907987941
1274 6.971637521815579
1275 7.5278388873155615
1276 7.223437481292892
1277 7.627646374104637
1278 7.500781219986322
1279 7.5253977228521425
1280 7.372479890529967
1281 7.199264434379728
1282 7.322943837724497
1283 7.031957522899948
1284 7.084644920414726
1285 7.3696372411630175
1286 7.457203636641788
1287 7.336697126620852
1288 7.4249125919234045
1289 7.454524262516389
1290 6.92948290682321
1291 7.469108589252999
1292 7.574228060528285
1293 7.967014683111686
1294 7.660397476986817
1295 8.025547560165775
1296 7.918348090254672
1297 7.751438163722027
1298 8.153911676664686
1299 7.692844380258888
1300 7.421932571134242
1301 7.748443117760067
1302 7.773050907287427
1303 7.5992730718700745
1304 7.517018100436017
1305 6.97565534803516
1306 8.016726118225352
1307 8.176575516408006
1308 7.831922648778469
1309 7.553590311402336
1310 7.4357469266976155
1311 8.080189230538112
1312 7.598914754757322
1313 7.361801260011872
1314 7.589762500191742
1315 7.618687762977808
1316 7.92201548284447
1317 7.269051128581897
1318 8.610128753849612
1319 7.482053269008177
1320 7.525384364094708
1321 7.815431303928639
1322 7.568797440191526
1323 7.732974389406091
1324 7.64808941121819
1325 7.416512748290294
1326 7.84282092523119
1327 7.705898286064039
1328 8.001071178802816
1329 7.682182494275253
1330 7.382295698407409
1331 7.711432652772734
1332 7.75439674618119
1333 8.693596763142079
1334 8.082652059044824
1335 8.522356780679031
1336 7.863465658226124
1337 7.869462983468415
1338 8.07729539101912
1339 8.32709680078467
1340 8.02311518615725
1341 8.229374110089264
1342 8.583333079634345
1343 8.09320249263872
1344 8.262163904379632
1345 7.424280028706045
1346 7.740454620099084
1347 7.7598083996061
1348 7.200104471567422
1349 7.725066989040722
1350 7.363649602021749
1351 8.076059525022528
1352 7.785068250093661
1353 7.633226914507011
1354 7.6711868088078505
1355 7.890011805352319
1356 7.6716782500114284
1357 7.94790730027537
1358 7.804737748615725
1359 7.7330790834705265
1360 8.135210700559949
1361 7.3980413499811295
1362 7.697263250941075
1363 8.209618454169155
1364 8.005485150785136
1365 7.7957712423245455
1366 7.645192801608238
1367 7.465291826178283
1368 8.009133822639976
1369 7.750190327008149
1370 7.588193641249738
1371 8.067271893303046
1372 8.120389816307618
1373 7.614405048966872
1374 7.606028177509444
1375 7.893172568102485
1376 7.850371204254174
1377 8.20213236130003
1378 7.82625728488538
1379 7.488032561899074
1380 7.9896848682139
1381 7.56594958693471
1382 8.004784755384796
1383 7.368033460197271
1384 7.825874855526131
1385 7.580341436572167
1386 7.918674405315626
1387 7.034268416295239
1388 7.951341547007861
1389 7.445952290764667
1390 8.78045685110836
1391 8.068160856332215
1392 8.22611936377437
1393 8.207072329111986
1394 8.662324337567348
1395 8.25794214680355
1396 8.025804498556615
1397 8.059861627249294
1398 8.537539640323969
1399 8.602863361685117
1400 7.727701833532348
1401 8.003701561607333
1402 8.600520296769963
1403 8.004276355526331
1404 8.12334550950095
1405 7.709596966005314
1406 8.337225057791176
1407 8.554315450020999
1408 8.011090128478758
1409 7.613949963414961
1410 8.135017778803565
1411 7.797337309996179
1412 8.029594522832003
1413 7.880965793116604
1414 8.393696221912073
1415 8.824379268810164
1416 8.522710697029765
1417 8.702620501195245
1418 8.239911977864741
1419 8.01565557096141
1420 8.862556834987451
1421 8.67174403685682
1422 9.049765599162905
1423 8.375193869594717
1424 8.712041200717582
1425 9.181535899652442
1426 8.981113012652491
1427 8.592460572217794
1428 8.370962472759839
1429 8.103132780439994
1430 8.65044120615616
1431 9.026357000011872
1432 7.915190337211377
1433 8.329846908767284
1434 8.603690332133011
1435 8.017119111950837
1436 8.400928624963303
1437 8.670634504625662
1438 8.049045596635148
1439 9.428976388943852
1440 8.434374535262725
1441 7.7976323073486205
1442 9.11905011606499
1443 8.72565170161761
1444 8.469626772978609
1445 8.878335427896719
1446 8.85426148256852
1447 8.383388279923187
1448 7.776919691089748
1449 8.167596192179552
1450 8.367164031879941
1451 8.044775663651963
1452 7.752186684926211
1453 8.658231092368585
1454 8.631481757750825
1455 8.487501898741714
1456 9.201683999039577
1457 8.19859679682079
1458 8.24987617333274
1459 8.590312075196534
1460 10.645523445773435
1461 9.18130563934745
1462 8.900655839831535
1463 9.23142846659905
1464 9.799543028315869
1465 9.138978854104655
1466 9.538684436787305
1467 9.740041217444752
1468 10.138850872547899
1469 10.842985627576917
1470 10.573076191019124
1471 9.899941402453669
1472 11.06200982804075
1473 10.422429382252705
1474 9.611203024948308
1475 9.526927274983715
1476 9.495710990195995
1477 10.094317946926827
1478 10.231531307051306
1479 11.21208008037007
1480 11.230087119599572
1481 10.312845650845555
1482 9.905578701025524
1483 9.646481538918708
1484 8.90671329841403
1485 10.084131224376396
1486 10.497089161691516
1487 10.30527405588161
1488 10.399582283115699
1489 10.55338815584452
1490 10.850045451959296
1491 10.263714467858126
1492 10.670445542759074
1493 10.273309479276227
1494 9.993267420946633
1495 9.717584458911102
1496 10.646895878222605
1497 10.689406437912023
1498 10.961850117612482
1499 11.057707333654667
1500 10.589659213430368
1501 10.140771143978558
1502 10.645935282955353
1503 10.367101934896864
1504 11.479846488287144
1505 10.63669926526367
1506 11.073404252079303
1507 10.568327236202638
1508 11.244384278758586
1509 10.960531098350174
1510 10.551829670682165
1511 10.239831093640976
1512 10.496124850891514
1513 10.315099417848923
1514 10.766575447196063
1515 10.465762241454177
1516 10.381734316498576
1517 10.92729897799436
1518 10.765788588060499
1519 11.141413474789186
1520 10.94089431063575
1521 11.220387455061742
1522 11.293414471435543
1523 11.058576746286379
1524 11.474137591170265
1525 10.82999098193101
1526 11.251785704583849
1527 11.278011415995277
1528 12.028046718794203
1529 11.812563414970562
1530 12.410623567008914
1531 12.125327779644605
1532 12.199123524669792
1533 12.654881216250597
1534 12.397883142962874
1535 12.457093160662875
1536 12.777309123738595
1537 12.770615886726956
1538 12.605520018749306
1539 12.99573059413187
1540 12.892612752676275
1541 12.799537950321595
1542 13.018802169068332
1543 13.230073651037964
1544 13.154500361719023
1545 13.62679831019071
1546 12.968433914635156
1547 12.985830245747911
1548 12.123723053861397
1549 12.156604295246847
1550 12.214800371638013
1551 12.808207602366897
1552 13.419591915278794
1553 13.847157711494082
1554 14.048504109347322
1555 14.375035411500328
1556 15.127053111571371
1557 14.66998473545965
1558 14.284921221824813
1559 15.357898975765105
1560 15.392758383936739
1561 15.521553123795654
1562 14.225495516332574
1563 14.439255755517872
1564 14.274034847457814
1565 13.471179571266426
1566 14.184942927416643
1567 13.758625565031998
1568 13.935385306374304
1569 13.774513614578474
1570 14.0976473084337
1571 14.286055423685339
1572 14.055713654739703
1573 14.006314069726225
1574 13.9864553467652
1575 13.132942743416416
1576 13.419684313129396
1577 14.389572130572
1578 14.810183605401436
1579 14.369575955563144
1580 14.467709202179766
1581 14.140394285116319
1582 13.417352907209773
1583 14.48706039845117
1584 14.835030305509557
1585 15.424442089609313
1586 16.05393852509064
1587 14.75030604744155
1588 15.682261345064132
1589 16.07907132630616
1590 16.296236732234306
1591 15.06137762199386
1592 14.181630688827553
1593 14.359052072823223
1594 14.596154223397692
1595 14.757255974137253
1596 13.8720725266779
1597 13.983541663542526
1598 14.032787389623987
1599 13.675951364741179
1600 13.197011355082195
1601 13.482211379970943
1602 13.733441742383583
1603 13.08457605995174
1604 13.365516519656977
1605 13.64811302778256
1606 14.664928979756606
1607 13.914497861956038
1608 14.11618500830138
1609 14.840886028908226
1610 14.716026060403511
1611 14.517668002577189
1612 14.023166519063814
1613 13.370336628601045
1614 13.651624596563437
1615 13.51215745184884
1616 13.692637289735952
1617 14.206391276658044
1618 14.505587685668571
1619 15.099744661786417
1620 14.574589919138763
1621 14.267768422928341
1622 14.6614688678852
1623 15.319460796788082
1624 14.823103726325378
1625 15.155006491189676
1626 15.06034550067194
1627 14.50215103672401
1628 15.450166631215515
1629 15.211046872676317
1630 14.901582141706825
1631 15.735199252002044
1632 15.729803270991566
1633 15.324171683820273
1634 14.986032009992002
1635 14.58743221917572
1636 13.9970836486892
1637 14.066118812991341
1638 14.725434321173415
1639 15.654752962919732
1640 14.82545412992194
1641 14.933356627189063
1642 15.519365943396505
1643 14.477704097353616
1644 14.169906933888337
1645 14.39883597464015
1646 14.317286309733356
1647 14.788550462214683
1648 15.159348493534832
1649 14.88769841421448
1650 15.018123482928395
1651 14.540874016879668
1652 15.075745306548217
1653 15.046599184314516
1654 14.953521746386713
1655 14.550816650441979
1656 15.020893448308623
1657 14.81052422588393
1658 15.415121691228517
1659 15.723504914935496
1660 15.416471710865014
1661 15.911676242965648
1662 18.02176031936484
1663 18.558242711306242
1664 16.860791540985808
1665 18.42461776441342
1666 18.312104297589652
1667 16.839613880753458
1668 17.156940585682463
1669 17.62253339826278
1670 18.173853589868564
1671 17.060829132990794
1672 18.067424178630013
1673 18.461409476416563
1674 18.118312281004282
1675 18.160635845634303
1676 18.422715992848584
1677 17.985913172873286
1678 18.234246355441265
1679 18.29104026342966
1680 17.188203452631353
1681 17.42165503413003
1682 17.837140373743672
1683 17.264944428524505
1684 17.76473313204763
1685 18.405041963833742
1686 18.298208143285603
1687 17.50331256976266
1688 18.078040061431103
1689 18.428853206872187
1690 18.89528943951003
1691 17.399545019066192
1692 19.048784012748303
1693 19.36749550794004
1694 18.432687323124696
1695 18.489388973153375
1696 19.21832416066795
1697 18.223954856665383
1698 18.925128967636258
1699 17.961596039773056
1700 17.597211338556782
1701 18.26893948797226
1702 17.612238339129764
1703 18.551327961474055
1704 20.73388876309321
1705 21.040648240886373
1706 21.704843763049663
1707 21.247353263255853
1708 21.144914292643705
1709 20.598032675061003
1710 21.706498196619453
1711 21.772490475050343
1712 21.389690146760813
1713 21.384280964251772
1714 21.82166895087018
1715 22.051452107474937
1716 22.237334625091144
1717 21.592522412003646
1718 21.861705934304997
1719 22.16849738945799
1720 21.263723565583405
1721 20.807352936570453
1722 20.492639172236156
1723 20.786451164627533
1724 21.162778233430316
1725 20.455920350802757
1726 20.487279125022148
1727 22.067771445575328
1728 22.380864753944774
1729 21.407373518071033
1730 21.947280130053834
1731 21.351918737373726
1732 21.15766120284328
1733 21.048326876612897
1734 21.019823345853023
1735 20.639945935917012
1736 20.944630193723974
1737 21.382990966078562
1738 21.22669105687013
1739 21.76926378302199
1740 22.269977449870005
1741 21.42283693728386
1742 21.794048275338174
1743 21.2362910537367
1744 20.76076117533094
1745 20.717294117133655
1746 21.117739229310498
1747 21.41284872419298
1748 20.991980749980822
1749 20.828706788005345
1750 20.367047240477365
1751 21.348850883318985
1752 21.864498540042693
1753 21.814236508581587
1754 21.672003983552433
1755 20.6068148281418
1756 21.425011000630022
1757 20.40006087117057
1758 20.970677891930322
1759 20.690882320065214
1760 20.831069689563122
1761 19.891693562504773
1762 20.49877303873149
1763 21.4237835428329
1764 20.6174409078657
1765 20.77131290829354
1766 21.495569042475687
1767 20.99588953163445
1768 20.18897537676265
1769 22.03903482633884
1770 21.1688002261201
1771 20.674122127494385
1772 21.455028041364724
1773 22.164338159612356
1774 22.211721824708018
1775 21.43489423672575
1776 21.8465567920423
1777 21.861729497408795
1778 22.048248438759256
1779 22.61980944494835
1780 22.658292346905764
1781 22.18621123454913
1782 21.476722995263422
1783 21.130552320653297
1784 20.982913055958836
1785 20.14515120014265
1786 20.224740029962504
1787 20.199453731428196
1788 21.929388483378695
1789 22.95731683372695
1790 23.16844675016262
1791 22.848389140057243
1792 22.912697846973575
1793 22.50019201752498
1794 22.859894342413813
1795 22.81496418834296
1796 22.705260609143245
1797 21.889510348547503
1798 22.214039351768445
1799 22.027295747540304
1800 21.40907428830205
1801 22.68747572902275
1802 23.21419266628825
1803 22.231392295573905
1804 22.182948845887854
1805 22.92234947050681
1806 23.377589436134905
1807 23.7020358897767
1808 23.39391590419055
1809 22.43453190984687
1810 22.921955724074934
1811 22.878788842005203
1812 23.15950034277538
1813 22.892717503278057
1814 22.715921143702634
1815 22.678325242781174
1816 23.150822951956044
1817 22.3981084225669
1818 21.7414953325982
1819 22.652900316848783
1820 23.139134833147995
1821 22.91730343974088
1822 22.48529391439523
1823 22.442438495957763
1824 22.651499612678197
1825 21.91720747563769
1826 21.766267319661736
1827 22.360465316220733
1828 22.54095161268936
1829 22.554580554528755
1830 22.70097598237166
1831 22.14956779838487
1832 21.329063665062673
1833 22.742580521990416
1834 22.26007591991374
1835 22.44189395230999
1836 21.747208860526943
1837 20.9498360209085
1838 21.28650944636176
1839 21.48359631531281
1840 20.85233889758905
1841 21.37725854638091
1842 20.953480667496372
1843 20.130854630887086
1844 20.412463407394853
1845 19.22065137140893
1846 19.385677882083964
1847 18.93264995442911
1848 19.409291182815256
1849 19.6696453793592
1850 20.613624683012286
1851 21.108637989389123
1852 21.143554579705196
1853 20.92949026843601
1854 21.196936561333768
1855 21.510367642814618
1856 22.01811414532353
1857 21.858398110417255
1858 21.784831485019527
1859 21.904086451370745
1860 22.74189562290559
1861 22.146779698709253
1862 22.680584634795295
1863 22.012504923619822
1864 22.223099791522287
1865 22.568118564536128
1866 21.937951482462818
1867 21.487898606519877
1868 21.471947035892704
1869 21.681349137859648
1870 21.76306729988348
1871 21.828756155258557
1872 22.742541758405263
1873 22.18793544008764
1874 21.52321611601243
1875 21.402665080941073
1876 21.088069144905184
1877 21.43554092269349
1878 21.12446436845209
1879 21.827516209244983
1880 20.892108248540854
1881 22.403790713831825
1882 22.641992540999688
1883 21.97583734638668
1884 22.43678383088306
1885 23.38393467123497
1886 23.11713316965501
1887 23.713875938694947
1888 22.67247068295238
1889 23.00343317867735
1890 23.763486772992856
1891 23.069140594665377
1892 23.27778201672687
1893 22.418608319405834
1894 24.670108728108247
1895 22.823722088930015
1896 22.819845966086287
1897 23.824297659821475
1898 23.36017107276109
1899 23.83727839587778
1900 22.75817272212067
1901 23.057109364633043
1902 24.14850799229783
1903 24.67041533750819
1904 25.247220865539088
1905 24.915720219208282
1906 23.41296506971516
1907 24.22498069008893
1908 24.11568100773797
1909 23.32003539670582
1910 22.62553630363862
1911 22.817895844243917
1912 23.38278977667595
1913 22.847310241982395
1914 23.352030468165577
1915 23.691456828429267
1916 22.598629346325815
1917 22.59075659072928
1918 21.383525030069766
1919 22.402784331993256
1920 23.191561115393522
1921 22.18509504883525
1922 22.308956531548517
1923 22.011790663339575
1924 22.370198883466397
1925 21.82516403774358
1926 23.424640566431783
1927 22.88687311214701
1928 22.728213499727552
1929 22.72602572733566
1930 23.060001957289533
1931 22.96583277164976
1932 22.809058903567838
1933 23.333440514298754
1934 22.681437104998633
1935 23.369522162373663
1936 22.754641747878054
1937 22.72771175865738
1938 22.957443917709195
1939 23.127338086320293
1940 23.148595007703083
1941 22.44496707064964
1942 22.713399331847455
1943 23.559520285433003
1944 21.854421280606417
1945 22.977536281116286
1946 22.644433570319435
1947 22.860220478702868
1948 23.925516004513533
1949 23.794135544991498
1950 23.37315261965631
1951 22.792734225435254
1952 22.04020798643621
1953 21.758330881918273
1954 20.766520823825175
1955 20.30400860956399
1956 21.09237502663969
1957 20.444367572507975
1958 20.218711053576225
1959 21.99453962614683
1960 21.855188118613857
1961 20.721417523409126
1962 20.915386887188163
1963 21.405113337074443
1964 21.11247748657232
1965 21.515414729358152
1966 22.276104805303167
1967 21.88785316008263
1968 21.564365795504838
1969 22.616038646727056
1970 22.532849431701816
1971 23.50633237778859
1972 21.986764080969195
1973 21.72265820553495
1974 22.435341798865256
1975 22.857584542307965
1976 22.079785516774805
1977 22.49821192455559
1978 23.085572643811073
1979 22.262462289910125
1980 21.688833212428985
1981 21.011338644939638
1982 22.63306334495205
1983 21.780049472808226
1984 22.206179987109433
1985 21.710674031547757
1986 22.638996952147128
1987 21.322393580951932
1988 21.70513022289645
1989 20.452569131881912
1990 22.108442690305225
1991 21.665981605323058
1992 22.786857805036842
1993 21.85733412891631
1994 21.818383340819892
1995 22.51434427234188
1996 22.00925520297317
1997 22.20595331259148
1998 22.618656960819408
1999 23.084527801312838
