0 0.0
1 0.36846062541007996
2 0.4371747374534607
3 0.38199934363365173
4 0.7205042243003845
5 0.5653778910636902
6 0.6027091145515442
7 0.570300817489624
8 0.5954526662826538
9 0.5154041051864624
10 0.358772873878479
11 0.46949708461761475
12 0.7360886931419373
13 0.3119814395904541
14 0.514502227306366
15 0.8184027075767517
16 0.4823855757713318
17 0.710588276386261
18 0.6380040049552917
19 0.2543795704841614
20 0.3277776539325714
21 0.7008971571922302
22 0.5296288132667542
23 1.35056734085083
24 1.0416409969329834
25 1.2287065982818604
26 0.9809264540672302
27 1.1728209257125854
28 1.0823546648025513
29 1.1462782621383667
30 0.9726049304008484
31 0.8130926489830017
32 0.8415908217430115
33 0.9748112559318542
34 0.3635680079460144
35 0.7162803411483765
36 0.5691129565238953
37 0.6998201012611389
38 0.8535134792327881
39 0.26412925124168396
40 0.7133216857910156
41 0.731846272945404
42 0.5062764286994934
43 0.48949989676475525
44 1.6495379209518433
45 0.9447342157363892
46 0.7105216383934021
47 0.6154793500900269
48 0.7674256563186646
49 0.9189389944076538
50 0.5097529292106628
51 0.35320645570755005
52 0.6056581735610962
53 0.4251454472541809
54 0.733232319355011
55 0.6783943176269531
56 0.8180861473083496
57 0.603911817073822
58 0.6261473894119263
59 0.48339933156967163
60 0.3460901379585266
61 0.7602596879005432
62 0.9906553626060486
63 0.5137912631034851
64 0.416247695684433
65 0.5778465270996094
66 0.6566219329833984
67 0.6187421679496765
68 0.7807490229606628
69 0.6424843668937683
70 0.9418985843658447
71 0.7679804563522339
72 0.7014261484146118
73 0.5160801410675049
74 1.0680420398712158
75 0.7265692949295044
76 0.6547001004219055
77 0.7574654817581177
78 0.4047774076461792
79 0.5117200016975403
80 0.6694711446762085
81 0.6135209798812866
82 0.7405752539634705
83 0.9568018913269043
84 0.6727513670921326
85 0.9853098392486572
86 0.7883687019348145
87 0.5719003677368164
88 0.43199700117111206
89 0.3423713147640228
90 0.5358130931854248
91 0.340650737285614
92 0.45915260910987854
93 0.2999536991119385
94 0.572732150554657
95 0.760877251625061
96 0.7029856443405151
97 0.6143512725830078
98 0.8713584542274475
99 0.4688444137573242
100 0.6827436685562134
101 0.6143397688865662
102 0.8718797564506531
103 0.4856676459312439
104 0.6046038866043091
105 0.7243539094924927
106 0.733609676361084
107 0.7343738675117493
108 0.8007116913795471
109 0.8100067973136902
110 0.36525484919548035
111 0.8155183792114258
112 0.6819319128990173
113 0.411496639251709
114 0.6593152284622192
115 1.0186442136764526
116 0.889072060585022
117 0.6687965393066406
118 0.5250259637832642
119 0.39308738708496094
120 0.6557679772377014
121 0.3450276553630829
122 0.414997935295105
123 0.6690201759338379
124 0.43659690022468567
125 0.6867455244064331
126 0.6272938251495361
127 0.5023122429847717
128 0.6739579439163208
129 0.7141208648681641
130 0.8265115022659302
131 0.9639616012573242
132 0.9647076725959778
133 0.8047131896018982
134 0.8138070106506348
135 1.5711371898651123
136 1.222843885421753
137 1.3346012830734253
138 1.3199496269226074
139 0.9661653637886047
140 1.1301953792572021
141 0.953021764755249
142 0.6113327741622925
143 0.8643500208854675
144 1.6670889854431152
145 1.2772141695022583
146 1.3082053661346436
147 1.1157073974609375
148 0.9489627480506897
149 0.7783004641532898
150 1.057779312133789
151 1.040827989578247
152 1.345815658569336
153 1.0112515687942505
154 1.1263316869735718
155 1.6601015329360962
156 1.0803606510162354
157 0.8928472399711609
158 0.8352451324462891
159 1.129723310470581
160 0.847908079624176
161 1.3455684185028076
162 1.063660740852356
163 1.590526819229126
164 1.33380925655365
165 1.3060849905014038
166 0.9950370788574219
167 1.2958452701568604
168 1.1864378452301025
169 0.9051375389099121
170 1.0445094108581543
171 1.3903923034667969
172 1.4927042722702026
173 1.4649757146835327
174 1.5161365270614624
175 1.4501146078109741
176 1.2676591873168945
177 0.9109335541725159
178 0.7493639588356018
179 0.9802995920181274
180 1.0436079502105713
181 0.9461042881011963
182 0.9396284222602844
183 1.2614699602127075
184 1.2028998136520386
185 1.2930335998535156
186 0.9192929863929749
187 1.229689121246338
188 1.0999343395233154
189 1.2789360284805298
190 1.2020156383514404
191 0.780166506767273
192 1.4035598039627075
193 1.2336302995681763
194 1.5422065258026123
195 1.538129210472107
196 0.8431479930877686
197 1.3524004220962524
198 1.459544062614441
199 1.140218734741211
200 1.5837559700012207
201 1.2567814588546753
202 1.3847336769104004
203 1.4772207736968994
204 1.4961860179901123
205 1.1924958229064941
206 1.2486648559570313
207 1.3885393142700195
208 0.9890519976615906
209 1.0154569149017334
210 1.2270689010620117
211 1.3545281887054443
212 1.4283632040023804
213 1.4432876110076904
214 1.438638687133789
215 1.4678021669387817
216 0.8135342001914978
217 1.1652765274047852
218 1.368748664855957
219 1.2274185419082642
220 1.5562835931777954
221 1.3394074440002441
222 1.46547532081604
223 1.167959451675415
224 1.0347446203231812
225 1.1972413063049316
226 1.2631868124008179
227 0.8312566876411438
228 1.0511560440063477
229 1.1574145555496216
230 0.685725748538971
231 0.9211671352386475
232 0.9497961401939392
233 0.9427189826965332
234 1.5061033964157104
235 1.5198942422866821
236 1.2823551893234253
237 1.4319696426391602
238 1.6349358558654785
239 1.189648985862732
240 0.9809576272964478
241 1.1406515836715698
242 1.3847994804382324
243 1.7009730339050293
244 1.1869701147079468
245 0.9858015775680542
246 1.1620489358901978
247 2.0734665393829346
248 1.630514144897461
249 1.144302487373352
250 1.208881139755249
251 1.599359154701233
252 0.7594485878944397
253 0.8707408308982849
254 0.9484789371490479
255 0.8074319958686829
256 0.9616770148277283
257 1.3079583644866943
258 0.4239184856414795
259 0.5783040523529053
260 1.2668601274490356
261 0.8956369161605835
262 0.897287905216217
263 0.7026614546775818
264 0.913481593132019
265 0.6734952330589294
266 0.6828919649124146
267 0.7028486132621765
268 1.118527889251709
269 1.1429905891418457
270 1.277800440788269
271 1.2045230865478516
272 1.5317959785461426
273 1.889794111251831
274 1.732446551322937
275 1.2009575366973877
276 1.514123558998108
277 1.3905885219573975
278 1.4467036724090576
279 1.7312781810760498
280 1.8123304843902588
281 1.2294965982437134
282 1.6478698253631592
283 1.2430521249771118
284 1.0126692056655884
285 1.8846489191055298
286 1.4870063066482544
287 1.1809624433517456
288 1.3167845010757446
289 1.4430909156799316
290 1.0046228170394897
291 1.1958731412887573
292 1.9140902757644653
293 1.5168341398239136
294 1.787988305091858
295 1.5742664337158203
296 1.2953245639801025
297 0.7579902410507202
298 1.5453784465789795
299 1.293198585510254
300 1.1577175855636597
301 1.105181097984314
302 0.9068536758422852
303 0.7414243817329407
304 0.7172432541847229
305 0.5929411053657532
306 0.8210893273353577
307 0.4804239869117737
308 0.9735881686210632
309 0.9659950137138367
310 1.041037678718567
311 1.0083142518997192
312 0.7507397532463074
313 0.6109864711761475
314 1.2208755016326904
315 0.9675930738449097
316 1.5245468616485596
317 1.861634373664856
318 1.5708812475204468
319 1.4803329706192017
320 1.3433481454849243
321 1.2100684642791748
322 1.6840333938598633
323 1.6636323928833008
324 1.7713117599487305
325 1.4192535877227783
326 1.4374440908432007
327 1.381873607635498
328 1.6159393787384033
329 1.564282774925232
330 1.4839684963226318
331 1.3993515968322754
332 1.2889050245285034
333 1.2131295204162598
334 1.1730868816375732
335 1.0982518196105957
336 1.6102397441864014
337 1.3167412281036377
338 1.7503312826156616
339 0.9904566407203674
340 1.1363989114761353
341 1.3413275480270386
342 1.4907405376434326
343 1.0320072174072266
344 1.3468209505081177
345 1.6184862852096558
346 1.4977288246154785
347 1.2707862854003906
348 1.477716088294983
349 1.3880746364593506
350 1.7440829277038574
351 1.2179521322250366
352 1.6471508741378784
353 1.4520336389541626
354 1.0715245008468628
355 1.575636386871338
356 1.2890989780426025
357 1.6283591985702515
358 1.5028818845748901
359 1.371856451034546
360 1.4664742946624756
361 1.2418514490127563
362 1.0987169742584229
363 1.7572108507156372
364 1.3870772123336792
365 1.0134297609329224
366 1.3474122285842896
367 1.5538147687911987
368 1.1770190000534058
369 1.3766602277755737
370 1.2828298807144165
371 1.4585680961608887
372 1.8008238077163696
373 1.402446985244751
374 1.8905344009399414
375 1.2955206632614136
376 1.4143038988113403
377 1.4260423183441162
378 1.5635321140289307
379 1.5674980878829956
380 1.124502420425415
381 1.467687964439392
382 1.1468727588653564
383 1.5848010778427124
384 1.2489187717437744
385 1.6148486137390137
386 1.3647003173828125
387 1.4709073305130005
388 1.3741117715835571
389 1.3623454570770264
390 1.4491527080535889
391 1.281488299369812
392 1.2954565286636353
393 1.1619646549224854
394 1.2874664068222046
395 1.5345733165740967
396 1.2392326593399048
397 1.5618423223495483
398 1.7547712326049805
399 1.652180552482605
400 1.5709553956985474
401 1.2851552963256836
402 1.4969170093536377
403 1.522852897644043
404 1.2552134990692139
405 1.2876451015472412
406 0.9069815278053284
407 0.8695922493934631
408 1.155335545539856
409 0.892854630947113
410 1.0623676776885986
411 1.1620689630508423
412 1.1906652450561523
413 0.7877032160758972
414 1.0721359252929688
415 0.6659760475158691
416 1.2684204578399658
417 0.9725598692893982
418 0.7106425166130066
419 0.9316169023513794
420 0.9740273952484131
421 1.2498036623001099
422 1.26409113407135
423 1.550377607345581
424 1.4501051902770996
425 1.3670703172683716
426 0.8868537545204163
427 1.1732066869735718
428 1.5913970470428467
429 1.5024012327194214
430 1.4462000131607056
431 1.1924290657043457
432 1.317765474319458
433 1.1938589811325073
434 0.9512975215911865
435 0.9463067650794983
436 1.440562129020691
437 1.5715097188949585
438 1.428859829902649
439 1.0758835077285767
440 1.319052815437317
441 1.2520124912261963
442 1.267921805381775
443 1.278240442276001
444 0.813927412033081
445 1.159519910812378
446 1.3906017541885376
447 1.5375964641571045
448 1.371797800064087
449 1.3816263675689697
450 1.6253703832626343
451 1.1110488176345825
452 1.2100425958633423
453 1.241060733795166
454 1.253583550453186
455 1.3046150207519531
456 1.2375516891479492
457 1.612262487411499
458 1.4661600589752197
459 1.1662132740020752
460 1.1669846773147583
461 1.219698190689087
462 0.9946914911270142
463 1.3491672277450562
464 1.3362135887145996
465 1.5324376821517944
466 1.3886257410049438
467 1.434395432472229
468 1.6686969995498657
469 1.4433634281158447
470 1.6608619689941406
471 2.003354072570801
472 2.0066497325897217
473 1.8455724716186523
474 1.5998791456222534
475 1.5437371730804443
476 1.5905170440673828
477 1.9277721643447876
478 1.4283334016799927
479 1.4713194370269775
480 1.3711801767349243
481 1.4901777505874634
482 1.526540994644165
483 1.047098994255066
484 1.3336101770401
485 1.6903187036514282
486 1.4881844520568848
487 1.5936720371246338
488 1.2788931131362915
489 1.2657089233398438
490 1.6315855979919434
491 1.2471933364868164
492 1.4721437692642212
493 1.4939477443695068
494 1.592864990234375
495 1.4848648309707642
496 1.8063836097717285
497 1.9915690422058105
498 1.3388135433197021
499 1.5118191242218018
500 1.6702085733413696
501 1.4930249452590942
502 1.6866475343704224
503 1.3099675178527832
504 1.8329607248306274
505 1.186908483505249
506 1.3585952520370483
507 1.6294023990631104
508 1.2786154747009277
509 1.2485125064849854
510 1.8214828968048096
511 1.661294937133789
512 1.4769715070724487
513 1.3128770589828491
514 1.7895926237106323
515 1.9106686115264893
516 1.6272681951522827
517 1.4777395725250244
518 1.6378223896026611
519 1.9016587734222412
520 1.5061824321746826
521 1.8315763473510742
522 1.2063636779785156
523 1.8741106986999512
524 1.511458396911621
525 1.6864607334136963
526 1.2835071086883545
527 1.4936038255691528
528 1.6265314817428589
529 1.5038518905639648
530 1.5768834352493286
531 1.3815065622329712
532 1.8125572204589844
533 1.890202283859253
534 2.0709993839263916
535 1.9789173603057861
536 2.3834304809570313
537 1.9217969179153442
538 2.0441980361938477
539 1.2738326787948608
540 1.6757303476333618
541 1.9383236169815063
542 1.8962647914886475
543 1.5842812061309814
544 1.5394823551177979
545 1.6194956302642822
546 1.8050806522369385
547 1.6271030902862549
548 1.482452630996704
549 1.6302084922790527
550 1.6462913751602173
551 1.771957278251648
552 1.7199896574020386
553 1.7242976427078247
554 1.793960452079773
555 1.6255512237548828
556 1.8503278493881226
557 1.3293699026107788
558 1.726067304611206
559 1.4385724067687988
560 1.265203833580017
561 1.465807318687439
562 1.510249376296997
563 1.3535749912261963
564 1.4030710458755493
565 1.5276309251785278
566 1.074530005455017
567 1.355025053024292
568 0.9637233018875122
569 1.2546918392181396
570 1.2808064222335815
571 1.4533411264419556
572 1.255401611328125
573 1.2403209209442139
574 1.4321892261505127
575 1.3809009790420532
576 1.5266014337539673
577 1.6400623321533203
578 1.7643307447433472
579 1.6309025287628174
580 1.3598426580429077
581 1.1640386581420898
582 1.2139259576797485
583 1.688618540763855
584 1.3739081621170044
585 1.4051337242126465
586 1.4364920854568481
587 1.231884241104126
588 1.6019744873046875
589 1.6222783327102661
590 1.7495137453079224
591 1.2890788316726685
592 1.7859381437301636
593 1.9107658863067627
594 1.822522759437561
595 1.660300612449646
596 1.5485105514526367
597 1.4704911708831787
598 1.9550763368606567
599 1.9683353900909424
600 1.7414523363113403
601 1.5456446409225464
602 1.4510704278945923
603 1.5760383605957031
604 1.1303282976150513
605 1.5599788427352905
606 1.7455424070358276
607 1.5087798833847046
608 1.352319359779358
609 1.1758499145507813
610 1.916911244392395
611 1.33073091506958
612 1.6080951690673828
613 1.5771390199661255
614 1.7534689903259277
615 1.6535629034042358
616 1.5245801210403442
617 1.7955683469772339
618 1.8903878927230835
619 1.514331340789795
620 1.6345453262329102
621 1.8823211193084717
622 1.810704231262207
623 1.3944382667541504
624 1.5841870307922363
625 1.5935345888137817
626 1.774652361869812
627 1.739609956741333
628 1.8291983604431152
629 1.2861298322677612
630 1.6336660385131836
631 1.5846575498580933
632 1.5090687274932861
633 1.8976114988327026
634 1.6837760210037231
635 1.5341670513153076
636 1.509617567062378
637 1.4922800064086914
638 1.6299219131469727
639 1.7649403810501099
640 1.451978325843811
641 1.519086241722107
642 1.7746121883392334
643 1.4593827724456787
644 1.2340604066848755
645 0.7031548619270325
646 1.070173978805542
647 1.430877447128296
648 1.0401277542114258
649 1.4400615692138672
650 1.3028802871704102
651 1.044084906578064
652 1.6064622402191162
653 1.8743281364440918
654 1.536118507385254
655 1.0942213535308838
656 1.428297996520996
657 1.601319670677185
658 1.3444210290908813
659 1.6255899667739868
660 1.368340015411377
661 1.5133085250854492
662 1.600477695465088
663 1.5974652767181396
664 1.7132974863052368
665 1.4444652795791626
666 1.3856046199798584
667 1.6214569807052612
668 1.157122254371643
669 1.2121835947036743
670 1.4819447994232178
671 1.4030145406723022
672 1.2172983884811401
673 1.7220983505249023
674 1.3906545639038086
675 1.637804627418518
676 1.671216607093811
677 1.9056847095489502
678 1.3920447826385498
679 1.3040688037872314
680 1.1499541997909546
681 1.3805210590362549
682 1.7636926174163818
683 1.7597039937973022
684 1.4389057159423828
685 1.5670015811920166
686 1.361831545829773
687 2.249558448791504
688 1.3631348609924316
689 1.3388359546661377
690 1.4561551809310913
691 1.2618528604507446
692 1.4556719064712524
693 1.8104891777038574
694 2.05816650390625
695 1.7442286014556885
696 1.6322214603424072
697 1.6034997701644897
698 1.35254967212677
699 1.3172248601913452
700 1.357056975364685
701 1.4715453386306763
702 1.908370018005371
703 1.7206132411956787
704 1.598488211631775
705 1.44394850730896
706 1.4958440065383911
707 1.7931280136108398
708 2.096085548400879
709 0.8559398055076599
710 1.5087326765060425
711 1.861268401145935
712 1.6805753707885742
713 1.4935961961746216
714 1.2684650421142578
715 1.810707926750183
716 2.1624491214752197
717 1.927852749824524
718 1.7969306707382202
719 1.9790620803833008
720 1.8980512619018555
721 1.593348503112793
722 1.5334577560424805
723 1.831534743309021
724 1.7131009101867676
725 1.7943644523620605
726 1.6996585130691528
727 1.8602819442749023
728 2.14737606048584
729 2.0123586654663086
730 1.8352845907211304
731 1.619956374168396
732 1.8955378532409668
733 2.101301670074463
734 1.8983088731765747
735 1.8142621517181396
736 1.7406561374664307
737 2.0488038063049316
738 2.2279412746429443
739 2.0624313354492188
740 2.2465872764587402
741 2.1663460731506348
742 1.880990982055664
743 1.6722060441970825
744 1.7109200954437256
745 1.4423366785049438
746 1.691580057144165
747 1.717180848121643
748 1.704724907875061
749 1.7856032848358154
750 1.8773002624511719
751 2.0278260707855225
752 1.6852949857711792
753 1.8976292610168457
754 1.7340149879455566
755 1.6932846307754517
756 1.8642756938934326
757 1.3347647190093994
758 1.6849311590194702
759 1.8963630199432373
760 1.4735292196273804
761 1.5998382568359375
762 1.5841797590255737
763 1.2439123392105103
764 1.1544522047042847
765 1.44956636428833
766 1.6232662200927734
767 1.3232769966125488
768 1.656294584274292
769 1.5171095132827759
770 1.5559320449829102
771 1.36197829246521
772 1.7994472980499268
773 1.2828376293182373
774 1.4573041200637817
775 1.1617666482925415
776 1.4793704748153687
777 1.7786906957626343
778 1.6346904039382935
779 1.6374832391738892
780 1.4659287929534912
781 1.9232722520828247
782 1.4015306234359741
783 1.4987566471099854
784 1.7399508953094482
785 1.6533911228179932
786 1.7332639694213867
787 1.6567583084106445
788 1.658994436264038
789 1.27286696434021
790 1.411765217781067
791 1.4145405292510986
792 1.1683686971664429
793 1.624761700630188
794 1.266767978668213
795 1.449791431427002
796 1.456404209136963
797 1.2439873218536377
798 1.2593790292739868
799 0.8781610131263733
800 1.4742933511734009
801 1.8848479986190796
802 1.6803457736968994
803 1.7507420778274536
804 1.5123618841171265
805 1.5286539793014526
806 1.6622989177703857
807 1.5782805681228638
808 1.601424217224121
809 1.6317074298858643
810 1.6316858530044556
811 1.5558267831802368
812 1.5833215713500977
813 1.3396605253219604
814 1.3615647554397583
815 1.140803337097168
816 1.2280510663986206
817 1.0964802503585815
818 1.4192787408828735
819 1.0564014911651611
820 1.1799486875534058
821 0.7794498801231384
822 1.5537045001983643
823 1.0902891159057617
824 1.3777326345443726
825 1.6522228717803955
826 1.2520798444747925
827 1.297103762626648
828 1.285189151763916
829 1.2644238471984863
830 1.139750361442566
831 1.3562839031219482
832 1.6136598587036133
833 1.5388004779815674
834 1.2907506227493286
835 1.5570566654205322
836 1.156569242477417
837 1.499379277229309
838 1.3979785442352295
839 1.5076407194137573
840 1.5406163930892944
841 1.3569124937057495
842 1.4014290571212769
843 1.1917413473129272
844 1.341328501701355
845 1.7524863481521606
846 1.5973474979400635
847 1.3222846984863281
848 1.321496605873108
849 1.3191455602645874
850 0.8767300844192505
851 1.4272688627243042
852 1.0981770753860474
853 0.9067575931549072
854 1.3117904663085938
855 1.254377007484436
856 1.2691841125488281
857 1.422957420349121
858 1.6119937896728516
859 1.4256212711334229
860 1.3457584381103516
861 1.1039108037948608
862 1.1666545867919922
863 1.4503593444824219
864 1.6034584045410156
865 1.67222261428833
866 1.453621506690979
867 1.3654804229736328
868 1.2510292530059814
869 1.615121841430664
870 1.459184169769287
871 1.7192038297653198
872 1.4048012495040894
873 1.5427989959716797
874 1.4443681240081787
875 1.4907662868499756
876 1.255652904510498
877 1.5335543155670166
878 1.538150429725647
879 1.4000990390777588
880 1.3181124925613403
881 1.3722823858261108
882 1.627353549003601
883 1.790353536605835
884 1.7411255836486816
885 1.5895718336105347
886 1.6306053400039673
887 1.7215222120285034
888 1.802599310874939
889 1.8737212419509888
890 2.000324010848999
891 1.9911746978759766
892 1.9230034351348877
893 1.6764808893203735
894 1.4299194812774658
895 1.4740841388702393
896 1.519724726676941
897 1.5574616193771362
898 1.5197471380233765
899 1.2155494689941406
900 1.4332126379013062
901 1.3119268417358398
902 1.4396390914916992
903 1.543215274810791
904 0.9474881887435913
905 1.3829134702682495
906 1.4915355443954468
907 1.5322366952896118
908 1.3098245859146118
909 1.537541389465332
910 1.686318039894104
911 1.5259158611297607
912 1.7602609395980835
913 1.5937341451644897
914 1.565686583518982
915 1.2875605821609497
916 1.1534305810928345
917 1.2012608051300049
918 1.3104610443115234
919 1.242300033569336
920 1.0326988697052002
921 1.510495662689209
922 1.4492461681365967
923 1.2074943780899048
924 1.279066562652588
925 1.2154266834259033
926 1.5541034936904907
927 1.331586241722107
928 1.1143927574157715
929 1.2856067419052124
930 1.0968139171600342
931 0.8844123482704163
932 1.1690610647201538
933 1.1343690156936646
934 1.3747001886367798
935 1.12035071849823
936 1.0972331762313843
937 1.3843472003936768
938 1.5014578104019165
939 1.2507688999176025
940 1.1094952821731567
941 1.665120244026184
942 1.5181102752685547
943 1.2924870252609253
944 1.200026035308838
945 0.9571890830993652
946 1.0305936336517334
947 1.5229846239089966
948 1.4380382299423218
949 1.348102331161499
950 1.1625570058822632
951 1.6225647926330566
952 1.3666521310806274
953 1.4587782621383667
954 1.1670687198638916
955 1.166712760925293
956 1.3957003355026245
957 1.3866583108901978
958 1.1545857191085815
959 1.4575217962265015
960 1.1794413328170776
961 1.6722413301467896
962 1.279771089553833
963 1.175964593887329
964 1.402328610420227
965 1.0460726022720337
966 0.9712216258049011
967 0.9328538179397583
968 1.035825490951538
969 1.450523018836975
970 0.863547146320343
971 1.3807752132415771
972 1.1435620784759521
973 0.8730928301811218
974 1.235823631286621
975 1.5569955110549927
976 0.7326239347457886
977 0.8628175854682922
978 1.149332046508789
979 0.7143068313598633
980 0.9928103685379028
981 1.0993026494979858
982 1.195542812347412
983 1.0897353887557983
984 1.3655815124511719
985 1.2116565704345703
986 1.1347297430038452
987 1.3273857831954956
988 1.4134564399719238
989 1.501527190208435
990 1.3006961345672607
991 1.3275320529937744
992 1.0818023681640625
993 1.42587149143219
994 1.3772032260894775
995 1.533616542816162
996 1.4228686094284058
997 1.4411609172821045
998 1.3396425247192383
999 1.4699095487594604
1000 1.5812699794769287
1001 1.5004349946975708
1002 1.4782527685165405
1003 1.2192081212997437
1004 1.575943946838379
1005 1.3282734155654907
1006 1.2174253463745117
1007 1.3689091205596924
1008 1.825392723083496
1009 1.4385453462600708
1010 1.5329859256744385
1011 1.8385119438171387
1012 1.5683424472808838
1013 1.4313708543777466
1014 1.1752042770385742
1015 1.554715871810913
1016 1.4037137031555176
1017 1.4520552158355713
1018 1.3237217664718628
1019 1.1719437837600708
1020 1.392024278640747
1021 1.5345062017440796
1022 1.525732398033142
1023 1.2833373546600342
1024 1.3516865968704224
1025 1.392271876335144
1026 1.3796331882476807
1027 1.4051867723464966
1028 1.3872144222259521
1029 1.0813124179840088
1030 1.4331802129745483
1031 1.1648720502853394
1032 1.00511634349823
1033 1.3772430419921875
1034 1.2493901252746582
1035 1.4109303951263428
1036 1.0870283842086792
1037 0.7059347629547119
1038 1.6164568662643433
1039 1.4309226274490356
1040 0.9802444577217102
1041 1.3052597045898438
1042 1.1692358255386353
1043 1.0922170877456665
1044 1.1418331861495972
1045 1.2997064590454102
1046 1.4124892950057983
1047 1.228938102722168
1048 1.1176269054412842
1049 1.1431329250335693
1050 1.1929261684417725
1051 1.332199215888977
1052 1.5502512454986572
1053 1.0047039985656738
1054 0.7194395661354065
1055 0.9501150250434875
1056 1.175956130027771
1057 1.2604140043258667
1058 1.1256968975067139
1059 1.3964967727661133
1060 1.0482772588729858
1061 1.01600980758667
1062 1.3227252960205078
1063 1.0108593702316284
1064 1.3911163806915283
1065 1.2825360298156738
1066 1.2738380432128906
1067 1.2285974025726318
1068 1.2379707098007202
1069 1.4144598245620728
1070 1.3142648935317993
1071 1.2766923904418945
1072 1.136465072631836
1073 1.1552388668060303
1074 1.2382609844207764
1075 1.5200785398483276
1076 1.4955347776412964
1077 1.1892027854919434
1078 1.3235441446304321
1079 1.3797881603240967
1080 1.7622193098068237
1081 1.0768983364105225
1082 0.9393057823181152
1083 1.2389308214187622
1084 1.2028260231018066
1085 1.1984570026397705
1086 1.1614713668823242
1087 0.796280562877655
1088 1.026877760887146
1089 1.344553828239441
1090 1.028222918510437
1091 1.0123028755187988
1092 0.6644853949546814
1093 0.9225393533706665
1094 1.0980608463287354
1095 0.8515904545783997
1096 1.2674578428268433
1097 0.906899094581604
1098 1.0329347848892212
1099 0.8878394365310669
1100 0.922483503818512
1101 1.3810505867004395
1102 0.9681621789932251
1103 1.1662272214889526
1104 0.8911277055740356
1105 1.3082756996154785
1106 0.9663472771644592
1107 0.5852368474006653
1108 1.08256196975708
1109 1.136881947517395
1110 1.1092712879180908
1111 0.967417299747467
1112 1.2560555934906006
1113 1.2548394203186035
1114 0.9042945504188538
1115 1.2840476036071777
1116 1.3896006345748901
1117 1.0734031200408936
1118 1.382216453552246
1119 1.3559764623641968
1120 1.3499447107315063
1121 0.9410010576248169
1122 0.9817842245101929
1123 0.872177004814148
1124 1.577555537223816
1125 1.116936445236206
1126 1.0267881155014038
1127 1.2717331647872925
1128 1.2730554342269897
1129 1.014307975769043
1130 0.7666138410568237
1131 1.1046640872955322
1132 1.3173837661743164
1133 1.0965460538864136
1134 1.1377815008163452
1135 1.5049142837524414
1136 1.184680461883545
1137 1.2521893978118896
1138 1.099568486213684
1139 1.5390201807022095
1140 1.1678378582000732
1141 1.1178635358810425
1142 1.528042197227478
1143 1.1881002187728882
1144 1.1958699226379395
1145 1.1552461385726929
1146 0.8644838333129883
1147 1.0949667692184448
1148 1.410650610923767
1149 1.0197194814682007
1150 1.1290433406829834
1151 1.187814712524414
1152 1.20796799659729
1153 1.5540087223052979
1154 1.2019356489181519
1155 0.9387840032577515
1156 0.7690386772155762
1157 1.1237447261810303
1158 1.1683491468429565
1159 1.3201228380203247
1160 1.581199049949646
1161 1.2964638471603394
1162 1.2349824905395508
1163 1.110702633857727
1164 1.2635859251022339
1165 1.1805455684661865
1166 1.0094901323318481
1167 1.1928337812423706
1168 0.5510571002960205
1169 1.2723394632339478
1170 1.4063235521316528
1171 1.6167768239974976
1172 1.4506126642227173
1173 1.323972463607788
1174 1.3138755559921265
1175 1.4813698530197144
1176 1.621307373046875
1177 1.6210602521896362
1178 1.637901782989502
1179 1.6410349607467651
1180 1.9806091785430908
1181 1.181472659111023
1182 1.3886499404907227
1183 1.5154327154159546
1184 1.4103379249572754
1185 1.6762497425079346
1186 1.4658161401748657
1187 1.619992971420288
1188 1.6630192995071411
1189 1.444629192352295
1190 1.6795560121536255
1191 1.3787442445755005
1192 1.6752839088439941
1193 1.616240382194519
1194 1.5687471628189087
1195 1.6668827533721924
1196 1.4854918718338013
1197 1.3797334432601929
1198 1.6315748691558838
1199 1.1629573106765747
1200 1.4896172285079956
1201 1.2799659967422485
1202 1.2941449880599976
1203 1.461873173713684
1204 1.8762598037719727
1205 1.6050118207931519
1206 1.5288549661636353
1207 1.5040278434753418
1208 1.4462779760360718
1209 1.5109434127807617
1210 1.2658685445785522
1211 1.69871985912323
1212 1.1695225238800049
1213 1.5633541345596313
1214 1.705498218536377
1215 1.5862853527069092
1216 1.6447564363479614
1217 1.490095853805542
1218 1.1725488901138306
1219 1.7685658931732178
1220 1.6689645051956177
1221 1.0642563104629517
1222 1.536426305770874
1223 1.6056840419769287
1224 1.7424225807189941
1225 1.720919132232666
1226 1.3830081224441528
1227 1.4448875188827515
1228 1.3517404794692993
1229 1.240792989730835
1230 1.2530471086502075
1231 1.1592012643814087
1232 1.373551607131958
1233 1.4312100410461426
1234 1.6661986112594604
1235 1.2179591655731201
1236 1.120612621307373
1237 0.9606260061264038
1238 1.3720600605010986
1239 1.0292965173721313
1240 1.1155781745910645
1241 1.2284231185913086
1242 1.3026536703109741
1243 1.5570945739746094
1244 0.9411165714263916
1245 1.1780710220336914
1246 1.2288110256195068
1247 1.2010364532470703
1248 1.2476919889450073
1249 1.6712671518325806
1250 1.4867149591445923
1251 1.4849432706832886
1252 1.4505196809768677
1253 1.7148748636245728
1254 1.6119450330734253
1255 0.9465985298156738
1256 1.3257181644439697
1257 0.9753724932670593
1258 1.456709384918213
1259 1.734541416168213
1260 1.4523162841796875
1261 1.5461500883102417
1262 1.5236226320266724
1263 1.3080514669418335
1264 1.4675859212875366
1265 1.3349725008010864
1266 1.3467469215393066
1267 1.5553163290023804
1268 1.4081224203109741
1269 1.5234158039093018
1270 1.3585841655731201
1271 1.5721756219863892
1272 1.1892024278640747
1273 1.828796625137329
1274 1.4208201169967651
1275 1.4616341590881348
1276 1.5562243461608887
1277 1.2312840223312378
1278 1.5706615447998047
1279 1.3172471523284912
1280 1.5181704759597778
1281 1.3866901397705078
1282 1.4718472957611084
1283 1.6681922674179077
1284 1.4207755327224731
1285 1.2655278444290161
1286 1.7179079055786133
1287 1.4130560159683228
1288 1.724158525466919
1289 1.7649949789047241
1290 1.4597282409667969
1291 1.8460675477981567
1292 1.6330962181091309
1293 1.445008635520935
1294 1.39239501953125
1295 1.325476884841919
1296 1.8183549642562866
1297 1.5321435928344727
1298 1.668518304824829
1299 1.466653823852539
1300 1.2874010801315308
1301 1.6830440759658813
1302 1.4251641035079956
1303 1.6071867942810059
1304 1.6314234733581543
1305 1.529783010482788
1306 0.9234746694564819
1307 1.7645443677902222
1308 1.216149926185608
1309 1.6421236991882324
1310 1.5051440000534058
1311 1.9461733102798462
1312 1.7613266706466675
1313 1.5440001487731934
1314 1.0726081132888794
1315 1.084163784980774
1316 1.508209228515625
1317 1.6214873790740967
1318 1.8432246446609497
1319 1.6600432395935059
1320 1.5371875762939453
1321 1.3337701559066772
1322 1.3700617551803589
1323 1.5925943851470947
1324 1.361456274986267
1325 1.4148423671722412
1326 0.9966366291046143
1327 1.1801141500473022
1328 0.8107885718345642
1329 1.4838651418685913
1330 1.8334662914276123
1331 1.4279316663742065
1332 0.9699868559837341
1333 0.6398929953575134
1334 0.5668135285377502
1335 0.5235927700996399
1336 0.5264467000961304
1337 0.7353290915489197
1338 0.390900582075119
1339 0.4651382267475128
1340 0.6974648237228394
1341 0.6575826406478882
1342 0.6148996353149414
1343 0.686985194683075
1344 0.811292827129364
1345 0.7310495972633362
1346 0.4796794354915619
1347 0.6446593999862671
1348 0.7619876861572266
1349 0.5158221125602722
1350 0.6010031700134277
1351 0.932671308517456
1352 1.069214105606079
1353 0.796703040599823
1354 0.5462474226951599
1355 1.251417636871338
1356 0.9323092699050903
1357 0.7328960299491882
1358 0.8720096349716187
1359 1.0083038806915283
1360 1.054979920387268
1361 0.6846745014190674
1362 0.8763825297355652
1363 0.9275781512260437
1364 0.8765898942947388
1365 0.7453483939170837
1366 0.6725272536277771
1367 0.7570497989654541
1368 1.1047698259353638
1369 0.8983449339866638
1370 0.8492658138275146
1371 0.7496776580810547
1372 0.6481508612632751
1373 0.7133553624153137
1374 0.7914184927940369
1375 0.7460780143737793
1376 0.8998786807060242
1377 0.8762857913970947
1378 0.7520286440849304
1379 0.8027389049530029
1380 0.5020082592964172
1381 1.0909572839736938
1382 0.9640778303146362
1383 0.710930347442627
1384 0.8397813439369202
1385 0.8965226411819458
1386 0.7384589910507202
1387 0.5849389433860779
1388 0.8970255851745605
1389 0.6415991187095642
1390 0.5581638216972351
1391 1.2682551145553589
1392 0.6451039910316467
1393 0.6349300146102905
1394 0.7497214078903198
1395 0.7873740196228027
1396 0.8187462687492371
1397 0.5026512742042542
1398 0.8278976678848267
1399 0.6972198486328125
1400 0.49309566617012024
1401 0.7806565165519714
1402 0.6872850656509399
1403 0.5209391117095947
1404 0.6583590507507324
1405 0.3216194808483124
1406 0.4541369080543518
1407 0.592678964138031
1408 0.5197954177856445
1409 0.4926183819770813
1410 0.4364674985408783
1411 0.5667858123779297
1412 0.5001779794692993
1413 0.6812716722488403
1414 0.5995841026306152
1415 0.6206970810890198
1416 1.5169477462768555
1417 1.2868503332138062
1418 1.215814232826233
1419 1.6628011465072632
1420 1.4499423503875732
1421 1.5565481185913086
1422 1.4991573095321655
1423 1.19383704662323
1424 1.2289372682571411
1425 1.4866796731948853
1426 1.6188132762908936
1427 1.4254717826843262
1428 1.4943065643310547
1429 1.4445487260818481
1430 1.3505876064300537
1431 1.5565154552459717
1432 1.2813735008239746
1433 1.3059190511703491
1434 1.2381985187530518
1435 0.9860954880714417
1436 0.9534120559692383
1437 0.956025242805481
1438 1.1776150465011597
1439 1.2310158014297485
1440 1.5135588645935059
1441 1.311914324760437
1442 1.791823387145996
1443 1.6674599647521973
1444 1.7940970659255981
1445 1.3221569061279297
1446 1.6323492527008057
1447 0.8759573101997375
1448 1.0612294673919678
1449 1.0806045532226563
1450 1.4625862836837769
1451 1.2078930139541626
1452 0.7137268781661987
1453 1.859796404838562
1454 1.574266791343689
1455 1.3144251108169556
1456 1.2516132593154907
1457 0.9152753353118896
1458 1.305504560470581
1459 1.2437103986740112
1460 0.977949857711792
1461 1.1156595945358276
1462 1.7482643127441406
1463 1.2667720317840576
1464 1.7433608770370483
1465 1.9099129438400269
1466 1.5537607669830322
1467 1.881517767906189
1468 1.3839092254638672
1469 1.3588261604309082
1470 1.5617914199829102
1471 1.4756274223327637
1472 1.77694571018219
1473 1.6986578702926636
1474 1.2352180480957031
1475 1.4616588354110718
1476 2.18593430519104
1477 1.4510663747787476
1478 1.3188422918319702
1479 1.8161451816558838
1480 1.3564709424972534
1481 1.4963527917861938
1482 1.4781094789505005
1483 1.337843656539917
1484 1.5245423316955566
1485 1.5342488288879395
1486 1.6298655271530151
1487 1.6031293869018555
1488 1.0103667974472046
1489 1.4150348901748657
1490 1.3798540830612183
1491 0.914827287197113
1492 1.2184028625488281
1493 1.2963250875473022
1494 1.2203646898269653
1495 1.4402110576629639
1496 1.4434372186660767
1497 1.3790355920791626
1498 1.2099041938781738
1499 0.9906696677207947
1500 1.6180521249771118
1501 1.4395136833190918
1502 1.1936308145523071
1503 1.3995665311813354
1504 1.079277515411377
1505 1.5891613960266113
1506 1.3812832832336426
1507 1.3492149114608765
1508 1.474845290184021
1509 1.3728898763656616
1510 0.8217723369598389
1511 1.353932499885559
1512 0.997157871723175
1513 1.309140682220459
1514 1.2749817371368408
1515 1.0527138710021973
1516 1.1325000524520874
1517 0.8965153098106384
1518 1.4901608228683472
1519 1.485556960105896
1520 1.3743491172790527
1521 0.654395341873169
1522 1.0122267007827759
1523 1.306049108505249
1524 1.0581151247024536
1525 1.2699155807495117
1526 1.4467394351959229
1527 1.21586275100708
1528 2.0055248737335205
1529 1.5736327171325684
1530 1.5272246599197388
1531 1.621277093887329
1532 1.5868173837661743
1533 1.545127272605896
1534 0.9723877310752869
1535 1.187747597694397
1536 1.3643860816955566
1537 1.5462749004364014
1538 1.3229937553405762
1539 1.4131159782409668
1540 1.0728880167007446
1541 1.5623775720596313
1542 0.9394031167030334
1543 1.2818071842193604
1544 1.5507652759552002
1545 1.3346375226974487
1546 1.408087134361267
1547 1.3429065942764282
1548 1.5184779167175293
1549 1.2967854738235474
1550 1.916986346244812
1551 1.627496600151062
1552 1.6462035179138184
1553 1.3074259757995605
1554 1.3973783254623413
1555 1.7408078908920288
1556 1.6581209897994995
1557 1.4959181547164917
1558 1.6580851078033447
1559 1.433574914932251
1560 1.2924258708953857
1561 1.288819670677185
1562 1.385677695274353
1563 1.579867959022522
1564 1.1116549968719482
1565 1.2271944284439087
1566 1.71171236038208
1567 1.481283187866211
1568 1.1794625520706177
1569 1.0012013912200928
1570 1.264272689819336
1571 1.505391240119934
1572 1.074363112449646
1573 0.6552554965019226
1574 0.9691615700721741
1575 0.972935676574707
1576 0.9012330770492554
1577 1.2131115198135376
1578 1.1002269983291626
1579 1.171648621559143
1580 0.6752099990844727
1581 0.9765586853027344
1582 1.2577991485595703
1583 1.0583136081695557
1584 0.6488249897956848
1585 0.4908146262168884
1586 0.9846419095993042
1587 1.0127102136611938
1588 1.2620916366577148
1589 1.4920347929000854
1590 1.4386465549468994
1591 1.2531802654266357
1592 1.4992815256118774
1593 1.4691674709320068
1594 1.5815019607543945
1595 1.0602431297302246
1596 1.460676908493042
1597 1.5150386095046997
1598 1.3889727592468262
1599 1.6441318988800049
1600 1.8189430236816406
1601 1.1750268936157227
1602 1.59420907497406
1603 1.036567211151123
1604 1.3216238021850586
1605 1.0615228414535522
1606 1.0382853746414185
1607 1.1568955183029175
1608 1.2000610828399658
1609 1.6427197456359863
1610 1.525443196296692
1611 1.4019711017608643
1612 1.4132634401321411
1613 1.4721635580062866
1614 1.6961500644683838
1615 1.2967238426208496
1616 1.1793744564056396
1617 1.141616940498352
1618 1.5270427465438843
1619 1.5934652090072632
1620 1.4274964332580566
1621 1.4423004388809204
1622 1.2072007656097412
1623 1.1037037372589111
1624 1.355635643005371
1625 1.38088858127594
1626 1.191295862197876
1627 0.8829021453857422
1628 1.2053314447402954
1629 1.2663804292678833
1630 1.5668513774871826
1631 1.4416661262512207
1632 1.8234221935272217
1633 1.8559571504592896
1634 1.653693675994873
1635 1.4209390878677368
1636 1.6243759393692017
1637 0.8743801116943359
1638 1.3039628267288208
1639 1.490236759185791
1640 1.150307297706604
1641 1.6221940517425537
1642 1.4465357065200806
1643 1.5534591674804688
1644 1.3949615955352783
1645 0.7952744364738464
1646 1.6951889991760254
1647 1.9808248281478882
1648 1.4585050344467163
1649 1.2600114345550537
1650 2.0175113677978516
1651 1.6082196235656738
1652 1.2953574657440186
1653 1.7180172204971313
1654 1.5379736423492432
1655 1.6362941265106201
1656 1.2920618057250977
1657 1.2883777618408203
1658 1.4796355962753296
1659 1.1746490001678467
1660 1.613031029701233
1661 1.3312629461288452
1662 1.2072114944458008
1663 1.6310248374938965
1664 1.3302538394927979
1665 1.7118881940841675
1666 1.649479627609253
1667 1.7614445686340332
1668 1.6023082733154297
1669 1.8798893690109253
1670 1.6968879699707031
1671 1.3892006874084473
1672 1.422807216644287
1673 1.6289377212524414
1674 1.500361680984497
1675 1.4148696660995483
1676 1.637007474899292
1677 1.4096513986587524
1678 1.375095248222351
1679 1.2894566059112549
1680 1.4762451648712158
1681 1.0767332315444946
1682 0.9121147990226746
1683 0.9701859354972839
1684 1.3377431631088257
1685 0.8447880744934082
1686 1.303870439529419
1687 1.5524178743362427
1688 1.175323247909546
1689 1.72806715965271
1690 1.3027844429016113
1691 1.1619623899459839
1692 1.2754899263381958
1693 1.336846113204956
1694 1.0000125169754028
1695 1.0851538181304932
1696 1.1745902299880981
1697 1.5789034366607666
1698 0.8625121116638184
1699 1.634088397026062
1700 1.4471547603607178
1701 1.198695182800293
1702 1.6083571910858154
1703 0.9753645658493042
1704 1.548911452293396
1705 0.9723333120346069
1706 1.0414855480194092
1707 0.7369046807289124
1708 0.7489294409751892
1709 0.80680251121521
1710 0.7507553100585938
1711 0.9028711915016174
1712 1.4142087697982788
1713 1.0367177724838257
1714 0.6668021082878113
1715 1.0483273267745972
1716 1.1021925210952759
1717 0.9018906354904175
1718 1.128591537475586
1719 1.10109543800354
1720 1.5344915390014648
1721 1.6358776092529297
1722 1.509848713874817
1723 1.814637303352356
1724 1.4083888530731201
1725 1.418837308883667
1726 1.3710887432098389
1727 1.2467381954193115
1728 1.42139732837677
1729 1.223209261894226
1730 1.0496079921722412
1731 1.3266277313232422
1732 1.1463347673416138
1733 1.261653184890747
1734 1.5252074003219604
1735 1.4328778982162476
1736 1.1793856620788574
1737 1.1769508123397827
1738 1.4496856927871704
1739 1.622780203819275
1740 1.365462303161621
1741 1.6672478914260864
1742 1.6042330265045166
1743 1.1262474060058594
1744 1.5516937971115112
1745 1.481870174407959
1746 1.2986414432525635
1747 1.2019604444503784
1748 1.199412226676941
1749 1.1512423753738403
1750 1.5380752086639404
1751 1.0924955606460571
1752 1.0954129695892334
1753 1.424639344215393
1754 1.6317113637924194
1755 1.1678032875061035
1756 1.619585394859314
1757 1.7095401287078857
1758 1.1944960355758667
1759 1.1146087646484375
1760 1.6659244298934937
1761 1.2116973400115967
1762 1.410379409790039
1763 1.674000859260559
1764 1.806670904159546
1765 1.8541126251220703
1766 1.4005247354507446
1767 1.5177069902420044
1768 1.58437979221344
1769 1.587377667427063
1770 1.4615328311920166
1771 1.7034907341003418
1772 1.3400758504867554
1773 1.5072999000549316
1774 1.6247339248657227
1775 1.5515843629837036
1776 1.4064754247665405
1777 1.6762182712554932
1778 1.3834922313690186
1779 1.2381644248962402
1780 1.3975529670715332
1781 1.3791148662567139
1782 1.5221887826919556
1783 1.6924982070922852
1784 2.017648696899414
1785 1.688878059387207
1786 1.8665063381195068
1787 1.9064992666244507
1788 1.610222339630127
1789 2.1575474739074707
1790 1.9700721502304077
1791 1.7245839834213257
1792 1.368784785270691
1793 0.8497272729873657
1794 1.7326213121414185
1795 1.5745391845703125
1796 1.745687484741211
1797 1.5566039085388184
1798 1.5675519704818726
1799 1.6048637628555298
1800 1.4733035564422607
1801 1.6462936401367188
1802 1.4283957481384277
1803 1.4554126262664795
1804 1.228884220123291
1805 1.5216175317764282
1806 1.1125884056091309
1807 1.2450993061065674
1808 1.563894271850586
1809 1.2285563945770264
1810 1.145516276359558
1811 1.1502811908721924
1812 0.7849737405776978
1813 1.2147889137268066
1814 1.259204626083374
1815 1.064131736755371
1816 1.4365909099578857
1817 1.4106056690216064
1818 1.144892930984497
1819 1.0489323139190674
1820 1.2079375982284546
1821 1.6591488122940063
1822 1.282476782798767
1823 1.0364083051681519
1824 1.316003680229187
1825 1.3487515449523926
1826 1.1339530944824219
1827 1.2567797899246216
1828 1.0922008752822876
1829 1.5948102474212646
1830 1.4264775514602661
1831 1.4743038415908813
1832 1.3576574325561523
1833 1.7978657484054565
1834 1.173057198524475
1835 1.274350881576538
1836 1.2597832679748535
1837 1.3573518991470337
1838 1.6673381328582764
1839 1.7627134323120117
1840 1.33640456199646
1841 1.699455738067627
1842 1.223564863204956
1843 1.4305448532104492
1844 1.2190254926681519
1845 1.1330653429031372
1846 1.1758317947387695
1847 1.5448037385940552
1848 1.2442772388458252
1849 1.4366523027420044
1850 0.6106245517730713
1851 0.9621951580047607
1852 1.0224809646606445
1853 1.1649433374404907
1854 1.2586575746536255
1855 1.1854983568191528
1856 1.2512500286102295
1857 0.7818350791931152
1858 1.682682991027832
1859 1.7004915475845337
1860 1.2047264575958252
1861 0.8111310601234436
1862 1.4605929851531982
1863 1.3699135780334473
1864 1.3296254873275757
1865 1.6571460962295532
1866 1.292080283164978
1867 0.9138223528862
1868 1.2744327783584595
1869 1.399738073348999
1870 0.9871848225593567
1871 0.9936540126800537
1872 1.0838358402252197
1873 1.04292631149292
1874 1.5437766313552856
1875 0.9269643425941467
1876 0.9329679608345032
1877 1.270980715751648
1878 1.3834069967269897
1879 1.6530253887176514
1880 1.3541394472122192
1881 0.9164541959762573
1882 1.31206476688385
1883 0.777981162071228
1884 1.2472167015075684
1885 1.0785863399505615
1886 0.988863468170166
1887 1.5472956895828247
1888 1.549623966217041
1889 1.356293797492981
1890 1.4575414657592773
1891 1.2564822435379028
1892 1.1037667989730835
1893 1.134357213973999
1894 1.4863181114196777
1895 1.1890512704849243
1896 0.9701813459396362
1897 1.6178841590881348
1898 1.3459219932556152
1899 1.4708759784698486
1900 1.2997167110443115
1901 1.2146692276000977
1902 1.3498729467391968
1903 1.246525526046753
1904 1.3684561252593994
1905 1.3364150524139404
1906 1.119030475616455
1907 1.457322597503662
1908 1.0753307342529297
1909 1.163920283317566
1910 1.260125994682312
1911 0.8384238481521606
1912 1.113149642944336
1913 1.0094951391220093
1914 1.2239738702774048
1915 1.389005422592163
1916 1.619666337966919
1917 1.5451037883758545
1918 1.3724395036697388
1919 1.4326965808868408
1920 1.108266830444336
1921 1.2583532333374023
1922 1.4565024375915527
1923 1.044249176979065
1924 1.1460566520690918
1925 1.6895064115524292
1926 1.3586570024490356
1927 1.4953680038452148
1928 1.3509256839752197
1929 1.5930333137512207
1930 1.4976418018341064
1931 1.2649728059768677
1932 1.437876582145691
1933 1.3326983451843262
1934 1.3080168962478638
1935 1.6432266235351563
1936 1.7517679929733276
1937 1.5516934394836426
1938 1.3604882955551147
1939 1.5200823545455933
1940 1.7961770296096802
1941 1.3622841835021973
1942 1.7182121276855469
1943 1.97014319896698
1944 1.5340583324432373
1945 1.3335627317428589
1946 1.0963059663772583
1947 1.605250358581543
1948 1.5421593189239502
1949 1.3397510051727295
1950 1.524276852607727
1951 1.8240203857421875
1952 1.9740877151489258
1953 0.9484466910362244
1954 1.2602747678756714
1955 1.598211407661438
1956 1.7398109436035156
1957 1.913767695426941
1958 1.6326134204864502
1959 1.649985671043396
1960 1.6213425397872925
1961 1.6111654043197632
1962 1.6454708576202393
1963 1.7459293603897095
1964 1.577803611755371
1965 1.4378714561462402
1966 1.7608901262283325
1967 1.424809217453003
1968 1.478136658668518
1969 1.4657814502716064
1970 1.6549044847488403
1971 1.652420997619629
1972 1.8003195524215698
1973 1.4977092742919922
1974 1.5392378568649292
1975 1.511515498161316
1976 1.4342120885849
1977 1.4535654783248901
1978 1.4274448156356812
1979 1.6035311222076416
1980 1.6822693347930908
1981 1.6511735916137695
1982 1.3584448099136353
1983 1.5371493101119995
1984 1.2023242712020874
1985 1.7761224508285522
1986 1.7196472883224487
1987 1.744698166847229
1988 1.4614298343658447
1989 1.4807443618774414
1990 1.8716604709625244
1991 1.629501223564148
1992 1.370407223701477
1993 1.8388562202453613
1994 1.7104201316833496
1995 1.8092637062072754
1996 1.7204056978225708
1997 1.612425684928894
1998 1.740575909614563
1999 1.7778838872909546
